p_val	avg_log2FC	pct.1	pct.2	p_val_adj	cluster	gene
0	4.78655797421151	0.963	0.686	0	11	CXCL13
0	2.15035359995092	0.846	0.71	0	11	NMB
0	1.85106163043636	0.966	0.795	0	11	TNFRSF4
0	1.75176731116682	0.944	0.844	0	11	CTLA4
0	1.71587407793417	0.941	0.811	0	11	TNFRSF18
0	1.46699669813089	0.981	0.86	0	11	YWHAQ
0	1.24490642609558	0.959	0.885	0	11	DNPH1
0	1.24047118928681	0.999	0.989	0	11	SRGN
0	1.23856074998483	0.928	0.814	0	11	MTHFD2
0	1.23809574683799	0.973	0.867	0	11	PKM
0	1.23186626354101	0.934	0.785	0	11	RBPJ
0	1.16215647067723	0.86	0.669	0	11	IL21
0	1.15292119415865	0.971	0.874	0	11	ENTPD1
0	1.09843095187759	0.945	0.79	0	11	TMEM173
0	1.08126434318225	0.907	0.775	0	11	DUSP4
0	1.04977021366625	0.98	0.9	0	11	PGAM1
0	1.03470674173963	0.939	0.786	0	11	ITM2A
0	1.03276779707392	0.884	0.787	0	11	PDCD1
0	1.02569816485597	0.838	0.596	0	11	CHN1
0	1.0201975505866	0.974	0.879	0	11	FKBP1A
0	1.01152551704654	0.891	0.773	0	11	IL6ST
0	0.966143741723113	0.939	0.804	0	11	RNF19A
0	0.959727927109927	0.839	0.719	0	11	SMCO4
0	0.943688999689686	0.986	0.929	0	11	RGS1
0	0.935216583703591	0.98	0.933	0	11	TPI1
0	0.934200156077833	0.871	0.739	0	11	CD4
0	0.920880844901569	0.831	0.487	0	11	LINC00892
0	0.914651625518434	0.902	0.717	0	11	NR3C1
0	0.895613133397956	0.792	0.838	0	11	ICA1
0	0.892509628012275	0.881	0.801	0	11	SNX9
0	0.876533500407801	0.912	0.781	0	11	BATF
0	0.87111668355705	0.915	0.828	0	11	SIRPG
0	0.857884699988247	0.917	0.726	0	11	KLRB1
0	0.812847329120561	0.8	0.735	0	11	PTPN13
0	0.811421780543535	0.965	0.911	0	11	UCP2
0	0.795291394651253	0.843	0.716	0	11	MAP1LC3A
0	0.788686252629316	1	0.995	0	11	TMSB10
0	0.77595151678668	0.959	0.869	0	11	VDAC1
0	0.774830752611615	0.921	0.84	0	11	CORO1B
0	0.77194956749698	0.913	0.849	0	11	LIMS1
0	0.768698118199297	0.743	0.541	0	11	BTLA
0	0.760142883272957	0.738	0.709	0	11	CD200
0	0.753201662851409	0.864	0.734	0	11	TOX
0	0.738382734982722	0.828	0.722	0	11	FBLN7
0	0.737105045559331	0.898	0.799	0	11	SLA
0	0.736381163644026	0.794	0.541	0	11	CD40LG
0	0.731901776456273	0.86	0.641	0	11	ICOS
0	0.730688801689595	0.847	0.693	0	11	TGIF1
0	0.72034818566109	0.894	0.644	0	11	NUDT16
0	0.718139724995291	0.837	0.642	0	11	ARL3
0	0.705856883125839	0.922	0.735	0	11	LAIR2
0	0.693256264459669	0.765	0.532	0	11	MIR155HG
0	0.690700608431255	0.724	0.696	0	11	IGFL2
0	0.684184135389761	0.87	0.652	0	11	NELL2
0	0.68103712169411	0.887	0.686	0	11	CD28
0	0.674896118849398	0.805	0.698	0	11	NPDC1
0	0.666454288345305	0.801	0.711	0	11	ZBED2
0	0.641191578684713	0.766	0.647	0	11	TIAM1
0	0.639914699057795	0.842	0.73	0	11	GK
0	0.634161791295855	0.935	0.889	0	11	EPSTI1
0	0.610834401298861	0.691	0.476	0	11	BHLHE40-AS1
0	0.571915433471484	0.939	0.844	0	11	GPX1
0	0.568475192837815	0.881	0.676	0	11	TARSL2
0	0.560756325180282	0.822	0.571	0	11	PAG1
0	0.558314676617507	0.857	0.658	0	11	CDK6
0	0.557288979566233	0.879	0.716	0	11	CH25H
0	0.510227190687628	0.833	0.682	0	11	FUT8
0	0.508745716248316	0.886	0.805	0	11	CTSB
0	0.499759789374823	0.829	0.646	0	11	CD59
0	0.498006364290146	0.849	0.497	0	11	TRABD2A
0	0.476029967240893	0.854	0.736	0	11	MYL6B
0	0.475974500437985	0.894	0.848	0	11	EBI3
0	0.456135822462683	0.998	0.995	0	11	GAPDH
0	0.454627759678524	0.887	0.822	0	11	TUBA3D
0	0.450192414835225	1	0.998	0	11	ACTB
0	0.425371921375918	0.801	0.731	0	11	CCDC50
0	0.414018367783556	0.749	0.609	0	11	LHFP
0	0.40989987544131	0.935	0.805	0	11	CTSH
0	0.408597382311623	0.841	0.654	0	11	INPP1
0	0.384902320982016	0.8	0.712	0	11	TBC1D4
0	0.375000743703037	0.773	0.562	0	11	LOC100505501
0	0.369705116219213	0.948	0.912	0	11	TNFSF13B
0	0.338405838890824	0.897	0.849	0	11	LGALS9
0	0.325250852272034	0.848	0.588	0	11	LRRN3
0	0.319602005758315	0.869	0.77	0	11	PTPLA
0	0.317408959164036	0.777	0.599	0	11	AGFG1
0	0.292703455265432	0.788	0.661	0	11	INPP5F
0	0.292119236585839	0.8	0.586	0	11	FAM13A
0	-0.277912975439507	0.276	0.616	0	11	LINC01272
0	-0.383962780509392	0.442	0.685	0	11	SPI1
0	-0.667576749151518	0.999	0.999	0	11	RPS12
0	-0.672529356625861	0.522	0.703	0	11	PLAC8
0	-0.931683520376604	0.844	0.858	0	11	CD55
0	-1.43145893017042	0.965	0.981	0	11	FOS
0	-1.55100479527575	0.694	0.819	0	11	ANXA1
0	-1.5950970037388	0.818	0.905	0	11	IER2
0	-2.02052178252184	0.474	0.787	0	11	CTSW
0	-2.15293959524364	0.526	0.743	0	11	LOC100293211
0	-2.44593811775226	0.738	0.799	0	11	CCL5
0	-2.77555675265969	0.641	0.775	0	11	NKG7
9.77864280586829e-304	0.345546987567252	0.736	0.654	2.93359284176049e-300	11	CPM
9.9293276267636e-301	0.33709060452406	0.831	0.844	2.97879828802908e-297	11	CPA5
4.68057662889504e-300	0.526189535860531	0.77	0.556	1.40417298866851e-296	11	RUNX2
5.14138565229709e-300	-0.25244593159435	0.273	0.577	1.54241569568913e-296	11	CPVL
8.21849846250052e-298	0.677196379456419	0.907	0.843	2.46554953875016e-294	11	TIGIT
6.9971757234262e-295	0.65103574331814	0.945	0.873	2.09915271702786e-291	11	PDIA6
3.7410332445267e-289	0.742048327160851	0.866	0.769	1.12230997335801e-285	11	IGFLR1
4.1021441920691e-286	0.599104551060498	0.935	0.807	1.23064325762073e-282	11	HMGB2
1.14158599090314e-284	0.628930981254805	0.717	0.461	3.42475797270941e-281	11	GPR56
5.00515218052544e-282	0.293281464895465	0.818	0.762	1.50154565415763e-278	11	CCR4
1.31558308433833e-281	0.726563285664635	0.955	0.87	3.94674925301499e-278	11	BST2
2.21426776162508e-280	-0.92368469401957	0.981	0.985	6.64280328487524e-277	11	JUNB
4.39897605516293e-276	0.677145897798944	0.881	0.829	1.31969281654888e-272	11	CD82
2.46879098886737e-275	0.737984987415969	0.934	0.826	7.4063729666021e-272	11	H2AFZ
3.75600380721839e-270	0.594026322910411	0.939	0.843	1.12680114216552e-266	11	CALM3
4.38147316708465e-269	-1.67991515440391	0.413	0.624	1.31444195012539e-265	11	GZMH
6.35720118445911e-266	0.313197561056736	0.909	0.794	1.90716035533773e-262	11	LAP3
1.48240612797604e-265	0.650729637523034	0.827	0.646	4.44721838392813e-262	11	PHLDA1
1.01437468057649e-262	-1.98095019545232	0.534	0.701	3.04312404172947e-259	11	GZMK
5.75052547457268e-261	0.313950991445435	0.74	0.577	1.7251576423718e-257	11	TBXAS1
5.89787331555207e-259	0.391845383262638	0.686	0.506	1.76936199466562e-255	11	KIAA1324
4.97326154457803e-258	-0.513280508321138	0.998	0.998	1.49197846337341e-254	11	RPS18
7.44099186959356e-258	0.317795574422005	1	0.999	2.23229756087807e-254	11	TMSB4X
1.47535546580698e-254	0.342919644619098	0.828	0.663	4.42606639742094e-251	11	TIPARP
1.43729706836358e-253	-0.286650887335765	0.56	0.781	4.31189120509074e-250	11	GBP1
2.70305212794069e-252	0.581269951082748	0.784	0.616	8.10915638382207e-249	11	TNFSF8
5.87328132058458e-245	0.578616535104207	0.88	0.747	1.76198439617537e-241	11	RANBP1
1.33788035673209e-241	0.41626304825447	0.9	0.828	4.01364107019626e-238	11	ACP5
1.85362796930267e-240	0.54083801591286	0.94	0.843	5.560883907908e-237	11	ALOX5AP
4.071862751679e-236	0.347945876658502	0.971	0.92	1.2215588255037e-232	11	MT2A
5.88097454441039e-235	0.454032505643565	0.964	0.884	1.76429236332312e-231	11	DBI
7.12741851939729e-234	0.620272270082288	0.77	0.696	2.13822555581919e-230	11	PGM2L1
1.1439049897317e-233	0.863225477867521	0.757	0.667	3.4317149691951e-230	11	LOC101928173
1.32855356460644e-231	-1.22477994690987	0.953	0.951	3.98566069381933e-228	11	CD69
3.0283296024228e-231	0.278082474143078	0.725	0.55	9.0849888072684e-228	11	SRGAP3
1.79824333315382e-230	-0.330469790939685	0.333	0.583	5.39472999946146e-227	11	LOC102725101
9.18364899237506e-226	0.301567351016681	0.85	0.771	2.75509469771252e-222	11	STAM
5.85380915412332e-225	0.351289942842946	0.764	0.647	1.756142746237e-221	11	SYT11
3.67241193010536e-224	0.277494828309693	0.731	0.602	1.10172357903161e-220	11	DAPP1
1.05360624933049e-219	0.438868636227526	0.881	0.755	3.16081874799148e-216	11	RPA3
1.68591899990968e-218	0.346671187429544	0.723	0.604	5.05775699972903e-215	11	PPAP2A
2.52966062012666e-217	-1.08567755499398	0.263	0.459	7.58898186037997e-214	11	S100A9
5.1468703675175e-217	0.507275828398924	0.672	0.436	1.54406111025525e-213	11	C1orf228
1.89326030944707e-216	0.523562056067957	0.707	0.675	5.6797809283412e-213	11	LINC01281
6.14549641215195e-216	0.415549361332274	0.883	0.79	1.84364892364558e-212	11	GSTO1
1.81263726077948e-215	0.321253541633589	0.849	0.75	5.43791178233844e-212	11	HOXB2
4.21739450018307e-215	-1.1216765043937	0.595	0.722	1.26521835005492e-211	11	CD8B
5.35087512459008e-214	-1.29400310465294	0.743	0.82	1.60526253737703e-210	11	GADD45B
2.1954640681903e-212	-1.18484540777706	0.617	0.752	6.58639220457089e-209	11	FOSB
3.08433162479789e-208	-1.87429709527234	0.562	0.721	9.25299487439366e-205	11	GZMB
3.14234155117607e-208	-1.44495506258368	0.558	0.706	9.42702465352822e-205	11	CD8A
3.79486367095427e-206	0.296836582081606	0.857	0.741	1.13845910128628e-202	11	PTRHD1
5.23365862341194e-206	0.491909681532309	0.964	0.907	1.57009758702358e-202	11	COX5A
5.83877333404451e-205	0.257172203963843	0.813	0.694	1.75163200021335e-201	11	UNG
2.18274468049298e-203	0.41797477547011	0.908	0.804	6.54823404147895e-200	11	AP2S1
1.57722751999708e-201	0.407092473182328	0.798	0.7	4.73168255999125e-198	11	ADI1
2.08875007483129e-201	0.400093349250775	0.92	0.818	6.26625022449388e-198	11	HN1
6.55532493927314e-200	0.496622323641234	0.789	0.742	1.96659748178194e-196	11	MAGEH1
3.553007754684e-199	0.269246127919523	0.762	0.698	1.0659023264052e-195	11	ANKRD55
1.34339675055993e-197	-0.544718497974128	0.566	0.735	4.03019025167978e-194	11	ICAM2
2.89187067991118e-196	0.368509959292342	0.744	0.649	8.67561203973355e-193	11	AGPAT5
4.83081377195612e-196	-1.4509599617639	0.651	0.751	1.44924413158684e-192	11	PRF1
1.13279628732901e-195	-0.909698437151632	0.802	0.871	3.39838886198703e-192	11	LITAF
1.42421149902724e-194	-0.782030603430871	0.572	0.747	4.27263449708173e-191	11	AIF1
3.89663329107289e-194	0.558002317074506	0.975	0.915	1.16898998732187e-190	11	CD7
7.94065360230166e-194	0.434995942786834	0.659	0.503	2.3821960806905e-190	11	MYO7A
3.74711433267006e-193	-0.905568509745957	0.963	0.981	1.12413429980102e-189	11	VIM
2.12877942762607e-192	0.573931817751096	0.741	0.626	6.38633828287821e-189	11	MAF
3.59173998159384e-191	0.483487250461291	0.921	0.831	1.07752199447815e-187	11	ANXA5
4.47791045521113e-191	-0.480272631449323	0.499	0.675	1.34337313656334e-187	11	MYC
7.96939455286319e-188	-0.911623305589254	0.646	0.76	2.39081836585896e-184	11	NR4A2
2.19906090096489e-187	0.367111400004813	0.92	0.807	6.59718270289467e-184	11	PIM2
2.37980090489223e-186	0.255571258512028	0.996	0.982	7.1394027146767e-183	11	MYL6
7.40411606090073e-186	0.476348755906727	0.855	0.74	2.22123481827022e-182	11	HIF1A
6.97883164599977e-184	0.421716604844764	0.956	0.917	2.09364949379993e-180	11	GNG5
1.88572774443452e-183	0.289686725310958	0.727	0.62	5.65718323330355e-180	11	SH3TC1
4.16252997231698e-182	0.467484569784668	0.765	0.674	1.24875899169509e-178	11	TNFRSF25
9.20071128343484e-180	0.365525456112156	0.742	0.613	2.76021338503045e-176	11	MAST4
2.6377972591266e-173	-0.846392577336317	0.869	0.897	7.91339177737981e-170	11	DUSP1
5.50715031811825e-173	0.412460279227181	0.86	0.731	1.65214509543548e-169	11	CXCR3
2.12204547080591e-172	0.291229401042194	0.997	0.985	6.36613641241773e-169	11	PFN1
2.19252457295707e-171	-0.370841138757515	0.382	0.628	6.5775737188712e-168	11	DERL3
6.86697620964024e-171	0.405944699654717	0.923	0.818	2.06009286289207e-167	11	ARL6IP1
9.21085425711831e-170	0.348773139742107	0.705	0.566	2.76325627713549e-166	11	FAM134B
1.6353409005272e-169	0.397733285941001	0.928	0.851	4.90602270158159e-166	11	DYNLL1
1.87027074643364e-168	0.357818381707278	0.904	0.828	5.61081223930091e-165	11	VAMP5
1.53950250406978e-167	0.445391145500615	0.877	0.765	4.61850751220933e-164	11	BIRC3
1.50025260557814e-164	-0.859063623928945	0.617	0.742	4.50075781673442e-161	11	NR4A1
5.15428188001881e-164	0.552520801417081	0.928	0.845	1.54628456400564e-160	11	PRDM1
7.12128308052577e-164	-0.818569311412222	0.761	0.847	2.13638492415773e-160	11	EMP3
4.59761945869841e-163	-0.582634837525076	0.998	0.998	1.37928583760952e-159	11	RPS8
7.42491043033396e-163	0.383790480225435	0.685	0.551	2.22747312910019e-159	11	AHI1
1.13917936881074e-161	0.419657576959398	0.855	0.702	3.41753810643222e-158	11	LAG3
2.34199137064424e-160	-0.899570719349715	0.85	0.904	7.02597411193271e-157	11	PPP1R15A
7.80758512914416e-160	0.43991316511319	0.856	0.783	2.34227553874325e-156	11	PHPT1
3.00736746997624e-159	0.437139858557709	0.95	0.892	9.02210240992873e-156	11	PRDX1
1.39713531038956e-158	0.406014753131385	0.83	0.726	4.19140593116869e-155	11	PDE4D
5.11019204749729e-156	0.463494642347715	0.769	0.634	1.53305761424919e-152	11	BHLHE40
9.26985914832363e-156	0.428661543897705	0.711	0.678	2.78095774449709e-152	11	CSGALNACT1
1.29246815729146e-155	0.461096837987251	0.703	0.722	3.87740447187438e-152	11	ETV7
1.21966269343352e-153	-0.260984343383923	0.558	0.713	3.65898808030055e-150	11	MNDA
1.27520320391936e-153	0.325624286915659	0.927	0.871	3.82560961175807e-150	11	TALDO1
1.6952145074999e-153	0.392150930777589	0.792	0.719	5.0856435224997e-150	11	PELI1
1.1318349501646e-151	0.461225962861185	0.819	0.836	3.39550485049379e-148	11	MAL
5.41339221073148e-151	0.448835648926374	0.907	0.864	1.62401766321944e-147	11	ARID5B
5.30639876765271e-150	0.460303750271757	0.952	0.918	1.59191963029581e-146	11	ENO1
1.63632877257325e-149	-0.736468510581935	0.498	0.632	4.90898631771976e-146	11	KLRG1
2.32538851176627e-149	0.289181410509831	0.822	0.714	6.97616553529882e-146	11	PLIN2
1.3879613175443e-148	0.418646085721319	0.978	0.939	4.16388395263291e-145	11	RAN
3.8324756375136e-148	0.463484629264928	0.982	0.938	1.14974269125408e-144	11	IFITM2
5.76443269640163e-148	-0.827296834255577	0.644	0.699	1.72932980892049e-144	11	LYAR
8.09797631513678e-148	-0.685614355834041	0.513	0.655	2.42939289454103e-144	11	KLRC2
2.86425030779118e-146	-0.376778412522594	0.404	0.623	8.59275092337354e-143	11	PLEK
1.20763667670979e-145	0.326445144134168	0.729	0.636	3.62291003012937e-142	11	LRMP
1.68778653754344e-145	-0.296822556009753	0.563	0.72	5.06335961263032e-142	11	SATB1
3.12993678454595e-145	0.481156948277425	0.732	0.716	9.38981035363786e-142	11	NDFIP2
7.77047999749958e-145	0.397028520739108	0.96	0.9	2.33114399924988e-141	11	LY6E
2.96192847010851e-142	-0.927066651933883	0.793	0.848	8.88578541032552e-139	11	CLEC2B
1.36158880375914e-141	-0.816848631472483	0.977	0.973	4.08476641127743e-138	11	JUN
4.01448259549971e-140	0.330751576510991	0.981	0.932	1.20434477864991e-136	11	LSP1
2.83256160937526e-137	0.253911687976512	0.99	0.969	8.49768482812577e-134	11	UBC
5.05068688287428e-137	0.301575018818992	0.65	0.478	1.51520606486228e-133	11	CHRM3-AS2
1.06041650711382e-136	0.315512024581113	0.727	0.655	3.18124952134146e-133	11	TP53INP1
5.19058678501313e-136	0.277020043057566	0.851	0.742	1.55717603550394e-132	11	SNRPD1
2.18057725201706e-134	0.581100555963118	0.68	0.648	6.54173175605117e-131	11	CYSLTR1
2.19087439820926e-132	0.284479792064935	0.791	0.685	6.57262319462779e-129	11	LYST
5.41327174730601e-131	-0.575189286618797	0.47	0.674	1.6239815241918e-127	11	CAPG
7.38500699008865e-131	0.332276917040015	0.653	0.588	2.21550209702659e-127	11	CAMK1
2.13980984924165e-129	0.440774056414335	0.71	0.697	6.41942954772496e-126	11	METTL8
2.21022461607382e-129	0.274236781764026	0.63	0.481	6.63067384822147e-126	11	DAPK2
3.00354819698147e-129	0.250724896510353	0.761	0.672	9.0106445909444e-126	11	MAPKAPK3
1.19934676165061e-128	0.610173562941459	0.639	0.638	3.59804028495183e-125	11	PDE7B
1.09837732419591e-127	-0.834005546443572	0.493	0.644	3.29513197258774e-124	11	HOPX
1.12668605885912e-127	0.361540127947564	0.958	0.922	3.38005817657736e-124	11	ATP5G3
3.60974775345187e-127	0.364299547030672	0.848	0.789	1.08292432603556e-123	11	PRDX3
3.41937211119824e-126	-0.778170908277661	0.952	0.96	1.02581163335947e-122	11	CXCR4
1.24673889350939e-125	0.421059097209499	0.649	0.632	3.74021668052818e-122	11	LINC01480
2.35965010453101e-124	-1.00203232981687	0.889	0.91	7.07895031359304e-121	11	BTG2
7.8407660006405e-123	0.414660455591417	0.685	0.599	2.35222980019215e-119	11	ITPR1
5.81592768447299e-122	-0.628599696179053	0.572	0.693	1.7447783053419e-118	11	RUNX3
1.16998656293686e-120	0.281758992468781	0.892	0.83	3.50995968881059e-117	11	CARD16
2.07190028800848e-119	-0.748938788660999	0.556	0.65	6.21570086402545e-116	11	KLF2
8.17994330959251e-119	0.49908572237149	0.774	0.724	2.45398299287775e-115	11	MIR4435-1HG
1.75514722366118e-117	0.398194713954699	0.708	0.607	5.26544167098353e-114	11	JARID2
1.83363546348277e-115	0.293595831743708	0.86	0.786	5.50090639044831e-112	11	BTG3
4.96384397148675e-114	-0.297679751832944	0.466	0.605	1.48915319144602e-110	11	PECAM1
2.40400577408064e-112	0.262534956958876	0.996	0.971	7.21201732224193e-109	11	NFKBIA
4.39067293895152e-112	0.380033554855594	0.939	0.89	1.31720188168546e-108	11	CALR
1.8748401565787e-111	0.297265709213427	0.931	0.849	5.6245204697361e-108	11	CTSC
8.19377996067672e-111	-0.633638001371703	0.694	0.808	2.45813398820302e-107	11	ATF3
1.29890619374787e-110	-0.503100422610344	0.553	0.716	3.8967185812436e-107	11	CD68
1.37654942653556e-109	0.298059261921161	0.987	0.968	4.12964827960669e-106	11	MIF
1.47734215171678e-107	-0.341800615309806	0.512	0.671	4.43202645515034e-104	11	PRMT9
2.16839892664011e-107	0.364051752284431	0.862	0.783	6.50519677992035e-104	11	ITGB1
1.74570044029144e-106	0.287455778839685	0.838	0.831	5.23710132087431e-103	11	MT1E
1.89918121740586e-106	-0.286268546147124	0.642	0.749	5.69754365221758e-103	11	EIF4EBP1
4.03925396901487e-106	-0.335583276824432	0.359	0.549	1.21177619070446e-102	11	NAPSB
2.47970849876677e-105	0.25649520724657	0.739	0.655	7.43912549630032e-102	11	AHR
1.66894680168699e-104	0.33535584674501	0.887	0.825	5.00684040506097e-101	11	IFI6
2.70598283295265e-104	0.324194735032989	0.761	0.685	8.11794849885796e-101	11	FBXO32
7.21424853611744e-104	0.304258841789307	0.92	0.851	2.16427456083523e-100	11	TSPO
6.47954740395198e-103	-0.255129410854472	0.59	0.687	1.94386422118559e-99	11	BID
1.96460928975308e-102	0.269338187271426	0.874	0.805	5.89382786925923e-99	11	TPM4
4.67277611230793e-102	-0.862265398249052	0.507	0.643	1.40183283369238e-98	11	EGR1
1.75170159846204e-101	-0.651401871192776	0.827	0.856	5.25510479538611e-98	11	FAIM3
2.80206579067552e-101	0.28399981815568	0.874	0.793	8.40619737202656e-98	11	BANF1
4.61576022130824e-101	0.324119535892689	0.718	0.7	1.38472806639247e-97	11	LIMA1
1.05701572015392e-100	0.309225497911107	0.831	0.777	3.17104716046175e-97	11	ITGAE
7.44122886052176e-99	-0.69361233228161	0.897	0.907	2.23236865815653e-95	11	HIST1H4C
7.81267700901021e-98	-0.723819862129285	0.713	0.821	2.34380310270306e-94	11	LGALS3
1.58026562702586e-97	-0.250629020906187	0.7	0.813	4.74079688107758e-94	11	HIST1H1C
3.78202029749133e-97	-1.0792504943799	0.457	0.594	1.1346060892474e-93	11	LOC101060038
5.74976898792806e-97	-0.717797322561502	0.774	0.802	1.72493069637842e-93	11	NPC2
9.8226984201019e-97	0.27816527173008	0.978	0.951	2.94680952603057e-93	11	ARPC1B
7.91100556477834e-96	0.478632396572191	0.6	0.556	2.3733016694335e-92	11	GNG4
2.69389622008035e-95	-0.855592143775544	0.57	0.623	8.08168866024105e-92	11	AOAH
1.10432954673008e-94	0.268482412682379	0.924	0.857	3.31298864019024e-91	11	SNRPG
1.54290791192947e-94	0.263342757079686	0.697	0.556	4.62872373578842e-91	11	RAPGEF6
1.56045860430298e-91	-0.52861810120101	0.988	0.985	4.68137581290894e-88	11	ZFP36
1.78892844395678e-89	-1.01367710103285	0.8	0.811	5.36678533187033e-86	11	CLDND1
3.78810215162328e-87	0.384661263806799	0.82	0.809	1.13643064548698e-83	11	CNIH1
1.69503737985186e-86	0.309239218663862	0.723	0.63	5.08511213955558e-83	11	CARHSP1
2.29146034955969e-86	-0.934328663540458	0.472	0.564	6.87438104867908e-83	11	KLRD1
5.28636496328689e-86	-0.618283961955315	0.826	0.718	1.58590948898607e-82	11	PTGER2
1.38784577230932e-85	-0.468681771246167	0.998	0.998	4.16353731692796e-82	11	COX3
1.83778599046988e-85	0.284620427146879	0.787	0.769	5.51335797140964e-82	11	HAVCR2
2.99773017644465e-83	0.260879227125954	0.857	0.791	8.99319052933395e-80	11	NHP2
3.35476825909011e-83	-0.482254042671246	0.618	0.721	1.00643047772703e-79	11	FAM65B
2.75750979763409e-81	0.411784480312022	0.619	0.529	8.27252939290228e-78	11	LOC101059954
4.29314962635069e-81	-0.503798734884835	0.585	0.774	1.28794488790521e-77	11	MZB1
6.68674242519928e-81	0.304256386592865	0.896	0.877	2.00602272755978e-77	11	PMAIP1
1.55020801795509e-78	-0.428429518237496	0.551	0.62	4.65062405386526e-75	11	KLRC4
1.76973511811437e-78	-0.849617805731531	0.938	0.936	5.30920535434312e-75	11	DNAJB1
8.26900027067562e-77	0.257758608140259	0.661	0.592	2.48070008120269e-73	11	NINJ2
1.42877205991492e-76	-0.828360292641357	0.543	0.67	4.28631617974475e-73	11	AREG
7.43115847008675e-76	-0.417223423223138	0.487	0.595	2.22934754102603e-72	11	TUBB2A
2.53521972514175e-75	0.335231358812648	0.817	0.778	7.60565917542524e-72	11	RILPL2
8.14541839032594e-75	-0.612220788016614	0.404	0.283	2.44362551709778e-71	11	LOC102723407
2.67752714653911e-74	0.353756712787877	0.704	0.581	8.03258143961732e-71	11	SESN1
4.41564978405616e-74	0.360137527218486	0.891	0.844	1.32469493521685e-70	11	RNASET2
6.61106641407028e-73	-0.570817823554385	0.98	0.986	1.98331992422108e-69	11	PABPC1
1.91307696879721e-72	-0.299042633980748	0.476	0.607	5.73923090639162e-69	11	TCF7
3.86757241071287e-71	-0.718411727130932	0.99	0.979	1.16027172321386e-67	11	FTL
7.82479550929778e-71	-0.623584232289377	0.94	0.94	2.34743865278933e-67	11	S100A6
8.08957047935385e-68	-0.669429972165783	0.79	0.779	2.42687114380615e-64	11	TOB1
4.67514579390293e-66	-0.547437688969839	0.614	0.693	1.40254373817088e-62	11	FLT3LG
6.93915484250444e-66	-0.712653020224295	0.504	0.605	2.08174645275133e-62	11	CCL3
1.24622605695128e-64	-0.357837107876807	0.669	0.742	3.73867817085383e-61	11	ASAH1
9.83733466076682e-64	-0.252889165387219	0.694	0.74	2.95120039823005e-60	11	IKZF2
1.4089310650464e-63	-0.558548053940427	0.813	0.854	4.22679319513919e-60	11	ANXA2
2.04036508200944e-63	-1.11346426835476	0.444	0.584	6.12109524602831e-60	11	LOC102725018
3.75687447531484e-63	-0.363812648781045	0.606	0.666	1.12706234259445e-59	11	PERP
9.31498293436317e-63	-0.310421920977219	0.84	0.855	2.79449488030895e-59	11	RTKN2
2.54123972333424e-62	-0.270151437976129	0.763	0.674	7.62371917000272e-59	11	GRN
3.8869162362696e-62	0.258783191136042	0.971	0.943	1.16607487088088e-58	11	LDHA
3.55564396666688e-61	-0.377433628979575	0.613	0.716	1.06669319000006e-57	11	DDX39A
8.05599958264953e-60	-0.608943085009053	0.427	0.551	2.41679987479486e-56	11	MATK
1.17588694921784e-59	-1.1311640578453	0.622	0.67	3.52766084765351e-56	11	CCL4
1.68631466194882e-59	-0.518771810826526	0.454	0.557	5.05894398584647e-56	11	MS4A1
9.66888757660669e-59	-0.567565760156181	0.695	0.726	2.90066627298201e-55	11	PIK3R1
1.91731218310836e-58	-0.997823482436962	0.822	0.787	5.75193654932509e-55	11	LGALS1
1.36613530724824e-57	-0.652145518429107	0.62	0.626	4.09840592174472e-54	11	ITM2C
6.81632646855784e-57	-0.345053024453752	0.52	0.633	2.04489794056735e-53	11	C1QA
9.08119647396775e-56	-0.448819094718373	0.488	0.588	2.72435894219032e-52	11	KLRC3
9.5998688659875e-56	-0.338360099507869	0.645	0.555	2.87996065979625e-52	11	C1QB
1.04832237882353e-55	-0.416670165152074	0.65	0.696	3.14496713647058e-52	11	CLIC3
1.38346867023652e-55	-0.637876895634082	0.547	0.632	4.15040601070955e-52	11	GLUL
1.00652599462891e-53	-0.272250873403981	0.614	0.71	3.01957798388673e-50	11	HMGA1
1.75487575948753e-53	0.343790255664027	0.678	0.661	5.26462727846258e-50	11	THADA
5.40467318042163e-53	-0.362759394409947	0.995	0.994	1.62140195412649e-49	11	RPLP0
9.2918125711611e-53	-0.604951835012325	0.786	0.785	2.78754377134833e-49	11	GPR183
1.65131365147651e-52	0.281720156260405	0.647	0.659	4.95394095442953e-49	11	GNA15
2.49376989406245e-52	0.274418570145807	0.684	0.664	7.48130968218734e-49	11	BCL2L11
7.02947139376105e-49	-0.627057091385479	0.774	0.79	2.10884141812831e-45	11	TUBB4B
2.19771902852846e-47	-0.572772658394748	0.828	0.846	6.59315708558538e-44	11	SERTAD1
4.08974911055576e-47	-0.347304189588409	0.992	0.982	1.22692473316673e-43	11	CD74
3.15860712047057e-42	-0.320155209019825	0.419	0.509	9.47582136141171e-39	11	FGFBP2
5.52433154247659e-42	-0.352445066853755	0.661	0.731	1.65729946274298e-38	11	SOCS3
6.11563657224352e-42	0.283806855525765	0.612	0.573	1.83469097167305e-38	11	ZNRF1
2.72000395034356e-41	-0.482922672344488	0.619	0.685	8.16001185103068e-38	11	SNHG15
4.83861006405881e-41	-0.63390307012459	0.415	0.524	1.45158301921764e-37	11	KLRK1
6.6461783071387e-41	-0.312547239479115	0.629	0.711	1.99385349214161e-37	11	DNAJB9
6.43365726238125e-40	-0.54309662872362	0.732	0.742	1.93009717871437e-36	11	DDIT3
2.4101848990861e-37	-0.529591760271797	0.735	0.774	7.23055469725829e-34	11	CTSS
2.49312304946345e-37	-0.8407746655501	0.507	0.565	7.47936914839034e-34	11	KLRC1
2.18477625226473e-36	-0.615116812705662	0.868	0.861	6.55432875679418e-33	11	GSTP1
3.5994826670759e-35	0.306247046400518	0.562	0.476	1.07984480012277e-31	11	SARDH
2.4113262418056e-34	-0.261202686460012	0.474	0.567	7.23397872541681e-31	11	DDAH2
5.033615402305e-34	-0.395567200100194	0.569	0.624	1.5100846206915e-30	11	IFNGR1
8.78343458481334e-34	-0.260163603229191	0.734	0.689	2.635030375444e-30	11	SKAP2
1.93362220972435e-33	-1.1443925780982	0.815	0.779	5.80086662917306e-30	11	GZMA
7.39663734203171e-33	-0.462837511440189	0.582	0.628	2.21899120260951e-29	11	BCL2A1
1.55940319549532e-32	-0.407235534173836	1	1	4.67820958648597e-29	11	RNR2
7.29775774577523e-32	0.314995725919146	0.566	0.575	2.18932732373257e-28	11	G0S2
2.02914155882414e-31	-0.395682172905959	0.666	0.759	6.08742467647241e-28	11	CD79A
3.03773643974177e-31	-0.259551590530308	0.655	0.747	9.11320931922532e-28	11	SERPINB9
1.51751184555375e-30	-2.24651034053529	0.812	0.83	4.55253553666124e-27	11	IGJ
1.74663476390051e-29	-0.294005814074198	0.588	0.646	5.23990429170154e-26	11	NCR3
3.6218844364833e-29	-0.308907260270272	0.635	0.717	1.08656533094499e-25	11	RNH1
3.17264483978596e-28	-0.39598949405834	0.63	0.686	9.51793451935788e-25	11	PIM1
3.72652945161918e-28	-0.265438426277038	0.674	0.758	1.11795883548575e-24	11	GBP5
9.71364537068848e-28	-0.492932134574694	0.63	0.658	2.91409361120654e-24	11	MYADM
1.20505860542881e-27	-0.35762417573154	0.486	0.559	3.61517581628643e-24	11	PPP1R2P9
1.64168886964132e-27	-0.275050924601513	0.486	0.564	4.92506660892398e-24	11	SMIM14
3.75776247145528e-27	-0.444401662045489	0.631	0.641	1.12732874143658e-23	11	GABARAPL1
4.37111491064575e-27	-0.256672379579469	0.69	0.741	1.31133447319372e-23	11	THEM4
4.52992853168881e-27	-0.570901896313171	0.701	0.722	1.35897855950664e-23	11	XBP1
5.07707977071233e-27	-0.365073354957673	0.667	0.716	1.5231239312137e-23	11	DSTN
5.49332659635669e-27	-0.286464730583791	0.657	0.692	1.64799797890701e-23	11	ATP2B1
6.46512837381371e-26	-0.340145264010691	0.738	0.794	1.93953851214411e-22	11	SNX3
5.62852447565911e-25	-0.369533018652385	0.515	0.589	1.68855734269773e-21	11	LMNA
1.06061257679978e-24	-0.250289264491375	0.085	0.204	3.18183773039934e-21	11	VCAN
2.29991339160542e-24	-0.383287855843242	0.761	0.779	6.89974017481627e-21	11	CD97
5.77690799777586e-24	-0.300389671712074	0.71	0.75	1.73307239933276e-20	11	BCAS2
1.00192601345384e-23	0.404645281113744	0.725	0.777	3.00577804036152e-20	11	FABP5
7.32540849012096e-23	-0.6213737897609	1	1	2.19762254703629e-19	11	RNR1
2.80520035436288e-22	-0.297483199883781	0.747	0.775	8.41560106308865e-19	11	DDX21
2.88871646245376e-22	-0.955987274085175	0.91	0.844	8.66614938736127e-19	11	CST7
4.07354819044982e-22	-0.499288349023852	0.662	0.678	1.22206445713495e-18	11	AHNAK
1.2063084352517e-21	-0.466036054000801	0.614	0.659	3.61892530575509e-18	11	CDKN1A
3.69687790978638e-21	-0.604218155145943	0.816	0.807	1.10906337293591e-17	11	TUBA1A
8.5033288900459e-21	-0.361071891830728	0.648	0.668	2.55099866701377e-17	11	LOC284454
1.55388641494274e-20	-0.334331834338265	0.503	0.54	4.66165924482821e-17	11	CISH
1.97122217263683e-20	-0.264678174472892	0.594	0.653	5.9136665179105e-17	11	ZC3H12A
2.40500326887064e-20	-0.278932458861491	0.514	0.536	7.21500980661191e-17	11	RNF130
1.61106302983883e-19	-0.314163956138604	0.725	0.747	4.83318908951649e-16	11	ID3
2.78202421492576e-18	-0.613601727898616	0.633	0.675	8.34607264477729e-15	11	TNF
3.066778251689e-18	-1.86301970268007	0.524	0.557	9.20033475506699e-15	11	LYZ
1.2331901647633e-17	-0.311595071097531	0.649	0.682	3.69957049428991e-14	11	TMEM107
3.15636226657778e-17	-0.382049893501223	0.75	0.767	9.46908679973334e-14	11	CSRNP1
1.13067543279273e-16	-0.632344549851006	0.743	0.812	3.39202629837818e-13	11	HLA-DRB4
5.45448579494368e-16	0.409446049543726	0.536	0.502	1.6363457384831e-12	11	TOX2
1.34737203201785e-15	-0.278410099948166	0.838	0.863	4.04211609605354e-12	11	EIF5A
1.36027982377668e-15	-0.319043875027072	0.761	0.66	4.08083947133004e-12	11	CMC1
3.42335094865899e-15	-0.640229003827825	0.379	0.45	1.0270052845977e-11	11	ZNF683
1.48272611789486e-14	-0.314390088955959	0.603	0.589	4.44817835368459e-11	11	LOC101929065
2.50382905681416e-14	-1.72411592653954	0.507	0.566	7.51148717044249e-11	11	CST3
3.02194277622725e-14	-0.33160278156975	0.556	0.591	9.06582832868175e-11	11	PRKCQ-AS1
7.84526135179469e-14	-0.377514496703009	0.1	0.186	2.35357840553841e-10	11	FCN1
9.69123657165083e-14	-0.31841328684063	0.789	0.83	2.90737097149525e-10	11	FOXP3
1.15023644796596e-13	-0.274584813417717	0.496	0.543	3.45070934389786e-10	11	FAM26F
3.71291791039927e-13	-0.278325474501215	0.926	0.876	1.11387537311978e-09	11	SELL
4.77854131809183e-13	-0.332825350321542	0.602	0.614	1.43356239542755e-09	11	PELO
1.16687881062257e-12	-0.308671333106097	0.382	0.48	3.50063643186771e-09	11	FGR
5.71192529743734e-12	-0.348911914024397	0.698	0.715	1.7135775892312e-08	11	H2AFX
1.74209207185903e-11	-0.52861806599396	0.673	0.709	5.22627621557708e-08	11	RHOB
7.17395904889914e-11	-0.665813629448487	0.559	0.588	2.15218771466974e-07	11	SERPINA1
8.1377118507728e-11	-0.423475278708748	0.385	0.449	2.44131355523184e-07	11	CCL4L2
3.11203783269743e-10	-0.390465726173007	0.777	0.784	9.33611349809229e-07	11	NOSIP
3.38672398813386e-10	-0.397467362337673	0.96	0.928	1.01601719644016e-06	11	S100A10
1.2940879761849e-09	-0.381219736694478	0.76	0.727	3.8822639285547e-06	11	UPP1
1.46755557252239e-09	-0.34743521911319	0.531	0.581	4.40266671756717e-06	11	RGCC
1.78348597691027e-09	-0.361254164913969	0.67	0.626	5.35045793073082e-06	11	HLA-DRB1
7.63827021878319e-09	-1.04401931944167	0.622	0.558	2.29148106563496e-05	11	FCER1G
7.64202499733874e-09	-0.757380344517576	0.636	0.677	2.29260749920162e-05	11	HLA-DQB1
1.20381781085843e-08	-1.04796651656451	0.365	0.443	3.6114534325753e-05	11	S100A8
1.31635720876729e-08	-0.358718872404567	0.686	0.667	3.94907162630188e-05	11	METTL12
1.45410760723876e-08	-0.268446633665993	0.605	0.639	4.36232282171628e-05	11	CD83
1.95999552541469e-08	-0.558606733538125	0.877	0.845	5.87998657624407e-05	11	IGLL5
7.39574814978659e-08	-0.737362074292056	0.945	0.867	0.000221872444493598	11	IL7R
1.53066008779838e-07	-0.325755794071553	0.973	0.957	0.000459198026339514	11	KLF6
2.46006535632038e-07	-0.529830606425816	0.888	0.894	0.000738019606896115	11	LTB
2.95732306980024e-07	-0.353617124072952	0.96	0.958	0.000887196920940072	11	CORO1A
1.10824957687655e-06	-0.313120167311842	0.404	0.457	0.00332474873062966	11	PTGDS
1.18031943091741e-06	-0.267529327966687	0.5	0.446	0.00354095829275223	11	LOC100996919
1.85208167056296e-06	-0.373640267974064	0.366	0.397	0.00555624501168888	11	C15orf48
3.12566455755573e-06	-0.326718937240948	0.858	0.866	0.00937699367266719	11	HSP90B1
1.28143662614557e-05	-0.582922309199326	0.93	0.911	0.0384430987843671	11	SAT1
1.59084815852862e-05	0.365031021054896	0.559	0.653	0.0477254447558587	11	GEM
