p_val	avg_log2FC	pct.1	pct.2	p_val_adj	cluster	gene
0	4.98112144138202	0.996	0.552	0	14	CST3
0	4.91853347356495	0.998	0.646	0	14	IFI30
0	4.39433555253312	0.996	0.544	0	14	LYZ
0	3.74516051842393	0.998	0.666	0	14	HLA-DQB1
0	3.70516233248568	0.984	0.597	0	14	TYROBP
0	3.49440692014552	0.961	0.55	0	14	FCER1G
0	3.3893725967758	0.931	0.381	0	14	C15orf48
0	3.34385953260914	0.755	0.553	0	14	C1QB
0	3.267600739228	1	0.982	0	14	CD74
0	3.22447428321611	0.999	0.844	0	14	GPX1
0	3.19057016139028	0.717	0.437	0	14	C1QC
0	3.14246427687466	0.994	0.805	0	14	HLA-DRB4
0	3.10859847697546	0.756	0.625	0	14	C1QA
0	2.999816376831	0.984	0.803	0	14	CTSB
0	2.9105911134358	0.987	0.734	0	14	AIF1
0	2.90667909103607	0.992	0.814	0	14	LOC100996809
0	2.8950140902749	0.952	0.703	0	14	CD68
0	2.89424735666715	0.996	0.669	0	14	GRN
0	2.84328166684824	0.928	0.578	0	14	SERPINA1
0	2.72379498924287	0.984	0.796	0	14	NPC2
0	2.66347485670759	0.996	0.618	0	14	HLA-DRB1
0	2.62640621248316	0.9	0.604	0	14	MS4A6A
0	2.5914379856441	0.998	0.979	0	14	FTL
0	2.56543022490404	0.997	0.698	0	14	HLA-DMA
0	2.55784199840266	0.933	0.658	0	14	AREG
0	2.5262680258774	0.994	0.739	0	14	TYMP
0	2.49154406179979	0.937	0.555	0	14	CPVL
0	2.42022299747784	0.944	0.552	0	14	GSN
0	2.4130714213268	0.984	0.812	0	14	PSAP
0	2.34396620213467	0.956	0.472	0	14	ALDH2
0	2.33788623801246	0.989	0.805	0	14	CTSH
0	2.2996342042894	0.96	0.619	0	14	GLUL
0	2.2403172962549	0.953	0.763	0	14	TIMP1
0	2.21342253052402	0.982	0.668	0	14	SPI1
0	2.19347602924976	0.97	0.53	0	14	C1orf162
0	2.16269462387618	0.803	0.535	0	14	NAPSB
0	2.11446413298508	0.908	0.346	0	14	LOC100509457
0	2.11438246443657	0.916	0.702	0	14	MNDA
0	2.06937086441225	0.961	0.595	0	14	HLA-DMB
0	2.0507805673581	0.751	0.444	0	14	S100A9
0	2.04649788595367	0.777	0.598	0	14	TMEM176B
0	2.02536148029304	1	0.99	0	14	FTH1
0	2.01500370735139	0.641	0.435	0	14	S100A8
0	1.98852259045471	0.983	0.828	0	14	IFITM3
0	1.9807334465162	0.865	0.594	0	14	IGSF6
0	1.9762340219183	0.939	0.813	0	14	LGALS3
0	1.96011544113228	0.917	0.364	0	14	MS4A7
0	1.93506955342567	0.922	0.537	0	14	CXCL16
0	1.93133789886235	0.897	0.481	0	14	FCGR2B
0	1.92996891111962	0.999	0.909	0	14	SAT1
0	1.89869631052385	0.949	0.424	0	14	RAB31
0	1.89784693557653	0.874	0.578	0	14	FBP1
0	1.89163265243048	0.943	0.615	0	14	FCGRT
0	1.86938968166301	0.939	0.658	0	14	CAPG
0	1.83732698020682	0.801	0.497	0	14	CYBB
0	1.81924669597737	0.906	0.735	0	14	SGK1
0	1.79295076555298	0.999	0.93	0	14	S100A11
0	1.77489421755314	0.756	0.465	0	14	CD14
0	1.7700165729232	0.963	0.762	0	14	PPT1
0	1.76842892704907	0.911	0.415	0	14	FGL2
0	1.76524208341552	0.58	0.092	0	14	WFDC21P
0	1.76466912716802	0.991	0.849	0	14	ANXA2
0	1.74770634650559	0.734	0.402	0	14	CD163
0	1.74568654930112	0.966	0.794	0	14	LAP3
0	1.74326744976524	0.813	0.52	0	14	CD9
0	1.73771011951062	0.926	0.531	0	14	FAM26F
0	1.72427048684698	0.904	0.707	0	14	RNASE6
0	1.72208971221235	0.741	0.374	0	14	TMEM176A
0	1.72149580919406	0.917	0.707	0	14	SOD2
0	1.71744926176152	0.853	0.528	0	14	FCGR2A
0	1.71530449834268	0.754	0.545	0	14	CLEC10A
0	1.6976496019902	0.991	0.83	0	14	ANXA5
0	1.67981688638308	0.906	0.523	0	14	PLAUR
0	1.67155817191984	0.97	0.921	0	14	MT2A
0	1.66649689556095	0.939	0.629	0	14	CD83
0	1.6617613434089	0.974	0.751	0	14	CD63
0	1.66011542214517	0.968	0.768	0	14	CTSS
0	1.64169825760541	0.895	0.525	0	14	RNF130
0	1.62678252225948	0.939	0.561	0	14	HLA-DRB3
0	1.61331893404638	0.91	0.618	0	14	BCL2A1
0	1.6035247319092	0.968	0.868	0	14	TXN
0	1.60300103747216	0.944	0.518	0	14	GRINA
0	1.59533554978508	0.94	0.535	0	14	LST1
0	1.58487559135621	0.796	0.445	0	14	MAFB
0	1.53973810148398	0.881	0.772	0	14	FABP5
0	1.537195599899	0.996	0.928	0	14	S100A10
0	1.51856212553859	0.979	0.783	0	14	LGALS1
0	1.49891999623115	0.662	0.329	0	14	LGALS2
0	1.49853257445997	0.923	0.702	0	14	RHOB
0	1.46857657351784	0.819	0.649	0	14	CTSZ
0	1.45980565148037	0.904	0.617	0	14	SPINT2
0	1.44732483783571	0.981	0.835	0	14	CSTB
0	1.42956264261724	0.926	0.649	0	14	MFSD1
0	1.42188187093093	0.935	0.766	0	14	PLSCR1
0	1.42093862263585	0.759	0.574	0	14	LGMN
0	1.40593971281279	0.871	0.617	0	14	TNFSF13
0	1.39851226246788	0.838	0.661	0	14	PLXDC2
0	1.39753000987346	0.921	0.464	0	14	FGR
0	1.39255925393543	0.953	0.874	0	14	PPA1
0	1.38598662699901	0.767	0.386	0	14	MS4A4A
0	1.37686735899918	0.861	0.676	0	14	CLEC7A
0	1.37490183046449	0.732	0.612	0	14	MRC1
0	1.37317105203366	0.944	0.848	0	14	LGALS9
0	1.37079444945153	0.859	0.398	0	14	KLF4
0	1.3627748707697	0.811	0.433	0	14	CSF1R
0	1.35857756927454	0.906	0.679	0	14	PEA15
0	1.34141213534074	0.813	0.207	0	14	LILRB4
0	1.340143913674	0.865	0.649	0	14	WARS
0	1.33517522409644	0.989	0.777	0	14	ATP6V0B
0	1.32887195534194	0.821	0.46	0	14	TGFBI
0	1.32517864774256	0.813	0.448	0	14	HLA-DQB2
0	1.31691318054153	0.91	0.734	0	14	ASAH1
0	1.30594975619647	0.947	0.781	0	14	GPR183
0	1.29499687441839	0.77	0.362	0	14	FPR1
0	1.29364135662378	0.713	0.522	0	14	SERPINF1
0	1.29306011109703	0.993	0.865	0	14	LITAF
0	1.29049571768839	0.711	0.485	0	14	IDO1
0	1.28924280073859	0.998	0.924	0	14	GABARAP
0	1.28502831715154	0.65	0.295	0	14	OLR1
0	1.27819284040267	0.819	0.518	0	14	IL18
0	1.27602578754584	0.813	0.537	0	14	SNX10
0	1.27593158339515	0.873	0.469	0	14	SLC31A2
0	1.25952238233802	0.817	0.38	0	14	SLAMF8
0	1.25945594356508	0.857	0.595	0	14	CD86
0	1.25760614906228	0.845	0.821	0	14	IL1R2
0	1.25733243977351	0.968	0.822	0	14	SYNGR2
0	1.24748440018301	0.995	0.858	0	14	GSTP1
0	1.24710321192572	0.839	0.532	0	14	HCK
0	1.24030308426273	0.976	0.825	0	14	TUBA1B
0	1.23505680542004	0.872	0.714	0	14	PLIN2
0	1.2336847187568	0.984	0.803	0	14	AP2S1
0	1.23319056962983	0.773	0.767	0	14	HMOX1
0	1.22574578225434	0.904	0.676	0	14	SLC16A3
0	1.2092622719782	0.942	0.649	0	14	CDKN1A
0	1.20691987924998	0.945	0.789	0	14	GSTO1
0	1.19544040171768	0.787	0.548	0	14	KCTD12
0	1.19189793074929	0.82	0.65	0	14	ALOX5
0	1.18632447193404	0.862	0.633	0	14	SIGLEC10
0	1.18207060395804	0.978	0.86	0	14	ATP6V1F
0	1.15834745360703	0.684	0.28	0	14	PLA2G7
0	1.14531636562625	1	0.979	0	14	VIM
0	1.14286913772805	0.956	0.736	0	14	H2AFY
0	1.12893947794012	0.708	0.661	0	14	PDK4
0	1.12528410533218	0.813	0.58	0	14	NCF2
0	1.12283894128683	0.945	0.831	0	14	SERPINB1
0	1.11842179486557	0.728	0.435	0	14	SERPING1
0	1.1150905086988	1	0.995	0	14	TMSB10
0	1.11410367950865	0.937	0.795	0	14	ATOX1
0	1.10962270528617	0.988	0.812	0	14	GPX4
0	1.10818432605632	0.837	0.611	0	14	IER3
0	1.10087481922457	0.813	0.61	0	14	PLEK
0	1.07083952786616	0.816	0.629	0	14	ATP6V1B2
0	1.06696815403838	0.926	0.766	0	14	RGS2
0	1.06391714555886	0.809	0.591	0	14	IL13RA1
0	1.05593522188939	0.887	0.719	0	14	SMCO4
0	1.04869588983471	0.919	0.709	0	14	MGAT1
0	1.04757380355279	0.909	0.914	0	14	TNFSF13B
0	1.04531032471671	0.896	0.697	0	14	NAMPT
0	1.04490709530022	0.871	0.486	0	14	CD300A
0	1.04430840008072	0.867	0.666	0	14	GCA
0	1.04423505225512	0.768	0.403	0	14	CLEC4A
0	1.03786713294204	0.84	0.732	0	14	GK
0	1.03524884370588	0.941	0.794	0	14	PYCARD
0	1.03499155641005	0.773	0.616	0	14	PAK1
0	1.03387490587897	0.837	0.363	0	14	CSTA
0	1.03244213146643	0.877	0.615	0	14	IFNGR1
0	1.02971750530368	0.795	0.563	0	14	NAAA
0	1.02401591880908	0.714	0.466	0	14	RASSF4
0	1.00986753780524	0.79	0.583	0	14	ZFAND5
0	1.00778811067182	0.732	0.147	0	14	CSF2RA
0	1.00733886984692	0.861	0.647	0	14	THEMIS2
0	0.997681838124197	0.993	0.939	0	14	S100A6
0	0.993790155869757	0.719	0.243	0	14	PILRA
0	0.979515707196164	0.645	0.274	0	14	DAB2
0	0.979090723393128	0.795	0.503	0	14	ETS2
0	0.977420839334939	0.706	0.6	0	14	LINC01272
0	0.975275045095895	0.649	0.179	0	14	CLEC4E
0	0.971835711064573	0.682	0.332	0	14	IL1B
0	0.968430281100419	0.954	0.788	0	14	SNX3
0	0.965863473967198	0.673	0.095	0	14	FPR3
0	0.96317628849723	0.997	0.917	0	14	GNG5
0	0.960922521956803	0.993	0.86	0	14	ATP6V0C
0	0.950555714232573	0.992	0.924	0	14	PSME2
0	0.945022635381639	0.817	0.724	0	14	ARHGAP18
0	0.94232177988978	0.75	0.471	0	14	UBE2E2
0	0.942234186315094	0.692	0.559	0	14	SLC7A7
0	0.941612672320784	0.809	0.638	0	14	IFNGR2
0	0.937500353636419	0.553	0.067	0	14	CD1E
0	0.924724001056493	0.934	0.849	0	14	LIMS1
0	0.920500672685433	0.948	0.708	0	14	RNH1
0	0.916596391500907	0.893	0.71	0	14	MAN2B1
0	0.912576002519694	0.99	0.884	0	14	DBI
0	0.912111115144972	0.771	0.447	0	14	ZNF385A
0	0.901444090317376	0.956	0.8	0	14	ATF3
0	0.90006784871922	0.779	0.704	0	14	HLA-DOA
0	0.899500787768277	0.724	0.528	0	14	HLA-DPB2
0	0.897936087197503	0.801	0.598	0	14	BLVRB
0	0.897813808757759	0.863	0.643	0	14	MARCKSL1
0	0.896867561300557	0.943	0.794	0	14	SDCBP
0	0.895668132878743	0.781	0.553	0	14	CCDC88A
0	0.894750533182205	0.768	0.494	0	14	SLC8A1
0	0.887446641701858	0.892	0.669	0	14	ATP6AP1
0	0.883049896367168	0.822	0.649	0	14	NUDT16
0	0.87191475310067	0.778	0.533	0	14	PLBD1
0	0.866014328874801	0.745	0.532	0	14	RAB13
0	0.865738641620653	0.743	0.62	0	14	MARCH1
0	0.86535535763302	0.875	0.61	0	14	NR4A3
0	0.864983810199875	0.727	0.572	0	14	ATF5
0	0.862319580371599	0.784	0.581	0	14	PVRL2
0	0.858469494336106	0.64	0.241	0	14	CXCL8
0	0.857358968861208	0.778	0.628	0	14	SYK
0	0.853988314680364	0.777	0.578	0	14	LY86
0	0.853199288813683	0.981	0.891	0	14	PRDX1
0	0.852682003498731	0.89	0.702	0	14	HMGA1
0	0.851381157139846	0.718	0.621	0	14	GM2A
0	0.846989412328954	0.778	0.721	0	14	MGST2
0	0.839514486756685	0.665	0.536	0	14	ANKRD22
0	0.83838691120054	0.719	0.424	0	14	PSTPIP2
0	0.835871039862958	0.826	0.607	0	14	FUOM
0	0.831496819317021	0.798	0.732	0	14	LY96
0	0.829389871107398	0.911	0.764	0	14	RALA
0	0.825133197183602	0.784	0.603	0	14	APLP2
0	0.824477384401974	0.826	0.718	0	14	PGD
0	0.82399660855822	0.991	0.868	0	14	PKM
0	0.823959782492179	0.908	0.829	0	14	VAMP5
0	0.823477401483099	0.765	0.554	0	14	ZEB2
0	0.818661817916822	0.681	0.236	0	14	LILRB2
0	0.815880027331083	0.947	0.804	0	14	TPM4
0	0.815732061979656	0.797	0.521	0	14	PTPRE
0	0.815396582698914	0.778	0.689	0	14	CEACAM4
0	0.81465111105681	0.924	0.769	0	14	COMT
0	0.809931322147301	0.796	0.419	0	14	LILRA6
0	0.809085874678697	0.809	0.594	0	14	PTTG1IP
0	0.80118398796783	0.631	0.197	0	14	SLC1A3
0	0.798850490342624	0.766	0.618	0	14	CREG1
0	0.797848693705979	0.789	0.531	0	14	CECR1
0	0.793605550310848	0.855	0.725	0	14	RNF13
0	0.783917512917568	0.643	0.268	0	14	PTAFR
0	0.78249173362705	0.647	0.1	0	14	CLEC5A
0	0.781509180151029	0.738	0.456	0	14	HLA-DRB6
0	0.77954699517883	0.726	0.497	0	14	RNF144B
0	0.777719605868652	0.968	0.804	0	14	ITGB2
0	0.777435039647752	0.731	0.353	0	14	LPCAT2
0	0.777066304861891	0.914	0.738	0	14	HSBP1
0	0.772824039345394	0.7	0.533	0	14	GGTA1P
0	0.77196039966339	0.657	0.32	0	14	CXCL2
0	0.767772498948076	0.744	0.602	0	14	CD40
0	0.76544113236031	0.719	0.507	0	14	KYNU
0	0.762304172990766	0.685	0.449	0	14	ITGAX
0	0.760398363812915	0.985	0.889	0	14	CALR
0	0.758185675847166	0.872	0.735	0	14	ATP1B3
0	0.756853230672394	0.693	0.505	0	14	MEF2C
0	0.745366012403062	0.721	0.463	0	14	DSE
0	0.74297390984362	0.622	0.532	0	14	IL1RN
0	0.742140982981836	0.975	0.881	0	14	POMP
0	0.742040143086692	0.849	0.691	0	14	UBE2D1
0	0.737135546667575	0.815	0.576	0	14	INSIG1
0	0.725945138584046	0.969	0.842	0	14	RNASET2
0	0.724579225404783	0.807	0.769	0	14	HAVCR2
0	0.724506285395382	0.675	0.48	0	14	RAB20
0	0.721886792060093	0.915	0.715	0	14	GLIPR2
0	0.720543970185983	0.734	0.614	0	14	MPP1
0	0.718193741375944	0.57	0.173	0	14	FCN1
0	0.718084372734695	0.879	0.587	0	14	CHMP1B
0	0.71169401050501	0.705	0.556	0	14	GNAQ
0	0.71061563592858	0.902	0.799	0	14	ATP6V0D1
0	0.699846592267942	0.852	0.742	0	14	EIF4EBP1
0	0.695741184971746	0.835	0.652	0	14	SMIM3
0	0.6957323595156	0.809	0.674	0	14	GNG10
0	0.690534463448082	0.975	0.863	0	14	HSP90B1
0	0.687643454216679	0.728	0.58	0	14	TBXAS1
0	0.687410686918081	0.868	0.652	0	14	REL
0	0.686435506556218	0.84	0.685	0	14	NANS
0	0.682580482868174	0.625	0.156	0	14	TREM1
0	0.67993088498335	0.677	0.549	0	14	HBEGF
0	0.679787103435289	0.639	0.352	0	14	GNB4
0	0.677779100041922	0.965	0.871	0	14	TALDO1
0	0.677655435258681	0.918	0.828	0	14	SAMHD1
0	0.676484350475015	0.784	0.576	0	14	PHLDA2
0	0.664549630573198	0.648	0.438	0	14	LILRB1
0	0.652442450427834	0.801	0.668	0	14	ANXA4
0	0.648440945938662	0.576	0.252	0	14	CD36
0	0.6375641199462	0.602	0.188	0	14	VCAN
0	0.637167670096997	0.907	0.777	0	14	RTN4
0	0.633454544771664	0.738	0.433	0	14	SERPINB6
0	0.631097821253567	0.484	0.193	0	14	MCEMP1
0	0.62617824484357	0.654	0.295	0	14	LILRA2
0	0.623161617317069	0.984	0.88	0	14	FKBP1A
0	0.618654270078726	0.692	0.426	0	14	CEBPD
0	0.617892976452002	0.715	0.234	0	14	THBD
0	0.616023856877745	0.698	0.61	0	14	LTBR
0	0.607864148863289	0.749	0.442	0	14	SPG21
0	0.604505003547291	0.736	0.568	0	14	LACTB
0	0.604483807951767	1	0.999	0	14	ACTB
0	0.598329094615462	0.589	0.358	0	14	LHFPL2
0	0.596126668568825	0.758	0.558	0	14	DDAH2
0	0.591973067760888	0.658	0.327	0	14	VEGFA
0	0.590384236190118	0.677	0.318	0	14	SDSL
0	0.588283672023431	0.656	0.414	0	14	CLEC12A
0	0.587466287832162	0.662	0.165	0	14	ST14
0	0.5830909201097	0.599	0.282	0	14	MMP19
0	0.582363771974104	0.685	0.283	0	14	OSCAR
0	0.579057809419466	0.987	0.918	0	14	ENO1
0	0.578707526249054	0.845	0.614	0	14	PPIF
0	0.577123416883499	0.834	0.632	0	14	GNAI2
0	0.575852847054816	0.931	0.793	0	14	BANF1
0	0.57315909991446	0.696	0.607	0	14	TUBB6
0	0.571266515961719	0.795	0.68	0	14	CYSTM1
0	0.569827070566626	0.749	0.656	0	14	GNA15
0	0.565959256930104	0.868	0.678	0	14	TXNDC17
0	0.564245380800702	0.894	0.77	0	14	YWHAE
0	0.563743648749503	0.713	0.55	0	14	SLC43A2
0	0.56278676539535	0.933	0.769	0	14	IGFLR1
0	0.56154723023725	0.722	0.657	0	14	SCIMP
0	0.559197875050271	0.887	0.805	0	14	TMEM14C
0	0.557352547416676	0.759	0.563	0	14	PDLIM7
0	0.553652208743283	0.76	0.573	0	14	QSOX1
0	0.553060251280497	0.872	0.663	0	14	MAT2A
0	0.541494952703891	0.997	0.946	0	14	YBX1
0	0.519359125023779	0.615	0.213	0	14	RAB32
0	0.51402733828573	0.627	0.208	0	14	DAPK1
0	0.512873562041722	0.656	0.196	0	14	CD33
0	0.508639710139804	0.718	0.578	0	14	HRH2
0	0.501502168790632	0.613	0.382	0	14	TCN2
0	0.500430409174226	0.293	0.087	0	14	CCL2
0	0.496771342111459	0.666	0.194	0	14	ANPEP
0	0.493408674480767	0.594	0.327	0	14	ASGR1
0	0.483919721396657	0.652	0.43	0	14	CYP2S1
0	0.477094131196517	0.915	0.811	0	14	C19orf10
0	0.474153046807789	0.728	0.573	0	14	AVPI1
0	0.460717787915821	0.763	0.541	0	14	MXD1
0	0.456340416641683	0.876	0.762	0	14	FKBP2
0	0.455517371220577	0.858	0.584	0	14	COTL1
0	0.455232145432525	0.987	0.928	0	14	SLC25A5
0	0.454486159809049	0.673	0.15	0	14	EREG
0	0.435263756676551	0.428	0.076	0	14	CD207
0	0.432356146241326	0.624	0.28	0	14	PALD1
0	0.420314279927547	0.532	0.066	0	14	STAB1
0	0.415720000951538	0.58	0.289	0	14	IL3RA
0	0.412532714422806	0.411	0.099	0	14	MMP12
0	0.403330701226518	0.632	0.334	0	14	SIGLEC7
0	0.389923040759009	0.701	0.323	0	14	IGFBP7
0	0.389887154364699	0.622	0.127	0	14	KCNMB1
0	0.376818520781163	0.579	0.195	0	14	CST6
0	0.359320548851448	0.583	0.088	0	14	PID1
0	0.348823074090707	0.918	0.71	0	14	NME2
0	0.348636736726151	0.464	0.062	0	14	AQP9
0	0.334296075949225	0.501	0.089	0	14	FPR2
0	0.324737797914336	0.483	0.104	0	14	F13A1
0	0.320064780172277	0.773	0.545	0	14	MAFF
0	0.314749750824879	0.478	0.098	0	14	ALOX15B
0	0.308963271816104	0.588	0.103	0	14	RNASE2
0	0.284789700583368	0.647	0.43	0	14	ETV5
0	0.28058190899979	0.419	0.057	0	14	CD1B
0	0.275944514941226	0.567	0.084	0	14	ST3GAL6
0	0.259000825899633	0.515	0.064	0	14	RAB7B
0	-0.288844858654591	0.271	0.739	0	14	LOC102724246
0	-0.312183372134582	0.356	0.762	0	14	RIC3
0	-0.446037001099742	0.457	0.752	0	14	JAKMIP1
0	-0.460043203808358	0.599	0.861	0	14	RTKN2
0	-0.480966382918171	0.416	0.83	0	14	TXK
0	-0.642009450219789	0.401	0.782	0	14	PASK
0	-0.698571878732022	0.642	0.841	0	14	MAL
0	-0.893784994241972	0.532	0.801	0	14	GPR171
0	-0.912601474272559	1	0.998	0	14	RPS18
0	-0.919546519165687	1	1	0	14	EEF1A1
0	-1.00681075849611	1	1	0	14	RPLP1
0	-1.0147201054753	0.481	0.748	0	14	TRAT1
0	-1.05087443848512	0.56	0.839	0	14	SIRPG
0	-1.05240266138891	0.52	0.798	0	14	PDCD1
0	-1.05483971394771	1	0.999	0	14	RPS12
0	-1.28009944466705	0.984	0.983	0	14	TSC22D3
0	-1.37520465302462	0.618	0.861	0	14	FAIM3
0	-1.4377514719102	0.696	0.85	0	14	TIGIT
0	-1.54380521236047	0.892	0.96	0	14	LDHB
0	-1.57587906334684	0.597	0.838	0	14	SH2D2A
0	-1.61467398218608	0.612	0.797	0	14	ITM2A
0	-1.67917533153624	0.69	0.878	0	14	CD27
0	-1.72092606625909	0.738	0.898	0	14	LTB
0	-1.7295762736045	0.705	0.833	0	14	TUBA4A
0	-1.93072358961904	0.906	0.967	0	14	IFITM1
0	-2.11703689804692	0.562	0.781	0	14	CTSW
0	-2.77741198756987	0.552	0.786	0	14	GZMA
0	-2.83899720982146	0.714	0.923	0	14	CD7
0	-3.07978568030398	0.805	0.955	0	14	CD69
0	-3.27340596993746	0.712	0.952	0	14	IL32
0	-3.40159642397233	0.628	0.801	0	14	CCL5
7.52938611387662e-307	0.715316728540447	0.626	0.28	2.25881583416299e-303	14	KIAA1598
4.2009138157548e-306	0.25082576182095	0.5	0.105	1.26027414472644e-302	14	SH3PXD2B
6.42610056326568e-306	0.326835952413398	0.538	0.108	1.9278301689797e-302	14	GPX3
1.23854569231432e-305	0.566604452271555	0.892	0.792	3.71563707694295e-302	14	PSMA4
3.36040322605049e-304	0.400418656855887	0.748	0.563	1.00812096781515e-300	14	EFHD2
3.68761481061987e-304	-0.96043470143189	0.596	0.855	1.10628444318596e-300	14	CTLA4
2.84807312350793e-303	0.514138227038937	0.719	0.598	8.54421937052379e-300	14	DBNDD2
1.01225655533872e-302	0.712272769074477	0.695	0.575	3.03676966601616e-299	14	ACTN1
1.58662493635637e-301	0.375674466501631	0.99	0.933	4.75987480906911e-298	14	TPI1
4.21073530227902e-300	0.7381138712116	0.926	0.753	1.26322059068371e-296	14	HSPB1
1.33872257024302e-299	1.12675647133759	0.596	0.418	4.01616771072906e-296	14	PPP1R14A
8.19780486050561e-299	0.64556382638095	0.674	0.548	2.45934145815168e-295	14	MYOF
2.98065017685427e-298	0.576963110328466	0.886	0.74	8.94195053056282e-295	14	HIF1A
3.96660349877932e-298	0.550379289497745	0.644	0.336	1.1899810496338e-294	14	LRRC25
1.67160602343809e-297	1.08255918829851	0.87	0.83	5.01481807031426e-294	14	ACP5
2.74975737854476e-297	1.67616702688617	0.558	0.367	8.24927213563428e-294	14	S100B
7.7067798870306e-296	0.473451637222193	0.774	0.65	2.31203396610918e-292	14	STX11
8.88890445237368e-296	0.451927233494967	0.945	0.87	2.6666713357121e-292	14	VDAC1
1.21026049625993e-295	-0.995697188099494	0.586	0.764	3.63078148877978e-292	14	CXCR6
6.23557644003395e-295	0.652380622428102	0.752	0.657	1.87067293201019e-291	14	ENG
2.66937650496135e-294	1.087375275783	0.693	0.656	8.00812951488406e-291	14	CPM
3.92733860417555e-294	0.454852623210053	0.904	0.734	1.17820158125266e-290	14	MGST3
7.66114749057947e-294	-0.382011745013561	0.316	0.737	2.29834424717384e-290	14	FBLN7
1.28012263363736e-292	0.378123791205269	0.963	0.871	3.84036790091207e-289	14	BST2
1.32792144970273e-292	0.312062377765436	0.451	0.168	3.9837643491082e-289	14	CXCL3
4.43790960617195e-292	0.884228036110377	0.623	0.381	1.33137288185158e-288	14	VSIG4
5.81826987825382e-292	0.546741326412131	0.897	0.83	1.74548096347615e-288	14	TKT
2.50789147334003e-291	0.413747310165042	0.979	0.859	7.5236744200201e-288	14	EIF5A
6.46232166585167e-290	0.680872027899877	0.794	0.616	1.9386964997555e-286	14	LAIR1
1.21442452239254e-289	0.471252001059431	0.885	0.752	3.64327356717761e-286	14	PTPN6
1.99860845666827e-289	0.658037861183517	0.677	0.515	5.99582537000481e-286	14	CORO1C
1.3991334086582e-286	-1.22351229084083	0.667	0.853	4.19740022597461e-283	14	PRDM1
2.1444415365981e-286	0.47103240889351	0.757	0.614	6.43332460979429e-283	14	GLA
4.95276872263065e-286	0.525565929971449	0.789	0.648	1.48583061678919e-282	14	CD151
8.25445699130197e-286	-1.07368326341106	0.568	0.777	2.47633709739059e-282	14	FKBP11
2.78064970268774e-285	-1.97758221543315	0.537	0.753	8.34194910806321e-282	14	PRF1
6.62949675497524e-285	0.481981370494128	0.663	0.423	1.98884902649257e-281	14	EMR2
1.87097399924402e-284	1.047641904824	0.687	0.576	5.61292199773206e-281	14	IRF8
2.0563961630362e-283	0.444940515840921	0.651	0.446	6.1691884891086e-280	14	RASGEF1B
7.30570971296299e-283	0.428700432278127	0.685	0.595	2.1917129138889e-279	14	BTK
2.87644870301973e-282	0.347845789779499	0.978	0.907	8.62934610905917e-279	14	COX5A
1.93472721502934e-280	0.601757826689678	0.778	0.618	5.80418164508802e-277	14	NINJ1
1.51287868736724e-279	0.548874336551855	0.875	0.724	4.53863606210173e-276	14	UPP1
1.88229865068726e-279	0.669250494918896	0.656	0.537	5.64689595206178e-276	14	BASP1
1.95855452908505e-279	-1.90501003855665	0.442	0.741	5.87566358725515e-276	14	KLRB1
3.57317415943759e-279	0.91235257866088	0.62	0.423	1.07195224783128e-275	14	FCGR3A
2.99568727371495e-277	0.503206076151913	0.581	0.262	8.98706182114485e-274	14	SIRPA
3.53285112585445e-275	0.518326627656806	0.768	0.621	1.05985533775633e-271	14	APPL1
1.24913677824021e-274	0.634777517342535	0.703	0.6	3.74741033472063e-271	14	FAM49A
3.53742224544032e-274	0.706985617617808	0.76	0.655	1.0612266736321e-270	14	AHR
5.41243292242459e-274	0.623356852523148	0.724	0.632	1.62372987672738e-270	14	LAT2
2.00526784113999e-273	0.670216202137132	0.646	0.522	6.01580352341996e-270	14	FSCN1
5.02511454162982e-272	0.621733637855441	0.579	0.367	1.50753436248895e-268	14	PLD4
3.31320191425381e-271	0.58512927883473	0.687	0.63	9.93960574276143e-268	14	GRASP
8.15596116726759e-271	3.68726276765592	0.71	0.806	2.44678835018028e-267	14	APOC1
1.19543019337387e-270	0.601348039575543	0.893	0.826	3.58629058012162e-267	14	STAT1
1.69399185961988e-269	0.557839301566682	0.723	0.644	5.08197557885964e-266	14	NAGA
4.0118095880719e-269	0.46760753539906	0.745	0.577	1.20354287642157e-265	14	C20orf27
3.26613956610205e-268	-1.96344257667003	0.781	0.872	9.79841869830614e-265	14	IL7R
5.13116724886318e-268	0.879560589569554	0.671	0.565	1.53935017465895e-264	14	IL4I1
5.33406825978355e-268	0.366043686078397	0.556	0.181	1.60022047793506e-264	14	ADORA3
1.66286338379356e-267	0.938568009444742	0.613	0.422	4.98859015138067e-264	14	CFD
1.3676447089257e-266	0.634971886321852	0.765	0.721	4.1029341267771e-263	14	PRCP
3.05912974824776e-266	0.251361110296846	0.992	0.951	9.17738924474327e-263	14	ARPC1B
1.49824770852772e-265	0.654472775125297	0.675	0.579	4.49474312558316e-262	14	ALCAM
4.46650664789737e-265	0.517694336022556	0.658	0.596	1.33995199436921e-261	14	B3GNT5
5.49849962863551e-265	0.651828132654582	0.665	0.514	1.64954988859065e-261	14	GNS
6.00758781739782e-265	0.960961748173448	0.649	0.477	1.80227634521934e-261	14	FCGR1A
6.41771355058869e-265	0.431129451822609	0.69	0.633	1.92531406517661e-261	14	MIR181A1HG
6.52094287342275e-265	-0.389800390331896	0.439	0.744	1.95628286202683e-261	14	GPR25
3.50589508937133e-263	-0.96436359303048	0.566	0.816	1.0517685268114e-259	14	RNF19A
2.64114825730006e-262	0.76888308881624	0.547	0.343	7.92344477190018e-259	14	KCNMA1
4.25418771656466e-262	0.422370734781896	0.715	0.575	1.2762563149694e-258	14	TPMT
4.43334460416633e-262	0.532573133806271	0.823	0.747	1.3300033812499e-258	14	MIS18BP1
1.37314155414341e-260	0.671225877201931	0.547	0.3	4.11942466243022e-257	14	LRP1
5.24910868810209e-260	0.387980820948179	0.526	0.157	1.57473260643063e-256	14	DSC2
2.66255789196916e-259	0.448441457188906	0.661	0.522	7.98767367590748e-256	14	CLN8
3.06401553661665e-259	-0.557698962268381	0.669	0.869	9.19204660984996e-256	14	HIST1H1D
3.07787958197856e-256	0.702758501518952	0.925	0.85	9.23363874593567e-253	14	CTSC
4.90102295336989e-256	0.478498582135995	0.913	0.807	1.47030688601097e-252	14	C10orf54
6.39077915936335e-255	-0.821144887763564	0.521	0.74	1.91723374780901e-251	14	GATA3
3.54987597063963e-254	0.269236952037823	0.641	0.384	1.06496279119189e-250	14	ANXA2P2
1.04465781668008e-253	0.288940100925986	0.984	0.912	3.13397345004023e-250	14	CALM2
8.77768172759552e-253	0.993121180515641	0.683	0.698	2.63330451827865e-249	14	SLC11A1
1.21811566981229e-252	-0.413891981182709	0.548	0.791	3.65434700943686e-249	14	CCR7
2.97790630348985e-252	0.428484873315096	0.753	0.601	8.93371891046956e-249	14	PER1
4.73678420330631e-251	0.447057802416272	0.797	0.706	1.42103526099189e-247	14	RIPK2
8.13382117604541e-251	0.499995942412787	0.764	0.623	2.44014635281362e-247	14	HEXA
8.8897623771331e-251	-0.309606923700583	0.431	0.752	2.66692871313993e-247	14	FAAH2
1.54952810315614e-250	0.481349779834287	0.635	0.445	4.64858430946842e-247	14	CD300C
4.51473607718847e-250	0.760890719008139	0.751	0.582	1.35442082315654e-246	14	LMNA
6.8850010656822e-250	0.586153646575182	0.724	0.586	2.06550031970466e-246	14	DNASE2
1.44705417332281e-249	0.504479662720292	0.793	0.691	4.34116251996845e-246	14	KLF10
3.04587002976203e-248	-0.498663314368938	0.27	0.702	9.13761008928608e-245	14	S1PR1
1.31511684374171e-247	0.510561389238857	0.769	0.672	3.94535053122512e-244	14	AP1S2
5.39121159956502e-247	0.583336156379208	0.781	0.654	1.61736347986951e-243	14	MAP3K8
7.42016534479846e-245	0.42779441522064	0.935	0.751	2.22604960343954e-241	14	NR4A2
5.27987995645224e-244	0.64359075087421	0.621	0.419	1.58396398693567e-240	14	CLIC2
2.70001171344361e-243	0.404585420209588	0.874	0.789	8.10003514033083e-240	14	PRDX3
6.67494560061543e-242	0.594858334736199	0.757	0.681	2.00248368018463e-238	14	BID
3.20778162340658e-241	-1.39175201374553	0.952	0.959	9.62334487021973e-238	14	CORO1A
3.68499139111122e-241	0.352509789220363	0.707	0.482	1.10549741733336e-237	14	RAC1
8.32113283693899e-240	0.387586699637926	0.621	0.468	2.4963398510817e-236	14	SPINT1
1.67366568036865e-239	-1.02066057401222	0.46	0.724	5.02099704110595e-236	14	SH2D1A
2.30128073608307e-239	0.62465729064117	0.658	0.646	6.90384220824921e-236	14	IRAK3
5.08148309562885e-239	0.619662077258151	0.685	0.609	1.52444492868865e-235	14	GAA
1.38382593822017e-238	0.5346119783186	0.668	0.596	4.1514778146605e-235	14	SEMA4A
2.71189481895541e-238	0.307068771829821	0.567	0.255	8.13568445686623e-235	14	APOL4
5.16983802231756e-238	0.65144196780274	0.683	0.701	1.55095140669527e-234	14	TM6SF1
8.92400752495677e-238	0.747360204128656	0.677	0.714	2.67720225748703e-234	14	RBM47
3.50885337943976e-237	1.698128362463	0.556	0.421	1.05265601383193e-233	14	FN1
4.65663290901452e-237	0.375270140186532	0.603	0.408	1.39698987270436e-233	14	DOK3
3.63665745338796e-236	0.916724110061056	0.613	0.437	1.09099723601639e-232	14	C1orf54
5.12749306533692e-236	0.304686465495418	0.464	0.086	1.53824791960108e-232	14	MITF
6.10474874629147e-236	0.81930870052452	0.645	0.677	1.83142462388744e-232	14	PMP22
6.19333973803368e-236	-0.368932468025424	0.414	0.724	1.8580019214101e-232	14	NDFIP2
1.23895585962247e-233	-0.336806670191608	0.422	0.747	3.71686757886742e-230	14	IKZF2
1.42073556568625e-233	0.526778040100804	0.676	0.564	4.26220669705876e-230	14	RENBP
4.20024698090113e-232	0.327547472244995	0.588	0.395	1.26007409427034e-228	14	SLC37A2
1.53015927451877e-231	0.365129747008483	0.884	0.759	4.59047782355632e-228	14	CMTM6
2.60966921467253e-231	0.377699050953123	0.917	0.782	7.8290076440176e-228	14	DEK
4.69418294456432e-231	-1.32613772777241	0.977	0.973	1.4082548833693e-227	14	JUN
6.6618585043324e-231	0.699143283783419	0.661	0.526	1.99855755129972e-227	14	CD81
8.63681443955932e-231	-0.898712858169231	0.997	0.994	2.5910443318678e-227	14	RPLP0
1.53955670113891e-228	0.472108844505596	0.652	0.539	4.61867010341673e-225	14	PHC2
1.86373492488418e-227	0.494073833402545	0.863	0.762	5.59120477465254e-224	14	GLRX
2.36889411453034e-227	0.553325982099313	0.715	0.687	7.10668234359102e-224	14	ODF3B
6.53035456827732e-227	0.303927637315453	0.498	0.256	1.9591063704832e-223	14	PLAU
8.12402283268508e-227	0.559170237445213	0.668	0.629	2.43720684980552e-223	14	SNX8
2.79552352199516e-225	0.793075754122148	0.875	0.826	8.38657056598547e-222	14	IFI6
7.81281753385208e-225	0.666020106123868	0.592	0.328	2.34384526015563e-221	14	TLR2
1.74416210401114e-224	0.278650637708562	0.572	0.345	5.23248631203342e-221	14	TGM2
1.95862978191856e-224	0.575632928703756	0.645	0.523	5.87588934575569e-221	14	ASAP1
2.51758213785145e-220	0.258990811809064	0.872	0.737	7.55274641355434e-217	14	EIF4A3
5.77626119760321e-220	0.698620607380394	0.631	0.576	1.73287835928096e-216	14	C3AR1
1.07968909297672e-219	0.328957574215037	0.608	0.417	3.23906727893017e-216	14	NEK6
1.48542813566642e-219	-0.712946409978698	0.532	0.735	4.45628440699925e-216	14	PDE4D
3.05151369329669e-219	0.307543058640194	0.659	0.576	9.15454107989006e-216	14	IRS2
2.09310572740757e-218	0.485215370166896	0.793	0.743	6.27931718222271e-215	14	CD4
2.27632755911733e-218	0.27060473267503	0.847	0.697	6.82898267735198e-215	14	H2AFJ
3.99454486816975e-218	-0.810792016676742	0.671	0.836	1.19836346045093e-214	14	CD82
6.33563971523702e-218	0.578727459220345	0.61	0.447	1.90069191457111e-214	14	TIMP2
1.97993606916094e-217	-0.805998934010296	1	0.998	5.93980820748281e-214	14	RPS8
7.84344364943903e-217	0.39146923447473	0.675	0.551	2.35303309483171e-213	14	CUX1
2.00210690076041e-216	0.267517329024734	0.666	0.52	6.00632070228122e-213	14	NFKBID
2.5791040265095e-215	0.566314205392705	0.635	0.543	7.73731207952851e-212	14	CIITA
2.71860889297377e-215	-1.63580153105412	0.503	0.722	8.15582667892131e-212	14	CD8B
1.08337655342443e-213	0.507444980582906	0.734	0.664	3.25012966027329e-210	14	LAMP2
3.00085964753278e-212	-0.865776629819233	0.48	0.704	9.00257894259833e-209	14	IL2RB
9.23385809608339e-212	0.405401464402125	0.706	0.655	2.77015742882502e-208	14	TSPAN3
1.4092754242887e-211	0.740134519583945	0.661	0.599	4.2278262728661e-208	14	ACSL1
2.345047958166e-211	0.398102262738732	0.7	0.509	7.03514387449801e-208	14	YWHAH
1.21434821789142e-210	0.501247625310742	0.694	0.615	3.64304465367426e-207	14	CTNNA1
8.45631821096442e-210	0.336257507197078	0.598	0.409	2.53689546328933e-206	14	GOLIM4
7.04797240159443e-209	0.252623754145309	0.885	0.783	2.11439172047833e-205	14	PHPT1
2.07840223334069e-208	0.284223028492173	0.663	0.492	6.23520670002207e-205	14	GPR137B
3.11313491253142e-208	0.431331110536109	0.676	0.619	9.33940473759425e-205	14	C10orf128
3.26563089512757e-208	0.353182839620839	0.649	0.539	9.7968926853827e-205	14	MCOLN1
1.65162874968527e-207	0.350794533540891	1	0.979	4.95488624905582e-204	14	SH3BGRL3
1.21483530271906e-206	0.322203348897541	0.783	0.635	3.64450590815717e-203	14	TUBA1C
2.83988494600305e-206	0.425203801309173	0.828	0.737	8.51965483800914e-203	14	VASP
1.30220982006845e-202	0.526312887592029	0.679	0.55	3.90662946020535e-199	14	SCARB2
2.83782982617501e-202	0.355940531847919	0.993	0.943	8.51348947852504e-199	14	LDHA
3.23382781180052e-202	0.257808682269033	0.712	0.529	9.70148343540157e-199	14	FOSL2
8.43417629764503e-202	0.28462604260932	0.599	0.476	2.53025288929351e-198	14	NRP1
1.1005775627256e-201	0.352890232832126	0.58	0.388	3.30173268817679e-198	14	CLIC4
4.99680110992408e-201	0.389105652452789	0.934	0.868	1.49904033297723e-197	14	TUBB
5.9387144503104e-201	0.426319673107424	0.353	0.077	1.78161433509312e-197	14	RETN
7.74934208328536e-201	0.307962402565748	0.963	0.886	2.32480262498561e-197	14	HERPUD1
1.26291249479512e-200	0.285536399619526	0.459	0.153	3.78873748438535e-197	14	CD300LF
2.93695329961872e-200	0.445954260285022	0.983	0.894	8.81085989885617e-197	14	DUSP1
5.31344439858385e-200	0.349714084862673	0.89	0.766	1.59403331957516e-196	14	LRRFIP1
5.41198748856044e-200	0.481619012794587	0.604	0.402	1.62359624656813e-196	14	LYN
5.70056655638738e-200	0.299327057194947	0.602	0.428	1.71016996691621e-196	14	NCF1C
7.69664723328084e-199	0.451059376329546	0.562	0.316	2.30899416998425e-195	14	TMEM51
7.77912279171939e-197	0.479703189496726	0.708	0.617	2.33373683751582e-193	14	FAM105A
1.67517711958575e-196	0.291027165727035	0.586	0.599	5.02553135875725e-193	14	PLEK2
3.46206727498932e-196	0.389031098698694	0.566	0.368	1.0386201824968e-192	14	BMP2K
7.84208259888288e-196	0.62691205477818	0.608	0.519	2.35262477966486e-192	14	TSPAN4
2.32298696421058e-194	0.458577074496343	0.719	0.648	6.96896089263174e-191	14	PLEKHB2
3.22765098104577e-194	-0.261690808534396	0.515	0.845	9.68295294313732e-191	14	ICA1
9.97842379331032e-193	0.462157675677769	0.874	0.891	2.9935271379931e-189	14	EPSTI1
3.95726519250333e-192	0.315420581719963	0.922	0.832	1.187179557751e-188	14	P4HB
5.40196000511315e-192	0.297231910741161	0.942	0.852	1.62058800153395e-188	14	TSPO
1.45231927751602e-191	1.19896453038606	0.58	0.479	4.35695783254806e-188	14	CD1C
5.94363227288031e-191	-1.39554132736938	0.897	0.937	1.78308968186409e-187	14	DNAJB1
6.2232699362384e-191	0.602441219194312	0.588	0.454	1.86698098087152e-187	14	ABCA1
6.39161121028352e-191	-0.301879781176787	0.434	0.751	1.91748336308506e-187	14	LAIR2
7.71751471969972e-191	-1.43052211096241	0.865	0.91	2.31525441590991e-187	14	BTG2
4.45512599496587e-190	2.37063867280279	0.629	0.721	1.33653779848976e-186	14	SPP1
2.9093946899552e-189	0.701079658028263	0.494	0.171	8.72818406986561e-186	14	MSR1
3.45582630695236e-189	0.452580765770057	0.681	0.625	1.03674789208571e-185	14	RRBP1
6.5676103066802e-189	0.687313593879228	0.677	0.599	1.97028309200406e-185	14	C12orf45
1.38346661468644e-188	-1.05349548605682	0.69	0.814	4.15039984405931e-185	14	PIM2
1.45370632652215e-188	0.58031896424305	0.619	0.583	4.36111897956645e-185	14	TFEC
1.71160195777197e-188	-0.330682833763111	0.366	0.689	5.13480587331592e-185	14	CD70
3.1818998572706e-188	0.596179917597335	0.504	0.185	9.5456995718118e-185	14	SLCO2B1
3.36005794076201e-186	-0.729152886152872	0.519	0.719	1.0080173822286e-182	14	LEF1
6.71000833732543e-186	0.397825289472202	0.599	0.495	2.01300250119763e-182	14	AGPAT9
5.58363785857841e-185	0.484393130336533	0.614	0.516	1.67509135757352e-181	14	ADAP2
6.88012801589534e-185	-0.567879710676913	0.296	0.673	2.0640384047686e-181	14	PERP
9.89602142422084e-185	0.26266059540808	0.766	0.673	2.96880642726625e-181	14	MAPKAPK3
1.79227404338247e-184	0.317971033627977	0.805	0.727	5.37682213014741e-181	14	IFI35
4.26335526771237e-184	-0.609078889135389	0.464	0.775	1.27900658031371e-180	14	MZB1
6.66998218320844e-184	0.424557496892833	0.561	0.276	2.00099465496253e-180	14	CSF3R
7.79380694414524e-184	0.450703932036726	0.737	0.642	2.33814208324357e-180	14	SH3BP5
4.46090284137672e-183	-2.39186818293438	0.529	0.72	1.33827085241301e-179	14	GZMB
5.73355760889737e-182	0.633941814010318	0.582	0.392	1.72006728266921e-178	14	HNMT
1.09936158092656e-181	0.356076932965604	0.69	0.623	3.29808474277968e-178	14	SH3TC1
1.25395325278159e-181	2.19417393196022	0.634	0.693	3.76185975834477e-178	14	RNASE1
1.02002537735137e-180	0.544628257192469	0.604	0.465	3.06007613205411e-177	14	NLRP3
1.20834008103754e-180	0.430367140872597	0.755	0.722	3.62502024311263e-177	14	BLVRA
2.19416255689261e-179	0.391478973841604	0.689	0.607	6.58248767067783e-176	14	CAPNS1
9.14980048896629e-179	0.326933660093245	0.807	0.68	2.74494014668989e-175	14	ABI3
1.61614531479495e-178	0.256137150795652	0.843	0.72	4.84843594438485e-175	14	LSM4
2.66870710967202e-178	0.390950214658629	0.847	0.818	8.00612132901605e-175	14	MTHFD2
2.67920749585646e-178	0.317820313887576	0.874	0.771	8.03762248756938e-175	14	DDX21
8.0166177548782e-178	0.421411816494492	0.682	0.688	2.40498532646346e-174	14	CFP
1.59116546498829e-177	0.428704414928524	0.604	0.477	4.77349639496487e-174	14	RASSF2
1.98333378581751e-176	0.3747831839313	0.54	0.461	5.95000135745252e-173	14	GAPT
5.50666942331961e-176	-1.16203027264485	0.985	0.98	1.65200082699588e-172	14	HSPA8
9.85192083766728e-176	0.313726864985078	0.94	0.814	2.95557625130018e-172	14	GADD45B
1.71374881977724e-175	0.648990933741655	0.677	0.652	5.14124645933171e-172	14	SCPEP1
2.05975698806168e-175	0.33000725580131	0.541	0.334	6.17927096418504e-172	14	ENPP2
2.90590368899096e-175	0.43446431931045	0.773	0.636	8.71771106697287e-172	14	BHLHE40
5.98234456566231e-175	0.30750100270565	0.907	0.828	1.79470336969869e-171	14	KDELR2
1.68020476109221e-174	0.652687322996482	0.553	0.361	5.04061428327662e-171	14	MARCKS
3.37856152184327e-173	0.436070619002275	0.605	0.616	1.01356845655298e-169	14	CD1D
3.88317376720178e-173	0.401131614865495	0.502	0.069	1.16495213016053e-169	14	CD302
4.93693125743443e-173	0.284821435486568	0.534	0.369	1.48107937723033e-169	14	TNFRSF21
6.44780600290216e-173	0.250261554928619	0.46	0.117	1.93434180087065e-169	14	FAM198B
7.95472187221276e-172	0.520450367619759	0.639	0.567	2.38641656166383e-168	14	IL18BP
2.59618244399423e-171	0.373740087722747	0.655	0.585	7.7885473319827e-168	14	EIF2AK4
2.81872033024969e-171	0.497531305007754	0.593	0.367	8.45616099074906e-168	14	EPB41L3
2.87255736010098e-171	0.258510285362727	0.53	0.438	8.61767208030293e-168	14	CCND1
1.42693838407984e-169	0.902006821404487	0.538	0.402	4.28081515223953e-166	14	UBD
1.0642011650253e-166	0.957314796559759	0.594	0.561	3.19260349507591e-163	14	C5AR1
9.4837336321587e-166	0.443535569289615	0.663	0.722	2.84512008964761e-162	14	CXorf21
1.62461508205719e-165	0.316764074152155	0.605	0.569	4.87384524617156e-162	14	PTGS1
9.28780967607931e-165	0.46184090248106	0.566	0.375	2.78634290282379e-161	14	LRRK2
1.42358544798262e-164	0.403498805821891	0.622	0.586	4.27075634394785e-161	14	CD72
2.57810018601838e-164	0.310907839387745	0.637	0.593	7.73430055805514e-161	14	LOC158960
3.4182536173445e-164	0.415161433559765	0.642	0.582	1.02547608520335e-160	14	APP
1.60199089360469e-163	0.369918193404936	0.771	0.772	4.80597268081406e-160	14	AHCY
2.02705478388488e-163	0.361055645592135	0.785	0.768	6.08116435165465e-160	14	PCBD1
5.49604662640824e-163	0.42820038499116	0.716	0.69	1.64881398792247e-159	14	SKAP2
5.80989542511067e-163	0.284984143358463	0.529	0.226	1.7429686275332e-159	14	PRAM1
6.30269446149202e-163	0.411738920907982	0.65	0.595	1.89080833844761e-159	14	HPS5
9.64161823445377e-163	0.457357927700096	0.749	0.714	2.89248547033613e-159	14	MYD88
1.90685891312187e-162	-0.497695536713263	0.446	0.695	5.72057673936562e-159	14	CDC14A
1.41774709940088e-161	0.596130489565474	0.195	0.181	4.25324129820265e-158	14	CLEC9A
2.16577635836675e-161	0.521371188845503	0.616	0.594	6.49732907510024e-158	14	CYFIP1
2.37098892592803e-161	-0.535033936888827	0.362	0.703	7.1129667777841e-158	14	CLIC3
2.01187857924187e-160	1.77223077043548	0.922	0.868	6.03563573772562e-157	14	CTSD
2.79394276730278e-160	-0.746803800974055	0.314	0.658	8.38182830190833e-157	14	KLRC2
3.31155888648847e-160	0.284241694821434	0.488	0.12	9.93467665946541e-157	14	P2RY6
2.42398237451143e-159	0.516838116291266	0.553	0.392	7.27194712353428e-156	14	WDFY4
4.65291835196202e-159	0.410584817577327	0.722	0.68	1.39587550558861e-155	14	RIN3
4.33315814091709e-158	0.274823504998317	0.571	0.451	1.29994744227513e-154	14	DRAM1
7.78256819358042e-158	0.321958547432764	0.731	0.68	2.33477045807413e-154	14	BEX4
5.21691058658015e-157	0.409577667894571	0.768	0.756	1.56507317597405e-153	14	TMEM70
6.76513425684872e-157	0.505401308878095	0.773	0.695	2.02954027705462e-153	14	AMICA1
3.88096742329095e-156	0.271614760181979	0.613	0.459	1.16429022698728e-152	14	NFKB1
6.2152770589615e-156	0.311859415840367	0.619	0.668	1.86458311768845e-152	14	SULF2
1.55271400554728e-155	0.503111710182068	0.624	0.654	4.65814201664183e-152	14	CD93
3.1555198597781e-155	-0.561319422461571	0.595	0.743	9.46655957933429e-152	14	TOX
1.11033119988178e-154	0.30752467582606	0.929	0.874	3.33099359964534e-151	14	PDIA6
1.45991849528643e-154	0.30573332972865	0.523	0.27	4.37975548585928e-151	14	FLT3
3.47649425530186e-154	0.397407386193153	0.591	0.53	1.04294827659056e-150	14	FLVCR2
3.90923879465455e-154	0.345061370966039	0.581	0.524	1.17277163839637e-150	14	CD80
4.19393710692515e-154	0.255957172294035	0.509	0.327	1.25818113207754e-150	14	SDC2
7.76669668805841e-154	-1.89305933456423	0.559	0.704	2.33000900641752e-150	14	CD8A
8.11726258701246e-154	0.282881262081626	0.728	0.613	2.43517877610374e-150	14	LINC00936
8.97048945127295e-154	0.365674198624169	0.694	0.609	2.69114683538188e-150	14	JARID2
2.23239436685056e-152	0.558951792377568	0.733	0.703	6.69718310055167e-149	14	LTA4H
4.69103428733567e-152	-1.38853203963613	0.669	0.789	1.4073102862007e-148	14	BATF
7.45630940879842e-151	0.302023976831693	0.811	0.746	2.23689282263953e-147	14	CCT5
8.30702013492453e-151	-0.623169780641747	0.429	0.667	2.49210604047736e-147	14	NELL2
2.40532771431835e-150	-0.290174233829148	0.203	0.636	7.21598314295505e-147	14	KIR2DL4
9.07543387883819e-150	0.282380062800752	0.672	0.557	2.72263016365146e-146	14	CALU
1.13371378612981e-149	-0.569905897843685	0.608	0.834	3.40114135838942e-146	14	FOXP3
9.82600602172886e-149	-0.572487470101422	0.28	0.288	2.94780180651866e-145	14	LOC102723407
1.48420215882328e-148	1.84670215127392	0.697	0.778	4.45260647646985e-145	14	CTSL
2.23144302099299e-148	0.497580316657572	0.558	0.305	6.69432906297896e-145	14	P2RY13
3.39266106462202e-146	3.22266479495135	0.583	0.635	1.01779831938661e-142	14	APOE
2.49180121169951e-145	0.802293414029382	0.592	0.574	7.47540363509853e-142	14	G0S2
5.13774668651918e-145	0.495783233405707	0.599	0.507	1.54132400595575e-141	14	DPYSL2
6.17548590713892e-145	0.426205440076773	0.609	0.567	1.85264577214168e-141	14	ACER3
1.62340596787781e-144	0.386022894104448	0.649	0.596	4.87021790363344e-141	14	BACH1
1.89714853352393e-144	0.298263471726405	0.515	0.424	5.69144560057178e-141	14	SNCA
2.80720525074016e-144	-2.20802878083462	0.424	0.705	8.42161575222047e-141	14	CXCL13
9.25776985886289e-144	0.368208149742812	0.549	0.433	2.77733095765887e-140	14	FCHO2
1.86850752744429e-143	-0.921591210264928	0.514	0.716	5.60552258233288e-140	14	C12orf75
5.25723668897895e-143	-0.53688948172874	0.429	0.659	1.57717100669369e-139	14	SYTL2
5.81378837859255e-143	-0.739533537230198	0.527	0.721	1.74413651357776e-139	14	TMEM2
1.6108491866912e-141	0.349377306935905	0.646	0.61	4.83254756007359e-138	14	TRIB1
6.2285619674801e-141	0.523019480530579	0.51	0.478	1.86856859024403e-137	14	NPL
1.3609003461849e-140	-0.273376578374825	0.276	0.647	4.0827010385547e-137	14	TMIGD2
2.07305810575301e-140	0.487455116276348	0.553	0.41	6.21917431725902e-137	14	NAIP
3.60244364822525e-140	-0.565541118882047	0.492	0.7	1.08073309446758e-136	14	CD28
5.10138209895291e-140	0.556192043200571	0.643	0.6	1.53041462968587e-136	14	ICAM1
6.16578501302211e-139	-0.364064922028751	0.527	0.692	1.84973550390663e-135	14	FBXO32
1.97553900643754e-138	-0.368486929227997	0.372	0.654	5.92661701931261e-135	14	APOBEC3H
3.62077107369421e-138	0.274003200818983	0.857	0.821	1.08623132210826e-134	14	HN1
4.28365413171444e-138	-0.896588885075054	0.599	0.807	1.28509623951433e-134	14	TNFRSF4
4.92505661013764e-138	-0.484347491766125	0.498	0.687	1.47751698304129e-134	14	TESPA1
3.61570293449045e-137	0.375475395809628	0.483	0.368	1.08471088034714e-133	14	CCR1
6.66712740895929e-137	-0.531252335598438	0.469	0.683	2.00013822268779e-133	14	TNFRSF25
1.20429949193418e-136	0.263471629124938	0.645	0.574	3.61289847580253e-133	14	SPATS2L
2.06294401489611e-136	-0.878292423008772	0.584	0.802	6.18883204468834e-133	14	TMEM173
6.37539427076595e-135	0.250172375468309	0.642	0.604	1.91261828122978e-131	14	NADK
6.51616710314789e-135	-2.85465631767177	0.724	0.771	1.95485013094437e-131	14	NKG7
3.79644104843378e-133	0.708746147241407	0.755	0.773	1.13893231453013e-129	14	GBP1
7.13959007703494e-133	-0.361393026453693	0.42	0.726	2.14187702311048e-129	14	CCR6
1.59626239724344e-132	-0.865916965191109	0.633	0.739	4.78878719173032e-129	14	CXCR3
4.54140304913119e-131	0.332802586341402	0.453	0.407	1.36242091473936e-127	14	MT1G
8.50975438051093e-131	0.352889638296361	0.655	0.736	2.55292631415328e-127	14	TBC1D8
9.12451268629324e-131	-0.535192578240813	0.587	0.704	2.73735380588797e-127	14	ABLIM1
1.05180825770223e-130	-1.41356264902711	0.755	0.812	3.15542477310668e-127	14	CLDND1
2.95617088330219e-130	0.454650889062835	0.591	0.592	8.86851264990657e-127	14	FGD4
1.36900537716128e-129	-1.09440241400244	0.543	0.712	4.10701613148382e-126	14	LAG3
4.33162654363305e-129	-1.2735637960877	0.909	0.932	1.29948796308992e-125	14	TNFAIP3
1.12743556901666e-128	0.510817452122432	0.359	0.254	3.38230670704997e-125	14	TACSTD2
1.66311296189754e-128	-2.07711547763797	0.509	0.699	4.98933888569263e-125	14	GZMK
2.87666317527294e-128	0.398571735666076	0.575	0.472	8.62998952581883e-125	14	ZMIZ1
1.58744550741209e-127	0.346414388108641	0.652	0.598	4.76233652223627e-124	14	PECAM1
2.76680245928323e-127	0.438980126824572	0.539	0.345	8.30040737784968e-124	14	MCTP1
4.16534704849925e-127	-1.48238807821197	0.448	0.653	1.24960411454977e-123	14	LOC101929531
1.32041994573258e-126	0.314724032777295	0.551	0.429	3.96125983719774e-123	14	ARHGAP31
1.75337417120254e-126	0.389513282501822	0.69	0.653	5.26012251360761e-123	14	CD59
1.41745312904029e-125	-0.514939064661523	0.167	0.595	4.25235938712086e-122	14	KLRC3
2.0037562154876e-125	0.261135309354236	0.785	0.734	6.0112686464628e-122	14	PDIA4
1.56156415186635e-124	0.366466824286913	0.593	0.58	4.68469245559905e-121	14	ADAM28
2.6642294710647e-124	-0.535423289897429	0.526	0.744	7.9926884131941e-121	14	THEM4
7.87662087285918e-124	0.420161865776803	0.421	0.171	2.36298626185775e-120	14	CXCL11
9.71699518479469e-124	0.315865355137198	0.705	0.639	2.91509855543841e-120	14	CNIH4
1.14019443985269e-122	0.339489739025899	0.408	0.173	3.42058331955806e-119	14	MMP14
1.4561170041182e-122	1.48247894323977	0.55	0.583	4.3683510123546e-119	14	GPNMB
7.28406779460433e-122	-0.484831719031878	0.997	0.999	2.1852203383813e-118	14	MALAT1
4.27504214256815e-121	-0.472809343583951	0.474	0.763	1.28251264277044e-117	14	CD79A
1.14705625160742e-120	0.337822346161845	0.62	0.583	3.44116875482227e-117	14	ATP6V1A
1.50294541542007e-120	0.354269408544144	0.577	0.496	4.5088362462602e-117	14	YBX3
4.58446108354342e-118	-0.728043541811485	0.766	0.868	1.37533832506303e-114	14	ARID5B
6.98127499216825e-118	0.305040468449851	0.58	0.614	2.09438249765048e-114	14	LILRA5
8.28277995581814e-118	0.308855038352475	0.502	0.232	2.48483398674544e-114	14	ADAMTSL4
6.85307577608911e-117	0.357570323685024	0.39	0.262	2.05592273282673e-113	14	C2
1.0450388067157e-116	0.34548288791981	0.646	0.646	3.1351164201471e-113	14	SDC4
3.60119266144845e-115	0.307088068492956	0.589	0.528	1.08035779843454e-111	14	KCNK6
8.23143683668708e-115	0.69661712633176	0.735	0.689	2.46943105100612e-111	14	PLD3
1.57042362269734e-114	0.321127856243381	0.577	0.536	4.71127086809201e-111	14	VASH1
7.18952173332514e-114	0.945203563236897	0.53	0.536	2.15685651999754e-110	14	PLTP
1.76494594134536e-113	0.584061925498781	0.557	0.45	5.29483782403608e-110	14	VMO1
9.85131130088785e-113	-0.256201429952727	0.38	0.665	2.95539339026635e-109	14	LTA
1.0731287666691e-112	-0.83476025596666	0.68	0.883	3.21938630000729e-109	14	SELL
1.16686000727273e-112	1.91566067498239	0.53	0.423	3.50058002181819e-109	14	CXCL9
6.14882863815498e-112	0.758623882825034	0.483	0.366	1.84464859144649e-108	14	TREM2
3.46290955026198e-111	-0.953687646906066	0.537	0.694	1.0388728650786e-107	14	FLT3LG
4.05397261902658e-109	0.34170407505956	0.681	0.627	1.21619178570797e-105	14	RAB11FIP1
2.39731721359664e-108	0.698267543082176	0.538	0.533	7.19195164078992e-105	14	SDS
8.3494933357764e-108	0.317258503577562	0.577	0.62	2.50484800073292e-104	14	ALDH3B1
1.90537552314858e-106	0.410130993512587	0.606	0.587	5.71612656944574e-103	14	OGFRL1
1.04409108566258e-105	-0.782520022448452	0.395	0.633	3.13227325698775e-102	14	KLRG1
1.3504360209692e-105	-0.322215156467226	0.211	0.583	4.05130806290761e-102	14	LOC102725101
2.15046668510731e-105	0.28651587353517	0.52	0.534	6.45140005532192e-102	14	SIGLEC9
1.1937167408875e-104	0.368055571546465	0.473	0.198	3.5811502226625e-101	14	AXL
2.11506131797202e-104	0.298511268220502	0.54	0.521	6.34518395391605e-101	14	SPHK1
5.42475340936154e-104	0.25447811667911	0.695	0.735	1.62742602280846e-100	14	CCDC50
1.50124169353967e-103	-0.288106664778677	0.589	0.779	4.503725080619e-100	14	STAM
1.91545413379725e-103	0.292308251143304	0.602	0.556	5.74636240139176e-100	14	UBE2R2
1.08630899921607e-102	0.253823587983032	0.567	0.536	3.25892699764821e-99	14	PADI2
2.04143543909402e-102	0.652388744682086	0.553	0.521	6.12430631728207e-99	14	PKIB
2.1554343263299e-102	0.307147175812378	0.649	0.669	6.4663029789897e-99	14	ISOC2
1.37637623844012e-101	0.438928913510801	0.515	0.498	4.12912871532035e-98	14	HLA-DOB
1.39257559441413e-101	-0.595702384736269	0.532	0.784	4.17772678324239e-98	14	IL6ST
9.56327430128393e-101	-0.271363613940999	0.539	0.702	2.86898229038518e-97	14	UNG
1.38828847602744e-99	0.287265053032272	0.61	0.738	4.16486542808232e-96	14	C19orf38
3.67839239508981e-99	-0.286557193602295	0.263	0.609	1.10351771852694e-95	14	LOC100996286
5.52122304780859e-99	0.303902148803521	0.692	0.63	1.65636691434258e-95	14	CYB5A
1.57098328653706e-98	0.33559827964988	0.607	0.594	4.71294985961119e-95	14	IDH1
4.12252743524726e-98	-0.36534241214772	0.596	0.758	1.23675823057418e-94	14	HOXB2
1.05511829089137e-97	-1.04763211975522	0.402	0.644	3.1653548726741e-94	14	HOPX
6.90386147128335e-97	-1.17062074792097	0.918	0.929	2.07115844138501e-93	14	DDIT4
9.12182748592268e-97	-0.54496059957204	0.528	0.689	2.7365482457768e-93	14	TARSL2
3.59994426481497e-96	0.367241989144834	0.592	0.575	1.07998327944449e-92	14	UNC93B1
9.51043788524371e-96	0.597201030266894	0.507	0.395	2.85313136557311e-92	14	A2M
1.91743881512288e-94	0.251548029038205	0.754	0.765	5.75231644536863e-91	14	HDLBP
3.01928467353111e-94	0.387105774824816	0.589	0.58	9.05785402059334e-91	14	SLC43A3
6.26538692232422e-94	-0.38407181464967	0.42	0.656	1.87961607669727e-90	14	DUSP16
1.93012130023986e-93	0.340687389577782	0.53	0.477	5.79036390071958e-90	14	FILIP1L
1.36702053578193e-90	-0.482496419141179	0.439	0.649	4.10106160734579e-87	14	NCR3
3.80924750235584e-90	-0.60076985239742	0.638	0.759	1.14277425070675e-86	14	AQP3
5.67456987800098e-90	0.383356076861884	0.618	0.587	1.70237096340029e-86	14	SLC25A37
6.00826590489464e-90	-0.657850273983096	0.661	0.792	1.80247977146839e-86	14	BTG3
1.70321643421009e-89	-0.268591921851163	0.282	0.614	5.10964930263026e-86	14	CHN1
5.12051834920707e-89	-0.316388395687802	0.486	0.677	1.53615550476212e-85	14	CD79B
1.384423059663e-88	0.467730074354367	0.518	0.536	4.153269178989e-85	14	ADM
2.25389032332827e-88	0.46288253975997	0.513	0.372	6.76167096998481e-85	14	SERPINF2
6.80256136879297e-87	0.259302905223161	0.546	0.481	2.04076841063789e-83	14	PIK3AP1
7.92468080576891e-87	0.294899223057358	0.591	0.568	2.37740424173067e-83	14	IER5
8.09829371591706e-86	0.274160238850989	0.366	0.258	2.42948811477512e-82	14	CMKLR1
8.12264079018494e-86	0.271706952461383	0.583	0.556	2.43679223705548e-82	14	PLEKHO1
5.3469199029608e-85	0.489963274401877	0.515	0.437	1.60407597088824e-81	14	NDRG2
6.36292286277401e-85	0.427724645659439	0.37	0.152	1.9088768588322e-81	14	SDC3
6.78651522782357e-85	-0.32660730365982	0.462	0.722	2.03595456834707e-81	14	NMB
9.21529562827067e-85	-1.60380854625505	0.497	0.634	2.7645886884812e-81	14	IFNG
2.74663976129693e-84	0.367306823372093	0.619	0.638	8.2399192838908e-81	14	ACP2
2.259243623897e-82	0.260465785913026	0.53	0.464	6.77773087169099e-79	14	SPECC1
4.98932827606898e-82	0.301880575272393	0.609	0.553	1.49679848282069e-78	14	VAT1
5.26319715223699e-82	0.426799775656675	0.533	0.49	1.5789591456711e-78	14	FNIP2
2.09661413077848e-81	-0.297182740025599	0.217	0.588	6.28984239233543e-78	14	CPNE7
1.29669862668972e-79	0.356243981378719	0.556	0.604	3.89009588006915e-76	14	PKP2
1.80413876238369e-79	0.58206515829841	0.418	0.36	5.41241628715107e-76	14	CD1A
2.23213218853772e-79	0.268051492962665	0.457	0.217	6.69639656561315e-76	14	FMNL2
3.01134395338059e-79	0.335794531497042	0.548	0.534	9.03403186014179e-76	14	PLXNC1
3.95114566498213e-79	0.281035920412828	0.528	0.479	1.18534369949464e-75	14	F11R
4.96597525099684e-79	0.393505026656659	0.568	0.583	1.48979257529905e-75	14	TTYH3
1.81745193830309e-78	0.684429884610432	0.749	0.694	5.45235581490927e-75	14	PLAC8
1.4688987944018e-77	0.546901645430333	0.505	0.545	4.40669638320539e-74	14	DNASE1L3
2.676158908292e-77	-1.79876650230899	0.424	0.621	8.02847672487599e-74	14	GZMH
1.02898958579234e-76	-0.303071051571832	0.498	0.686	3.08696875737701e-73	14	IL21R
2.2579321035865e-76	0.54902585894255	0.664	0.691	6.7737963107595e-73	14	LIPA
1.16186941825084e-75	0.451261966296735	0.587	0.589	3.48560825475251e-72	14	FUCA1
3.85097432410089e-75	0.37190329377825	0.474	0.444	1.15529229723027e-71	14	TLR4
4.54077655015371e-75	-0.39152735903495	0.459	0.674	1.36223296504611e-71	14	MYC
2.53449371328781e-74	-0.726665149311007	0.997	0.984	7.60348113986343e-71	14	JUNB
2.56477706942415e-74	0.347464346569121	0.515	0.475	7.69433120827245e-71	14	SLC31A1
4.61794171210126e-74	-0.45529472627467	0.333	0.625	1.38538251363038e-70	14	KLRC4
1.88975663494287e-73	0.300539919256748	0.618	0.646	5.6692699048286e-70	14	PON2
2.59541323625016e-73	0.280864769876874	0.638	0.644	7.78623970875047e-70	14	SCO2
2.9106334964739e-73	-0.769255198090378	0.698	0.781	8.7319004894217e-70	14	ITGAE
5.97834009228361e-73	-0.293541889127784	0.57	0.752	1.79350202768508e-69	14	APOBEC3C
2.41919777011019e-72	0.463309227274915	0.545	0.56	7.25759331033057e-69	14	TNFAIP2
9.36796204284987e-71	-0.618036482284994	0.881	0.907	2.81038861285496e-67	14	HIST1H4C
1.88300422308995e-69	-0.91560659279371	0.664	0.758	5.64901266926984e-66	14	APOBEC3G
2.4812013242224e-69	0.29430763192614	0.576	0.648	7.4436039726672e-66	14	TNS3
4.21384253913022e-69	0.451472709099937	0.588	0.702	1.26415276173907e-65	14	H1F0
6.03058616825675e-69	-0.494478533338203	0.392	0.608	1.80917585047703e-65	14	TCF7
6.69063450542816e-69	0.411765195289631	0.67	0.724	2.00719035162845e-65	14	CH25H
6.80480891863648e-69	0.36519148148431	0.506	0.582	2.04144267559094e-65	14	RGL1
6.37452015139698e-68	0.449925135808711	0.573	0.642	1.91235604541909e-64	14	QPCT
1.09757325110514e-67	-0.886855897107908	0.55	0.652	3.29271975331541e-64	14	ICOS
1.30999854789461e-67	0.436020409190093	0.581	0.615	3.92999564368382e-64	14	RGS18
1.36268780896132e-67	-0.919885615521224	0.417	0.616	4.08806342688395e-64	14	LINC00861
5.48127493534817e-67	0.284714818124546	0.52	0.51	1.64438248060445e-63	14	NCEH1
5.68807463789966e-67	-0.73958223773356	0.738	0.818	1.7064223913699e-63	14	TNFRSF18
1.14455603389049e-66	0.343087074178857	0.77	0.742	3.43366810167146e-63	14	SERPINB9
1.98263949310267e-66	0.271600522135878	0.552	0.592	5.94791847930802e-63	14	CAMK1
2.91596712666124e-66	0.300115450468746	0.867	0.838	8.74790137998371e-63	14	HSPA1A
6.0222416046994e-66	0.401884249840594	0.425	0.372	1.80667248140982e-62	14	MMP9
1.14917367277381e-65	0.343597957381475	0.52	0.552	3.44752101832142e-62	14	CREB5
2.45391640236203e-65	-0.296129183259387	0.373	0.625	7.3617492070861e-62	14	BEX2
3.2469302749791e-65	-1.10348499168129	0.759	0.778	9.7407908249373e-62	14	TAGAP
8.29826058939665e-65	0.570369540954853	0.355	0.197	2.48947817681899e-61	14	FCER1A
1.08378683046701e-64	0.354074035449132	0.63	0.652	3.25136049140103e-61	14	FNDC3B
1.4112790967186e-64	-0.312567626542401	0.466	0.666	4.23383729015581e-61	14	P2RY8
2.31545992160502e-64	-0.46908088269682	0.419	0.637	6.94637976481506e-61	14	MAF
2.96636780266156e-64	-0.532045365550275	0.568	0.443	8.89910340798468e-61	14	CCL4L2
3.8117614882251e-64	0.776437201110196	0.469	0.425	1.14352844646753e-60	14	MARCO
4.24433979178344e-63	0.433448208106983	0.624	0.638	1.27330193753503e-59	14	TFRC
5.11429674932627e-63	0.415627523816884	0.621	0.706	1.53428902479788e-59	14	SOX4
2.88245246293696e-62	-0.413912238815351	0.132	0.567	8.64735738881089e-59	14	PPP1R2P9
2.94950624059547e-62	0.449304885918651	0.522	0.496	8.84851872178641e-59	14	MPEG1
3.1183657370867e-62	-0.674906965899245	0.47	0.634	9.3550972112601e-59	14	FAM46C
2.09364434568113e-61	-0.54191270287281	0.555	0.721	6.28093303704338e-58	14	FAM65B
1.39881755290121e-60	0.300917769167272	0.498	0.441	4.19645265870364e-57	14	PLXNB2
6.6589315927957e-60	-0.305387705929449	0.507	0.643	1.99767947783871e-56	14	TNIP3
7.04934873855213e-60	-0.293524132063011	0.528	0.66	2.11480462156564e-56	14	RGS16
2.41846914539756e-59	-0.554304771858246	0.627	0.72	7.25540743619269e-56	14	PTTG1
5.30803947917909e-59	-0.729429623051382	0.79	0.867	1.59241184375373e-55	14	EZR
5.93528296133487e-59	-0.478373112210736	0.239	0.562	1.78058488840046e-55	14	MS4A1
1.07325318267192e-57	0.253714280543631	0.51	0.533	3.21975954801577e-54	14	MYO1E
2.14053684641008e-57	-0.307863984397278	0.464	0.671	6.42161053923024e-54	14	SESN3
7.40761405119169e-57	0.864967570946436	0.42	0.766	2.22228421535751e-53	14	IFI27
3.15066524245051e-56	-0.571745974408055	0.609	0.732	9.45199572735153e-53	14	ICAM2
4.50373543949291e-56	0.29687196610871	0.457	0.43	1.35112063184787e-52	14	DOCK4
3.84757555870504e-55	-0.314518852382531	0.123	0.516	1.15427266761151e-51	14	FGFBP2
2.67419680235424e-54	0.38087919725546	0.536	0.642	8.02259040706272e-51	14	RAMP1
9.49000528561202e-54	0.281468944968521	0.534	0.524	2.84700158568361e-50	14	METRNL
2.98314974184389e-53	0.480188350110381	0.372	0.242	8.94944922553166e-50	14	CCL19
7.81830247992833e-52	0.339568900093767	0.506	0.493	2.3454907439785e-48	14	BRI3
2.55054554660211e-51	-0.441568569006973	0.543	0.648	7.65163663980633e-48	14	P2RY10
7.74850892796306e-51	-0.275665965837844	0.999	0.986	2.32455267838892e-47	14	PPIA
2.07245510710134e-50	0.378047874505807	0.518	0.528	6.21736532130403e-47	14	RHOQ
9.39769684392621e-50	-0.952397023537458	0.974	0.957	2.81930905317786e-46	14	KLF6
1.30775784696243e-49	0.360588672852076	0.544	0.66	3.92327354088729e-46	14	CSF2RB
9.84843102354046e-48	-0.562522613059481	0.585	0.687	2.95452930706214e-44	14	CCND2
2.2987498211741e-47	-0.313036949905751	0.543	0.684	6.89624946352228e-44	14	DNAJC9
2.8793697261306e-47	-0.474934311530883	0.68	0.789	8.63810917839179e-44	14	GCHFR
4.78122119187826e-47	0.267597077714294	0.491	0.523	1.43436635756348e-43	14	CALCRL
2.00290101111187e-46	0.298863289213625	0.4	0.416	6.0087030333356e-43	14	EMP1
5.63294252697032e-46	-0.909742636177199	0.986	0.959	1.6898827580911e-42	14	CXCR4
1.33632726688625e-45	0.387611294685153	0.417	0.477	4.00898180065875e-42	14	DMXL2
1.34480409676141e-44	0.549066347554223	0.354	0.75	4.03441229028424e-41	14	CCL22
7.21429184444352e-44	-0.30610763293285	0.319	0.574	2.16428755333305e-40	14	FXYD7
7.90624494616809e-44	-0.277141542794719	0.524	0.663	2.37187348385043e-40	14	MT1F
1.24099099788796e-43	0.296557803472603	0.441	0.459	3.72297299366387e-40	14	NRP2
8.90271638179184e-43	-1.12305121141527	0.623	0.675	2.67081491453755e-39	14	TNF
2.79900144237791e-42	0.408135096380213	0.493	0.468	8.39700432713373e-39	14	SLC15A3
1.56451114007646e-41	-0.395107582287513	0.452	0.627	4.69353342022939e-38	14	TNFSF8
9.01573953846475e-41	-0.256882649956561	0.51	0.699	2.70472186153943e-37	14	USP11
2.77399772579968e-40	-2.17277698594723	0.53	0.615	8.32199317739906e-37	14	GNLY
5.16199489647724e-40	1.81429888824853	0.469	0.489	1.54859846894317e-36	14	CXCL10
6.25415022819472e-40	-0.478045762820287	0.611	0.726	1.87624506845842e-36	14	PTGER2
1.29342610251901e-39	0.25159674881482	0.551	0.657	3.88027830755702e-36	14	CLEC11A
2.22239927252127e-39	0.254027518933847	0.471	0.506	6.66719781756382e-36	14	FOLR2
3.21147341299846e-39	-1.28899190989511	0.408	0.594	9.63442023899539e-36	14	LOC101060038
3.37486600687826e-39	-0.669778832658719	0.589	0.686	1.01245980206348e-35	14	PIM1
5.48443717545859e-39	0.306638247813661	0.567	0.681	1.64533115263758e-35	14	METTL7A
8.74143885427376e-39	0.366868721341304	0.518	0.576	2.62243165628213e-35	14	LGALS3BP
2.11224702649643e-38	-0.54280602770471	0.564	0.67	6.33674107948928e-35	14	METTL12
5.39040411832498e-38	-0.730661042407422	0.298	0.558	1.61712123549749e-34	14	CD40LG
1.48295431112972e-37	-1.2021988712989	0.329	0.564	4.44886293338916e-34	14	XCL1
2.95272968842285e-37	-0.86795336797407	0.232	0.571	8.85818906526856e-34	14	KLRC1
3.05859559677192e-37	-0.704567428630839	0.49	0.592	9.17578679031576e-34	14	PRKCQ-AS1
5.42235794950063e-37	-2.29495443567645	0.647	0.668	1.62670738485019e-33	14	CCL4
1.10316214370325e-36	0.257389587827901	0.551	0.623	3.30948643110975e-33	14	SRD5A3
1.91618215233248e-36	-0.560750348545186	0.999	1	5.74854645699745e-33	14	RNR2
2.0236148535715e-36	-0.508255098336744	0.533	0.637	6.07084456071451e-33	14	ERN1
3.88600141960972e-36	0.358245140920057	0.648	0.749	1.16580042588292e-32	14	GBP4
1.03668301500361e-35	-0.588153034947695	0.636	0.718	3.11004904501082e-32	14	RAB27A
1.78834510727765e-35	-0.301109587053021	0.61	0.772	5.36503532183296e-32	14	TMPO
3.90606531778696e-35	-0.377144931367881	0.666	0.576	1.17181959533609e-31	14	RGCC
4.0981922472867e-35	-0.292583830460239	0.234	0.545	1.22945767418601e-31	14	FASLG
1.15708470997492e-33	-0.683831894527042	0.219	0.527	3.47125412992476e-30	14	KLRK1
1.24104869733271e-32	0.324072674073287	0.463	0.573	3.72314609199813e-29	14	ITGAM
1.65444683108114e-32	-1.41862126677842	0.325	0.586	4.96334049324343e-29	14	LOC102725018
2.88683178350783e-32	-0.600827829667585	0.764	0.78	8.6604953505235e-29	14	DUSP4
7.3167871253241e-32	0.529702766214486	0.407	0.35	2.19503613759723e-28	14	HAMP
1.3081576795264e-31	-0.549561611203714	0.497	0.635	3.92447303857919e-28	14	FAM107B
1.40930726016627e-31	-0.689445528493923	0.712	0.761	4.2279217804988e-28	14	TSPYL2
1.42331026122478e-31	-0.644776117386215	0.591	0.671	4.26993078367433e-28	14	PTPN22
2.32933422243563e-31	-0.490136729111579	0.628	0.731	6.98800266730689e-28	14	HNRNPLL
3.54488141243719e-29	-0.373694316975456	0.547	0.666	1.06346442373116e-25	14	S1PR4
7.54339965020576e-29	0.252451945491978	0.483	0.576	2.26301989506173e-25	14	SPIB
7.84377990450753e-29	-0.390705793760318	0.882	0.787	2.35313397135226e-25	14	TUBB4B
3.28260946386954e-28	-1.06397081623008	0.436	0.564	9.84782839160862e-25	14	KLRD1
1.02118399678843e-26	-0.369847575050693	0.448	0.593	3.06355199036528e-23	14	LOC101929065
3.0950399642231e-25	-0.903224636018779	0.859	0.847	9.28511989266931e-22	14	CST7
3.93842909577018e-25	-0.319434214380039	0.455	0.605	1.18152872873105e-21	14	LOC100130476
6.34008222834572e-25	0.367088687681254	0.535	0.609	1.90202466850372e-21	14	DAPP1
8.92515479171686e-25	0.36049990191969	0.478	0.548	2.67754643751506e-21	14	SLC40A1
1.11912631602444e-24	0.313771261356783	0.492	0.62	3.35737894807333e-21	14	LOC102724297
5.45953642141525e-24	-0.527568719397591	0.984	0.928	1.63786092642457e-20	14	SSR4
6.43199992683044e-24	-0.307163033597127	0.548	0.67	1.92959997804913e-20	14	MRPS31
1.75557330147649e-23	-0.283496646747681	0.401	0.556	5.26671990442947e-20	14	CRTAM
4.91563726729056e-22	-0.466100575773907	0.724	0.849	1.47469118018717e-18	14	IGLL5
2.7015587546275e-21	-0.324725986554981	0.708	0.61	8.10467626388249e-18	14	RNA45S5
5.66643530679454e-21	0.433876760374542	0.439	0.587	1.69993059203836e-17	14	CYP27A1
1.44477736352166e-20	-0.466674748206429	0.819	0.88	4.33433209056498e-17	14	PMAIP1
1.88729123726142e-20	-0.415512355975302	0.519	0.612	5.66187371178427e-17	14	SLAMF1
2.20819662361742e-20	0.359742181890181	0.487	0.599	6.62458987085227e-17	14	P2RY14
4.55217201597008e-20	-0.970777350750014	0.126	0.499	1.36565160479102e-16	14	XCL2
7.24727622763799e-20	-0.458868612321819	0.533	0.616	2.1741828682914e-16	14	PELO
1.24014098309057e-19	-0.626310838068112	0.961	0.934	3.7204229492717e-16	14	CRIP1
1.36091680233874e-19	-0.257308009676553	0.472	0.604	4.08275040701622e-16	14	LOC102724850
3.33265099745468e-19	-0.276847988438339	0.774	0.686	9.99795299236405e-16	14	PTGER4
1.01128523796567e-18	-0.591827284776631	0.742	0.78	3.033855713897e-15	14	TOB1
1.34892939120972e-18	-1.98714124108523	0.634	0.835	4.04678817362917e-15	14	IGJ
1.47159818383135e-18	-0.432828080891288	0.507	0.597	4.41479455149406e-15	14	CDC25B
2.70732400642356e-18	-0.309207005508655	0.702	0.636	8.12197201927068e-15	14	EGR1
2.93323531605936e-18	-0.809340407301294	0.771	0.791	8.79970594817808e-15	14	LINC00152
2.98064354594468e-18	-0.397857767754788	0.668	0.806	8.94193063783405e-15	14	UGP2
4.45613972692718e-18	-0.25481572911321	0.38	0.423	1.33684191807815e-14	14	BCL3
5.49248668390068e-18	-0.479021724979347	0.694	0.806	1.6477460051702e-14	14	SLA
1.11428969369864e-17	-0.261592433736138	0.651	0.738	3.34286908109591e-14	14	NUCB2
9.55294447551896e-17	-0.342037259571684	0.489	0.612	2.86588334265569e-13	14	PLA2G16
2.82809601496396e-16	-0.316055261354071	0.563	0.655	8.48428804489187e-13	14	LOC101927902
3.70724601338754e-16	-0.335423382279566	0.556	0.64	1.11217380401626e-12	14	BCL2
1.55809796413906e-15	-0.411959100459988	0.953	0.873	4.67429389241719e-12	14	DNAJA1
2.09805451869097e-15	-0.37441320569373	0.986	0.962	6.29416355607292e-12	14	HSP90AB1
2.36445360482287e-15	-0.261885938902208	0.549	0.628	7.09336081446862e-12	14	TMEM106C
5.51368474567418e-15	-0.263212405994995	0.828	0.774	1.65410542370225e-11	14	TNFRSF1B
6.98797881614823e-15	-0.658013983388203	0.368	0.439	2.09639364484447e-11	14	SOCS1
9.49835547972835e-15	-0.258436281476775	0.464	0.599	2.84950664391851e-11	14	NEDD9
1.00529979921729e-14	-0.369777806342408	0.684	0.746	3.01589939765187e-11	14	MAGEH1
2.28166783324303e-14	-0.470322222609898	0.913	0.844	6.84500349972908e-11	14	SERTAD1
2.75604584970393e-14	-0.28201005156503	0.356	0.551	8.2681375491118e-11	14	FXYD1
8.37567995954761e-14	-0.817896454369439	0.998	1	2.51270398786428e-10	14	RNR1
1.62634803004711e-13	-0.594410852090114	0.655	0.689	4.87904409014133e-10	14	RUNX3
2.52217454632782e-13	-0.463011352996703	0.55	0.625	7.56652363898346e-10	14	TBCC
3.0245249970721e-13	-0.79206203795748	0.983	0.972	9.0735749912163e-10	14	NFKBIA
4.84298120947663e-13	-0.397652181916863	0.859	0.843	1.45289436284299e-09	14	CORO1B
4.94293330295728e-13	-0.421099186705084	0.457	0.48	1.48287999088719e-09	14	BRE-AS1
6.72836253284667e-13	0.564807073611252	0.31	0.575	2.018508759854e-09	14	NUPR1
2.50220095100541e-12	0.466094313378056	0.436	0.599	7.50660285301624e-09	14	NR1H3
3.3128285908374e-12	-0.352856629780667	0.972	0.94	9.9384857725122e-09	14	RAN
7.63345129211865e-12	-0.397372380693835	0.445	0.461	2.2900353876356e-08	14	ODC1
7.91837863957291e-12	-0.40823684133735	0.785	0.848	2.37551359187187e-08	14	ALOX5AP
8.39389639345793e-12	-0.292154246844232	0.879	0.834	2.51816891803738e-08	14	CACYBP
1.26702112250497e-11	1.57219253048223	0.348	0.258	3.80106336751491e-08	14	CCL17
2.09402639113466e-11	-0.630524811447553	0.389	0.4	6.28207917340399e-08	14	CCL4L1
7.33034612914595e-11	-0.607501183078585	0.718	0.725	2.19910383874378e-07	14	PIK3R1
1.6903846238383e-10	-0.350969241803714	0.675	0.75	5.07115387151489e-07	14	PDE4B
2.67738780787709e-10	0.284301290665186	0.401	0.476	8.03216342363128e-07	14	MGLL
5.00038549540452e-10	-0.290863038444938	0.976	0.939	1.50011564862136e-06	14	IFITM2
9.88049783532556e-10	0.335656698556784	0.495	0.678	2.96414935059767e-06	14	IFIT3
1.08254039085593e-09	-0.540067618747123	0.553	0.636	3.24762117256779e-06	14	MAPRE2
1.36887619260374e-09	-0.270030222340619	0.593	0.661	4.10662857781123e-06	14	CFAP97
3.58993079128124e-09	0.775975781591186	0.555	0.73	1.07697923738437e-05	14	LAMP3
4.40794817012787e-09	0.533661894694096	0.733	0.778	1.32238445103836e-05	14	CPNE3
5.93310885900148e-09	-0.779591400376439	0.652	0.653	1.77993265770044e-05	14	PHLDA1
5.99909101084155e-09	-0.407133079947772	0.597	0.673	1.79972730325246e-05	14	SRRT
8.29507762796138e-09	-0.390816673640947	0.864	0.763	2.48852328838841e-05	14	CSRNP1
9.72978505324670e-09	-0.801761163214591	0.738	0.667	2.91893551597401e-05	14	DUSP2
1.49024738359588e-08	-0.337841345103331	0.944	0.957	4.47074215078763e-05	14	S100A4
1.80495298187221e-08	-0.597984490055855	0.658	0.698	5.41485894561664e-05	14	LYAR
2.468402274493e-08	-0.322536604439944	0.997	0.968	7.405206823479e-05	14	MIF
3.78228549134684e-08	0.485303882529555	0.245	0.468	0.000113468564740405	14	SEPP1
1.07831145456457e-07	-0.336908709874407	0.85	0.805	0.000323493436369372	14	YPEL5
3.19230305854209e-07	-0.584924043908411	0.579	0.648	0.000957690917562626	14	KLF2
3.48135409665691e-07	-0.603476642689564	0.697	0.725	0.00104440622899707	14	NR3C1
7.02336691341254e-07	-0.302006330239473	0.045	0.416	0.00210701007402376	14	TBX21
1.54512077126345e-06	-0.317401508988651	0.724	0.756	0.00463536231379034	14	GBP5
2.16493002435408e-06	-0.383524214745984	0.699	0.768	0.00649479007306223	14	RAD21
2.37602119879437e-06	-0.398072338906719	0.691	0.744	0.00712806359638312	14	G3BP2
4.47378015934361e-06	-0.577231603435063	0.865	0.865	0.0134213404780308	14	YWHAQ
7.33166152679079e-06	0.523628708763444	0.584	0.857	0.0219949845803724	14	EBI3
8.60247589013157e-06	-0.398536047876975	0.451	0.564	0.0258074276703947	14	RAPGEF6
8.97633185369194e-06	-0.639637272685686	0.987	0.955	0.0269289955610758	14	HMGB1
