p_val	avg_log2FC	pct.1	pct.2	p_val_adj	cluster	gene
0	4.73735735827734	0.952	0.699	0	10	CXCL13
0	2.23296292559476	0.854	0.73	0	10	NMB
0	1.84869084572729	0.961	0.809	0	10	TNFRSF4
0	1.71032824860396	0.942	0.824	0	10	TNFRSF18
0	1.67271343542689	0.938	0.861	0	10	CTLA4
0	1.43252476896497	0.981	0.865	0	10	YWHAQ
0	1.2729561405977	0.958	0.886	0	10	DNPH1
0	1.26697086257416	0.929	0.824	0	10	MTHFD2
0	1.22259883304248	0.974	0.868	0	10	PKM
0	1.17183529002526	1	0.991	0	10	SRGN
0	1.17021668724851	0.858	0.689	0	10	IL21
0	1.15315730587839	0.933	0.796	0	10	RBPJ
0	1.14532429915916	0.969	0.882	0	10	ENTPD1
0	1.06009712950206	0.913	0.782	0	10	DUSP4
0	1.03759214129201	0.978	0.901	0	10	PGAM1
0	1.02837623412258	0.941	0.801	0	10	ITM2A
0	1.02737891471851	0.976	0.886	0	10	FKBP1A
0	1.01813321037886	0.944	0.807	0	10	TMEM173
0	1.01650881406565	0.832	0.612	0	10	CHN1
0	1.01348547939889	0.892	0.788	0	10	IL6ST
0	0.984641211243724	0.84	0.721	0	10	SMCO4
0	0.963659098293728	0.873	0.804	0	10	PDCD1
0	0.940340047920396	0.982	0.936	0	10	TPI1
0	0.899507162183972	0.868	0.757	0	10	CD4
0	0.89905556912739	0.94	0.817	0	10	RNF19A
0	0.896072344903907	0.985	0.929	0	10	RGS1
0	0.883894241324509	0.913	0.785	0	10	BATF
0	0.874519036556829	0.873	0.803	0	10	SNX9
0	0.868605330913939	0.893	0.726	0	10	NR3C1
0	0.845962929945359	0.913	0.846	0	10	SIRPG
0	0.831465869492763	0.966	0.91	0	10	UCP2
0	0.82897394821673	0.82	0.501	0	10	LINC00892
0	0.801857950567755	0.739	0.547	0	10	BTLA
0	0.80104038493144	0.833	0.716	0	10	MAP1LC3A
0	0.799814267907688	0.731	0.72	0	10	CD200
0	0.789245662423749	0.912	0.853	0	10	LIMS1
0	0.787280900383783	0.789	0.756	0	10	PTPN13
0	0.766168433537624	0.956	0.874	0	10	VDAC1
0	0.752937742795406	0.856	0.739	0	10	TOX
0	0.742948134183884	1	0.995	0	10	TMSB10
0	0.731382901623647	0.822	0.74	0	10	FBLN7
0	0.721211992116036	0.919	0.754	0	10	LAIR2
0	0.718112592420718	0.715	0.717	0	10	IGFL2
0	0.717137029198297	0.829	0.647	0	10	ARL3
0	0.713917934746164	0.76	0.531	0	10	MIR155HG
0	0.710557355234065	0.857	0.651	0	10	ICOS
0	0.696308522836842	0.882	0.656	0	10	NUDT16
0	0.694583087050756	0.888	0.702	0	10	CD28
0	0.684072181864775	0.797	0.728	0	10	ZBED2
0	0.674570416002651	0.766	0.663	0	10	TIAM1
0	0.661362859825675	0.837	0.744	0	10	GK
0	0.661304911880664	0.798	0.714	0	10	NPDC1
0	0.646705124601374	0.863	0.67	0	10	NELL2
0	0.645615592414473	0.942	0.847	0	10	GPX1
0	0.630690814385866	0.93	0.891	0	10	EPSTI1
0	0.593002174678587	0.878	0.727	0	10	CH25H
0	0.544224447801378	0.821	0.576	0	10	PAG1
0	0.542634073464957	0.873	0.684	0	10	TARSL2
0	0.532723916094215	0.853	0.67	0	10	CDK6
0	0.514278027077631	0.85	0.741	0	10	MYL6B
0	0.51129901382515	0.833	0.689	0	10	FUT8
0	0.498431399049492	0.885	0.857	0	10	EBI3
0	0.490805982871082	0.817	0.661	0	10	CD59
0	0.489422413578662	0.833	0.513	0	10	TRABD2A
0	0.477271350156917	0.876	0.832	0	10	TUBA3D
0	0.450213964154831	0.931	0.804	0	10	CTSH
0	0.433125168961981	1	0.998	0	10	ACTB
0	0.430415955842579	0.743	0.628	0	10	LHFP
0	0.40376610739516	0.997	0.995	0	10	GAPDH
0	0.397587839387622	0.839	0.669	0	10	INPP1
0	0.363741319898475	0.759	0.573	0	10	LOC100505501
0	0.362767900794191	0.946	0.927	0	10	TNFSF13B
0	0.358849132986741	0.892	0.855	0	10	LGALS9
0	0.330177795891093	0.859	0.792	0	10	PTPLA
0	0.329897327281211	0.845	0.606	0	10	LRRN3
0	0.284720803054603	0.789	0.595	0	10	FAM13A
0	-0.284303132813991	0.255	0.634	0	10	LINC01272
0	-0.649230250547864	0.999	0.999	0	10	RPS12
0	-0.916801527794113	0.833	0.865	0	10	CD55
0	-1.40865000494308	0.967	0.981	0	10	FOS
0	-1.4970363431652	0.827	0.902	0	10	IER2
0	-1.65253341117475	0.694	0.834	0	10	ANXA1
0	-2.08199012781796	0.472	0.793	0	10	CTSW
0	-2.16221668580682	0.521	0.748	0	10	LOC100293211
0	-2.51546962676218	0.738	0.811	0	10	CCL5
0	-2.80084742552622	0.633	0.786	0	10	NKG7
1.89313811220049e-303	0.616747897052674	0.786	0.551	5.67941433660148e-300	10	CD40LG
1.28753501191737e-298	0.686756379179653	0.904	0.744	3.8626050357521e-295	10	KLRB1
2.18636513853085e-296	-0.256789863085636	0.263	0.592	6.55909541559256e-293	10	CPVL
2.42083398351276e-296	-0.629251619681777	0.507	0.701	7.26250195053828e-293	10	PLAC8
2.51151506172661e-296	0.750415484902781	0.918	0.845	7.53454518517983e-293	10	CORO1B
2.89797358085017e-294	0.322009641372452	0.772	0.615	8.69392074255051e-291	10	AGFG1
2.89880607873699e-293	0.372230054853253	0.735	0.673	8.69641823621096e-290	10	CPM
9.12275093008495e-291	0.497361752578438	0.887	0.808	2.73682527902548e-287	10	CTSB
1.07606079599817e-289	0.474692603603634	0.787	0.729	3.22818238799452e-286	10	CCDC50
4.7574069687967e-289	0.610681965637486	0.687	0.49	1.42722209063901e-285	10	BHLHE40-AS1
2.17842764803793e-287	0.932034337143608	0.784	0.858	6.53528294411379e-284	10	ICA1
2.27188184359058e-286	0.756533165724838	0.867	0.767	6.81564553077175e-283	10	IGFLR1
2.04012325678191e-285	0.410402968485887	0.79	0.724	6.12036977034573e-282	10	TBC1D4
5.42229040297753e-284	0.718427711607256	0.885	0.828	1.62668712089326e-280	10	CD82
2.6951730364791e-280	0.715253268817282	0.844	0.699	8.08551910943731e-277	10	TGIF1
1.52687553436323e-279	0.69243053305477	0.907	0.852	4.58062660308968e-276	10	TIGIT
1.33185435702699e-273	0.711169469195498	0.892	0.805	3.99556307108096e-270	10	SLA
1.12991805536136e-267	0.646703000774085	0.942	0.872	3.38975416608409e-264	10	PDIA6
1.0048839516276e-265	0.719805214414194	0.957	0.87	3.0146518548828e-262	10	BST2
5.41455688448431e-264	0.35152609951867	0.824	0.865	1.62436706534529e-260	10	CPA5
5.93050853424849e-263	0.30915166716287	0.814	0.775	1.77915256027455e-259	10	CCR4
6.68118673979297e-261	-1.71993024733971	0.405	0.637	2.00435602193789e-257	10	GZMH
1.57415911200916e-260	0.413599279906439	0.694	0.52	4.72247733602748e-257	10	KIAA1324
4.38261610919249e-259	0.284022040969608	0.772	0.671	1.31478483275775e-255	10	INPP5F
2.22501577192562e-257	0.73684266763239	0.934	0.827	6.67504731577685e-254	10	H2AFZ
1.0502500112475e-255	0.651163276355233	0.78	0.706	3.1507500337425e-252	10	PGM2L1
4.9113393550414e-255	-1.94812696424384	0.531	0.717	1.47340180651242e-251	10	GZMK
1.32939661675582e-252	0.607312476728593	0.887	0.747	3.98818985026747e-249	10	RANBP1
1.04766080501731e-249	-0.358823173688195	0.459	0.679	3.14298241505193e-246	10	SPI1
2.92720840718595e-247	0.634937837614656	0.835	0.653	8.78162522155786e-244	10	PHLDA1
9.99427763878502e-244	0.58540996870384	0.941	0.847	2.9982832916355e-240	10	CALM3
4.07071806296036e-243	0.629382945802896	0.708	0.474	1.22121541888811e-239	10	GPR56
2.58083995838685e-242	0.538331357352241	0.933	0.813	7.74251987516055e-239	10	HMGB2
5.12513009206372e-242	0.453707689174273	0.897	0.827	1.53753902761911e-238	10	ACP5
7.78754091390757e-239	0.486362975494301	0.758	0.569	2.33626227417227e-235	10	RUNX2
9.28146552729305e-238	-0.277099355025892	0.555	0.79	2.78443965818792e-234	10	GBP1
9.70450674962856e-237	0.605982888441246	0.782	0.625	2.91135202488857e-233	10	TNFSF8
4.55956404467164e-236	-0.885205036368403	0.982	0.985	1.36786921340149e-232	10	JUNB
1.27147639126863e-235	0.321858578677309	0.824	0.668	3.8144291738059e-232	10	TIPARP
2.33666319627736e-235	0.309269045478585	0.905	0.801	7.00998958883209e-232	10	LAP3
2.28811305755033e-228	0.285046963253467	0.734	0.589	6.864339172651e-225	10	TBXAS1
5.02887476505074e-228	0.345268493230009	0.972	0.925	1.50866242951522e-224	10	MT2A
3.3008308019056e-226	-1.03202121607415	0.96	0.984	9.90249240571679e-223	10	VIM
3.33874736268022e-219	-1.88513685370863	0.55	0.736	1.00162420880407e-215	10	GZMB
1.91480110128723e-218	0.446893194735785	0.963	0.883	5.74440330386169e-215	10	DBI
1.9765373105777e-218	0.324822677422798	0.862	0.743	5.9296119317331e-215	10	PTRHD1
6.29676362760694e-218	-0.336252023749121	0.328	0.589	1.88902908828208e-214	10	LOC102725101
1.78724095469063e-215	0.303024504595042	1	0.999	5.36172286407188e-212	10	TMSB4X
1.31986358213143e-212	-1.16193332323044	0.591	0.736	3.95959074639429e-209	10	CD8B
2.21895181239729e-210	0.352015814746548	0.764	0.65	6.65685543719186e-207	10	SYT11
3.01699457234481e-210	-1.49159072462442	0.641	0.769	9.05098371703444e-207	10	PRF1
1.89983229926564e-209	-0.485289930077653	0.998	0.998	5.69949689779694e-206	10	RPS18
4.22549251710603e-209	0.456596714302342	0.88	0.755	1.26764775513181e-205	10	RPA3
7.40670963277368e-207	0.586885558854116	0.756	0.642	2.2220128898321e-203	10	MAF
1.5030137458073e-206	-1.19263339469762	0.955	0.951	4.50904123742189e-203	10	CD69
3.69258386521139e-206	0.573467195345852	0.79	0.755	1.10777515956342e-202	10	MAGEH1
1.1406159807277e-205	0.4485796376609	0.885	0.798	3.42184794218311e-202	10	GSTO1
2.36550586133048e-205	-1.49061442607844	0.555	0.719	7.09651758399145e-202	10	CD8A
1.04011591474262e-204	0.298785005046396	0.728	0.609	3.12034774422787e-201	10	DAPP1
7.4563249401464e-204	0.547162092249099	0.672	0.443	2.23689748204392e-200	10	C1orf228
1.15174521562637e-201	0.539038156253689	0.703	0.691	3.45523564687911e-198	10	LINC01281
5.16556776946714e-201	0.430705671819158	0.803	0.704	1.54967033084014e-197	10	ADI1
1.90551362489923e-200	0.291108122585366	0.854	0.765	5.71654087469769e-197	10	HOXB2
1.12747133495466e-197	0.849768381505053	0.753	0.679	3.38241400486398e-194	10	LOC101928173
1.50172572049931e-195	0.263904959478007	0.719	0.563	4.50517716149794e-192	10	SRGAP3
8.99990362093173e-194	0.310793196218891	0.842	0.785	2.69997108627952e-190	10	STAM
4.55630791778568e-193	0.4800243614609	0.94	0.843	1.3668923753357e-189	10	ALOX5AP
2.29582010458905e-190	0.264183317345059	0.816	0.7	6.88746031376715e-187	10	UNG
4.76428495924131e-190	0.494289177159722	0.961	0.909	1.42928548777239e-186	10	COX5A
5.95803322908632e-186	-1.27636546299852	0.751	0.823	1.7874099687259e-182	10	GADD45B
3.02965381297063e-185	0.412276238170708	0.905	0.808	9.08896143891189e-182	10	AP2S1
4.69259899101128e-183	0.389985776490904	0.747	0.66	1.40777969730338e-179	10	AGPAT5
2.99756111400022e-182	0.345643280609547	0.715	0.615	8.99268334200066e-179	10	PPAP2A
7.5274517349143e-182	0.45696749057971	0.956	0.918	2.25823552047429e-178	10	GNG5
1.46107395269657e-180	-0.791423236214376	0.572	0.761	4.38322185808972e-177	10	AIF1
1.99223697752759e-180	-1.15593881056009	0.626	0.753	5.97671093258278e-177	10	FOSB
2.65848769353269e-180	0.392008140108741	0.918	0.81	7.97546308059808e-177	10	PIM2
4.91666921150392e-178	0.438226779966966	0.803	0.726	1.47500076345118e-174	10	PELI1
4.26970580909989e-175	0.250390863288161	0.855	0.789	1.28091174272997e-171	10	CD38
1.44012365235514e-173	0.348712322919797	0.748	0.618	4.32037095706541e-170	10	MAST4
3.22973754878447e-173	0.359371033194487	0.916	0.818	9.68921264635341e-170	10	HN1
4.98787391359763e-172	-0.524064071231487	0.562	0.741	1.49636217407929e-168	10	ICAM2
2.23826618619741e-170	-0.888948122228001	0.808	0.873	6.71479855859224e-167	10	LITAF
3.85688050813464e-169	0.484952595510692	0.873	0.768	1.15706415244039e-165	10	BIRC3
1.41577984868884e-166	0.43605520282568	0.654	0.518	4.24733954606651e-163	10	MYO7A
2.50786324603426e-166	0.290383734126161	0.726	0.634	7.52358973810278e-163	10	SH3TC1
1.44013911459161e-165	0.410532035756989	0.922	0.819	4.32041734377482e-162	10	ARL6IP1
1.83526149594042e-165	0.423452682811838	0.931	0.856	5.50578448782126e-162	10	DYNLL1
4.86467818613227e-165	-0.840448470691004	0.75	0.848	1.45940345583968e-161	10	EMP3
5.62275880184587e-165	0.462305133192355	0.86	0.781	1.68682764055376e-161	10	PHPT1
7.8452915609869e-165	-0.429907509972242	0.495	0.674	2.35358746829607e-161	10	MYC
3.19961320770445e-162	0.454814043170718	0.849	0.746	9.59883962311336e-159	10	HIF1A
6.3773137833043e-162	0.510437131432376	0.975	0.926	1.91319413499129e-158	10	CD7
1.39416998084942e-161	-0.841420879412545	0.869	0.899	4.18250994254827e-158	10	DUSP1
1.91035498957501e-158	0.460301714647468	0.949	0.894	5.73106496872503e-155	10	PRDX1
5.07272156899078e-157	0.492485711536968	0.745	0.729	1.52181647069723e-153	10	NDFIP2
1.25083949750161e-156	0.460885054904601	0.979	0.942	3.75251849250482e-153	10	RAN
2.5559533379779e-156	-0.707614925347176	0.502	0.671	7.66786001393371e-153	10	KLRC2
9.52966260677684e-156	0.459780654918601	0.703	0.598	2.85889878203305e-152	10	ITPR1
3.21899988400343e-154	0.427146805880511	0.922	0.84	9.65699965201028e-151	10	ANXA5
1.67697423519546e-152	0.302233590772192	0.808	0.733	5.03092270558637e-149	10	SHMT2
7.51106307693055e-152	-0.988827450950228	0.791	0.852	2.25331892307916e-148	10	CLEC2B
1.57711896083254e-150	0.284167464514746	0.827	0.712	4.73135688249762e-147	10	PLIN2
1.01660219578304e-148	0.450918198656931	0.758	0.688	3.04980658734911e-145	10	TNFRSF25
2.99020398270012e-147	0.480518212118751	0.902	0.872	8.97061194810037e-144	10	ARID5B
4.46930315451264e-147	0.576285416098482	0.687	0.65	1.34079094635379e-143	10	CYSLTR1
8.55780369410114e-146	0.349707694540341	0.727	0.641	2.56734110823034e-142	10	LRMP
1.13581537075918e-145	0.390047478505859	0.677	0.563	3.40744611227755e-142	10	AHI1
1.45649874650113e-145	0.319401935111042	0.926	0.87	4.36949623950338e-142	10	TALDO1
2.64707315873626e-145	-0.832613817569105	0.663	0.758	7.94121947620877e-142	10	NR4A2
1.46833826937364e-144	-0.838211241466174	0.977	0.976	4.40501480812092e-141	10	JUN
2.33458598722814e-143	0.279854705498161	0.9	0.829	7.00375796168441e-140	10	VAMP5
3.09172992429663e-143	0.315696524215252	0.734	0.664	9.2751897728899e-140	10	TP53INP1
1.58658570088228e-142	-0.853377092650486	0.652	0.705	4.75975710264684e-139	10	LYAR
3.10178605633434e-142	0.280493114736313	0.803	0.686	9.30535816900301e-139	10	TXNDC17
5.63597442287738e-142	0.489455560130423	0.817	0.856	1.69079232686321e-138	10	MAL
9.19239635647708e-142	0.336866481354859	0.855	0.737	2.75771890694312e-138	10	CXCR3
3.87001759399595e-140	0.25677116052581	0.997	0.985	1.16100527819878e-136	10	PFN1
4.78602893706039e-139	0.262358842004088	0.617	0.499	1.43580868111812e-135	10	SERPINE2
5.64565240200139e-139	-0.357453913131638	0.386	0.62	1.69369572060042e-135	10	PLEK
4.40633232364548e-137	0.40304417555765	0.855	0.791	1.32189969709364e-133	10	PRDX3
1.97266926225637e-135	-0.904740070755829	0.856	0.902	5.91800778676912e-132	10	PPP1R15A
2.56775142791593e-135	0.45854708707762	0.982	0.938	7.70325428374778e-132	10	IFITM2
6.23778624921213e-135	0.444846343265437	0.954	0.922	1.87133587476364e-131	10	ENO1
1.96060975522375e-134	-0.753736206434594	0.507	0.642	5.88182926567125e-131	10	KLRG1
3.0031848977814e-133	-0.252018140854644	0.555	0.715	9.0095546933442e-130	10	MNDA
6.28942823302244e-131	0.448905154401099	0.699	0.736	1.88682846990673e-127	10	ETV7
1.27727378701146e-130	0.448964276217216	0.766	0.639	3.83182136103437e-127	10	BHLHE40
6.68070155873594e-130	-1.10028743344423	0.301	0.468	2.00421046762078e-126	10	S100A9
1.18695510402898e-129	-0.351993775530599	0.403	0.632	3.56086531208693e-126	10	DERL3
2.14306368894367e-128	0.438319325266205	0.851	0.718	6.429191066831e-125	10	LAG3
8.84695299195464e-128	0.260241345623459	0.655	0.65	2.65408589758639e-124	10	LOC101928354
8.19106597179833e-126	-0.839149033286181	0.625	0.736	2.4573197915395e-122	10	NR4A1
1.6714359669033e-125	0.326174874879004	0.688	0.583	5.0143079007099e-122	10	FAM134B
2.91954872834293e-124	0.488038417756092	0.926	0.855	8.7586461850288e-121	10	PRDM1
3.14971236989807e-124	0.283010510037411	0.848	0.747	9.44913710969422e-121	10	SNRPD1
1.35720462416795e-121	0.290276176115528	0.982	0.932	4.07161387250386e-118	10	LSP1
7.74706179443234e-120	-0.855501600110182	0.492	0.647	2.3241185383297e-116	10	HOPX
1.52358393336556e-119	0.255613391330742	0.76	0.671	4.57075180009669e-116	10	MAPKAPK3
1.5722158596249e-118	0.273253717726561	0.895	0.835	4.7166475788747e-115	10	CARD16
2.67327015879428e-117	0.362000442262734	0.82	0.739	8.01981047638283e-114	10	PDE4D
4.33996840046906e-117	-0.797703280627611	0.951	0.961	1.30199052014072e-113	10	CXCR4
2.93559874096097e-116	0.614882157667914	0.639	0.652	8.80679622288292e-113	10	PDE7B
6.6409696097983e-115	-0.285380558868345	0.582	0.733	1.99229088293949e-111	10	SATB1
3.1723057017721e-114	0.427762748639382	0.711	0.619	9.51691710531629e-111	10	JARID2
2.61818658112455e-113	-0.672597279561391	0.686	0.812	7.85455974337366e-110	10	ATF3
1.97939002737677e-112	-0.548320902635466	1	0.998	5.9381700821303e-109	10	RPS8
1.80604454028969e-111	-0.656268801442891	0.571	0.69	5.41813362086907e-108	10	RUNX3
4.08006051152543e-110	0.335720935325929	0.956	0.927	1.22401815345763e-106	10	ATP5G3
7.52664052194718e-110	0.260375129617333	0.643	0.492	2.25799215658416e-106	10	CHRM3-AS2
9.06346201369239e-110	-0.750142635505059	0.717	0.833	2.71903860410772e-106	10	LGALS3
1.19412645033145e-109	0.318907468256593	0.957	0.904	3.58237935099434e-106	10	LY6E
1.44286952943003e-108	0.463120031449362	0.776	0.731	4.32860858829009e-105	10	MIR4435-1HG
4.67544885639639e-108	0.343685815619679	0.768	0.701	1.40263465691892e-104	10	FBXO32
8.09387703353192e-108	-0.965898585320587	0.895	0.91	2.42816311005958e-104	10	BTG2
1.20435181734323e-107	0.320869478136453	0.645	0.602	3.61305545202969e-104	10	CAMK1
1.5159391471218e-107	0.261416757896183	0.624	0.491	4.54781744136541e-104	10	DAPK2
4.74986199262548e-107	-0.755151525315143	0.551	0.654	1.42495859778764e-103	10	KLF2
9.35893818931275e-107	0.271153916142824	0.987	0.968	2.80768145679382e-103	10	MIF
1.77789190147232e-106	0.494785250475661	0.609	0.572	5.33367570441697e-103	10	GNG4
1.96972853440122e-106	-0.5465002017117	0.473	0.665	5.90918560320367e-103	10	CAPG
3.14563892386865e-106	-0.269018847583559	0.642	0.757	9.43691677160596e-103	10	EIF4EBP1
9.4208531748069e-106	0.252825021080958	0.87	0.792	2.82625595244207e-102	10	PSMA4
4.79632149506609e-105	0.354291709132371	0.868	0.786	1.43889644851983e-101	10	ITGB1
1.54315194138162e-104	-0.293599241049638	0.466	0.618	4.62945582414485e-101	10	PECAM1
3.02089803578268e-103	0.281303900084097	0.777	0.69	9.06269410734805e-100	10	LYST
4.03526345816503e-103	0.456167369842077	0.7	0.714	1.21057903744951e-99	10	METTL8
1.20342693966929e-101	-1.0993922533762	0.449	0.609	3.61028081900786e-98	10	LOC101060038
1.55744559066575e-101	0.363729686705066	0.94	0.889	4.67233677199725e-98	10	CALR
2.63440089567778e-99	0.307671829276368	0.856	0.791	7.90320268703333e-96	10	BTG3
3.52289124997167e-97	-0.573731651199851	0.987	0.985	1.0568673749915e-93	10	ZFP36
1.31054060279611e-96	0.276433454676504	0.703	0.559	3.93162180838832e-93	10	RAPGEF6
1.37496496856672e-96	-0.252765704276471	0.577	0.685	4.12489490570015e-93	10	BID
4.48120264584569e-96	0.425721257301447	0.824	0.814	1.34436079375371e-92	10	CNIH1
4.53823872779172e-96	0.26755553150602	0.941	0.864	1.36147161833752e-92	10	EZR
4.72466300895697e-96	-0.640713213383917	0.819	0.734	1.41739890268709e-92	10	PTGER2
5.90132075293002e-96	-0.890377476135084	0.569	0.636	1.77039622587901e-92	10	AOAH
1.68921324203607e-95	0.443255928721233	0.635	0.644	5.0676397261082e-92	10	LINC01480
3.04833829171835e-94	0.274142560151369	0.883	0.821	9.14501487515505e-91	10	SYNGR2
5.15592340576894e-94	0.27316073473975	0.978	0.95	1.54677702173068e-90	10	ARPC1B
2.62412223561147e-93	0.367140046066887	0.882	0.826	7.8723667068344e-90	10	IFI6
3.36472899354375e-93	-0.251023328620242	0.452	0.608	1.00941869806313e-89	10	SPON2
1.64335013751207e-89	-0.684396464631075	0.938	0.943	4.93005041253621e-86	10	S100A6
1.89370303487451e-89	0.282111812398549	0.87	0.795	5.68110910462353e-86	10	BANF1
8.35063880602049e-89	0.396635553485839	0.713	0.58	2.50519164180615e-85	10	SESN1
1.16438660508855e-88	-0.327906798621272	0.516	0.67	3.49315981526566e-85	10	PRMT9
4.09649566042664e-88	0.346586743313352	0.896	0.887	1.22894869812799e-84	10	PMAIP1
4.70986992758821e-87	0.261416550056537	0.86	0.791	1.41296097827646e-83	10	NHP2
7.82883241359263e-86	0.349790537778018	0.683	0.695	2.34864972407779e-82	10	CSGALNACT1
1.61109983836514e-85	0.383549591712904	0.818	0.778	4.83329951509543e-82	10	RILPL2
2.04368981578688e-85	0.266507738617596	0.838	0.851	6.13106944736064e-82	10	MT1E
4.30686321173869e-84	0.314699973818337	0.724	0.629	1.29205896352161e-80	10	CARHSP1
9.53170794329788e-84	0.415806836577114	0.889	0.843	2.85951238298936e-80	10	RNASET2
2.35260661714514e-83	-0.863541418878834	0.52	0.645	7.05781985143542e-80	10	EGR1
1.17119530821377e-80	-0.99980509578739	0.804	0.819	3.5135859246413e-77	10	CLDND1
9.40988876098728e-80	-0.684348629086091	0.902	0.911	2.82296662829618e-76	10	HIST1H4C
1.51576837513096e-79	0.275914188589285	0.83	0.776	4.54730512539287e-76	10	SMS
1.91415930731426e-79	0.26220984666786	0.828	0.789	5.74247792194279e-76	10	ITGAE
3.41194015987955e-78	0.291626148240063	0.789	0.785	1.02358204796387e-74	10	HAVCR2
3.50049750220663e-77	0.271086387047709	0.901	0.834	1.05014925066199e-73	10	PRDX5
4.42445168857136e-77	-0.611221312258198	0.407	0.284	1.32733550657141e-73	10	LOC102723407
6.35618759548413e-77	-0.437837424501587	0.555	0.633	1.90685627864524e-73	10	KLRC4
3.31073005004338e-76	0.259025613029603	0.917	0.858	9.93219015013013e-73	10	TSPO
8.24661452577876e-76	0.263915472186204	0.663	0.603	2.47398435773363e-72	10	NINJ2
1.04080799947954e-75	-0.959344319138563	0.485	0.577	3.12242399843862e-72	10	KLRD1
1.4812254075621e-75	-0.492551800146981	0.567	0.719	4.44367622268631e-72	10	CD68
2.1884864300584e-75	-0.465102700403561	0.608	0.721	6.56545929017521e-72	10	FAM65B
6.61389235482406e-73	0.296504905487519	0.704	0.715	1.98416770644722e-69	10	LIMA1
1.54803754535932e-72	-0.674031394698303	0.784	0.803	4.64411263607795e-69	10	NPC2
3.24104208903203e-71	-0.495238294641723	0.588	0.78	9.72312626709608e-68	10	MZB1
1.61783298539105e-70	-0.799263438749947	0.937	0.94	4.85349895617314e-67	10	DNAJB1
9.51648597284486e-70	-0.402865021838677	0.63	0.699	2.85494579185346e-66	10	CLIC3
1.93304463217107e-69	0.251159705403018	0.896	0.882	5.79913389651321e-66	10	PPA1
2.42399854718604e-69	-0.456658144860193	0.998	0.998	7.27199564155811e-66	10	COX3
3.59502935109501e-69	-0.566014067367809	0.827	0.858	1.0785088053285e-65	10	FAIM3
1.08928908451728e-68	0.413572701725674	0.613	0.543	3.26786725355183e-65	10	LOC101059954
1.55316691685224e-65	-0.556939300205186	0.616	0.702	4.65950075055672e-62	10	FLT3LG
6.75576687793082e-65	-0.592772659966556	0.812	0.856	2.02673006337925e-61	10	ANXA2
3.9411753313119e-64	-0.387522608023966	0.608	0.67	1.18235259939357e-60	10	PERP
6.59181022080562e-64	-0.761223508405543	0.541	0.675	1.97754306624169e-60	10	AREG
1.77410282270663e-63	-0.672044737467995	0.8	0.787	5.32230846811989e-60	10	TOB1
1.58157468226788e-62	-0.706075422552929	0.507	0.618	4.74472404680365e-59	10	CCL3
2.51906054922066e-61	-1.08886105693803	0.448	0.594	7.55718164766198e-58	10	LOC102725018
4.91962179870887e-60	-0.281484512718916	0.486	0.619	1.47588653961266e-56	10	TCF7
5.71076390796398e-60	-1.14173892359384	0.622	0.683	1.71322917238919e-56	10	CCL4
4.66037923362497e-59	-0.419538254664844	0.498	0.602	1.39811377008749e-55	10	TUBB2A
5.88023098556959e-59	-0.260189091088506	0.408	0.554	1.76406929567088e-55	10	CECR1
1.47560205412793e-57	-0.548735035633897	0.981	0.987	4.4268061623838e-54	10	PABPC1
2.00487176185545e-57	-0.464839084853491	0.488	0.603	6.01461528556634e-54	10	KLRC3
5.97509456281935e-56	-1.24454139404823	0.804	0.796	1.79252836884581e-52	10	GZMA
1.79629438865643e-55	-0.350883553533011	0.521	0.643	5.3888831659693e-52	10	C1QA
3.43987614173271e-55	-0.982608906442523	0.832	0.792	1.03196284251981e-51	10	LGALS1
1.37674250260402e-54	0.368441512532461	0.678	0.676	4.13022750781207e-51	10	THADA
2.54661388095891e-54	-0.693943210539914	0.99	0.978	7.63984164287674e-51	10	FTL
3.65706194291855e-54	-0.697576596222663	0.552	0.639	1.09711858287556e-50	10	GLUL
3.89443465017204e-54	-0.327670932980425	0.397	0.524	1.16833039505161e-50	10	FGFBP2
5.06456936463846e-54	0.283027699374314	0.652	0.676	1.51937080939154e-50	10	GNA15
9.06856961108222e-53	-0.640633295730306	0.425	0.557	2.72057088332467e-49	10	MATK
1.69951530688542e-52	-0.342692363874733	0.673	0.743	5.09854592065626e-49	10	ASAH1
4.64298250936209e-52	-0.340533624781162	0.616	0.718	1.39289475280863e-48	10	DDX39A
9.52158512172524e-50	-0.645607130260648	0.623	0.626	2.85647553651757e-46	10	ITM2C
5.85428164638989e-48	-0.573519020583925	0.705	0.726	1.75628449391697e-44	10	PIK3R1
9.64482725336275e-46	-0.586583066267848	0.782	0.785	2.89344817600882e-42	10	GPR183
1.37927166238019e-43	0.254156198878307	0.811	0.782	4.13781498714058e-40	10	PASK
1.26580586318267e-42	-0.59515092029039	0.824	0.844	3.79741758954802e-39	10	SERTAD1
3.94659678091918e-41	-0.633449669135063	0.78	0.792	1.18397903427575e-37	10	TUBB4B
5.86473976103407e-41	-0.282418454457994	0.841	0.869	1.75942192831022e-37	10	RTKN2
7.8039788948182e-40	0.315782080201734	0.612	0.587	2.34119366844546e-36	10	ZNRF1
2.04819375577939e-39	-0.257790133043762	0.658	0.712	6.14458126733818e-36	10	ABLIM1
8.92920535981952e-39	-0.855447821126848	0.495	0.574	2.67876160794585e-35	10	KLRC1
4.19769913542724e-38	-0.314683576972999	0.628	0.71	1.25930974062817e-34	10	DNAJB9
1.75523455838231e-36	-0.418727553323942	0.567	0.629	5.26570367514692e-33	10	IFNGR1
1.27603709053084e-35	-0.33073652857103	0.996	0.994	3.82811127159251e-32	10	RPLP0
1.7699824550096e-35	-0.276401890803233	0.457	0.565	5.30994736502879e-32	10	DDAH2
3.11381132794061e-35	-0.568601058851244	0.728	0.739	9.34143398382184e-32	10	DDIT3
5.38982230097346e-35	-0.667285761254901	0.426	0.533	1.61694669029204e-31	10	KLRK1
6.38794141238691e-35	-0.466332519980316	0.621	0.654	1.91638242371607e-31	10	GABARAPL1
1.30963703094916e-34	-0.479437759258042	0.759	0.788	3.92891109284748e-31	10	CD97
1.70331946653864e-34	-1.01668212567667	0.908	0.859	5.10995839961592e-31	10	CST7
4.78948717095887e-33	-0.538423951766035	0.735	0.777	1.43684615128766e-29	10	CTSS
6.2713137955734e-33	-0.632377121772174	0.875	0.863	1.88139413867202e-29	10	GSTP1
1.08089897347825e-30	-0.455678027540033	0.622	0.68	3.24269692043475e-27	10	SNHG15
1.53502690812095e-29	-0.26449713183744	0.67	0.762	4.60508072436286e-26	10	GBP5
4.00893704095964e-29	-0.328924973454471	0.669	0.729	1.20268111228789e-25	10	SOCS3
8.3965792050121e-29	0.320451573828456	0.564	0.59	2.51897376150363e-25	10	G0S2
2.98603066106755e-28	0.295448007630561	0.556	0.49	8.95809198320265e-25	10	SARDH
3.43612115133551e-28	0.419856055739188	0.732	0.779	1.03083634540065e-24	10	FABP5
8.29625257863851e-28	-0.409947847865209	1	1	2.48887577359155e-24	10	RNR2
3.60081585272211e-27	-0.353199427473716	0.621	0.57	1.08024475581663e-23	10	C1QB
3.75181628707899e-27	-2.24493066401842	0.808	0.831	1.1255448861237e-23	10	IGJ
7.72146886723934e-27	-0.611181819665711	0.704	0.721	2.3164406601718e-23	10	XBP1
2.00572361070414e-26	0.445054246050515	0.551	0.514	6.01717083211242e-23	10	TOX2
1.35674650377102e-25	-0.395313825904527	0.635	0.685	4.07023951131305e-22	10	PIM1
3.11774760849608e-25	-0.284908814586408	0.652	0.693	9.35324282548823e-22	10	ATP2B1
1.74208632986511e-24	-0.3104144506669	0.645	0.719	5.22625898959533e-21	10	RNH1
7.80521257392481e-24	-0.524804871874509	0.667	0.687	2.34156377217744e-20	10	AHNAK
8.8915166078255e-24	-0.354327832646098	0.726	0.791	2.66745498234765e-20	10	SNX3
9.45907858836969e-24	-0.360688729344504	0.673	0.72	2.83772357651091e-20	10	DSTN
2.22227844652532e-23	-0.532611909649831	0.636	0.654	6.66683533957595e-20	10	MYADM
1.91150427384226e-22	-0.604543361748368	0.818	0.813	5.73451282152677e-19	10	TUBA1A
6.36905335210427e-22	-0.387670024752019	0.515	0.595	1.91071600563128e-18	10	LMNA
9.16973312636672e-22	-0.86319810823652	0.944	0.883	2.75091993791002e-18	10	IL7R
1.26128807454244e-21	-0.375005948615018	0.498	0.553	3.78386422362733e-18	10	CISH
2.47501959692607e-21	-0.385835754178023	0.091	0.192	7.4250587907782e-18	10	FCN1
2.47530837586347e-20	-0.335046242852108	0.647	0.69	7.42592512759042e-17	10	TMEM107
3.71083840276364e-20	-0.682773077170397	0.543	0.605	1.11325152082909e-16	10	SERPINA1
5.62171346696976e-20	-1.741489020944	0.497	0.576	1.68651404009093e-16	10	CST3
2.39565443368857e-19	-0.462833102418455	0.96	0.937	7.18696330106571e-16	10	S100A10
5.04043482451295e-19	-0.307186252851316	0.748	0.776	1.51213044735389e-15	10	DDX21
1.13226679779636e-18	-1.88781042737818	0.532	0.571	3.39680039338907e-15	10	LYZ
9.482238207152e-18	-0.598615772183453	1	1	2.8446714621456e-14	10	RNR1
1.48568358904431e-17	-0.34544534999434	0.501	0.561	4.45705076713292e-14	10	PPP1R2P9
1.82415424877977e-17	-0.676443348274483	0.639	0.676	5.47246274633932e-14	10	TNF
5.79729222008599e-17	-0.279546919708903	0.51	0.537	1.7391876660258e-13	10	RNF130
2.53743088507056e-16	-0.402152741735012	0.601	0.623	7.61229265521168e-13	10	BCL2A1
1.05878949415471e-15	-0.303690170002683	0.604	0.598	3.17636848246413e-12	10	LOC101929065
3.31708667620471e-15	-0.356049329143237	0.654	0.668	9.95126002861414e-12	10	LOC284454
9.50255952000226e-15	-0.347636103098874	0.601	0.625	2.85076785600068e-11	10	PELO
1.16214551072984e-14	-0.369871277344326	0.75	0.763	3.48643653218951e-11	10	CSRNP1
3.17770329661964e-14	-0.266947265589791	0.608	0.645	9.53310988985892e-11	10	NCR3
5.40759728311235e-14	-0.390705957469529	0.62	0.654	1.6222791849337e-10	10	CDKN1A
6.27629587860559e-14	-0.279874663028762	0.723	0.75	1.88288876358168e-10	10	BCAS2
1.96636480806038e-13	-0.269197873736456	0.623	0.647	5.89909442418115e-10	10	ERN1
2.04031879762716e-13	-0.556868865426915	0.884	0.848	6.12095639288147e-10	10	IGLL5
2.6159938055728e-13	-1.04908942169353	0.633	0.564	7.84798141671839e-10	10	FCER1G
2.68872589646473e-13	-0.32031498263201	0.668	0.62	8.06617768939418e-10	10	HLA-DRB1
6.48113850101447e-12	-0.671968905639225	0.376	0.456	1.94434155030434e-08	10	ZNF683
1.22356438442593e-11	-0.384143471937459	0.762	0.74	3.67069315327779e-08	10	UPP1
6.32398405182823e-11	-0.263037988281395	0.644	0.712	1.89719521554847e-07	10	AMICA1
1.61838723050622e-10	-0.316838885943854	0.566	0.596	4.85516169151865e-07	10	PRKCQ-AS1
1.0856503999294e-09	-0.543202087042213	0.678	0.709	3.25695119978819e-06	10	RHOB
2.32564583252318e-09	-0.567057948126473	0.744	0.808	6.97693749756955e-06	10	HLA-DRB4
2.61230554975906e-09	-0.264453372621509	0.846	0.861	7.83691664927717e-06	10	EIF5A
3.91088820203038e-09	-0.342908717479642	0.694	0.712	1.17326646060911e-05	10	H2AFX
4.83206781998749e-09	-0.385878174356299	0.959	0.959	1.44962034599625e-05	10	CORO1A
6.76329183349759e-09	-0.382637155547227	0.975	0.959	2.02898755004928e-05	10	KLF6
1.61292945368886e-08	-0.385086956414103	0.782	0.789	4.83878836106659e-05	10	NOSIP
2.00251858002239e-08	-0.262245412605039	0.516	0.458	6.00755574006718e-05	10	LOC100996919
2.04158513981613e-08	-0.25588204291933	0.09	0.209	6.1247554194484e-05	10	VCAN
3.03106746505189e-08	0.373868672094481	0.565	0.666	9.09320239515568e-05	10	GEM
3.79952379820916e-08	-0.38571229979473	0.371	0.407	0.000113985713946275	10	C15orf48
1.06939174653273e-07	-0.494448376756647	0.39	0.458	0.000320817523959818	10	CCL4L2
1.09551217937925e-07	-0.377579398918175	0.537	0.576	0.000328653653813774	10	RGCC
2.29467080917874e-06	-0.30536387279578	0.385	0.471	0.00688401242753622	10	FGR
2.86061627232777e-06	-0.339808254469134	0.684	0.666	0.00858184881698332	10	METTL12
3.09027360892319e-06	-0.295716025305287	0.355	0.377	0.00927082082676957	10	MS4A7
4.10764302848237e-06	-0.360212147099764	0.744	0.665	0.0123229290854471	10	CMC1
4.98266051393317e-06	-0.337260832455798	0.803	0.815	0.0149479815417995	10	LOC100996809
6.71718080137747e-06	-0.290552960533993	0.561	0.568	0.0201515424041324	10	XCL1
8.48801005686811e-06	-0.254269697814468	0.515	0.536	0.0254640301706043	10	FAM26F
