p_val	avg_log2FC	pct.1	pct.2	p_val_adj	cluster	gene
0	12.1908346386533	1	0	0	c20	TNFRSF17
0	9.27698871196797	1	0.013	0	c20	DERL3
0	12.8037143673367	1	0.014	0	c20	JCHAIN
0	12.2303086411829	0.943	0.005	0	c20	IGHA1
0	12.8242013694589	0.906	0	0	c20	SDC1
0	12.0245448179192	0.906	0.001	0	c20	IGLL5
0	6.73238592325107	0.906	0.014	0	c20	TXNDC5
0	6.65611753556032	0.868	0.004	0	c20	CCR10
0	11.5970646598451	0.849	0.002	0	c20	IGHA2
0	5.75524501794817	0.849	0.004	0	c20	MEF2C
0	10.6410574066469	0.83	0.001	0	c20	LINC02362
0	10.1997293412473	0.792	0	0	c20	FCRL5
0	5.18701314791114	0.792	0.012	0	c20	GNG7
0	6.19428450337091	0.717	0.004	0	c20	CLIC4
0	5.81477727870098	0.679	0.005	0	c20	CSF2RB
0	11.8297763748698	0.66	0.006	0	c20	IGKC
0	12.6816082270169	0.642	0.001	0	c20	IGLC2
0	12.645297451765	0.604	0.002	0	c20	IGLV3-1
0	6.86691500940981	0.566	0.001	0	c20	BLNK
0	7.12633423683159	0.566	0.004	0	c20	AC007569.1
0	5.34955387202367	0.547	0.005	0	c20	CPNE5
0	10.8092549109964	0.528	0	0	c20	AC012236.1
0	4.57187916711786	0.528	0.006	0	c20	CHST15
0	5.0449286543964	0.491	0.005	0	c20	TSPAN13
0	14.0825169956646	0.472	0.005	0	c20	IGKV4-1
0	12.0704818530055	0.453	0	0	c20	AMPD1
0	9.12287270751991	0.453	0	0	c20	ITGA8
0	8.56970526872817	0.453	0.001	0	c20	PARM1
0	7.30588632978163	0.453	0.001	0	c20	PNOC
0	15.2738293427562	0.453	0.001	0	c20	IGLV6-57
0	6.32381749384847	0.453	0.002	0	c20	DOK3
0	4.72792692441428	0.453	0.005	0	c20	TCF4
0	7.30763839300218	0.434	0.001	0	c20	P2RX1
0	5.57389780295939	0.434	0.002	0	c20	SYK
0	4.8752436818131	0.434	0.003	0	c20	MARCKS
0	8.62874425857718	0.415	0	0	c20	SCNN1B
0	7.68419301015976	0.396	0.001	0	c20	MEF2B
0	8.09098600315993	0.377	0.001	0	c20	KCNN3
0	10.2887132290641	0.358	0	0	c20	AC104699.1
0	10.6754016070564	0.358	0	0	c20	BHLHA15
0	13.3771521723804	0.358	0	0	c20	IGLJ2
0	8.14494697791455	0.358	0.001	0	c20	MIXL1
0	9.01758726539165	0.34	0	0	c20	AC026202.2
0	8.82686746766117	0.34	0	0	c20	PKHD1L1
0	9.36587975993389	0.34	0	0	c20	DENND5B
0	10.8332741268964	0.34	0	0	c20	SMOC1
0	12.3873853795883	0.34	0	0	c20	IGHJ4
0	7.53335474185519	0.34	0.001	0	c20	COL9A3
0	8.18629830382894	0.321	0	0	c20	FCRL2
0	5.65886683817086	0.321	0.001	0	c20	BTK
0	8.03729718272364	0.302	0	0	c20	LINC02576
0	11.0062619267372	0.302	0	0	c20	GJB2
0	6.46245571590976	0.302	0.001	0	c20	GAB1
0	6.28956397502912	0.302	0.001	0	c20	PLEKHH3
0	7.61798167940873	0.283	0.001	0	c20	AL391056.1
0	5.41547220854633	0.245	0.001	0	c20	IGKV1-27
0	6.86543449543109	0.245	0.001	0	c20	COBLL1
0	6.69405280154215	0.245	0.001	0	c20	TMEM45A
0	3.81430784580461	0.245	0.001	0	c20	RAMP2
0	7.53492920263634	0.226	0	0	c20	BHLHE41
0	8.50685705796553	0.226	0	0	c20	PKP2
0	7.4466990624237	0.208	0	0	c20	SMPDL3B
0	10.5677919699485	0.208	0	0	c20	FAM92B
0	8.08486583413321	0.208	0	0	c20	U62317.5
0	7.86821227121263	0.189	0	0	c20	CADPS2
0	9.71598750987881	0.189	0	0	c20	DUSP26
0	19.6958930350537	0.189	0	0	c20	IGHV4-28
0	12.0925308132968	0.189	0	0	c20	IGLC3
0	7.28795807045745	0.17	0	0	c20	RHEX
0	8.10662499305853	0.151	0	0	c20	LCN8
0	13.28997749933	0.132	0	0	c20	IGKV3D-11
0	10.0195675578521	0.132	0	0	c20	ENAM
0	10.1784396315924	0.132	0	0	c20	LINC02363
0	11.8794386770697	0.132	0	0	c20	IGHJ6
2.3359319371287e-302	7.04554333085271	0.17	0	7.83424853074222e-298	c20	TMEM56
2.64551329481453e-298	4.87635138253448	0.396	0.004	8.87252248814896e-294	c20	BASP1
2.98384589835003e-298	6.74549730714457	0.189	0	1.00072223738863e-293	c20	ALDH1L2
6.17471258580436e-298	4.74093213888062	0.491	0.007	2.07087510702707e-293	c20	SEMA4A
3.97530051860225e-294	6.60744321999182	0.283	0.002	1.33323628792882e-289	c20	FAM30A
3.97491706965399e-289	4.16671741032272	0.358	0.003	1.33310768682055e-284	c20	ALDH2
4.07964130162365e-287	13.3105730948049	0.151	0	1.36823009973854e-282	c20	IGHG1
5.03988290443301e-287	7.49949873133132	0.151	0	1.69027592848874e-282	c20	COL4A4
1.98029324516962e-285	4.33547641053747	0.509	0.008	6.64150748564987e-281	c20	PIP5K1B
1.00824619466187e-280	5.46719545849279	0.264	0.002	3.38145608765699e-276	c20	AC106897.1
2.57614174826106e-280	4.44721724896137	0.925	0.029	8.63986419531795e-276	c20	POU2AF1
4.89823333091594e-280	5.89612352746263	0.415	0.005	1.64276949452259e-275	c20	JSRP1
4.35221951782865e-279	14.2591495429436	0.17	0	1.45964738188937e-274	c20	IGHV1-69
5.80031333785988e-279	7.44330854271514	0.17	0	1.94530908725145e-274	c20	PTCRA
3.85764321157668e-275	9.19838814801835	0.132	0	1.29377638029859e-270	c20	FBXO16
4.12119417272127e-275	9.69552987560751	0.132	0	1.38216610164726e-270	c20	IGKV3D-7
4.40273544311002e-275	8.90738817419826	0.132	0	1.47658941291024e-270	c20	GPRC5D
4.67979956638023e-274	4.72558186599517	0.698	0.016	1.5695111785726e-269	c20	SPAG4
1.3210684925103e-271	4.52135950178056	0.434	0.006	4.43059951018105e-267	c20	LMTK3
7.17866674598064e-270	9.45747151600389	0.113	0	2.40758125326699e-265	c20	LINC00582
7.17866674598064e-270	10.6425507439106	0.113	0	2.40758125326699e-265	c20	AC106882.1
7.17866674598064e-270	9.29148085447917	0.113	0	2.40758125326699e-265	c20	LINC01754
2.04320463297251e-269	5.10502618360741	0.283	0.002	6.85249969806319e-265	c20	IGF1
1.72193447312172e-264	4.68760891152227	0.396	0.005	5.77502383595562e-260	c20	HID1
6.90155199840252e-263	6.2497693459813	0.189	0.001	2.31464250922424e-258	c20	C2orf88
4.21972424891703e-262	4.40691239669946	0.434	0.006	1.41521111860179e-257	c20	ALOX5
5.38249852833789e-262	4.9531529096201	0.472	0.007	1.80518235643396e-257	c20	CERCAM
8.66889328470034e-262	4.23680956453486	0.566	0.011	2.9073734298228e-257	c20	TNFRSF13B
3.21625686635539e-257	14.5936832182227	0.264	0.002	1.07866822783827e-252	c20	IGHV3-23
2.36460105823337e-256	5.70316913121555	0.226	0.001	7.93039902910308e-252	c20	MOXD1
3.16745175417661e-250	5.52060927934318	0.245	0.002	1.06229996931575e-245	c20	HOMER3
3.14584495541684e-248	7.41712099174259	0.189	0.001	1.0550534811477e-243	c20	CTHRC1
2.01865144290826e-244	8.78909469445983	0.132	0	6.77015320922572e-240	c20	IGHV1-24
4.28813222071435e-242	6.12948966990264	0.245	0.002	1.43815378418318e-237	c20	SCAMP5
1.80856274630351e-241	6.07456948845784	0.17	0.001	6.0655577385527e-237	c20	SLC6A9
1.78827326794755e-235	6.39418708451805	0.189	0.001	5.9975108860425e-231	c20	IGHV4-61
2.33054262839492e-232	3.81832235037061	0.717	0.021	7.81617386711087e-228	c20	C16orf74
3.14484256310282e-231	8.27738912143067	0.113	0	1.05471729881342e-226	c20	CHMP4C
3.14484256310282e-231	8.58422900762458	0.113	0	1.05471729881342e-226	c20	AC104024.1
2.01995319829749e-228	4.28446235226709	0.642	0.017	6.77451903645012e-224	c20	RASGRP3
1.78194991401957e-226	5.56521420081722	0.962	0.043	5.97630362163882e-222	c20	CD79A
2.78259099716839e-226	6.6231336847701	0.17	0.001	9.33225368630333e-222	c20	SSPN
3.16756539133455e-225	9.91183995414625	0.094	0	1.06233808094578e-220	c20	IGKV3-7
3.16756539133455e-225	9.28298151399226	0.094	0	1.06233808094578e-220	c20	LINC01055
3.16756539133455e-225	9.17821085612359	0.094	0	1.06233808094578e-220	c20	AC091132.2
3.16756539133455e-225	9.00300727759591	0.094	0	1.06233808094578e-220	c20	NLRP7
4.38973207940713e-225	13.6780039065353	0.208	0.001	1.47222834479156e-220	c20	IGHV1-69D
7.42713001707456e-220	7.75331080246546	0.132	0	2.49091086512646e-215	c20	BMP8A
2.69107680990688e-213	12.8756695960937	0.17	0.001	9.02533340506569e-209	c20	IGHV4-31
7.29270129715182e-213	5.59836368998737	0.17	0.001	2.44582616103878e-208	c20	TBC1D9
1.90845503269221e-208	4.85431441981079	0.302	0.003	6.40057648864314e-204	c20	CLMN
1.6861788826108e-206	6.0323219586243	0.34	0.005	5.6551067365001e-202	c20	ZP3
2.63642654807799e-202	12.2658673258799	0.113	0	8.84204735694397e-198	c20	IGKV3D-15
3.03718269564852e-202	8.08963764721731	0.113	0	1.0186103324666e-197	c20	BMP6
7.18424711198384e-201	6.26357593176013	0.17	0.001	2.40945279641714e-196	c20	UGGT2
8.93444857235205e-200	7.06908854067956	0.132	0	2.99643536219543e-195	c20	TMEM52
9.60107461995084e-200	6.4884279964359	0.132	0	3.22000840603911e-195	c20	SYT1
7.07760337270524e-198	4.43764839391123	0.377	0.006	2.37368661913788e-193	c20	SH2B2
1.35798355836813e-193	5.86932590663849	0.189	0.001	4.55440525805505e-189	c20	FAM114A1
2.86509417326478e-193	4.77444899749752	0.226	0.002	9.60895283829542e-189	c20	BMP8B
8.89908961734127e-192	4.26089404956988	0.358	0.006	2.98457667586392e-187	c20	CDK14
8.23032726021351e-191	5.98981739267959	0.151	0.001	2.76028715653041e-186	c20	TLR7
1.17187346559055e-187	7.52830264857016	0.094	0	3.93022922889758e-183	c20	FLT3
1.3475093531992e-187	5.30443904356551	0.226	0.002	4.51927686875947e-183	c20	ZNF215
1.57937417501091e-187	4.21707536165337	0.226	0.002	5.29690510815159e-183	c20	SLC7A7
7.88180205049845e-184	5.04405431094137	0.491	0.012	2.64339877169617e-179	c20	PYCR1
1.39983289498486e-180	10.1470360183741	0.075	0	4.69475956320021e-176	c20	IGKV1D-13
1.39983289498486e-180	8.70816708531654	0.075	0	4.69475956320021e-176	c20	AL591518.1
1.39983289498486e-180	9.42766145191602	0.075	0	4.69475956320021e-176	c20	IGHG4
1.39983289498486e-180	9.75196876111241	0.075	0	4.69475956320021e-176	c20	IGHJ5
1.39983289498486e-180	9.864986577049	0.075	0	4.69475956320021e-176	c20	IGHV3-53
1.39983289498486e-180	10.4242532127394	0.075	0	4.69475956320021e-176	c20	DPEP1
1.39983289498486e-180	8.86494894602711	0.075	0	4.69475956320021e-176	c20	AL031666.1
1.39983289498486e-180	8.93002178896793	0.075	0	4.69475956320021e-176	c20	AF127936.2
1.39983289498486e-180	8.91999005851242	0.075	0	4.69475956320021e-176	c20	CLDN14
8.74523701841479e-180	9.1245365561788	0.113	0	2.93297759123595e-175	c20	DNAAF1
8.95776432556264e-180	3.30927057882693	0.698	0.025	3.0042549995072e-175	c20	WNT10A
9.43038734454848e-180	6.76679886645872	0.113	0	3.16276330761467e-175	c20	DNAJC12
1.01691456174192e-179	7.4659484920985	0.113	0	3.41052805717005e-175	c20	EYA2
7.57510700820059e-179	4.61050377603435	0.151	0.001	2.54053938841031e-174	c20	ASS1
1.36999834655859e-177	3.80770672641611	0.698	0.026	4.59470045468821e-173	c20	CKAP4
1.47630984372374e-177	11.26306843961	0.377	0.007	4.95124795388069e-173	c20	IGKV3-20
4.09868719736342e-173	5.18865990627215	0.208	0.002	1.37461771225174e-168	c20	LRRK1
6.4750630846758e-172	5.83765232019026	0.17	0.001	2.17160665733857e-167	c20	CBFA2T3
2.78868886261744e-168	3.99739702129555	0.358	0.007	9.35270470744638e-164	c20	E2F5
3.37933643340659e-168	5.7864071172549	0.151	0.001	1.1333618530359e-163	c20	AL133467.1
5.90396017060386e-164	4.08086819159784	0.17	0.001	1.98007016201712e-159	c20	CD19
1.52978909351904e-163	4.04254427407497	0.962	0.057	5.13060666184417e-159	c20	EAF2
1.66764627440469e-162	5.68616081396861	0.208	0.002	5.59295207509846e-158	c20	PTPRS
6.70921591532047e-161	4.42276251280398	0.358	0.007	2.25013683368018e-156	c20	GPR160
2.83654851525176e-155	5.59620862997275	0.245	0.003	9.51321641045135e-151	c20	HLA-DOB
8.91871282659922e-152	10.8364273226406	0.302	0.005	2.99115790778485e-147	c20	IGHV4-34
1.03161022505217e-147	3.14418943140599	0.547	0.019	3.45981437277998e-143	c20	METTL7A
6.76415473308214e-147	5.22939829583671	0.113	0	2.26856221438109e-142	c20	EPB41L1
8.75527163874758e-147	3.65263285889687	0.377	0.009	2.93634300220316e-142	c20	GAS6
1.36605125571449e-145	4.87414194096176	0.264	0.004	4.58146270141524e-141	c20	PIK3CD-AS2
1.60186937186558e-145	4.71597266799192	0.264	0.004	5.37234949936277e-141	c20	B9D1
1.64083025623132e-144	7.68616520311204	0.075	0	5.50301651334859e-140	c20	TMEM125
1.64083025623132e-144	7.95191497464922	0.075	0	5.50301651334859e-140	c20	MYL2
3.86140680931448e-140	3.04640872887384	0.283	0.005	1.29503861570789e-135	c20	PLTP
1.96414905965675e-138	4.95002583212989	0.17	0.002	6.58736311627681e-134	c20	SIX5
2.12095725788584e-138	4.55518746077693	0.189	0.002	7.11326645149754e-134	c20	ESR2
2.15086140053187e-138	0.705780103914926	0.17	0.002	7.2135589651038e-134	c20	SPARC
5.66116339059457e-137	4.81162460075411	0.132	0.001	1.89864097793761e-132	c20	LAMC1
6.2692106661829e-136	8.57667392487461	0.057	0	2.10256787322442e-131	c20	LEFTY2
6.2692106661829e-136	8.51482517747128	0.057	0	2.10256787322442e-131	c20	IGKV1D-17
6.2692106661829e-136	8.56538100111048	0.057	0	2.10256787322442e-131	c20	AC093797.1
6.2692106661829e-136	8.77673158405179	0.057	0	2.10256787322442e-131	c20	VWC2
6.2692106661829e-136	8.75896378819392	0.057	0	2.10256787322442e-131	c20	HBD
6.2692106661829e-136	9.45403093873204	0.057	0	2.10256787322442e-131	c20	AC246787.2
6.2692106661829e-136	8.29407089691134	0.057	0	2.10256787322442e-131	c20	SPACA3
6.2692106661829e-136	9.5699850241474	0.057	0	2.10256787322442e-131	c20	IGLV2-34
6.2692106661829e-136	12.8852270149903	0.057	0	2.10256787322442e-131	c20	IGLC7
9.67987545233311e-135	15.9511944050401	0.113	0.001	3.24643662920348e-130	c20	IGHV3-48
1.33297142224807e-134	6.23267419416486	0.113	0.001	4.47051955593557e-130	c20	ST3GAL6
1.40662807866715e-129	5.21686960958596	0.151	0.001	4.71754925023388e-125	c20	MGAT3
7.99306417128224e-129	4.67800839402685	0.132	0.001	2.68071386176464e-124	c20	FCRLA
6.51997116052791e-127	13.0028777101405	0.189	0.002	2.18666792781785e-122	c20	IGKV3-15
2.92600076667764e-125	2.56231719477164	0.453	0.015	9.81322137128347e-121	c20	ADAM28
5.05363587644325e-125	6.12908430296925	0.094	0	1.69488840024154e-120	c20	WNT5B
2.99549108207643e-124	6.53516686453293	0.113	0.001	1.00462779910679e-119	c20	DPEP3
3.44173597315623e-124	5.56804021134211	0.113	0.001	1.15428941067714e-119	c20	TAS1R3
1.51614089447732e-120	9.75890937525952	0.075	0	5.08483333189805e-116	c20	IGKV1D-12
1.51614089447732e-120	10.3314471337638	0.075	0	5.08483333189805e-116	c20	IGHG3
1.85408314236772e-120	6.76652691481558	0.075	0	6.21822404287285e-116	c20	LYPD6B
1.85408314236772e-120	6.98272820969008	0.075	0	6.21822404287285e-116	c20	SLC47A1
1.83631374878132e-116	7.05030215971423	0.189	0.003	6.15862905066281e-112	c20	CHAC1
3.92972757857685e-115	5.07856772490811	0.132	0.001	1.3179520353031e-110	c20	CCDC110
4.94340687760852e-114	4.37876321824061	0.34	0.01	1.65791979861235e-109	c20	SLC17A9
8.34629926207039e-114	4.25324083878345	0.151	0.002	2.79918184651317e-109	c20	C15orf65
5.94474444084123e-113	6.27286396955803	1	0.112	1.99374839056933e-108	c20	MZB1
1.06354690788532e-112	4.66659318437937	0.226	0.004	3.56692361966577e-108	c20	KDELR3
1.53636796851656e-112	6.8824404040255	0.094	0	5.15267089281083e-108	c20	IGHV3-35
1.16550576167655e-110	3.6062105384055	0.208	0.003	3.9088732235108e-106	c20	RAB31
1.01181869389341e-108	3.62822942438153	0.34	0.01	3.39343753557971e-104	c20	ABCB9
1.48860365578897e-107	5.81588974330034	0.113	0.001	4.99247894078504e-103	c20	LARGE1
9.711153177525e-106	14.4465602150314	0.17	0.002	3.25692655267833e-101	c20	IGHV1-2
4.78590460132571e-104	4.30792317321286	0.132	0.001	1.60509668519262e-99	c20	CD180
2.28114720725141e-103	3.09880202000905	0.321	0.009	7.65051150367979e-99	c20	AC007952.4
2.49906008026544e-103	9.54726103491115	0.075	0	8.38134769719424e-99	c20	IGHV4-55
2.55347705782399e-103	11.0791277491192	0.075	0	8.5638513565301e-99	c20	IGKV1-16
2.78322754698309e-103	6.98102525286612	0.075	0	9.33438854707189e-99	c20	SLCO5A1
2.84381819244492e-103	6.36893339971579	0.075	0	9.53759745382176e-99	c20	GPR176
2.60854481329853e-102	2.81905081636303	0.189	0.003	8.74853759484062e-98	c20	CAV1
3.09593237825284e-102	5.62671971543267	0.094	0.001	1.03831380101844e-97	c20	CPAMD8
3.84919484262508e-102	8.57017719654314	0.057	0	1.2909429663196e-97	c20	CR936218.1
3.95978473141792e-102	8.70933904279038	0.057	0	1.32803260322294e-97	c20	IGKV1D-8
3.95978473141792e-102	8.71196727237713	0.057	0	1.32803260322294e-97	c20	AC026369.3
4.19056598836783e-102	6.54265409467195	0.057	0	1.4054320211788e-97	c20	AL662796.1
4.19056598836783e-102	7.14665186131928	0.057	0	1.4054320211788e-97	c20	TEX14
4.40878942577872e-97	3.50116162906511	0.264	0.007	1.47861979761767e-92	c20	KANK1
1.50231058060234e-95	3.69953072265704	0.811	0.069	5.03844922522411e-91	c20	TRIB1
1.54463398891334e-95	3.963298146659	0.491	0.025	5.18039347201757e-91	c20	LINC01480
5.37938328754194e-95	10.9753851119382	0.113	0.001	1.80413756697581e-90	c20	IGHV4-4
2.00850476123295e-94	12.7096464695211	0.17	0.003	6.73612326822307e-90	c20	IGKV3-11
4.61792944806144e-93	3.08577366734143	0.925	0.087	1.54876117829085e-88	c20	CHPF
1.27968211805921e-91	3.39266510975117	0.415	0.018	4.29179788754699e-87	c20	LINC02384
2.92143848152055e-91	8.21921368788475	0.038	0	9.79792037932363e-87	c20	AL109613.1
2.92143848152055e-91	12.1957400347289	0.038	0	9.79792037932363e-87	c20	IGKV1-37
2.92143848152055e-91	10.1912917923237	0.038	0	9.79792037932363e-87	c20	IGKV1D-37
2.92143848152055e-91	8.80802725757527	0.038	0	9.79792037932363e-87	c20	IGKV1D-27
2.92143848152055e-91	8.14656419237599	0.038	0	9.79792037932363e-87	c20	LINC01484
2.92143848152055e-91	8.87442382160631	0.038	0	9.79792037932363e-87	c20	LINC00525
2.92143848152055e-91	8.41494806983596	0.038	0	9.79792037932363e-87	c20	MNX1-AS1
2.92143848152055e-91	8.30159924913569	0.038	0	9.79792037932363e-87	c20	PAEP
2.92143848152055e-91	8.30996266461409	0.038	0	9.79792037932363e-87	c20	LINC00707
2.92143848152055e-91	8.5431266271237	0.038	0	9.79792037932363e-87	c20	AC025569.1
2.92143848152055e-91	8.41837336917622	0.038	0	9.79792037932363e-87	c20	AF111167.2
2.92143848152055e-91	9.34221030498024	0.038	0	9.79792037932363e-87	c20	IGHJ3
2.92143848152055e-91	11.2429757384518	0.038	0	9.79792037932363e-87	c20	IGHV3-20
2.92143848152055e-91	10.3823057905176	0.038	0	9.79792037932363e-87	c20	IGHV1-67
2.92143848152055e-91	8.30003684424553	0.038	0	9.79792037932363e-87	c20	EPN2-AS1
2.92143848152055e-91	8.86760221003755	0.038	0	9.79792037932363e-87	c20	SRMS
2.92143848152055e-91	8.90279999211655	0.038	0	9.79792037932363e-87	c20	IGLV1-41
1.74035788704767e-90	15.5782191909594	0.075	0	5.83681228158048e-86	c20	IGKV1D-33
1.94858309112952e-90	13.6215419102496	0.075	0	6.53515797103018e-86	c20	IGHV3-11
2.14096167300903e-90	6.33319268216687	0.075	0	7.18035725893769e-86	c20	IGKV1-6
1.64744191701678e-89	5.23163920452662	0.113	0.001	5.52519070129088e-85	c20	AC087280.2
3.15620358377281e-88	2.92569243883998	0.396	0.017	1.05852755792572e-83	c20	PDIA5
3.93788191979262e-88	2.26555463608166	0.585	0.036	1.32068683826005e-83	c20	CXXC5
1.90128919895507e-87	2.73715367386643	0.434	0.021	6.37654371545553e-83	c20	RALGPS2
2.04789042687701e-87	14.9195339119031	0.132	0.002	6.86821491366011e-83	c20	IGHV4-39
1.01481216203742e-85	3.4758756168057	0.264	0.008	3.40347702904111e-81	c20	FAM49A
1.59186312825494e-85	3.86225782639292	0.226	0.006	5.33879055954143e-81	c20	RBM47
1.79758549304626e-85	3.90391981191435	0.226	0.006	6.02874222657853e-81	c20	ICAM4
4.79586429889582e-85	3.85351269410756	0.981	0.131	1.60843696856368e-80	c20	PRDX4
2.43571278584344e-83	4.92820748254086	0.151	0.002	8.16889354116173e-79	c20	TTLL7
8.47334961051134e-82	6.53135444922541	0.057	0	2.84179199237329e-77	c20	COL24A1
8.47334961051134e-82	6.37797690724813	0.057	0	2.84179199237329e-77	c20	AL449106.1
8.47334961051134e-82	7.0769347176154	0.057	0	2.84179199237329e-77	c20	COL4A3
8.47334961051134e-82	5.90955921035361	0.057	0	2.84179199237329e-77	c20	ST3GAL6-AS1
8.47334961051134e-82	6.41198673965801	0.057	0	2.84179199237329e-77	c20	AC079174.2
8.47334961051134e-82	7.44933499116208	0.057	0	2.84179199237329e-77	c20	AC099524.1
8.47334961051134e-82	6.87478594717854	0.057	0	2.84179199237329e-77	c20	CDH15
5.4562696702119e-81	3.71883550395532	0.34	0.014	1.82992372199567e-76	c20	BRSK1
2.38660082811447e-80	5.49700777867125	0.075	0	8.00418185733032e-76	c20	RSPO3
1.62102216795388e-79	3.99124471141882	0.189	0.004	5.43658414688371e-75	c20	AC004130.1
1.81783996677634e-79	4.2954397660664	0.189	0.004	6.09667168057449e-75	c20	KIF19
2.28854829758053e-79	2.40714615380686	0.283	0.01	7.67533328042559e-75	c20	TIMP2
4.81178458999054e-79	2.49916956602235	0.698	0.057	1.61377631579103e-74	c20	AKAP2
6.31808892426401e-78	3.13816233079463	0.245	0.007	2.11896066341966e-73	c20	FCGR2B
2.59755774469099e-77	2.85564715925649	0.283	0.01	8.71168916414464e-73	c20	LILRB1
1.15375362806123e-76	2.58370853835134	0.679	0.055	3.86945891779176e-72	c20	FNDC3B
1.22125162108107e-76	5.24252976326607	0.113	0.001	4.0958336867817e-72	c20	TBC1D12
5.50517507553919e-75	13.6146267893228	0.094	0.001	1.84632561683433e-70	c20	IGHV3-7
1.52071105062176e-73	2.99975875054766	0.377	0.019	5.10016072157527e-69	c20	TRAM2
4.78992410532441e-73	3.41875866023061	0.113	0.001	1.6064447464437e-68	c20	BANK1
2.53935617013671e-72	5.78626543174375	0.075	0.001	8.51649272340449e-68	c20	MYH15
2.53935617013671e-72	3.50921898655456	0.075	0.001	8.51649272340449e-68	c20	SORBS2
2.53935617013671e-72	5.8526880190595	0.075	0.001	8.51649272340449e-68	c20	F2RL3
3.68860144233578e-72	3.29052952733984	0.283	0.011	1.23708315173057e-67	c20	IGKV3OR2-268
6.84802530684527e-71	3.32840731517713	0.17	0.004	2.29669072740977e-66	c20	SYNGR1
4.30590226434265e-70	4.13057635359062	0.132	0.002	1.44411350141524e-65	c20	NOL3
6.54344840039563e-70	2.38738576493958	0.774	0.076	2.19454172452469e-65	c20	PDK1
4.10760745692332e-69	2.52220896426862	0.415	0.024	1.37760938890294e-64	c20	TCTN1
5.25564825427524e-69	2.59144136712463	0.66	0.058	1.76263931151883e-64	c20	SPATS2
2.91178554054015e-68	6.83705030398225	0.057	0	9.76554634586355e-64	c20	PPP1R9A
2.96716533619605e-68	6.55955731628093	0.057	0	9.95127910453433e-64	c20	STOX2
2.96716533619605e-68	6.76414914526585	0.057	0	9.95127910453433e-64	c20	RGL3
2.96716533619605e-68	6.4233204246349	0.057	0	9.95127910453433e-64	c20	LILRA2
6.54239897589308e-67	4.62741810143597	0.113	0.002	2.19418976853502e-62	c20	UNC13B
4.80451642793441e-66	5.290034261925	0.094	0.001	1.61133871960064e-61	c20	AL590666.2
1.07383895948429e-65	5.18966474705271	0.151	0.003	3.6014411023184e-61	c20	LINC00309
1.57023389858086e-65	4.27152301961085	0.151	0.003	5.26625044906049e-61	c20	GPT2
1.213252669015e-64	2.70929416924543	0.717	0.073	4.06900680134252e-60	c20	ELL2
1.01132337085175e-63	3.50141350072763	0.189	0.005	3.39177632116258e-59	c20	SLC41A2
2.2935580278697e-62	4.7166435243871	0.094	0.001	7.69213491386941e-58	c20	FCER2
4.40134088637107e-62	1.95081895081575	0.604	0.053	1.47612170647113e-57	c20	SCARB2
3.61764523357318e-61	7.95146824294986	0.038	0	1.21328585843577e-56	c20	AC006058.1
3.61764523357318e-61	6.54839720179936	0.038	0	1.21328585843577e-56	c20	SHROOM3
3.61764523357318e-61	6.73766642196079	0.038	0	1.21328585843577e-56	c20	TMEM184A
3.61764523357318e-61	7.03312277898859	0.038	0	1.21328585843577e-56	c20	IGSF1
3.61764523357318e-61	7.70274060336124	0.038	0	1.21328585843577e-56	c20	ARHGAP42
3.61764523357318e-61	7.5979196069601	0.038	0	1.21328585843577e-56	c20	RASSF8-AS1
3.61764523357318e-61	6.70643495236848	0.038	0	1.21328585843577e-56	c20	AC025031.1
3.61764523357318e-61	6.93228535753043	0.038	0	1.21328585843577e-56	c20	AC007614.1
3.88781817398388e-61	2.33231622828755	0.283	0.013	1.30389645919072e-56	c20	TMEM220
5.3361863759717e-61	2.6844462295835	0.245	0.01	1.78965018677339e-56	c20	PRSS16
2.33668516984046e-60	13.2674059805736	0.075	0.001	7.83677472261095e-56	c20	IGHV3-33
5.60031538327868e-60	3.7711890292311	0.396	0.026	1.878233773244e-55	c20	HIST1H2BJ
9.29759260762843e-60	3.68738748329457	0.151	0.004	3.11822660874642e-55	c20	GATM
1.28772505636326e-58	7.24845396443229	0.057	0	4.3187722940311e-54	c20	CRYBB1
1.35159269615303e-58	5.82310994854522	0.057	0	4.53297158435804e-54	c20	NCMAP
1.4186153810263e-58	5.66412391452223	0.057	0	4.75775226488602e-54	c20	CXXC4
1.4186153810263e-58	5.33434011112389	0.057	0	4.75775226488602e-54	c20	XK
1.4186153810263e-58	6.16019159833455	0.057	0	4.75775226488602e-54	c20	AL162411.1
3.63468995941522e-58	3.12226892434604	0.208	0.007	1.21900231858868e-53	c20	PAQR6
1.18400602177354e-57	11.4301830900667	0.151	0.004	3.97091939582411e-53	c20	IGKV1-39
2.86374014594716e-57	4.58975366922662	0.113	0.002	9.60441170147757e-53	c20	PHACTR1
3.20218448615549e-57	3.18820177161174	0.113	0.002	1.07394863296683e-52	c20	DAPK1
3.33247747950204e-57	4.03534824395351	0.113	0.002	1.11764629707539e-52	c20	KLHDC9
5.17426699460596e-57	3.22947340104634	0.208	0.007	1.73534566465095e-52	c20	MDK
6.70933352590206e-57	2.43429812532959	0.302	0.016	2.25017627791703e-52	c20	CD40
1.07848806251511e-56	2.78059087804305	0.698	0.079	3.61703326406318e-52	c20	RAB30
4.45290873537499e-56	4.71085159767852	0.094	0.001	1.49341653167006e-51	c20	LAMA5
4.70824320426606e-56	2.79453186858037	0.868	0.125	1.57905060584675e-51	c20	RRBP1
1.2159969308953e-55	4.87429425471087	0.075	0.001	4.07821050683665e-51	c20	CCDC151
1.2159969308953e-55	4.90620933288607	0.075	0.001	4.07821050683665e-51	c20	RSPH1
1.72782244517139e-55	4.21568915630492	0.283	0.014	5.79477091661581e-51	c20	APOBEC3B
1.98313754617843e-55	2.393895768831	0.849	0.112	6.65104670237321e-51	c20	UAP1
3.48057698467297e-55	2.14547357640727	0.415	0.03	1.16731590911962e-50	c20	PDLIM1
1.85933001973781e-54	3.09351218656498	0.226	0.009	6.23582102019666e-50	c20	EVI5
1.58982689386613e-53	13.4302681408658	0.094	0.001	5.33196143664822e-49	c20	IGKV1-9
2.15110030979722e-53	4.98224744117753	0.094	0.001	7.2143602189979e-49	c20	CRNDE
1.90341305886457e-52	3.37125374603451	0.189	0.007	6.38366671681999e-48	c20	CNKSR1
4.78274905201798e-52	1.95635949989424	0.717	0.085	1.60403837706579e-47	c20	C11orf24
2.6016937071773e-51	5.29892871908176	0.057	0	8.72556035513125e-47	c20	RAPGEF3
4.79746278463826e-51	14.1747944674307	0.094	0.002	1.60897306871198e-46	c20	IGLV2-8
6.29305644432325e-51	3.91887209700967	0.094	0.002	2.11056527029713e-46	c20	RASSF6
2.26015922579987e-50	2.62847420009586	0.189	0.007	7.58012201148761e-46	c20	ANG
3.42574180975114e-50	2.08403652621546	0.509	0.047	1.14892528815434e-45	c20	AC078883.1
1.25036493734948e-48	2.31170790925855	0.283	0.016	4.19347392688269e-44	c20	WFS1
2.36380939190273e-48	10.0961041282046	0.075	0.001	7.92774393856336e-44	c20	IGKV2D-28
2.56044979316854e-48	14.7781100869527	0.075	0.001	8.58723651632865e-44	c20	IGHV1-46
3.18922871609395e-48	4.13693713715442	0.075	0.001	1.06960352680359e-43	c20	SYNPO
6.85087172288104e-47	9.59313850650289	0.094	0.002	2.29764535841984e-42	c20	IGHV4-59
9.16395307491137e-47	1.47550496450119	0.132	0.004	3.07340658226377e-42	c20	SPI1
1.20777663550301e-46	4.33724568926058	0.094	0.002	4.05064128014998e-42	c20	BGLAP
1.54033803496019e-46	7.89834418627009	0.019	0	5.1659857016495e-42	c20	LDLRAD2
1.54033803496019e-46	7.89893259855861	0.019	0	5.1659857016495e-42	c20	AC099677.4
1.54033803496019e-46	8.18262006933352	0.019	0	5.1659857016495e-42	c20	NEXN-AS1
1.54033803496019e-46	8.18262006933352	0.019	0	5.1659857016495e-42	c20	AC016907.2
1.54033803496019e-46	9.79988529769408	0.019	0	5.1659857016495e-42	c20	IGKV1D-16
1.54033803496019e-46	13.5786772866371	0.019	0	5.1659857016495e-42	c20	IGKV1D-43
1.54033803496019e-46	8.53532342055515	0.019	0	5.1659857016495e-42	c20	ZNF804A
1.54033803496019e-46	8.17052292010999	0.019	0	5.1659857016495e-42	c20	AC006058.3
1.54033803496019e-46	7.93841903645719	0.019	0	5.1659857016495e-42	c20	CLRN1
1.54033803496019e-46	8.28745680665596	0.019	0	5.1659857016495e-42	c20	OSTN-AS1
1.54033803496019e-46	8.44607607319337	0.019	0	5.1659857016495e-42	c20	TMPRSS11E
1.54033803496019e-46	7.89834418627009	0.019	0	5.1659857016495e-42	c20	ARHGEF38
1.54033803496019e-46	8.11945961261547	0.019	0	5.1659857016495e-42	c20	AC079340.2
1.54033803496019e-46	8.69010133018631	0.019	0	5.1659857016495e-42	c20	UBE2QL1
1.54033803496019e-46	8.11206988294746	0.019	0	5.1659857016495e-42	c20	MEF2C-AS2
1.54033803496019e-46	8.02888354689127	0.019	0	5.1659857016495e-42	c20	IL17B
1.54033803496019e-46	7.89834418627009	0.019	0	5.1659857016495e-42	c20	LINC02227
1.54033803496019e-46	8.11206988294746	0.019	0	5.1659857016495e-42	c20	LINC01485
1.54033803496019e-46	7.89893259855861	0.019	0	5.1659857016495e-42	c20	AL731684.1
1.54033803496019e-46	8.18262006933352	0.019	0	5.1659857016495e-42	c20	AC010719.1
1.54033803496019e-46	8.36919449506583	0.019	0	5.1659857016495e-42	c20	AC002451.1
1.54033803496019e-46	8.05423139105471	0.019	0	5.1659857016495e-42	c20	LRRC17
1.54033803496019e-46	8.11369753393879	0.019	0	5.1659857016495e-42	c20	AC004973.1
1.54033803496019e-46	8.15664780754457	0.019	0	5.1659857016495e-42	c20	AC021678.2
1.54033803496019e-46	8.18484919725606	0.019	0	5.1659857016495e-42	c20	NKX6-3
1.54033803496019e-46	7.94879640182254	0.019	0	5.1659857016495e-42	c20	LINC01607
1.54033803496019e-46	7.89834418627009	0.019	0	5.1659857016495e-42	c20	AC091563.1
1.54033803496019e-46	7.89834418627009	0.019	0	5.1659857016495e-42	c20	AL161729.3
1.54033803496019e-46	7.86095951744474	0.019	0	5.1659857016495e-42	c20	ASTN2-AS1
1.54033803496019e-46	7.94879640182254	0.019	0	5.1659857016495e-42	c20	PLPP7
1.54033803496019e-46	8.04167494522136	0.019	0	5.1659857016495e-42	c20	OR2D3
1.54033803496019e-46	8.19565198066256	0.019	0	5.1659857016495e-42	c20	MYEOV
1.54033803496019e-46	7.94574260229211	0.019	0	5.1659857016495e-42	c20	NXPE4
1.54033803496019e-46	7.94879640182254	0.019	0	5.1659857016495e-42	c20	GRIK4
1.54033803496019e-46	8.1374654776496	0.019	0	5.1659857016495e-42	c20	AL512631.2
1.54033803496019e-46	9.33223648540808	0.019	0	5.1659857016495e-42	c20	MKX
1.54033803496019e-46	7.94879640182254	0.019	0	5.1659857016495e-42	c20	ARMC4
1.54033803496019e-46	8.15664780754457	0.019	0	5.1659857016495e-42	c20	AL731567.1
1.54033803496019e-46	8.11369753393879	0.019	0	5.1659857016495e-42	c20	PRKG1-AS1
1.54033803496019e-46	7.96368879605247	0.019	0	5.1659857016495e-42	c20	DKK1
1.54033803496019e-46	8.05816468381204	0.019	0	5.1659857016495e-42	c20	CYP26A1
1.54033803496019e-46	7.9497514595635	0.019	0	5.1659857016495e-42	c20	AC022509.3
1.54033803496019e-46	8.16930215490912	0.019	0	5.1659857016495e-42	c20	PDZRN4
1.54033803496019e-46	7.95094101133299	0.019	0	5.1659857016495e-42	c20	CLLU1OS
1.54033803496019e-46	8.21518279549199	0.019	0	5.1659857016495e-42	c20	PITPNM2-AS1
1.54033803496019e-46	8.11945961261547	0.019	0	5.1659857016495e-42	c20	FAM71D
1.54033803496019e-46	8.04167494522136	0.019	0	5.1659857016495e-42	c20	AC005225.2
1.54033803496019e-46	8.83317123831498	0.019	0	5.1659857016495e-42	c20	IGHJ2
1.54033803496019e-46	10.195662800943	0.019	0	5.1659857016495e-42	c20	IGHJ1
1.54033803496019e-46	8.63213284477319	0.019	0	5.1659857016495e-42	c20	IGHV1-14
1.54033803496019e-46	8.0827441475238	0.019	0	5.1659857016495e-42	c20	IGHV3-64
1.54033803496019e-46	8.72739970995657	0.019	0	5.1659857016495e-42	c20	IGHV3-69-1
1.54033803496019e-46	8.350436023592	0.019	0	5.1659857016495e-42	c20	IGHV3-71
1.54033803496019e-46	8.21518279549199	0.019	0	5.1659857016495e-42	c20	PLA2G4E-AS1
1.54033803496019e-46	8.18151296054289	0.019	0	5.1659857016495e-42	c20	AC025580.3
1.54033803496019e-46	7.94011941937889	0.019	0	5.1659857016495e-42	c20	AC138904.3
1.54033803496019e-46	7.9497514595635	0.019	0	5.1659857016495e-42	c20	LINC01228
1.54033803496019e-46	8.02279938562654	0.019	0	5.1659857016495e-42	c20	AC092384.1
1.54033803496019e-46	8.4068274691566	0.019	0	5.1659857016495e-42	c20	AC135178.3
1.54033803496019e-46	8.04167494522136	0.019	0	5.1659857016495e-42	c20	LINC01987
1.54033803496019e-46	9.16254147220817	0.019	0	5.1659857016495e-42	c20	GACAT2
1.54033803496019e-46	8.17052292010999	0.019	0	5.1659857016495e-42	c20	LINC01543
1.54033803496019e-46	8.11206988294746	0.019	0	5.1659857016495e-42	c20	SLC13A3
1.54033803496019e-46	8.02279938562654	0.019	0	5.1659857016495e-42	c20	LINC00494
1.54033803496019e-46	7.86095951744474	0.019	0	5.1659857016495e-42	c20	AL161937.2
1.54033803496019e-46	8.18151296054289	0.019	0	5.1659857016495e-42	c20	LINC01273
1.54033803496019e-46	8.11671174729451	0.019	0	5.1659857016495e-42	c20	AC005220.1
1.54033803496019e-46	7.89834418627009	0.019	0	5.1659857016495e-42	c20	TFAP2C
1.54033803496019e-46	7.95094101133299	0.019	0	5.1659857016495e-42	c20	LINC01749
1.54033803496019e-46	8.4315798744164	0.019	0	5.1659857016495e-42	c20	HOMER3-AS1
1.54033803496019e-46	8.1374654776496	0.019	0	5.1659857016495e-42	c20	CACNG6
1.54033803496019e-46	8.08713665557876	0.019	0	5.1659857016495e-42	c20	CECR2
1.54033803496019e-46	7.96368879605247	0.019	0	5.1659857016495e-42	c20	LINC01634
1.54033803496019e-46	11.8874334976203	0.019	0	5.1659857016495e-42	c20	IGLVI-70
1.54033803496019e-46	8.45521813374418	0.019	0	5.1659857016495e-42	c20	IGLV5-48
1.54033803496019e-46	17.7176490669813	0.019	0	5.1659857016495e-42	c20	IGLV2-33
1.54033803496019e-46	7.96588857230089	0.019	0	5.1659857016495e-42	c20	IGLV3-27
1.54033803496019e-46	11.08392608577	0.019	0	5.1659857016495e-42	c20	IGLV3-16
1.54033803496019e-46	8.05423139105471	0.019	0	5.1659857016495e-42	c20	IGLC5
1.54033803496019e-46	9.28470184345525	0.019	0	5.1659857016495e-42	c20	IGLC6
1.54033803496019e-46	8.10458854236677	0.019	0	5.1659857016495e-42	c20	C21orf62
1.54033803496019e-46	7.9497514595635	0.019	0	5.1659857016495e-42	c20	CBS
1.54033803496019e-46	9.58006916518819	0.019	0	5.1659857016495e-42	c20	AC141272.1
3.89269483242113e-46	14.3529152820467	0.038	0	1.3055319928974e-41	c20	IGKV1-33
3.89269483242113e-46	17.2053410050092	0.038	0	1.3055319928974e-41	c20	IGHV2-5
3.96686474362892e-46	13.7365797449873	0.038	0	1.33040709771827e-41	c20	IGHV3-43
4.1194497666357e-46	6.78619760237777	0.038	0	1.38158106273428e-41	c20	LINC01781
4.19791843169232e-46	6.59076892551755	0.038	0	1.40789788362097e-41	c20	MEF2C-AS1
4.19791843169232e-46	6.25795685527911	0.038	0	1.40789788362097e-41	c20	TRIM55
4.19791843169232e-46	6.02233819428577	0.038	0	1.40789788362097e-41	c20	AL928970.1
4.19791843169232e-46	6.16636787640668	0.038	0	1.40789788362097e-41	c20	GNB3
4.19791843169232e-46	6.85061362625451	0.038	0	1.40789788362097e-41	c20	RAMP2-AS1
4.19791843169232e-46	6.32849925859868	0.038	0	1.40789788362097e-41	c20	MYBPC2
1.0177274714427e-45	12.617521047452	0.057	0.001	3.41325439372453e-41	c20	IGHV5-10-1
1.16804257821897e-45	5.20991521714706	0.057	0.001	3.91738119883078e-41	c20	PGAM2
3.30236365121725e-45	2.69514610257158	0.075	0.001	1.10754672134524e-40	c20	VPREB3
7.84855895069602e-45	3.04398105455622	0.151	0.005	2.63224970088443e-40	c20	AL354707.1
9.16984973309215e-45	3.13404702027857	0.132	0.004	3.07538420348445e-40	c20	DEPTOR
9.47812046952682e-45	3.87487635806205	0.094	0.002	3.17877204306991e-40	c20	INSR
3.15612809426827e-44	2.50226708281554	0.377	0.031	1.05850224025569e-39	c20	STAP1
2.28993944775412e-42	2.45663405499083	0.189	0.008	7.67999891987775e-38	c20	USP6NL
4.9165165084243e-42	3.32413847288773	0.151	0.005	1.64890130659534e-37	c20	TMC3-AS1
6.70527642225941e-42	2.48193643722952	0.434	0.042	2.24881560649736e-37	c20	CXorf21
3.43490648399848e-41	2.55620335888346	0.264	0.016	1.15199893660341e-36	c20	QPCT
3.90413845433391e-41	3.91399198367482	0.057	0.001	1.30936995481451e-36	c20	CALCRL
3.90413845433391e-41	5.29323609235807	0.057	0.001	1.30936995481451e-36	c20	OBSL1
3.90413845433391e-41	4.95445334577003	0.057	0.001	1.30936995481451e-36	c20	VEGFA
3.90413845433391e-41	5.03637539886261	0.057	0.001	1.30936995481451e-36	c20	IGHV3-72
5.46299591266827e-41	1.95505635570905	0.377	0.032	1.83217956919068e-36	c20	FICD
1.3260120304702e-40	1.63245566998633	0.623	0.08	4.44717914779095e-36	c20	WIPI1
3.51611430043067e-40	4.41621647160518	0.075	0.001	1.17923441407844e-35	c20	ARHGAP6
3.6241611208438e-40	12.1563035918262	0.094	0.002	1.21547115670859e-35	c20	IGKV1D-39
5.85528975852482e-40	1.57850341717233	0.774	0.116	1.96374707921405e-35	c20	TMEM205
8.37796472033638e-40	2.66287581304496	1	0.339	2.80980180790641e-35	c20	UBE2J1
2.25533533545319e-39	1.58006303896116	0.66	0.09	7.56394364804292e-35	c20	TSPAN3
7.48460701550856e-39	2.11322192641829	0.906	0.175	2.51018750086126e-34	c20	PLPP5
3.97085975357169e-38	5.4589164881576	0.075	0.001	1.33174694415287e-33	c20	AC126696.3
4.39758819259994e-38	4.74219252876277	0.075	0.001	1.47486312803417e-33	c20	UGDH-AS1
4.53784012303096e-38	4.01692820698504	0.075	0.001	1.52190082046212e-33	c20	TEX9
7.88671414272058e-38	1.61585430656081	0.623	0.084	2.64504618918563e-33	c20	FAM69A
8.5258208630523e-38	2.57434304322615	0.264	0.018	2.85938980105048e-33	c20	SLC43A2
1.32409774664407e-37	1.63563066486738	0.547	0.068	4.44075902269488e-33	c20	CLPTM1L
1.70898779020166e-37	11.2373159498123	0.057	0.001	5.73160325077832e-33	c20	IGKV2-28
1.81714536772984e-37	6.20036900260469	0.057	0.001	6.09434213429232e-33	c20	POF1B
1.89300325459641e-37	5.02825373424575	0.057	0.001	6.34875431526545e-33	c20	NDUFA4L2
1.9720080736756e-37	5.2361347670094	0.057	0.001	6.61372067749324e-33	c20	MARC2
2.66158301877609e-37	1.78465402789841	0.679	0.099	8.92641712837126e-33	c20	SIL1
4.49701961898965e-37	15.9726620807371	0.038	0	1.50821043981675e-32	c20	IGHV6-1
4.63470586674769e-37	7.19811162624632	0.038	0	1.55438765358984e-32	c20	ARFGEF3
4.63470586674769e-37	6.44895368775728	0.038	0	1.55438765358984e-32	c20	AC015712.2
4.7051121146287e-37	3.96634052744489	0.038	0	1.57800050100417e-32	c20	PLA2G2D
4.7051121146287e-37	6.45669897169799	0.038	0	1.57800050100417e-32	c20	C3orf70
4.7051121146287e-37	5.0279448890303	0.038	0	1.57800050100417e-32	c20	PCDHGB7
4.7051121146287e-37	5.91926175170706	0.038	0	1.57800050100417e-32	c20	CNR1
4.7051121146287e-37	6.10201401788832	0.038	0	1.57800050100417e-32	c20	HBB
4.7051121146287e-37	5.37285511482731	0.038	0	1.57800050100417e-32	c20	PLEKHG7
4.7051121146287e-37	6.17804263662237	0.038	0	1.57800050100417e-32	c20	LINC02340
4.7051121146287e-37	5.79875003074505	0.038	0	1.57800050100417e-32	c20	BCL2L10
4.7051121146287e-37	5.39023516118518	0.038	0	1.57800050100417e-32	c20	PRKCG
4.7051121146287e-37	5.49131008226201	0.038	0	1.57800050100417e-32	c20	ZNF295-AS1
7.53747499815453e-37	1.42785969573372	0.283	0.021	2.52791836488107e-32	c20	HDAC9
1.48068656799006e-36	1.50202671771307	0.509	0.061	4.96592661172505e-32	c20	LY96
2.30698313226639e-36	2.75324230492993	0.981	0.418	7.737160028995e-32	c20	SEC11C
3.33844153500069e-36	2.24116004067084	0.132	0.005	1.11964652200853e-31	c20	S100A13
3.52670862871746e-36	4.62169885085122	0.075	0.001	1.18278753989926e-31	c20	EML6
3.69063242051947e-36	2.98351727951096	1	0.866	1.23776430119382e-31	c20	SSR4
1.53462596009312e-35	1.41842844582875	0.66	0.097	5.14682854496031e-31	c20	SLC1A4
2.80604594376849e-35	3.06561942945832	1	0.515	9.41091688621077e-31	c20	HERPUD1
4.38357327953983e-35	1.41450036532809	0.566	0.076	1.47016280649207e-30	c20	SLC25A4
7.31690750778201e-35	3.58813272848313	0.094	0.002	2.45394443995993e-30	c20	AP002852.1
1.37851534187589e-34	3.60753778100993	0.17	0.008	4.62326475358335e-30	c20	NT5DC2
1.90952398801226e-34	14.7423267304611	0.057	0.001	6.40416155099552e-30	c20	IGHV3-30
1.95968978180481e-34	3.76260991430078	0.075	0.002	6.57240759021698e-30	c20	SLC15A2
2.34649777094095e-34	5.04280466774149	0.057	0.001	7.86968422418175e-30	c20	AC004540.1
2.50847760710932e-34	2.43542318362881	0.189	0.01	8.41293219872324e-30	c20	RNASE6
2.55771590136105e-34	1.99240018503319	0.302	0.025	8.5780675899847e-30	c20	PAIP2B
4.33934892449847e-34	3.17341797704305	0.17	0.008	1.4553308422983e-29	c20	DPCD
3.59465012511816e-33	1.7225701066612	0.528	0.071	1.20557375896213e-28	c20	PLCG2
4.57596959453013e-33	2.99457731978083	0.151	0.007	1.53468868261351e-28	c20	IRS1
5.49993707823949e-33	1.35945026328585	0.604	0.087	1.84456889729996e-28	c20	HYI
5.96994033711328e-33	7.71391120931594	0.075	0.002	2.00219859026105e-28	c20	IGLV2-23
7.48392058999149e-33	2.1466055125267	0.358	0.036	2.50995728747135e-28	c20	CLCC1
1.5097808329447e-32	2.32499889856003	0.189	0.011	5.06350295752995e-28	c20	PPFIBP2
2.19865264579414e-32	2.77787454540698	1	0.534	7.3738412434644e-28	c20	XBP1
3.56424814866678e-32	1.64252043944429	0.849	0.169	1.19537754409986e-27	c20	SLAMF7
9.51485588255712e-32	1.3687679329136	0.566	0.082	3.19109236589201e-27	c20	EIF2AK3
9.55464425405355e-32	2.59225533188359	0.283	0.024	3.20443658992448e-27	c20	PTCH2
9.62061800695943e-32	1.94681554491904	0.887	0.195	3.22656286717405e-27	c20	TXNDC11
1.2885646046879e-31	2.87769783001646	0.17	0.009	4.32158797120227e-27	c20	C19orf38
1.65669394873111e-31	1.85093992285502	0.264	0.021	5.55622016525441e-27	c20	BLK
4.66767437145698e-31	12.9932194845774	0.038	0	1.56544463069924e-26	c20	IGHG2
4.78637423357744e-31	14.1003427772366	0.038	0	1.6052541904572e-26	c20	IGHV3-66
5.16075190554466e-31	5.29534960903563	0.038	0	1.73081297408157e-26	c20	AJAP1
5.16075190554466e-31	5.31314712715132	0.038	0	1.73081297408157e-26	c20	WNT6
5.16075190554466e-31	5.24686106072505	0.038	0	1.73081297408157e-26	c20	IGLV7-46
9.80193154307256e-31	2.59929180730567	1	0.669	3.28737180091568e-26	c20	HSP90B1
1.0003719359492e-30	1.12937822685316	0.453	0.057	3.35504739878643e-26	c20	MAGEF1
1.05670411372211e-30	1.69711274271822	0.34	0.034	3.5439742566012e-26	c20	AC245014.3
2.378516740946e-30	1.68240356891514	0.887	0.187	7.97706944578469e-26	c20	SEL1L3
2.45996631203124e-30	1.89557459536725	0.17	0.009	8.25023501729038e-26	c20	P3H3
2.74144181471039e-30	0.963708384727046	0.491	0.066	9.1942475581757e-26	c20	TMEM19
3.97095396038275e-30	4.22096204854685	0.094	0.003	1.33177853923317e-25	c20	UCHL1
4.0042545411632e-30	3.44279597633657	0.075	0.002	1.34294688801531e-25	c20	TTC28
4.02909559879748e-30	2.81126795961081	0.075	0.002	1.3512780819247e-25	c20	SPIB
5.93647396351262e-30	1.32989473040917	0.811	0.155	1.99097463788286e-25	c20	NANS
1.39948986530462e-29	2.24513427469507	0.962	0.339	4.69360911025863e-25	c20	PDIA4
1.60667247396558e-29	1.63197159833637	0.717	0.132	5.38845814318575e-25	c20	SYVN1
1.71706909714843e-29	3.35431013313453	0.057	0.001	5.75870633801639e-25	c20	PDLIM3
1.73086865574938e-29	4.43768517591322	0.057	0.001	5.80498729765227e-25	c20	AL359541.1
1.73086865574938e-29	3.89564354709476	0.057	0.001	5.80498729765227e-25	c20	CCSER1
1.73086865574938e-29	4.01313508708037	0.057	0.001	5.80498729765227e-25	c20	HEY2
2.52744130765212e-29	0.920651044941903	0.623	0.099	8.47653265760367e-25	c20	IFNGR2
3.38281411477669e-29	0.891009421930164	0.547	0.081	1.13452819781381e-24	c20	CCDC50
4.71729453175904e-29	1.13077638078373	0.472	0.064	1.58208624006135e-24	c20	ERC1
6.59948858473738e-29	3.55959777808682	0.075	0.002	2.21333648154922e-24	c20	C9orf116
1.50238238602555e-28	1.82244530695582	0.189	0.012	5.03869004625249e-24	c20	SMIM1
2.58941836125473e-28	1.77328769845305	0.208	0.015	8.68439129997612e-24	c20	UBE2E2
3.39125909364142e-28	1.04354677021646	0.245	0.02	1.13736047482546e-23	c20	IFNG-AS1
3.6868399487806e-28	3.46538581511911	0.113	0.005	1.23649238202204e-23	c20	FGD4
4.43850926373298e-28	1.10823555386469	0.774	0.147	1.48858723687077e-23	c20	FAM3C
5.48254997847049e-28	1.35461797009348	0.547	0.084	1.83873761177943e-23	c20	SLC44A1
7.31013810424324e-28	5.20287460272111	0.075	0.002	2.4516741174011e-23	c20	RHBDL1
1.27525371133201e-27	1.35031893414808	0.491	0.072	4.2769458970653e-23	c20	CTSH
1.31396326375891e-27	2.89831511904117	0.113	0.005	4.40676999399462e-23	c20	RAPGEF5
1.52055854303953e-27	2.75555748500851	0.057	0.001	5.09964924164596e-23	c20	CTGF
2.59372053960106e-27	1.18850246075549	0.509	0.076	8.69881994571405e-23	c20	AIG1
3.02863977819444e-27	1.823441335373	0.245	0.021	1.01574520881085e-22	c20	ACSS2
3.09144101667255e-27	0.994379180748012	0.528	0.081	1.03680748817164e-22	c20	RCN1
6.77168107863036e-27	1.83017779867846	0.962	0.264	2.27108640015105e-22	c20	CRELD2
6.88630657985218e-27	2.29534932165762	0.962	0.367	2.30952950075082e-22	c20	ITM2C
7.03510106802027e-27	1.00358277449848	0.585	0.096	2.35943219619264e-22	c20	MCEE
1.02051475515182e-26	6.81264460148926	0.038	0	3.42260238582818e-22	c20	DNAJC5B
1.03154107301341e-26	6.4156748066883	0.038	0	3.45958245067236e-22	c20	AC111006.1
1.06533371647204e-26	5.7003224433784	0.038	0	3.57291621830393e-22	c20	GAS2
1.06533371647204e-26	5.28332357018698	0.038	0	3.57291621830393e-22	c20	MYO5B
1.07684005164292e-26	5.66201987632953	0.038	0	3.61150616520003e-22	c20	SLC2A5
1.07684005164292e-26	5.41507023059211	0.038	0	3.61150616520003e-22	c20	AC008494.3
1.07684005164292e-26	4.95178673148841	0.038	0	3.61150616520003e-22	c20	COL19A1
1.07684005164292e-26	5.11143471582102	0.038	0	3.61150616520003e-22	c20	SMIM5
1.66758085041984e-26	1.53974319838231	0.585	0.1	5.59273265613806e-22	c20	MANEA
2.33358270660919e-26	2.55781779302874	0.189	0.013	7.82636968142589e-22	c20	KCNK12
3.01172236025482e-26	3.45863773488305	0.113	0.005	1.01007144518226e-21	c20	FRMD6
5.29994122462098e-26	1.70826926725163	0.226	0.019	1.77749428791338e-21	c20	STARD5
7.54291373281773e-26	4.3092720892184	0.057	0.001	2.52974240771241e-21	c20	HEY1
1.78737386406361e-25	2.00384980750144	0.943	0.425	5.99449446529652e-21	c20	FKBP2
1.86832573676893e-25	1.29735577890001	0.283	0.029	6.26599085597564e-21	c20	CCDC88A
2.20807182065744e-25	1.54195903844786	0.547	0.092	7.40543127212091e-21	c20	ERGIC1
2.46808859142751e-25	2.85325470952084	0.113	0.005	8.27747551792958e-21	c20	AL360012.1
3.2887829300006e-25	1.51704954374353	0.887	0.211	1.1029920190636e-20	c20	CCPG1
7.32959156184409e-25	1.47204260627398	0.245	0.023	2.45819841801127e-20	c20	FBP1
8.06209271448656e-25	1.3164353157824	0.472	0.073	2.7038646545845e-20	c20	SCPEP1
1.24078465053468e-24	2.27784420388303	0.17	0.012	4.1613435609632e-20	c20	STBD1
1.43044473092475e-24	13.8284461159291	0.208	0.018	4.79742553857542e-20	c20	IGLV2-14
2.43085807788103e-24	4.28409429868605	0.057	0.001	8.15261182159738e-20	c20	GPRC5C
4.34974381028553e-24	2.75233382853339	0.094	0.004	1.45881707909356e-19	c20	OR2A1-AS1
4.51291932837888e-24	3.33471306825642	0.075	0.002	1.51354288435171e-19	c20	ABCG2
5.28403212790056e-24	1.33820258068179	0.679	0.137	1.77215869505529e-19	c20	GMPPB
5.97830546002713e-24	0.487025738752607	0.566	0.098	2.0050040851839e-19	c20	FCGRT
6.70951397795648e-24	8.22925423857318	0.019	0	2.25023679792704e-19	c20	MARK1
6.70951397795648e-24	9.71222233992013	0.019	0	2.25023679792704e-19	c20	IGKV2D-30
6.70951397795648e-24	8.5040074474507	0.019	0	2.25023679792704e-19	c20	UGT2B17
6.70951397795648e-24	7.8469821102832	0.019	0	2.25023679792704e-19	c20	KCTD14
6.70951397795648e-24	9.01349248404042	0.019	0	2.25023679792704e-19	c20	IGLV2-5
6.8379214765143e-24	6.46184896277487	0.019	0	2.29330210479337e-19	c20	SPAG17
6.8379214765143e-24	6.1394348636272	0.019	0	2.29330210479337e-19	c20	TMEM178A
6.8379214765143e-24	6.75465094057076	0.019	0	2.29330210479337e-19	c20	IGKV1-8
6.8379214765143e-24	7.17193213242574	0.019	0	2.29330210479337e-19	c20	SCN3A
6.8379214765143e-24	7.19461804653289	0.019	0	2.29330210479337e-19	c20	STXBP5L
6.8379214765143e-24	6.44143255961131	0.019	0	2.29330210479337e-19	c20	LRRC14B
6.8379214765143e-24	6.31412542829142	0.019	0	2.29330210479337e-19	c20	PCDHB8
6.8379214765143e-24	7.44428007008596	0.019	0	2.29330210479337e-19	c20	GPR151
6.8379214765143e-24	6.91637134868991	0.019	0	2.29330210479337e-19	c20	AC004895.1
6.8379214765143e-24	7.3786827011802	0.019	0	2.29330210479337e-19	c20	INMT
6.8379214765143e-24	7.08665873457713	0.019	0	2.29330210479337e-19	c20	MID1
6.8379214765143e-24	7.37586541126467	0.019	0	2.29330210479337e-19	c20	COL4A6
6.8379214765143e-24	6.31412542829142	0.019	0	2.29330210479337e-19	c20	AC027117.2
6.8379214765143e-24	6.82158994327822	0.019	0	2.29330210479337e-19	c20	PCAT7
6.8379214765143e-24	6.35343659749682	0.019	0	2.29330210479337e-19	c20	CHRM4
6.8379214765143e-24	7.4695140504304	0.019	0	2.29330210479337e-19	c20	DDN
6.8379214765143e-24	7.61746841263134	0.019	0	2.29330210479337e-19	c20	AC137834.2
6.8379214765143e-24	6.56257143385524	0.019	0	2.29330210479337e-19	c20	NPAS3
6.8379214765143e-24	6.39067206907222	0.019	0	2.29330210479337e-19	c20	IGHV3-13
6.8379214765143e-24	6.67339834979218	0.019	0	2.29330210479337e-19	c20	IGHV7-81
6.8379214765143e-24	7.39014567829675	0.019	0	2.29330210479337e-19	c20	SCNN1G
6.8379214765143e-24	6.3523488674519	0.019	0	2.29330210479337e-19	c20	AC010542.3
6.8379214765143e-24	6.64765898264497	0.019	0	2.29330210479337e-19	c20	LPIN3
6.8379214765143e-24	7.41809604000747	0.019	0	2.29330210479337e-19	c20	CIB3
6.8379214765143e-24	6.7526453465114	0.019	0	2.29330210479337e-19	c20	AC005759.1
6.8379214765143e-24	6.84275614988877	0.019	0	2.29330210479337e-19	c20	IGLV4-60
6.8379214765143e-24	7.1453634285553	0.019	0	2.29330210479337e-19	c20	FAM19A5
6.8379214765143e-24	6.82274496027979	0.019	0	2.29330210479337e-19	c20	CU634019.1
6.97648238130311e-24	2.24306396874238	0.528	0.094	2.33977266104144e-19	c20	ITGA6
1.03082533787966e-23	1.37764953284794	0.34	0.043	3.45718201818081e-19	c20	LARP1B
1.10259118934941e-23	1.17535118369593	0.736	0.154	3.69787033084004e-19	c20	ST6GALNAC4
1.61457331116863e-23	1.96682953059548	0.962	0.475	5.41495597099736e-19	c20	FKBP11
1.6847772738703e-23	13.9186037428307	0.038	0.001	5.6504060211062e-19	c20	IGHV3-74
1.79930434769636e-23	6.49453346938815	0.038	0.001	6.03450692130404e-19	c20	TRPM4
1.86817533951876e-23	4.77789366877342	0.038	0.001	6.26548645367802e-19	c20	PAX5
1.88579705424532e-23	4.72701415342164	0.038	0.001	6.32458616052796e-19	c20	AC026202.3
1.88579705424532e-23	4.6274895282375	0.038	0.001	6.32458616052796e-19	c20	LINC02397
1.88579705424532e-23	5.11235470714247	0.038	0.001	6.32458616052796e-19	c20	GUCY2D
1.88579705424532e-23	4.70877557164125	0.038	0.001	6.32458616052796e-19	c20	AF127936.1
2.87108619178633e-23	1.70234167845109	0.17	0.012	9.62904887001298e-19	c20	PODXL2
3.66330156167559e-23	1.25172298423761	0.887	0.209	1.22859807775476e-18	c20	SRPRB
5.26806761094229e-23	3.8757864045762	0.057	0.001	1.76680451535783e-18	c20	ANKRD53
1.30622002019355e-22	1.36684171078495	1	0.61	4.38080070372511e-18	c20	SPCS2
1.46673766797667e-22	3.40593317715543	0.075	0.003	4.91914479086017e-18	c20	NUP62CL
4.03386071118665e-22	0.966042551508825	0.755	0.163	1.35287620531778e-17	c20	ZBP1
4.14833867616432e-22	2.14878967865553	0.094	0.004	1.39126982521199e-17	c20	RCN3
4.20898825574505e-22	0.9618717468378	0.623	0.122	1.41161048121177e-17	c20	YIPF2
4.55933016776648e-22	0.675477230068811	0.623	0.12	1.52910815166552e-17	c20	CD79B
4.91858098665056e-22	1.23465124774185	0.358	0.05	1.64959369130286e-17	c20	PGM3
8.12560369287505e-22	4.04713816069007	0.057	0.001	2.72516496651643e-17	c20	TMEM51
9.70405949128772e-22	1.5678896127004	0.226	0.022	3.25454747218808e-17	c20	DRAM1
1.08401896724481e-21	1.69121684406704	0.83	0.249	3.63558281234566e-17	c20	TIMP1
1.52037437360182e-21	1.4525538834101	0.868	0.225	5.09903157418579e-17	c20	TPD52
1.60982046174216e-21	2.505006382862	0.151	0.011	5.39901586459085e-17	c20	OAF
1.8883295820614e-21	2.53656882687531	0.132	0.008	6.33307975231754e-17	c20	SRC
2.35053418574077e-21	0.86204754372365	0.623	0.125	7.88322155213738e-17	c20	SEC24D
2.79564294074061e-21	1.29708013987668	0.302	0.038	9.37602729465585e-17	c20	Z93241.1
3.1567253784087e-21	1.40590745448705	0.321	0.043	1.05870255741071e-16	c20	GGH
3.45960849232736e-21	1.81860208129488	0.132	0.008	1.16028349615675e-16	c20	CRYBG3
3.50300777770022e-21	10.6405425608132	0.208	0.021	1.1748387484851e-16	c20	IGKV3D-20
3.71294906278584e-21	1.97545217124174	0.925	0.29	1.24524885667711e-16	c20	NPC2
5.05531834614906e-21	1.75139860409122	0.925	0.496	1.69545266693147e-16	c20	SSR3
5.62730072596105e-21	14.8196227836146	0.038	0.001	1.88728411747282e-16	c20	IGLV7-43
5.96570917813205e-21	8.81426773497206	0.038	0.001	2.00077954416193e-16	c20	IGLV1-47
6.16804210712235e-21	5.42887916345408	0.038	0.001	2.0686379618867e-16	c20	TLR9
6.32423191932352e-21	4.26031202089807	0.038	0.001	2.12102090110272e-16	c20	SH3RF1
6.32423191932352e-21	4.79859965069297	0.038	0.001	2.12102090110272e-16	c20	ACHE
6.32423191932352e-21	3.74435677688442	0.038	0.001	2.12102090110272e-16	c20	IGHV5-78
6.32423191932352e-21	4.48054955283244	0.038	0.001	2.12102090110272e-16	c20	SLC22A31
6.32423191932352e-21	4.40872573258577	0.038	0.001	2.12102090110272e-16	c20	AC084809.1
7.32308556690615e-21	1.52582745301963	0.208	0.02	2.45601643742899e-16	c20	ATP6V0A1
7.98152243794336e-21	3.00535037163623	0.094	0.004	2.67684299523745e-16	c20	ADM2
8.18071501873178e-21	0.942268284966458	0.509	0.092	2.74364820298227e-16	c20	FAM174A
9.70563031906831e-21	4.05505454396769	0.057	0.002	3.25507429640913e-16	c20	CCDC183
9.78235174331781e-21	1.56935254554028	0.943	0.315	3.28080512767393e-16	c20	PABPC4
1.014611761806e-20	1.27485092086222	0.642	0.137	3.40280492674497e-16	c20	HSPA13
1.26821298447078e-20	3.52616532794636	0.075	0.003	4.25333270731811e-16	c20	JDP2
1.31704610577245e-20	3.0206489528496	0.075	0.003	4.41710922953965e-16	c20	SLC16A14
1.53379480930393e-20	0.81678870279328	0.585	0.116	5.14404103144351e-16	c20	C12orf45
1.93441378906842e-20	1.72963475979259	0.774	0.208	6.48763696577767e-16	c20	SEL1L
1.96421947069284e-20	2.92359457006323	0.094	0.005	6.58759926080965e-16	c20	TCN2
2.56354930838326e-20	1.48809750517547	0.321	0.044	8.59763167045579e-16	c20	CTSF
2.67268135807147e-20	2.08826461731887	0.17	0.014	8.9636387387001e-16	c20	MINDY1
3.2635313528577e-20	2.52407108292215	0.113	0.007	1.09452314512141e-15	c20	RAB13
3.87321602685259e-20	1.07617016290796	0.736	0.171	1.29899919108582e-15	c20	BSCL2
4.95534948906239e-20	3.12939481562731	0.075	0.003	1.66192511164175e-15	c20	KIAA1217
5.12679289793639e-20	0.847799918900356	0.434	0.074	1.71942380210991e-15	c20	UNC93B1
5.2158612606378e-20	1.05168027445948	0.717	0.162	1.74929554959271e-15	c20	FNDC3A
6.14618674734902e-20	0.957318257623523	0.264	0.032	2.06130811132591e-15	c20	MPZL1
6.76875400067339e-20	1.8027384695939	0.453	0.082	2.27010471674584e-15	c20	PSAT1
9.01917054235497e-20	4.34418065918689	0.057	0.002	3.02484941649501e-15	c20	LINC02090
9.16363874608803e-20	4.27474428143849	0.057	0.002	3.073301162663e-15	c20	CD276
1.09844069150049e-19	1.8894422067069	0.132	0.009	3.68395039115433e-15	c20	C8orf88
1.554551764006e-19	0.839695469616719	0.642	0.138	5.21365570612332e-15	c20	HSD17B8
1.64332533974056e-19	1.70535511516469	0.264	0.033	5.5113845244219e-15	c20	ARID3A
1.69749483782383e-19	1.09214809065948	0.302	0.041	5.69305818709358e-15	c20	CASP10
1.74990713759122e-19	3.07181319887844	0.075	0.003	5.86883855805345e-15	c20	DENND2C
1.75105183672727e-19	1.01189417362388	0.226	0.025	5.87267765001593e-15	c20	TGFBR3L
2.14656013146021e-19	1.49898107283266	0.962	0.315	7.19913336889124e-15	c20	MANF
3.76081484583043e-19	0.839041894743836	0.604	0.128	1.26130208299461e-14	c20	TMEM214
3.9138178335347e-19	2.14332790275562	0.151	0.012	1.31261622501087e-14	c20	CCDC163
3.93486541075151e-19	1.08710085888331	0.604	0.13	1.31967516145784e-14	c20	CREB3L2
4.53901420615058e-19	1.50001939712256	1	0.44	1.52229458445878e-14	c20	MYDGF
5.91620196139965e-19	15.0241354362737	0.057	0.002	1.98417581381421e-14	c20	IGKV1-17
5.91620196139965e-19	14.1371659964567	0.057	0.002	1.98417581381421e-14	c20	IGLV1-51
5.95520554383892e-19	14.3907689636925	0.038	0.001	1.9972568352927e-14	c20	AC233755.1
6.13658778881054e-19	6.63426283398518	0.038	0.001	2.05808881261128e-14	c20	AL360181.3
6.22931455029243e-19	5.33558341857738	0.038	0.001	2.08918751387708e-14	c20	ZNF608
6.5648900521191e-19	5.03884272208259	0.038	0.001	2.2017328256797e-14	c20	COL11A2
6.59662451619436e-19	1.95798824675224	0.189	0.018	2.21237593024127e-14	c20	B3GNT9
6.61426481171337e-19	5.40286151491808	0.038	0.001	2.21829213255243e-14	c20	SOX5
6.66400634743424e-19	4.57439862712628	0.038	0.001	2.2349744488025e-14	c20	AL157902.1
7.06139907811299e-19	3.70367638551986	0.057	0.002	2.36825202281753e-14	c20	PRICKLE1
7.18768259869883e-19	0.701244340690227	0.472	0.088	2.41060498995161e-14	c20	B4GALT7
8.18870859972306e-19	1.36567263244346	0.17	0.015	2.74632909017512e-14	c20	LTC4S
9.59261676552075e-19	0.883605799857146	0.208	0.022	3.21717181082035e-14	c20	LINC00891
1.07328168145818e-18	3.62464421327143	0.245	0.031	3.59957210327444e-14	c20	MYBL2
1.34662344523332e-18	1.19898350430921	0.811	0.213	4.5163057106235e-14	c20	HSH2D
1.87263159975063e-18	7.0934139938845	0.132	0.01	6.28043185924367e-14	c20	IGHM
2.44037371393258e-18	1.55094067202114	0.17	0.015	8.1845253617871e-14	c20	SAMD12
2.4456677501804e-18	0.696478400863708	0.377	0.062	8.20228050055501e-14	c20	IDUA
2.46846765885001e-18	1.27277309270408	0.792	0.213	8.27874683425118e-14	c20	ARSA
2.58780808059759e-18	2.22803822521076	0.094	0.005	8.67899074070819e-14	c20	DMKN
3.0449776926083e-18	0.881216288359051	0.472	0.09	1.02122461854697e-13	c20	FUCA2
4.30435600707761e-18	2.09258492742955	0.17	0.016	1.44359491765369e-13	c20	CARMIL1
4.4433593650586e-18	0.747194003641004	0.755	0.191	1.49021386385335e-13	c20	IRF4
5.34230238262877e-18	1.91943766778803	0.151	0.013	1.79170137308604e-13	c20	FKBP7
5.35026321923529e-18	0.896512321259242	0.264	0.035	1.79437127846713e-13	c20	AL627171.1
6.29966444236884e-18	1.01618620737357	0.906	0.253	2.11278146068166e-13	c20	DNAJB11
7.22949518309183e-18	1.72022394807621	0.925	0.372	2.42462809450534e-13	c20	SDF2L1
8.0158938269115e-18	1.97549581290219	0.151	0.013	2.68837047166958e-13	c20	UFSP1
9.01601764890306e-18	1.41592619055617	0.283	0.04	3.02379199908911e-13	c20	CSNK1E
1.03591174645085e-17	2.31459614255025	0.132	0.01	3.47424081524687e-13	c20	AC010226.1
1.62298365912473e-17	1.25406617659616	0.868	0.245	5.44316259597251e-13	c20	SELENOM
2.31082979441898e-17	11.4405835135181	0.057	0.002	7.75006096452237e-13	c20	IGHV1-18
2.48821166055174e-17	3.77312666060808	0.057	0.002	8.34496426715843e-13	c20	LRRC24
2.78554341412521e-17	0.696306774106997	0.66	0.155	9.34215550229314e-13	c20	HYOU1
2.9461012046823e-17	1.05523377767952	0.283	0.04	9.8806342202635e-13	c20	ZNF275
3.02399166491765e-17	4.32498322770603	0.038	0.001	1.01418632458008e-12	c20	PCDHGA10
3.02399166491765e-17	3.84944414466831	0.038	0.001	1.01418632458008e-12	c20	CNTNAP1
3.02399166491765e-17	4.04453821932235	0.038	0.001	1.01418632458008e-12	c20	AIFM3
3.78225988239251e-17	1.59817696532993	0.17	0.016	1.2684943193568e-12	c20	DTWD2
3.82205407125757e-17	3.14026203198772	0.075	0.003	1.28184049441836e-12	c20	APLP1
3.88099648743241e-17	2.51219582425962	0.113	0.008	1.30160860195508e-12	c20	ECHDC3
4.07003268450365e-17	2.22445320526395	0.113	0.008	1.36500756172883e-12	c20	SUOX
4.61025347525346e-17	0.700550127766185	0.585	0.13	1.5461868105305e-12	c20	TMEM39A
6.53867307771399e-17	1.59965238878824	0.151	0.013	2.19294017680372e-12	c20	C6orf99
6.57058586289032e-17	1.76921371939993	0.113	0.008	2.20364308669616e-12	c20	RNASE4
8.4734922917681e-17	0.460294191470061	0.623	0.141	2.84183984481319e-12	c20	LSR
9.64726825401116e-17	1.35286395819624	0.17	0.017	3.23550082703026e-12	c20	AL096865.1
1.23448823209206e-16	3.3062816029683	0.057	0.002	4.14022663279034e-12	c20	EPB41L4A
1.23448823209206e-16	2.88357721248334	0.057	0.002	4.14022663279034e-12	c20	CADM4
1.34941157847413e-16	0.72808859156487	0.491	0.101	4.52565655188654e-12	c20	TUBG1
1.39315345968812e-16	1.07593561897013	0.226	0.028	4.67235807310201e-12	c20	SLC39A14
1.58946826705453e-16	2.0480486894776	0.113	0.008	5.33075867404747e-12	c20	RPS6KA2
1.94459096977289e-16	1.49487720896247	0.906	0.319	6.52176919442433e-12	c20	HDLBP
2.05931311659634e-16	1.68408656551444	0.264	0.038	6.90652433044081e-12	c20	ZNF296
2.5720226116411e-16	7.63933790840818	0.019	0	8.62604943492192e-12	c20	DGKG
2.5720226116411e-16	7.57313513124416	0.019	0	8.62604943492192e-12	c20	AL133346.1
2.60473627534361e-16	6.98295506549632	0.019	0	8.73576452024739e-12	c20	ARHGEF37
2.60473627534361e-16	7.1165074450577	0.019	0	8.73576452024739e-12	c20	AL356124.1
2.60473627534361e-16	6.54172052244469	0.019	0	8.73576452024739e-12	c20	LINC00327
2.60473627534361e-16	7.11638396397868	0.019	0	8.73576452024739e-12	c20	AL031600.3
2.63786000703194e-16	6.35096379077442	0.019	0	8.84685489158371e-12	c20	MARC1
2.63786000703194e-16	1.97430195466354	0.019	0	8.84685489158371e-12	c20	NRXN1
2.63786000703194e-16	5.86338411227961	0.019	0	8.84685489158371e-12	c20	IGKV6-21
2.63786000703194e-16	5.63872674573062	0.019	0	8.84685489158371e-12	c20	SCN9A
2.63786000703194e-16	5.84923024762323	0.019	0	8.84685489158371e-12	c20	AC008269.1
2.63786000703194e-16	5.64050169421628	0.019	0	8.84685489158371e-12	c20	KLF15
2.63786000703194e-16	5.90526427422442	0.019	0	8.84685489158371e-12	c20	AC055764.2
2.63786000703194e-16	5.83886974428462	0.019	0	8.84685489158371e-12	c20	AC083829.2
2.63786000703194e-16	6.65287566007452	0.019	0	8.84685489158371e-12	c20	LRRTM2
2.63786000703194e-16	5.89453017031853	0.019	0	8.84685489158371e-12	c20	PPP1R3G
2.63786000703194e-16	6.3882493211394	0.019	0	8.84685489158371e-12	c20	C4B
2.63786000703194e-16	6.69896066480073	0.019	0	8.84685489158371e-12	c20	ELFN1
2.63786000703194e-16	6.02060584348154	0.019	0	8.84685489158371e-12	c20	PON3
2.63786000703194e-16	6.36377296218477	0.019	0	8.84685489158371e-12	c20	JADE3
2.63786000703194e-16	6.69437699566364	0.019	0	8.84685489158371e-12	c20	AL162426.1
2.63786000703194e-16	6.43733581011328	0.019	0	8.84685489158371e-12	c20	SHANK2
2.63786000703194e-16	6.44668121236437	0.019	0	8.84685489158371e-12	c20	P2RY2
2.63786000703194e-16	6.1103594665052	0.019	0	8.84685489158371e-12	c20	LOXL4
2.63786000703194e-16	5.09190625498906	0.019	0	8.84685489158371e-12	c20	INHBE
2.63786000703194e-16	6.57228900045229	0.019	0	8.84685489158371e-12	c20	EXOC3L4
2.63786000703194e-16	5.87699371963272	0.019	0	8.84685489158371e-12	c20	RASGRF1
2.63786000703194e-16	5.44562188561079	0.019	0	8.84685489158371e-12	c20	ALDH1A3
2.63786000703194e-16	5.61737601988503	0.019	0	8.84685489158371e-12	c20	AC040173.1
2.63786000703194e-16	6.16875299859148	0.019	0	8.84685489158371e-12	c20	LCMT1-AS2
2.63786000703194e-16	6.06396610907974	0.019	0	8.84685489158371e-12	c20	LINC02080
2.63786000703194e-16	5.8718131039736	0.019	0	8.84685489158371e-12	c20	KLHL14
2.63786000703194e-16	4.23338612248731	0.019	0	8.84685489158371e-12	c20	LAMP5
2.63786000703194e-16	6.22764667571407	0.019	0	8.84685489158371e-12	c20	NLRP11
2.63786000703194e-16	5.99521025922192	0.019	0	8.84685489158371e-12	c20	IGLV8-61
5.42979025331018e-16	2.41758239088564	0.113	0.008	1.82104305515517e-11	c20	ATAD3C
5.5887376775676e-16	1.57559339019373	0.113	0.008	1.87435084230262e-11	c20	HIST1H2BG
6.34522163485853e-16	1.46181950628021	0.283	0.044	2.12806043189885e-11	c20	BIK
6.45995938175314e-16	1.35988163619973	0.208	0.025	2.16654117745237e-11	c20	SETBP1
6.85155879132354e-16	5.46182077182224	0.038	0.001	2.29787578743409e-11	c20	TP63
6.86314484710327e-16	0.768064152604355	0.245	0.034	2.30176151882149e-11	c20	RAPGEF2
7.15704233363884e-16	5.02807453284282	0.038	0.001	2.40032885785579e-11	c20	CAMSAP3
7.29203610674215e-16	4.03830266965702	0.038	0.001	2.44560306947918e-11	c20	HLA-DQA2
7.29203610674215e-16	3.34091994838774	0.038	0.001	2.44560306947918e-11	c20	LILRB4
7.29203610674215e-16	4.25049491493454	0.038	0.001	2.44560306947918e-11	c20	AC004076.2
7.58679185372756e-16	1.48680216422854	0.094	0.006	2.54445825190315e-11	c20	EPHX1
7.66617511696172e-16	2.05647087260832	0.094	0.006	2.57108181072662e-11	c20	RRAGD
7.82014314424941e-16	0.306802359071714	0.377	0.069	2.62271960771837e-11	c20	RMND5B
7.82583040614941e-16	0.859862491359596	0.434	0.087	2.62462700161439e-11	c20	BMI1
9.45555839086999e-16	1.51256483196172	0.208	0.026	3.17120517312998e-11	c20	ALCAM
1.13187898728576e-15	1.80910637751895	0.321	0.055	3.79609574755898e-11	c20	PHGDH
1.26016205762231e-15	1.19005857001096	1	0.751	4.22633150885372e-11	c20	SPCS1
1.54887626473594e-15	14.3748678192432	0.057	0.002	5.1946212166714e-11	c20	IGLV3-21
1.87204026820195e-15	1.29335140255187	0.264	0.04	6.2784486514957e-11	c20	C11orf80
1.90488529195799e-15	3.20469103660851	0.094	0.006	6.38860429216872e-11	c20	BDNF-AS
1.97286116587807e-15	2.66174385117056	0.057	0.002	6.61658177812186e-11	c20	TNFAIP2
1.98548096229053e-15	1.61689643321421	0.17	0.018	6.65890605132998e-11	c20	OTUD1
2.66852662288048e-15	0.997882719371014	0.698	0.189	8.94970458781655e-11	c20	ALG5
2.91421302245835e-15	1.06379286641423	0.302	0.05	9.77368763472082e-11	c20	MGLL
3.62848451532795e-15	2.22585970310252	0.094	0.006	1.21692113675069e-10	c20	CDKN1C
3.65567378700963e-15	1.96709850162657	0.094	0.006	1.22603987468729e-10	c20	SLC46A1
4.07168980337062e-15	0.683764321670067	0.491	0.108	1.36556332625444e-10	c20	EIF2AK4
4.79894660748645e-15	1.43131539732313	0.151	0.015	1.6094707132188e-10	c20	RHOBTB2
5.27113991881641e-15	1.33309583962535	0.17	0.019	1.76783490597265e-10	c20	SLC22A17
5.5230979415384e-15	1.81723468464568	0.151	0.015	1.85233658763315e-10	c20	GLDC
5.97039387044326e-15	0.442006114892204	0.698	0.177	2.00235069626926e-10	c20	SPINT2
6.92664027802396e-15	3.51088318547338	0.057	0.002	2.32305661644368e-10	c20	AC106707.1
8.1931451547306e-15	1.1512632716352	0.868	0.275	2.74781702199355e-10	c20	TXNDC15
1.01469160933173e-14	11.4246556237308	0.038	0.001	3.40307271937677e-10	c20	IGHV5-51
1.01469160933173e-14	14.8000072499521	0.038	0.001	3.40307271937677e-10	c20	IGLV3-25
1.0685367888858e-14	4.73354084303643	0.038	0.001	3.58365868256518e-10	c20	STXBP6
1.07469043147713e-14	4.39585658758784	0.038	0.001	3.60429676908801e-10	c20	IQSEC2
1.08087894381191e-14	4.34907359055519	0.038	0.001	3.62505180175638e-10	c20	ODF3L1
1.36909171777362e-14	1.56830913837973	0.226	0.032	4.59165980306917e-10	c20	PRDM15
1.67758041718007e-14	0.290568097119	0.321	0.056	5.62626920313852e-10	c20	TCEAL3
1.67860453198058e-14	1.01137414504309	0.755	0.221	5.62970387935648e-10	c20	MEI1
1.72545079029308e-14	1.41261387577246	0.849	0.322	5.78681686048494e-10	c20	SELENOS
1.9481891679341e-14	0.689232693179131	0.491	0.112	6.53383683141738e-10	c20	AARS
2.08737205488834e-14	1.7361334908211	0.17	0.019	7.00062839768451e-10	c20	TNS3
2.42195952703772e-14	1.00672121804476	0.434	0.094	8.12276786177909e-10	c20	SLC38A5
2.49683165268697e-14	0.659547075813941	0.226	0.032	8.37387399678155e-10	c20	IL15
2.86420755655822e-14	1.33942956871641	0.132	0.012	9.60597930318496e-10	c20	ZNF579
3.08162383589466e-14	2.04203593950069	0.113	0.009	1.03351500208235e-09	c20	HOMER2
4.11390283976443e-14	0.629471956514745	0.321	0.058	1.37972073440019e-09	c20	CTSZ
4.52181406883449e-14	0.417640928784421	0.528	0.125	1.51652600240571e-09	c20	IFNAR2
5.84902432501783e-14	0.826352346609041	0.302	0.053	1.96164577812448e-09	c20	NAPA-AS1
6.31832193598345e-14	4.27383549822114	0.057	0.002	2.11903881089013e-09	c20	ISL2
6.93848935557655e-14	1.29932725720311	0.189	0.024	2.32703056007326e-09	c20	AC008014.1
8.4065868401931e-14	1.01318471458616	0.528	0.132	2.81940109446396e-09	c20	EDEM1
8.75180397678603e-14	2.44813564453736	0.094	0.007	2.9351800177345e-09	c20	PAWR
1.08702648631591e-13	4.63494365360386	0.038	0.001	3.64566942980629e-09	c20	AL355076.2
1.09283051385724e-13	4.04462216800296	0.038	0.001	3.66513497737441e-09	c20	LINC01023
1.09283051385724e-13	4.0368148380331	0.038	0.001	3.66513497737441e-09	c20	WNT11
1.10552941336212e-13	1.68297999315755	0.151	0.016	3.70772454653389e-09	c20	RAB3D
1.11232141335182e-13	0.571168998225265	0.698	0.193	3.73050355609934e-09	c20	ANKRD28
1.33598225554704e-13	0.673362498365432	0.509	0.122	4.48061728865368e-09	c20	MAGED1
1.53637692047915e-13	2.68829676486045	0.075	0.005	5.15270091590298e-09	c20	TRIO
1.85752478720499e-13	0.804546627267571	0.509	0.124	6.22976663132808e-09	c20	BCKDK
1.86861671269444e-13	2.92969088447488	0.057	0.003	6.26696673103462e-09	c20	ALG1L
1.86861671269444e-13	2.67042901168152	0.057	0.003	6.26696673103462e-09	c20	AP001033.1
1.99769277349921e-13	0.74596084178101	0.226	0.034	6.69986202376164e-09	c20	MYO1D
3.69591436859432e-13	0.474622861848239	0.792	0.232	1.23953576093916e-08	c20	CD59
4.13915845425376e-13	0.595141023528367	0.642	0.183	1.38819096238763e-08	c20	CDKN1A
4.43105348841613e-13	2.3126459491223	0.208	0.031	1.486086718945e-08	c20	AC103591.3
4.85597218438083e-13	3.13767754895102	0.057	0.003	1.62859595119764e-08	c20	PJVK
4.90675241152649e-13	1.40163177986787	0.151	0.017	1.64562662377775e-08	c20	RWDD2A
5.08452956912806e-13	0.78306526018796	0.208	0.03	1.70524952689417e-08	c20	PSEN2
5.22815055524719e-13	0.701730068966872	0.679	0.191	1.7534171332188e-08	c20	STT3A
5.33190408025274e-13	0.677021954920506	0.566	0.149	1.78821399043516e-08	c20	GRN
6.3518866305445e-13	0.565651322296079	0.528	0.132	2.13029573815201e-08	c20	ISOC2
6.51800353552741e-13	0.720820609312079	0.245	0.04	2.18600802574518e-08	c20	LIN7B
7.4017144501497e-13	6.63635587219377	0.038	0.001	2.48238699229121e-08	c20	IGLV2-11
8.01417493767388e-13	4.63546081931262	0.038	0.001	2.68779399059707e-08	c20	OXCT2
8.05406340245056e-13	3.56244295941865	0.038	0.001	2.70117178391387e-08	c20	RRAD
8.09414671841776e-13	3.85723397155707	0.038	0.001	2.71461492642295e-08	c20	PNMA6A
8.09414671841776e-13	4.11951907662864	0.038	0.001	2.71461492642295e-08	c20	RAB26
8.1344258187482e-13	3.61953615382308	0.038	0.001	2.72812373109177e-08	c20	IL3RA
9.43600463984887e-13	2.46030038556174	0.094	0.007	3.16464723611251e-08	c20	AC024575.1
1.14861448594321e-12	3.83406593043227	0.057	0.003	3.85222326295635e-08	c20	SPR
1.18203724631456e-12	0.695389016263404	0.642	0.18	3.96431651668977e-08	c20	LAMP2
1.19142603042274e-12	2.97052732393879	0.057	0.003	3.99580462083178e-08	c20	LGALSL
1.32537404764182e-12	1.29336424757986	0.226	0.036	4.44503948098113e-08	c20	NUGGC
1.4106753835908e-12	2.46379242498229	0.075	0.005	4.73112310148682e-08	c20	AL449266.1
1.41424201766082e-12	1.8862309719214	0.075	0.005	4.74308487883086e-08	c20	DST
1.67554465993271e-12	6.67770574627704	0.019	0	5.61944168048232e-08	c20	PCDHGA12
1.69150016903491e-12	6.27327559491022	0.019	0	5.67295326690927e-08	c20	AL358473.1
1.69150016903491e-12	5.78389497083446	0.019	0	5.67295326690927e-08	c20	REPS2
1.69150016903491e-12	6.25023850044507	0.019	0	5.67295326690927e-08	c20	GAS1RR
1.69150016903491e-12	5.84896962550148	0.019	0	5.67295326690927e-08	c20	SAMD15
1.70557124599046e-12	1.09257961912295	1	0.59	5.72014484480281e-08	c20	PDIA6
1.70760470613953e-12	5.35639122439763	0.019	0	5.72696466345076e-08	c20	EPHA10
1.70760470613953e-12	5.25920158451477	0.019	0	5.72696466345076e-08	c20	TTC39A
1.70760470613953e-12	6.23894694446076	0.019	0	5.72696466345076e-08	c20	GLIS1
1.70760470613953e-12	5.69333498447235	0.019	0	5.72696466345076e-08	c20	AL365181.3
1.70760470613953e-12	5.37972205552925	0.019	0	5.72696466345076e-08	c20	PARD3B
1.70760470613953e-12	6.26917326514631	0.019	0	5.72696466345076e-08	c20	YEATS2-AS1
1.70760470613953e-12	5.95977372106678	0.019	0	5.72696466345076e-08	c20	AC112722.1
1.70760470613953e-12	5.82241103662531	0.019	0	5.72696466345076e-08	c20	UGT3A2
1.70760470613953e-12	5.86460893429058	0.019	0	5.72696466345076e-08	c20	AC008629.1
1.70760470613953e-12	5.49221296802059	0.019	0	5.72696466345076e-08	c20	AC113382.1
1.70760470613953e-12	5.37251053267967	0.019	0	5.72696466345076e-08	c20	PLG
1.70760470613953e-12	5.31852286146964	0.019	0	5.72696466345076e-08	c20	ANKRD7
1.70760470613953e-12	5.21270082912235	0.019	0	5.72696466345076e-08	c20	INSL6
1.70760470613953e-12	6.33066682449777	0.019	0	5.72696466345076e-08	c20	INSC
1.70760470613953e-12	5.47577599425269	0.019	0	5.72696466345076e-08	c20	TLL2
1.70760470613953e-12	5.3687327464072	0.019	0	5.72696466345076e-08	c20	SLIT1
1.70760470613953e-12	5.56164093940107	0.019	0	5.72696466345076e-08	c20	AL135744.1
1.70760470613953e-12	5.28165556327989	0.019	0	5.72696466345076e-08	c20	AL359317.2
1.70760470613953e-12	5.92928373133918	0.019	0	5.72696466345076e-08	c20	TMEM145
1.70760470613953e-12	1.95817311561185	0.019	0	5.72696466345076e-08	c20	IGLV2-18
1.70760470613953e-12	5.73718477791367	0.019	0	5.72696466345076e-08	c20	AL121672.3
1.81457989526641e-12	1.14578074733712	0.208	0.031	6.08573805274448e-08	c20	RGS16
2.11092727237143e-12	1.59353146086419	0.245	0.042	7.0796278860793e-08	c20	AC087623.3
2.15660690399957e-12	0.992239461062363	0.226	0.036	7.23282823463375e-08	c20	TST
2.35330184844396e-12	2.65254971064827	0.075	0.005	7.89250373931136e-08	c20	TPST1
2.63633296016596e-12	2.38467200434067	0.094	0.008	8.84173348180459e-08	c20	CCDC24
2.69474149228062e-12	0.602376743951636	0.283	0.053	9.03762401681074e-08	c20	TCF3
2.70339770611947e-12	0.468206505293848	0.377	0.083	9.06665522678349e-08	c20	CD9
2.74718846639596e-12	3.20960340466021	0.057	0.003	9.21352067859876e-08	c20	PKP3
2.77389279586535e-12	3.09514334801203	0.057	0.003	9.30308165877321e-08	c20	TICAM2
2.77389279586535e-12	2.81854036379395	0.057	0.003	9.30308165877321e-08	c20	ITSN1
2.87144130637507e-12	2.39834611274199	0.132	0.014	9.63023985332071e-08	c20	C1R
2.97287181316252e-12	0.645320483380458	0.717	0.214	9.97041748698445e-08	c20	SEC14L1
3.15361796445328e-12	0.566622318198092	0.642	0.182	1.05766039291834e-07	c20	TAPBPL
3.3829718711709e-12	0.96509301417692	0.208	0.032	1.1345811061533e-07	c20	MACROD1
3.42485007701246e-12	0.303249347510886	0.604	0.162	1.14862621882844e-07	c20	NDUFV3
3.57792163835297e-12	2.82502919887117	0.075	0.005	1.19996335907082e-07	c20	NEDD4L
3.65758203444815e-12	1.98214112060399	0.113	0.011	1.22667986271322e-07	c20	CD86
3.83989456194898e-12	2.517850748346	0.075	0.005	1.28782383818645e-07	c20	TREML2
3.86804528756036e-12	2.42753407693528	0.075	0.005	1.297265028542e-07	c20	AC040970.1
4.46097273078046e-12	0.61368550946906	0.623	0.175	1.49612103444915e-07	c20	CHID1
4.72033083365263e-12	3.58922186965841	0.038	0.001	1.58310455499042e-07	c20	SNHG18
4.72033083365263e-12	3.72151918588548	0.038	0.001	1.58310455499042e-07	c20	NBEA
5.32742138022902e-12	0.966431905211453	0.189	0.027	1.78671058250121e-07	c20	B4GAT1
5.93315660241775e-12	2.84050087772405	0.075	0.005	1.98986206131887e-07	c20	AC132938.3
6.46720525393575e-12	0.656988656044731	0.377	0.084	2.16897129806497e-07	c20	FAM117A
7.39200512488695e-12	0.872820903911692	0.377	0.087	2.47913067878459e-07	c20	SEC24A
7.93628973773725e-12	0.497425267279935	0.453	0.112	2.66167285224232e-07	c20	C21orf2
9.26667678542113e-12	0.633402772929174	0.283	0.054	3.10785806029454e-07	c20	LCORL
1.02801125740971e-11	0.702922599653788	0.509	0.136	3.44774415510069e-07	c20	COMMD3
1.03339376170462e-11	0.504861872701162	0.377	0.086	3.46579599800494e-07	c20	STRBP
1.33365134107487e-11	0.533869019362661	0.321	0.067	4.47279986769689e-07	c20	GCSH
1.47929310934383e-11	0.733901303575507	0.66	0.197	4.96125323011734e-07	c20	GLT8D1
1.52089330553608e-11	0.820382979885233	0.415	0.101	5.10077196810689e-07	c20	CLN6
1.55009792167894e-11	1.76703677874841	0.075	0.005	5.19871840972684e-07	c20	RHOBTB3
1.65219212409638e-11	1.27706333515359	0.17	0.024	5.54112194579445e-07	c20	DHRS11
1.73144292479251e-11	0.40828943779254	0.453	0.113	5.80691328116912e-07	c20	KLHL6
1.84601114311237e-11	1.65346901600864	0.132	0.015	6.19115217177028e-07	c20	AL034549.1
1.88905279701943e-11	0.335422087333929	0.34	0.074	6.33550527064375e-07	c20	ATG4A
1.92557528969752e-11	0.295616924187683	0.283	0.055	6.45799440658754e-07	c20	HIPK2
2.20203748214642e-11	3.50600259543159	0.038	0.001	7.38519330762265e-07	c20	CBLN3
2.20226909029382e-11	0.662327437164251	0.83	0.268	7.38597007502742e-07	c20	DNAJC3
2.21168124409537e-11	4.04935753180849	0.038	0.001	7.41753655644704e-07	c20	H1FX-AS1
2.22136635061448e-11	3.79155235911382	0.038	0.001	7.45001846669086e-07	c20	TMEM38A
2.23109297497972e-11	3.64886463546865	0.038	0.001	7.48263961948697e-07	c20	DDR2
2.23109297497972e-11	3.79319075837097	0.038	0.001	7.48263961948697e-07	c20	AC131011.1
2.23109297497972e-11	3.76732445288018	0.038	0.001	7.48263961948697e-07	c20	AMOTL1
2.32430903835664e-11	0.47427018597297	0.623	0.18	7.79526765284049e-07	c20	SLC39A7
2.48440842783844e-11	0.921936409714378	0.17	0.024	8.33220898528455e-07	c20	EXD2
2.48447823995268e-11	1.64940603288105	0.094	0.008	8.3324431211533e-07	c20	ABCA3
2.65089514015835e-11	2.97574515734253	0.057	0.003	8.89057212106306e-07	c20	CABLES1
2.97631310088461e-11	1.14600550411163	0.811	0.314	9.98195887774679e-07	c20	ERLEC1
2.98869741639763e-11	0.705854262652323	0.208	0.034	1.00234933951144e-06	c20	DENND3
3.28905302484855e-11	0.858113950398459	0.321	0.069	1.10308260347371e-06	c20	CPEB4
3.56703533795464e-11	2.22829957006002	0.075	0.006	1.19631231164323e-06	c20	SH3D21
3.74315910189469e-11	1.63511367177807	0.113	0.012	1.25538069959344e-06	c20	AC097103.2
4.16956954449103e-11	1.75112109957888	0.132	0.016	1.3983902338314e-06	c20	TRIP10
4.6040545352304e-11	3.93190373872036	0.057	0.003	1.54410781002557e-06	c20	G0S2
4.76120540017118e-11	0.781778752466333	0.491	0.136	1.59681306710941e-06	c20	RHOB
6.08323761541052e-11	1.18280416663106	0.151	0.02	2.04019623145638e-06	c20	RHOQ
6.53077239492797e-11	0.837591987675638	0.151	0.02	2.19029044581094e-06	c20	EEF1AKMT3
7.4327507357076e-11	0.95127669859356	0.566	0.173	2.49279594174161e-06	c20	PDXK
7.92585440620306e-11	2.52704118795676	0.075	0.006	2.65817305075238e-06	c20	SLC49A3
8.32687717283605e-11	0.462730780990245	0.226	0.04	2.79266806622575e-06	c20	SLC31A2
8.83281743007748e-11	1.42295076944828	0.189	0.03	2.96235030969938e-06	c20	GLIDR
8.88726809938714e-11	3.28584863130342	0.038	0.001	2.98061197517246e-06	c20	THNSL2
9.07214395069609e-11	3.72120025729764	0.057	0.003	3.04261563818445e-06	c20	AC022167.3
9.33269529071825e-11	0.730201317580075	0.472	0.132	3.12999934660109e-06	c20	PLEK
9.90541951688070e-11	0.987420845001119	0.132	0.016	3.32207959757145e-06	c20	MTUS1
9.94977794269056e-11	1.60371350646172	0.057	0.003	3.33695652641956e-06	c20	ADAP2
1.14930287669973e-10	1.15288187110187	0.132	0.016	3.85453198787555e-06	c20	NAGLU
1.16064211121778e-10	2.09785459940565	0.075	0.006	3.89256151260219e-06	c20	CHODL
1.16807507431625e-10	2.02190897821452	0.075	0.006	3.91749018424185e-06	c20	SPEG
1.20977800887582e-10	0.618498034967054	0.434	0.113	4.05735348616773e-06	c20	CNPY2
1.64877971383094e-10	0.589709935364718	0.17	0.025	5.52967740424622e-06	c20	KCNQ1OT1
1.74744863900913e-10	0.687468258562149	0.585	0.178	5.86059324550883e-06	c20	EDEM2
1.79628841397665e-10	1.2003013913879	0.132	0.016	6.02439208279488e-06	c20	AC064807.1
1.88611686010888e-10	0.628070709053894	0.302	0.07	6.32565872543315e-06	c20	HLA-DQA1
2.05094510474785e-10	0.240156362092146	0.585	0.17	6.87845969230334e-06	c20	MCUR1
2.08391193668475e-10	0.86858470327065	0.226	0.042	6.98902385325333e-06	c20	Z93930.2
2.65002517720965e-10	0.369607342494006	0.245	0.048	8.88765443932574e-06	c20	RNF103
2.7523223900549e-10	0.517456433034576	0.585	0.179	9.23073883176611e-06	c20	GLCCI1
2.8601006746951e-10	0.988750831048214	0.962	0.55	9.59220564279243e-06	c20	RPN1
2.95852922588898e-10	0.538693260409483	0.453	0.123	9.92231531778646e-06	c20	SPTSSA
2.98933677357626e-10	0.177775817498919	0.585	0.17	1.00256376712201e-05	c20	PRCP
3.01746784793639e-10	3.91817708989018	0.038	0.002	1.01199836684091e-05	c20	KLK1
3.01827859401676e-10	1.02330485803596	0.868	0.379	1.01227027486134e-05	c20	DNAJB9
3.02926060277226e-10	3.83769204349797	0.038	0.002	1.01595342095776e-05	c20	MAFG-DT
3.06490953800329e-10	3.72268833253726	0.038	0.002	1.02790936085554e-05	c20	SHROOM1
3.06490953800329e-10	3.48786007834002	0.038	0.002	1.02790936085554e-05	c20	TRAM2-AS1
3.22197938030331e-10	0.871500293762342	0.981	0.47	1.08058744456612e-05	c20	SPCS3
3.28474245504204e-10	8.16980701991387	0.019	0	1.101636924572e-05	c20	IGHV7-4-1
3.30974594939541e-10	6.64896147252222	0.019	0	1.11002259650823e-05	c20	PLA2G4A
3.36031168239428e-10	5.78658835633572	0.019	0	1.1269813320414e-05	c20	AC098934.4
3.36031168239428e-10	5.42175617365589	0.019	0	1.1269813320414e-05	c20	AC006157.1
3.38587662139103e-10	5.28579884218335	0.019	0	1.13555530128212e-05	c20	CHIT1
3.38587662139103e-10	5.48495011283671	0.019	0	1.13555530128212e-05	c20	C1orf115
3.38587662139103e-10	3.17945919806	0.019	0	1.13555530128212e-05	c20	IGKV5-2
3.38587662139103e-10	4.9052769516371	0.019	0	1.13555530128212e-05	c20	LINC00877
3.38587662139103e-10	5.15165168487196	0.019	0	1.13555530128212e-05	c20	AC112236.2
3.38587662139103e-10	5.47195156292399	0.019	0	1.13555530128212e-05	c20	LINC01948
3.38587662139103e-10	5.2966275725798	0.019	0	1.13555530128212e-05	c20	AC034243.1
3.38587662139103e-10	5.19272720037116	0.019	0	1.13555530128212e-05	c20	AL359715.1
3.38587662139103e-10	4.46276862362712	0.019	0	1.13555530128212e-05	c20	MAOB
3.38587662139103e-10	4.95955471446404	0.019	0	1.13555530128212e-05	c20	OSR2
3.38587662139103e-10	5.23246978039266	0.019	0	1.13555530128212e-05	c20	BAALC-AS1
3.38587662139103e-10	5.57816309629396	0.019	0	1.13555530128212e-05	c20	TMEFF1
3.38587662139103e-10	4.9269107578408	0.019	0	1.13555530128212e-05	c20	AC080023.1
3.38587662139103e-10	5.55481586604545	0.019	0	1.13555530128212e-05	c20	ADCY6
3.38587662139103e-10	5.26204360502424	0.019	0	1.13555530128212e-05	c20	LINC02334
3.38587662139103e-10	5.33357653644259	0.019	0	1.13555530128212e-05	c20	AC068446.2
3.38587662139103e-10	5.54945664360881	0.019	0	1.13555530128212e-05	c20	NPIPB9
3.38587662139103e-10	4.95265265728994	0.019	0	1.13555530128212e-05	c20	SNAP25
3.38587662139103e-10	4.96395379597142	0.019	0	1.13555530128212e-05	c20	DM1-AS
3.42313958502373e-10	0.388898348948002	0.566	0.167	1.14805255402526e-05	c20	OSBPL3
3.61833933688445e-10	1.3219478735213	0.132	0.017	1.21351864680431e-05	c20	IFNLR1
3.7136107483203e-10	0.655571773643661	0.245	0.048	1.24547077277166e-05	c20	LMF1
3.92910617477522e-10	0.294070408100849	0.566	0.166	1.31774362889611e-05	c20	ALG2
4.2304921198578e-10	0.291155222754647	0.472	0.13	1.41882244715791e-05	c20	C11orf1
4.37068626726805e-10	0.338466171206046	0.547	0.16	1.46584076031636e-05	c20	PAPSS1
4.41834643699267e-10	2.86480169104199	0.075	0.006	1.4818250280386e-05	c20	AL354920.1
4.95886271507411e-10	11.7707756605146	0.094	0.009	1.66310337738156e-05	c20	IGHV3-21
5.1120844469778e-10	1.08462154926889	0.226	0.043	1.71449088182742e-05	c20	ADGRG5
5.77347590847725e-10	0.441681205078857	0.755	0.245	1.9363083501851e-05	c20	HEXB
5.81762790450795e-10	0.91745209098614	0.208	0.037	1.95111604661388e-05	c20	AP001816.1
6.42851289012016e-10	0.962520479148622	0.925	0.361	2.1559946530885e-05	c20	LMAN1
6.52992075949352e-10	1.81968644435983	0.604	0.227	2.19000482431894e-05	c20	ANKRD37
7.54012453859184e-10	1.06691098395173	0.208	0.038	2.52880696775293e-05	c20	ALG14
8.1382998280984e-10	0.544154929536898	0.547	0.163	2.72942299634764e-05	c20	TM9SF1
9.24705216898287e-10	3.89449167378616	0.038	0.002	3.10127635643347e-05	c20	NRARP
1.08511511585997e-09	1.17592356700111	0.151	0.022	3.63925907557117e-05	c20	FXN
1.14564169788134e-09	0.600874397203226	0.245	0.05	3.84225312635443e-05	c20	UGDH
1.1770167076066e-09	0.719659336881634	0.283	0.063	3.94747863397102e-05	c20	MSTO1
1.21163526855462e-09	1.66329751958177	0.113	0.014	4.06358236367848e-05	c20	CBWD3
1.21253297610304e-09	0.107836330328869	0.283	0.062	4.06659309525436e-05	c20	SMIM14
1.5220889289097e-09	0.160094880628371	0.434	0.119	5.10478184977736e-05	c20	ODF3B
1.55246927142997e-09	2.98726644625816	0.057	0.004	5.20667144252183e-05	c20	ZNF768
1.57560120312634e-09	2.61363602906719	0.057	0.004	5.28425131504511e-05	c20	MOCS1
2.05479043298511e-09	0.218253960509136	0.283	0.064	6.89135615414547e-05	c20	BTN2A2
2.09241685376217e-09	1.03953330455815	0.453	0.137	7.01754764414755e-05	c20	TMEM107
2.47513403498557e-09	0.679341248201467	0.151	0.023	8.30110452653459e-05	c20	TPTEP2-CSNK1E
2.52627673082106e-09	0.228604540019625	0.679	0.219	8.47262689982766e-05	c20	COPG1
2.53193481689716e-09	3.50307935314565	0.038	0.002	8.49160298890969e-05	c20	PAPSS2
2.55881324197538e-09	3.31671405490382	0.038	0.002	8.58174785093704e-05	c20	Z84485.1
2.56783431714814e-09	2.1065167037199	0.038	0.002	8.61200273285144e-05	c20	ZCCHC12
2.56783431714814e-09	3.48176799049338	0.038	0.002	8.61200273285144e-05	c20	CFAP53
2.62865703384529e-09	0.96588184793297	0.132	0.018	8.81598996011032e-05	c20	EVA1B
2.63189530472755e-09	0.180056229751639	0.453	0.127	8.82685047299527e-05	c20	ORAI3
2.8098292730275e-09	0.587720186578661	0.189	0.034	9.42360541587963e-05	c20	TSPAN4
2.87477122998692e-09	0.320777834008087	0.189	0.034	9.64140775113015e-05	c20	C2CD2
2.92959260791869e-09	0.157706550791854	0.377	0.099	9.82526768843769e-05	c20	PRKCD
2.93578501783251e-09	0.20098307660132	0.321	0.078	9.84603579280667e-05	c20	DENND6B
2.9905240277477e-09	0.624719572405784	0.585	0.192	0.000100296194842602	c20	SLC1A5
4.39607426676602e-09	1.04592187350578	0.226	0.047	0.000147435538758799	c20	HIST2H2AA4
4.81867474866397e-09	0.318064354172137	0.453	0.131	0.000161608713720692	c20	FBXW7
4.92861114827178e-09	0.441734035032068	0.226	0.046	0.000165295760690739	c20	SPATC1L
5.09901493415178e-09	0.744979236573946	0.962	0.769	0.000171010762861582	c20	SEC61B
5.10373039542843e-09	0.957218894677482	0.906	0.424	0.000171168910001879	c20	KDELR2
5.13101038783483e-09	0.661897586832568	0.736	0.261	0.000172083826387204	c20	TMEM208
5.13878928627447e-09	0.500667981686737	0.566	0.18	0.000172344715083073	c20	SLC35B1
5.37137635297634e-09	1.57553903496622	0.094	0.01	0.000180145220126121	c20	PHETA2
5.39781876242107e-09	0.472550714477905	0.226	0.047	0.000181032045654078	c20	DVL3
6.34034725601864e-09	0.172855910740866	0.736	0.243	0.000212642566272353	c20	SLC38A10
6.37618822212983e-09	0.20920094624153	0.396	0.114	0.00021384460059379	c20	MIR155HG
6.72996121732345e-09	0.22917250839334	0.453	0.131	0.000225709439306594	c20	GMPPA
7.63636188749211e-09	1.05938397098464	0.264	0.061	0.00025610830498271	c20	HVCN1
8.22629111781943e-09	0.32560035689719	0.226	0.047	0.000275893351509428	c20	ALG9
8.89332395813412e-09	0.437704122421981	0.189	0.035	0.000298264298907902	c20	C14orf28
9.39249741934671e-09	0.259617961178651	0.472	0.141	0.00031500557845005	c20	NUS1
1.01092578412677e-08	0.106028247121797	0.736	0.242	0.000339044289480436	c20	IFNAR1
1.01868965103568e-08	0.398407483175019	0.189	0.035	0.000341648135164347	c20	TECPR2
1.15529666013214e-08	5.96659402864835	0.019	0	0.000387463393875118	c20	AC073352.2
1.15529666013214e-08	5.68530182809208	0.019	0	0.000387463393875118	c20	AL109761.1
1.16261608556774e-08	5.55216801657162	0.019	0	0.00038991818277771	c20	HHLA2
1.16261608556774e-08	4.99311640876832	0.019	0	0.00038991818277771	c20	AC034102.5
1.16261608556774e-08	6.03043120974531	0.019	0	0.00038991818277771	c20	NFATC4
1.16998056529029e-08	5.03538953916017	0.019	0	0.000392388081987056	c20	AC079305.1
1.16998056529029e-08	5.38200931948692	0.019	0	0.000392388081987056	c20	LRRN1
1.16998056529029e-08	4.82106733722887	0.019	0	0.000392388081987056	c20	ZNF660
1.16998056529029e-08	5.63403132472585	0.019	0	0.000392388081987056	c20	AC139887.1
1.16998056529029e-08	4.79000982877791	0.019	0	0.000392388081987056	c20	AC079921.2
1.16998056529029e-08	5.38181189355549	0.019	0	0.000392388081987056	c20	AC005355.1
1.16998056529029e-08	4.82394183716474	0.019	0	0.000392388081987056	c20	RHPN1-AS1
1.16998056529029e-08	3.89887049104256	0.019	0	0.000392388081987056	c20	AIF1L
1.16998056529029e-08	4.89366384564116	0.019	0	0.000392388081987056	c20	AC124947.1
1.16998056529029e-08	4.85723004927806	0.019	0	0.000392388081987056	c20	AC073655.2
1.16998056529029e-08	3.98327560773098	0.019	0	0.000392388081987056	c20	SYT17
1.16998056529029e-08	5.55957563124838	0.019	0	0.000392388081987056	c20	ARHGAP23
1.16998056529029e-08	5.81676954499465	0.019	0	0.000392388081987056	c20	GSTT2B
1.16998056529029e-08	5.10637717996144	0.019	0	0.000392388081987056	c20	U62317.2
1.26103636712719e-08	1.66655104623515	0.113	0.015	0.000422926376807117	c20	SMTN
1.501803277158e-08	0.57818971153288	0.283	0.069	0.000503674783093249	c20	CFL2
1.50185417165301e-08	1.66717359299312	0.075	0.007	0.000503691852088987	c20	AC073934.1
1.54651618612128e-08	0.297829829010881	0.302	0.075	0.000518670598501355	c20	NOMO2
1.60663574293687e-08	1.40247616417476	0.17	0.031	0.000538833495466168	c20	CCNE2
1.71530708212115e-08	0.979433859950584	0.113	0.015	0.000575279689201791	c20	NADK2
1.72744847840515e-08	0.726932104095042	0.151	0.025	0.00057935167068752	c20	FGL2
1.755224386244e-08	0.599062975856067	0.132	0.02	0.000588667154658512	c20	FZD3
1.79334577604979e-08	2.28017540625528	0.075	0.007	0.000601452306371579	c20	EHHADH
1.80538541237071e-08	2.66817321048195	0.075	0.007	0.000605490159600889	c20	HDX
1.94743127110286e-08	0.484837047421581	0.679	0.236	0.000653129499702477	c20	LMO4
2.12039450019199e-08	2.33654335138406	0.057	0.004	0.000711137907474388	c20	AL022341.1
2.2535437634093e-08	0.206183275090823	0.925	0.399	0.000755793507372213	c20	LGALS1
2.34699782687767e-08	0.238606932472337	0.528	0.167	0.000787136131178233	c20	MBNL2
2.41781001865371e-08	1.89340007915066	0.075	0.007	0.000810885124056083	c20	FZD6
2.54668234812622e-08	0.235758976925958	0.604	0.201	0.00085410632591457	c20	GNL3
2.62149117508326e-08	0.374130636916391	0.283	0.07	0.000879195710299425	c20	RNF135
2.69688956328029e-08	0.12616294542805	0.698	0.235	0.000904482821732944	c20	GUSB
2.70065828814326e-08	0.289917978935832	0.34	0.091	0.000905746776677488	c20	PRADC1
2.96298813900073e-08	0.443342395770835	0.811	0.327	0.000993726962058065	c20	DUSP5
2.97427716366992e-08	1.76760232102203	0.094	0.011	0.000997513075151619	c20	GRAMD1C
3.10949657051754e-08	4.00482707149596	0.038	0.002	0.00104286295982017	c20	ACSBG1
3.14792298924382e-08	4.00890678638761	0.038	0.002	0.00105575041213259	c20	ZDHHC23
3.17704471522371e-08	3.62239352283899	0.038	0.002	0.00106551725659173	c20	ZBTB46
3.21628050654818e-08	2.7015617401941	0.038	0.002	0.00107867615628613	c20	PLBD1
3.22616266112449e-08	2.81041613840574	0.038	0.002	0.00108199043328793	c20	AC005618.1
3.22616266112449e-08	2.92158605733818	0.038	0.002	0.00108199043328793	c20	AC004803.1
3.27201605211462e-08	0.732549624457885	0.226	0.05	0.0010973687435582	c20	SLC31A1
3.36964259327275e-08	0.260106488113099	0.321	0.084	0.00113011073293181	c20	C16orf58
3.39826171918995e-08	1.78108945582253	0.094	0.011	0.00113970901538193	c20	OLMALINC
3.49778800826899e-08	0.376489904953204	0.264	0.063	0.00117308814221326	c20	PAOX
4.1377439818885e-08	1.09625496242936	0.981	0.669	0.00138771657664577	c20	HSPA5
4.60081999098027e-08	0.626014335977421	0.17	0.032	0.00154302300857496	c20	LYN
4.92679394055982e-08	1.20662536633602	0.094	0.012	0.00165234815178495	c20	COL9A2
5.55887528143288e-08	0.342368323193782	0.566	0.192	0.00186433559188696	c20	WARS
5.89600710721184e-08	1.22078122608974	0.189	0.039	0.00197740286361671	c20	IFI30
6.19351508501306e-08	2.45126041074396	0.057	0.005	0.00207718108921168	c20	AC025181.2
6.320256166536e-08	2.08927467140641	0.057	0.005	0.00211968751313284	c20	AL627422.2
6.36967303271901e-08	0.48234680078431	0.811	0.312	0.0021362609417133	c20	AKR1A1
6.54378252443598e-08	3.23414291101009	0.038	0.002	0.00219465378304534	c20	OPLAH
6.54378252443598e-08	3.44372891156924	0.038	0.002	0.00219465378304534	c20	AC091045.1
6.56305888941575e-08	2.91103540744024	0.038	0.002	0.00220111869033226	c20	AL592148.3
6.56305888941575e-08	3.42390310563645	0.038	0.002	0.00220111869033226	c20	RTKN
6.56305888941575e-08	0.219419943488778	0.038	0.002	0.00220111869033226	c20	FOLR2
6.66755732174367e-08	0.816558974144243	0.208	0.045	0.00223616537456639	c20	SLC39A11
6.89025045011254e-08	1.82081963742392	0.075	0.008	0.00231085219595874	c20	CKB
7.18500492236907e-08	2.08902485824348	0.075	0.008	0.00240970695086414	c20	TP53I3
7.33103948244817e-08	0.178428168521231	0.226	0.051	0.00245868402162347	c20	RIPOR1
7.8815391269698e-08	0.557665085349857	0.302	0.08	0.00264331059240313	c20	CYB561
7.94701373203884e-08	1.25365653632871	0.113	0.016	0.00266526946545119	c20	SLC30A4
8.00450676375378e-08	0.604131530053721	0.925	0.457	0.00268455147842774	c20	CD63
8.02322191534414e-08	3.35068355679478	0.057	0.005	0.00269082816596812	c20	KMO
8.32481922549632e-08	0.340589109707425	0.208	0.045	0.00279197787184696	c20	SLC35F2
8.70877400935868e-08	0.624070769529996	0.849	0.335	0.00292074862725871	c20	SEC61A1
8.92428272721548e-08	0.276145089214351	0.358	0.103	0.00299302594105353	c20	SCO2
9.00721371009379e-08	0.582720538492708	0.264	0.066	0.00302083933409125	c20	PPCDC
9.18585093900751e-08	0.241737948923652	0.434	0.135	0.00308075068792434	c20	TP53INP1
9.87180895748158e-08	0.529479461714742	0.585	0.209	0.00331080728816017	c20	ADA2
9.87939249425435e-08	0.167024458081035	0.283	0.073	0.00331335065472302	c20	SLC35F5
1.01750862667996e-07	0.506961643750147	0.226	0.052	0.00341252043215925	c20	CHAC2
1.09023808850795e-07	0.854582733076398	0.075	0.008	0.00365644050123796	c20	MYL9
1.14401614461392e-07	0.312757351924604	0.509	0.169	0.00383680134580616	c20	NAGK
1.1982978517807e-07	0.179334811670638	0.717	0.253	0.0040188513353021	c20	DCPS
1.26145358545733e-07	3.20889585246254	0.038	0.002	0.00423066303490679	c20	HMGA1P4
1.26145358545733e-07	3.40159154297285	0.038	0.002	0.00423066303490679	c20	AC011921.1
1.35194490901819e-07	0.431676984618522	0.547	0.192	0.0045341528358652	c20	TIFA
1.43862465322125e-07	16.091908334271	0.019	0.001	0.00482485936197344	c20	IGLV4-69
1.46218488163948e-07	5.62079208029782	0.019	0.001	0.00490387565604249	c20	C4A
1.47012089583408e-07	4.68394105684162	0.019	0.001	0.00493049146044835	c20	AC120024.1
1.47809856092495e-07	5.21874664567374	0.019	0.001	0.00495724695363011	c20	MED12L
1.48494142191561e-07	0.592220698834217	0.17	0.033	0.00498019654082058	c20	HOOK1
1.48611808755652e-07	4.78960850874479	0.019	0.001	0.00498414284204707	c20	FCRL4
1.48611808755652e-07	5.07054027834471	0.019	0.001	0.00498414284204707	c20	DNM3OS
1.48611808755652e-07	4.93371396018007	0.019	0.001	0.00498414284204707	c20	MST1R
1.48611808755652e-07	5.27876882602696	0.019	0.001	0.00498414284204707	c20	PTPRG
1.48611808755652e-07	4.9311078445271	0.019	0.001	0.00498414284204707	c20	CAMK2N2
1.48611808755652e-07	4.24371510473046	0.019	0.001	0.00498414284204707	c20	AC011337.1
1.48611808755652e-07	4.29450899606768	0.019	0.001	0.00498414284204707	c20	SCIN
1.48611808755652e-07	3.56149464593709	0.019	0.001	0.00498414284204707	c20	FAM71F2
1.48611808755652e-07	4.97833124741295	0.019	0.001	0.00498414284204707	c20	AC009630.3
1.48611808755652e-07	4.65457738752285	0.019	0.001	0.00498414284204707	c20	ANKRD20A4
1.48611808755652e-07	4.83254456167177	0.019	0.001	0.00498414284204707	c20	COL13A1
1.48611808755652e-07	5.09138474404723	0.019	0.001	0.00498414284204707	c20	ASCL1
1.48611808755652e-07	4.2971979239939	0.019	0.001	0.00498414284204707	c20	TMEM63C
1.48611808755652e-07	5.15859899204096	0.019	0.001	0.00498414284204707	c20	RHBDF1
1.48611808755652e-07	5.13903573504563	0.019	0.001	0.00498414284204707	c20	ZNF205
1.48611808755652e-07	3.28786567264948	0.019	0.001	0.00498414284204707	c20	FSCN2
1.48611808755652e-07	4.89039624982231	0.019	0.001	0.00498414284204707	c20	GREB1L
1.48611808755652e-07	4.59164050652361	0.019	0.001	0.00498414284204707	c20	RIMBP3
1.48611808755652e-07	5.33488812715198	0.019	0.001	0.00498414284204707	c20	FO393418.1
1.50123600954509e-07	0.765687366504784	0.415	0.134	0.00503484532881233	c20	DNAJB4
1.54605207470733e-07	1.65145503411828	0.113	0.017	0.00518514944815343	c20	MESP1
1.64269933729521e-07	2.28626756355868	0.057	0.005	0.00550928503742068	c20	IL17RC
1.68042284851173e-07	1.15077445174844	0.113	0.017	0.00563580214933864	c20	CCDC106
1.80603790428613e-07	0.710070087553064	0.208	0.047	0.00605708992339483	c20	ZNF771
1.84843492531877e-07	0.137020482993828	0.717	0.257	0.0061992810525341	c20	ATOX1
1.90812104648973e-07	0.182337100547238	0.472	0.153	0.00639945636571724	c20	CALU
1.92510918341897e-07	1.83155267035179	0.075	0.008	0.00645643117935055	c20	SOWAHD
1.93346743312812e-07	0.2511712535064	0.321	0.09	0.0064844630772251	c20	ASNS
2.16988770344003e-07	0.316376005450858	0.226	0.054	0.00727736937979718	c20	PDCD2L
2.22583149598411e-07	1.97797794530705	0.057	0.005	0.00746499367123152	c20	AC104971.3
2.23184261181633e-07	0.639993691006764	0.132	0.022	0.0074851537515096	c20	AC012368.1
2.31149250550137e-07	1.41369209616936	0.038	0.002	0.00775228356495049	c20	GPNMB
2.40342178378927e-07	0.925031879534007	0.132	0.023	0.00806059597847246	c20	CADM1
2.50577307209213e-07	0.433712655375398	0.17	0.034	0.0084038617291826	c20	RAB40B
2.53392996898835e-07	0.775153421458732	0.151	0.028	0.00849829432999313	c20	APTR
2.62418068936757e-07	0.113864111881342	0.623	0.217	0.00880097719600097	c20	A1BG
2.70064097179081e-07	0.869831169631901	0.943	0.486	0.00905740969119201	c20	HM13
2.72333194752893e-07	0.488982967588259	0.189	0.041	0.00913351068562254	c20	ZNF248
2.87860272623984e-07	0.244199837583537	0.358	0.107	0.00965425782326318	c20	PIGK
2.96839549514068e-07	2.2608678910647	0.057	0.005	0.00995540481160281	c20	CLDN12
2.96839549514068e-07	2.20982458643119	0.057	0.005	0.00995540481160281	c20	MORF4L2-AS1
2.97683954122588e-07	1.15842650289765	0.113	0.018	0.00998372445336334	c20	NOD2
2.97944199185495e-07	0.7501465101972	0.962	0.523	0.00999245255228312	c20	RPN2
3.43743684728786e-07	0.931271550009789	0.113	0.018	0.011528475698434	c20	SMOX
3.47737920155948e-07	0.792905233512852	0.415	0.14	0.0116624343661902	c20	HIST1H2AC
3.48321150413661e-07	1.20751650739695	0.151	0.029	0.0116819947425733	c20	AIFM2
3.60414626941575e-07	0.735496728917228	0.132	0.023	0.0120875857583666	c20	CRACR2B
3.90516304897876e-07	0.853181547690182	0.17	0.035	0.013097135833665	c20	GOLIM4
3.92775416867005e-07	1.92315622757532	0.057	0.005	0.0131729019308856	c20	AL121985.1
4.07406975902228e-07	1.54746961013442	0.075	0.009	0.0136636151578089	c20	MCF2L
4.07994531684327e-07	2.58972611779209	0.038	0.002	0.013683320603629	c20	PTHLH
4.08279317766668e-07	0.760644994692816	0.208	0.049	0.0136928717592585	c20	PLOD1
4.09063396351025e-07	2.96180735854562	0.038	0.002	0.0137191681868207	c20	WEE2-AS1
4.09063396351025e-07	2.85035066317831	0.038	0.002	0.0137191681868207	c20	AC011446.2
4.1790443524093e-07	0.134033038181593	0.623	0.224	0.0140156789491103	c20	ARMCX3
5.11294495203808e-07	2.22139282763338	0.057	0.005	0.0171477947801453	c20	MAMDC4
5.35055337027558e-07	0.692443305150227	0.132	0.023	0.0179446858932302	c20	C16orf86
5.51321283152912e-07	0.572507932685939	0.264	0.071	0.0184902131943824	c20	HMBS
5.54412202487159e-07	1.52115641888148	0.094	0.013	0.0185938764470143	c20	FP236383.3
6.22994465003863e-07	0.295984812164237	0.623	0.225	0.0208939883672995	c20	DPM3
6.64567979484207e-07	0.460554678765958	0.132	0.024	0.0222882808959413	c20	SERPINI1
6.89346241564289e-07	3.14848026052684	0.038	0.002	0.0231192942495831	c20	AMT
6.92833596262397e-07	2.9882233654073	0.038	0.002	0.0232362531514483	c20	FERMT2
7.17414266543525e-07	0.683236945271494	1	0.803	0.0240606396713367	c20	JUN
7.41685284538831e-07	0.100542534704783	0.226	0.056	0.0248746410728633	c20	EIF3C
8.6537770029028e-07	2.17033660413071	0.057	0.005	0.0290230373123354	c20	PLXNB2
9.33119827760707e-07	1.18309217175738	0.132	0.024	0.0312949727834386	c20	TFEB
9.60580792512882e-07	1.00250259750476	0.113	0.019	0.032215958619297	c20	ARHGAP21
9.94179887898753e-07	5.66899371776751	0.019	0.001	0.0333428050803484	c20	AL049780.1
9.98898288281094e-07	5.19125301547153	0.019	0.001	0.0335010507923713	c20	PCDHGB2
1.00363824078044e-06	4.96100285013745	0.019	0.001	0.0336600193192945	c20	SMIM15-AS1
1.00363824078044e-06	4.7080305771482	0.019	0.001	0.0336600193192945	c20	AL358113.1
1.00839983970733e-06	4.32955205978607	0.019	0.001	0.0338197138241043	c20	MYCL
1.00839983970733e-06	4.29884396728506	0.019	0.001	0.0338197138241043	c20	AC078883.3
1.00839983970733e-06	4.23881204019052	0.019	0.001	0.0338197138241043	c20	AC084036.1
1.00839983970733e-06	4.63634106489946	0.019	0.001	0.0338197138241043	c20	CCDC39
1.00839983970733e-06	4.869785744791	0.019	0.001	0.0338197138241043	c20	PCDHGC3
1.00839983970733e-06	4.11781135119535	0.019	0.001	0.0338197138241043	c20	CREB5
1.00839983970733e-06	4.34948944540831	0.019	0.001	0.0338197138241043	c20	NRCAM
1.00839983970733e-06	5.0846661942493	0.019	0.001	0.0338197138241043	c20	AC022784.3
1.00839983970733e-06	4.52136058360764	0.019	0.001	0.0338197138241043	c20	PLA2G1B
1.00839983970733e-06	4.51109080307153	0.019	0.001	0.0338197138241043	c20	UBE2L5
1.00839983970733e-06	4.52890700103229	0.019	0.001	0.0338197138241043	c20	AK7
1.00839983970733e-06	4.73091625862308	0.019	0.001	0.0338197138241043	c20	AC022306.2
1.00839983970733e-06	4.4286978458798	0.019	0.001	0.0338197138241043	c20	DRC3
1.00839983970733e-06	4.08001460083551	0.019	0.001	0.0338197138241043	c20	FUT1
1.00839983970733e-06	4.89312954042941	0.019	0.001	0.0338197138241043	c20	DGCR6
1.00839983970733e-06	3.66812430603995	0.019	0.001	0.0338197138241043	c20	AL096701.3
1.01544706306002e-06	0.543605552855562	0.849	0.48	0.0340560636009069	c20	HSPA1B
1.03672554037663e-06	0.230104105622008	0.151	0.03	0.0347697011731515	c20	AC007388.1
1.08655707994515e-06	1.12642906526143	0.075	0.009	0.0364409513472006	c20	SPINT1-AS1
1.09282433432392e-06	3.58142831918105	0.038	0.003	0.0366511425245556	c20	B4GALT2
1.12526423677517e-06	3.28219102892879	0.038	0.003	0.0377391119729658	c20	RPS6KL1
1.12800899795911e-06	2.85995866987972	0.038	0.003	0.0378311657735527	c20	SORBS1
1.12800899795911e-06	3.28656731511076	0.038	0.003	0.0378311657735527	c20	KREMEN2
1.13351786019451e-06	2.71022670519101	0.038	0.003	0.0380159219952035	c20	BCL2L2
