p_val	avg_log2FC	pct.1	pct.2	p_val_adj	cluster	gene
0	1.40037166581526	0.655	0.007	0	22	SHD
0	1.07915483158315	0.611	0.014	0	22	KRT5
0	0.714328709906006	0.568	0.019	0	22	ASIP
0	0.510678356782781	0.563	0	0	22	LOC101929726
0	0.272889880496424	0.559	0.003	0	22	CRYM
0	0.251880848742265	0.541	0.006	0	22	DSG2
1.87909591459962e-144	2.96434593990412	0.996	0.833	5.63728774379887e-141	22	IGJ
8.05820697071377e-142	3.42673599328993	0.983	0.538	2.41746209121413e-138	22	TSPAN13
7.00766495589646e-131	2.78637315959271	0.996	0.799	2.10229948676894e-127	22	NPC2
3.6073878808107e-130	2.6500139066702	0.93	0.336	1.08221636424321e-126	22	IL3RA
1.71289375646873e-129	1.96471270099278	0.817	0.227	5.13868126940619e-126	22	LAMP5
4.34390602774627e-128	3.11323987925827	0.926	0.362	1.30317180832388e-124	22	PLD4
8.82680701445294e-122	3.31035904503061	0.991	0.764	2.64804210433588e-118	22	IRF7
1.48364093161129e-121	2.435516103176	1	0.846	4.45092279483386e-118	22	GPX1
1.76296395089319e-115	2.54648620339868	0.952	0.535	5.28889185267957e-112	22	NAPSB
2.90948251458405e-115	2.81420507348832	0.983	0.627	8.72844754375214e-112	22	ITM2C
5.72865846702024e-115	2.6173659231104	0.978	0.61	1.71859754010607e-111	22	TYROBP
1.71742208801467e-113	2.07586567204426	0.974	0.572	5.15226626404401e-110	22	CST3
2.20518770269193e-113	3.08414706321585	0.926	0.702	6.61556310807578e-110	22	SOX4
1.00593406285961e-112	3.11052530549222	0.93	0.586	3.01780218857884e-109	22	IRF8
8.49470587866855e-110	2.14213601870083	0.983	0.805	2.54841176360056e-106	22	CTSB
9.75905975555669e-109	2.35305670312174	0.93	0.628	2.92771792666701e-105	22	MS4A6A
1.71392110960454e-107	2.50471628863878	1	0.982	5.14176332881361e-104	22	CD74
5.18624943476152e-107	3.13388084370973	0.865	0.338	1.55587483042845e-103	22	LILRA4
5.48590422411855e-107	2.88022929746197	0.943	0.692	1.64577126723556e-103	22	PLAC8
6.19801016024585e-106	2.19183911568599	0.908	0.614	1.85940304807376e-102	22	DERL3
9.8279925300081e-105	1.84756982603343	0.952	0.686	2.94839775900243e-101	22	GRN
1.30197617735598e-103	1.97635535824424	0.926	0.766	3.90592853206795e-100	22	MZB1
1.57094533605537e-103	2.39992489241511	0.865	0.218	4.7128360081661e-100	22	LILRB4
3.54093673487784e-103	2.53982633229728	0.93	0.586	1.06228102046335e-99	22	LOC101929219
1.38869518074346e-102	1.54795968633829	0.948	0.551	4.16608554223039e-99	22	FCER1G
8.01597687029383e-102	1.69492718952958	0.987	0.866	2.40479306108815e-98	22	HSP90B1
1.57128392795915e-101	1.87652629727403	0.926	0.621	4.71385178387746e-98	22	SPINT2
3.09294482351138e-100	1.60030625698061	0.873	0.574	9.27883447053414e-97	22	LGMN
2.41830135146524e-99	0.342249264570845	0.489	0.058	7.25490405439572e-96	22	MSRB3
1.59511204690627e-95	1.76143328129887	0.712	0.223	4.78533614071882e-92	22	CLEC4C
2.93984647099998e-95	1.65071738439764	0.965	0.707	8.81953941299993e-92	22	HLA-DMA
3.40542142912418e-95	2.11041642400618	0.817	0.37	1.02162642873725e-91	22	TPM2
4.60112203400173e-94	1.88419675171803	0.895	0.714	1.38033661020052e-90	22	RNASE6
2.92493470200841e-93	2.16414423052842	0.869	0.576	8.77480410602522e-90	22	APP
5.81483640791354e-93	1.61883613151833	0.943	0.719	1.74445092237406e-89	22	VIMP
6.38553297989875e-93	2.8213838457683	0.878	0.523	1.91565989396963e-89	22	SERPINF1
1.89817852783478e-91	2.08952859244655	0.978	0.871	5.69453558350435e-88	22	TXN
2.69718145020138e-91	3.48947175144704	0.777	0.273	8.09154435060414e-88	22	TCL1A
3.37883420627887e-90	1.72647370834758	0.926	0.736	1.01365026188366e-86	22	STMN1
8.65276909548348e-90	-3.18401367085256	0.703	0.946	2.59583072864504e-86	22	IL32
9.4657845740381e-90	1.74972750269903	0.821	0.375	2.83973537221143e-86	22	TNFRSF21
1.25638921735292e-89	1.57332278408608	0.895	0.536	3.76916765205876e-86	22	RNF130
4.90465879562832e-89	1.6916866699385	0.76	0.24	1.4713976386885e-85	22	SMIM5
2.15795122758599e-88	1.00365158413948	0.721	0.13	6.47385368275798e-85	22	P2RY6
4.1586939210558e-88	0.967736263453016	0.847	0.525	1.24760817631674e-84	22	NME4
1.57852653486043e-86	-3.04242597940578	0.725	0.951	4.7355796045813e-83	22	CD69
4.74372667771369e-85	2.27706009525511	0.978	0.785	1.42311800331411e-81	22	GPR183
9.60948190292112e-84	-2.47034875132671	0.79	0.966	2.88284457087633e-80	22	IFITM1
1.07473920662843e-83	1.97059910129333	0.873	0.635	3.2242176198853e-80	22	UGCG
8.61433402543742e-83	2.52418804427647	0.926	0.714	2.58430020763123e-79	22	GZMB
1.02960645243017e-82	1.62420879792969	0.987	0.821	3.08881935729051e-79	22	SYNGR2
3.7330613108479e-82	2.42489799885735	0.939	0.668	1.11991839325437e-78	22	AREG
3.86048669878765e-82	3.30587414068066	0.882	0.691	1.1581460096363e-78	22	CLIC3
5.47857740608441e-80	1.42258659456314	0.934	0.666	1.64357322182532e-76	22	CAPG
7.94067635097401e-80	1.28539095898047	0.821	0.435	2.3822029052922e-76	22	NCF1C
3.80096247799591e-78	2.14621802786716	0.799	0.402	1.14028874339877e-74	22	PPP1R14A
5.78169375076617e-78	1.18568618628463	0.987	0.809	1.73450812522985e-74	22	HLA-DRB4
5.88154058721086e-77	2.17270983306914	0.913	0.734	1.76446217616326e-73	22	CXCR3
7.71948007839744e-77	1.91699153923523	0.852	0.583	2.31584402351923e-73	22	IRF4
6.75378665018601e-76	1.26268000870195	0.812	0.544	2.0261359950558e-72	22	BLNK
2.54298112742109e-75	1.94665737252146	0.79	0.454	7.62894338226327e-72	22	MAP1A
2.86017531113592e-75	2.16350204438832	0.834	0.602	8.58052593340775e-72	22	SMPD3
3.85284141854888e-75	1.49723305138519	0.878	0.775	1.15585242556466e-71	22	IFI44L
4.5419296059316e-75	1.15783732587842	0.865	0.625	1.36257888177948e-71	22	FCGRT
1.97977756944546e-74	-2.84034784298618	0.655	0.918	5.93933270833638e-71	22	CD7
2.72585099884319e-74	2.20477230883535	0.852	0.672	8.17755299652956e-71	22	PPP1R14B
1.10098275878812e-73	1.41215400896668	0.978	0.889	3.30294827636437e-70	22	HERPUD1
2.63837076866698e-73	0.811126014491311	0.624	0.164	7.91511230600095e-70	22	SCN9A
3.57151454867154e-73	1.47656343337904	0.808	0.526	1.07145436460146e-69	22	CLN8
3.66712626289543e-73	1.10702845506446	0.734	0.41	1.10013787886863e-69	22	SCAMP5
1.08461308544566e-71	1.23515943513163	0.882	0.811	3.25383925633699e-68	22	HIST1H1C
1.13807022747394e-71	1.09912859413273	0.9	0.666	3.41421068242183e-68	22	PRMT9
4.95969836383098e-71	0.934906104557611	0.996	0.926	1.48790950914929e-67	22	GABARAP
5.54085588804229e-71	1.24429929243019	0.956	0.714	1.66225676641269e-67	22	DSTN
9.98682928964257e-71	1.10049710106688	0.891	0.635	2.99604878689277e-67	22	CD83
1.81257631764155e-70	2.31386133282947	0.799	0.566	5.43772895292466e-67	22	SPIB
4.24105213396924e-70	1.38077365726905	0.803	0.487	1.27231564019077e-66	22	ALDH2
2.31087758009337e-69	1.39634355363435	0.808	0.505	6.9326327402801e-66	22	CYBB
1.36400583816173e-68	1.08922859820279	0.991	0.872	4.09201751448518e-65	22	BST2
2.07069375137493e-67	1.50592170008408	0.86	0.654	6.2120812541248e-64	22	THEMIS2
1.01043581168286e-66	1.13653691996716	0.838	0.659	3.03130743504858e-63	22	HIST1H2AC
5.95477476835633e-66	1.57460902266465	0.847	0.702	1.7864324305069e-62	22	CD68
8.30209083762263e-66	2.08140621676616	0.803	0.64	2.49062725128679e-62	22	TCF4
4.58081856691944e-65	1.11044829935419	0.978	0.842	1.37424557007583e-61	22	RNASET2
3.1633773239392e-64	1.14452122452629	0.83	0.614	9.49013197181761e-61	22	NR4A3
9.44071838542987e-64	1.96995515818763	0.93	0.765	2.83221551562896e-60	22	RGS2
2.37993760204442e-63	-0.576602136259766	0.087	0.83	7.13981280613326e-60	22	MT1E
3.71198366082182e-63	0.3669894106647	0.533	0.081	1.11359509824655e-59	22	CD302
3.04077046048052e-62	-2.68238786866906	0.428	0.849	9.12231138144157e-59	22	CST7
3.27711836382111e-62	1.28181670588894	0.891	0.629	9.83135509146333e-59	22	GLUL
1.21621296784226e-60	1.08748220295102	0.873	0.625	3.64863890352679e-57	22	HLA-DRB1
1.82679507040749e-60	-0.263753915592841	0.022	0.769	5.48038521122248e-57	22	CCR4
2.39131851157387e-60	0.994572607939448	0.908	0.672	7.17395553472162e-57	22	HLA-DQB1
4.71481591364223e-60	-2.17432983711164	0.725	0.932	1.41444477409267e-56	22	TNFAIP3
1.51976593967995e-59	1.95115960672499	0.769	0.544	4.55929781903984e-56	22	PTCRA
1.98247586767371e-59	0.995828899315552	0.886	0.748	5.94742760302114e-56	22	PTRHD1
4.5485554347728e-59	-0.583937621268313	0.31	0.879	1.36456663043184e-55	22	ENTPD1
3.3666972513121e-58	1.143502452605	0.847	0.77	1.01000917539363e-54	22	AHCY
4.23264718068417e-58	-2.90152579121752	0.603	0.87	1.26979415420525e-54	22	IL7R
5.60173059017497e-58	0.878329258400901	0.943	0.817	1.68051917705249e-54	22	LOC100996809
6.09920110856392e-58	1.14247389161315	0.786	0.643	1.82976033256917e-54	22	SYK
3.36448660882302e-57	0.886054335528257	0.939	0.816	1.00934598264691e-53	22	PSAP
4.83630938371117e-57	1.31583410958708	0.777	0.606	1.45089281511335e-53	22	TNFSF13
1.15026231441664e-56	1.1372480277606	0.882	0.715	3.45078694324991e-53	22	MAN2B1
1.3656045146108e-56	1.93004285808807	0.703	0.278	4.0968135438324e-53	22	SCT
1.8928728163079e-56	0.474580401119078	0.725	0.541	5.67861844892371e-53	22	IL18
5.92996362573104e-56	1.19476847964453	0.865	0.766	1.77898908771931e-52	22	FKBP2
8.21070562569035e-56	-1.80075944256339	0.624	0.922	2.4632116877071e-52	22	MT2A
8.41576106647302e-56	1.2852593096275	0.808	0.721	2.52472831994191e-52	22	MGST2
1.16535885999125e-55	1.25689269270505	0.969	0.847	3.49607657997376e-52	22	ALOX5AP
1.54750878650577e-55	0.824042003212621	0.585	0.174	4.64252635951732e-52	22	PLVAP
1.70788257782602e-55	1.12114018702211	0.956	0.851	5.12364773347806e-52	22	CTSC
6.49635026717004e-55	0.837525885446084	0.76	0.495	1.94890508015101e-51	22	CD300A
7.29156941889073e-55	2.05608703366456	0.742	0.559	2.18747082566722e-51	22	RASD1
3.17430997220394e-54	-1.05751981013348	0.52	0.833	9.52292991661181e-51	22	SIRPG
6.77990153075255e-54	0.630955914906223	0.572	0.169	2.03397045922577e-50	22	ST14
1.1197867008896e-53	0.852342325771263	0.917	0.77	3.35936010266881e-50	22	CTSS
1.90876211804564e-53	1.10751564142074	0.773	0.55	5.72628635413692e-50	22	GSN
3.73825470409308e-53	1.23183351208216	0.882	0.706	1.12147641122792e-49	22	C12orf75
7.48097512222855e-53	0.790323086545117	0.996	0.919	2.24429253666857e-49	22	GNG5
2.00054182109697e-52	1.11722362555898	0.729	0.492	6.00162546329092e-49	22	MPEG1
8.1338580809359e-52	-1.03784768139931	0.127	0.743	2.44015742428077e-48	22	TRAT1
1.1386522433356e-51	5.25793484403153	0.729	0.461	3.41595673000679e-48	22	PTGDS
1.70702913827142e-51	2.23857429822362	0.777	0.652	5.12108741481427e-48	22	FUT7
1.94300999173406e-51	1.14664443827224	0.773	0.631	5.82902997520219e-48	22	RRBP1
1.94631391176686e-51	-1.34087094291291	0.642	0.857	5.83894173530057e-48	22	FAIM3
4.281830072521e-51	1.03741973894835	0.786	0.656	1.2845490217563e-47	22	TSPAN3
8.63172294623544e-51	0.830104870726225	0.93	0.786	2.58951688387063e-47	22	ATP6V0B
1.51437448902768e-50	-0.296494213440811	0.122	0.779	4.54312346708303e-47	22	IL2RA
2.01069365376729e-50	0.91324753360552	0.782	0.656	6.03208096130187e-47	22	GNA15
2.9508657594439e-50	0.947991491816296	0.891	0.742	8.85259727833171e-47	22	EIF4A3
3.4036500870052e-50	0.758282577989202	1	0.864	1.02109502610156e-46	22	ATP6V0C
6.5580928147072e-50	-1.11125051954968	1	0.998	1.96742784441216e-46	22	ACTB
9.20662325483273e-50	0.911909657528838	0.93	0.77	2.76198697644982e-46	22	IGFLR1
1.11090155959312e-49	1.55797345933396	0.795	0.732	3.33270467877935e-46	22	CCDC50
1.20769863833759e-49	-2.87979659076129	0.1	0.779	3.62309591501276e-46	22	GZMA
1.51193973937045e-49	0.94350971584224	0.978	0.864	4.53581921811136e-46	22	GSTP1
1.55227812089181e-49	0.997071380421569	0.738	0.555	4.65683436267544e-46	22	SCARB2
2.27803122709351e-49	-1.0678578357061	0.541	0.845	6.83409368128055e-46	22	CTLA4
2.69703122225288e-49	0.749983988242752	1	0.928	8.09109366675865e-46	22	SSR4
2.95852788133843e-49	1.08883532601732	0.843	0.735	8.87558364401529e-46	22	NUCB2
3.35146755133234e-49	-0.461652477843282	0.524	0.819	1.0054402653997e-45	22	TXK
8.50863308341601e-49	-0.302833468556365	0.044	0.732	2.5525899250248e-45	22	LOC102724246
9.47876842485318e-49	-0.907694060706427	0.127	0.734	2.84363052745595e-45	22	GATA3
1.26795122472377e-48	1.08793746250422	0.734	0.555	3.80385367417131e-45	22	CCDC88A
1.51796892964125e-48	0.967055817292178	0.69	0.453	4.55390678892375e-45	22	SERPING1
2.29794233523099e-48	0.80444045901492	0.616	0.193	6.89382700569297e-45	22	LRRC26
2.8417734006105e-48	0.271699678223932	0.633	0.406	8.52532020183151e-45	22	CLEC4A
3.06706865133553e-48	1.02208817281804	0.795	0.607	9.20120595400659e-45	22	HLA-DMB
3.20591966648008e-48	1.1475370634296	0.865	0.741	9.61775899944023e-45	22	CD4
3.94618878547536e-48	1.01895330174402	0.847	0.76	1.18385663564261e-44	22	MX1
5.05301213259259e-48	0.843128586807041	0.9	0.657	1.51590363977778e-44	22	CDKN1A
6.6762002553434e-48	-1.48494734900593	0.546	0.846	2.00286007660302e-44	22	TIGIT
1.31719673946688e-47	0.702291224718276	0.747	0.54	3.95159021840063e-44	22	SLAMF7
2.13897501434697e-47	-1.50299852250944	0.646	0.872	6.4169250430409e-44	22	CD27
2.95886266828947e-47	1.08043494729679	0.747	0.561	8.87658800486841e-44	22	SMIM14
4.95638722230044e-47	0.902700139994544	0.677	0.481	1.48691616669013e-43	22	RASSF2
1.10989720754479e-46	1.21997909767254	0.734	0.482	3.32969162263436e-43	22	MEF2C
1.11787231546871e-46	1.29530783842126	0.799	0.615	3.35361694640612e-43	22	PLEK
4.2188084018457e-46	-0.458050024642406	0.096	0.743	1.26564252055371e-42	22	JAKMIP1
5.0178634393738e-46	-0.28277962071004	0.079	0.752	1.50535903181214e-42	22	RIC3
2.40262383113843e-45	1.24256205898861	0.729	0.66	7.20787149341528e-42	22	CSF2RB
2.71662769841754e-45	0.324237891327153	0.651	0.442	8.14988309525263e-42	22	CSF1R
3.00169734513525e-45	0.741769330599267	0.747	0.678	9.00509203540575e-42	22	HIST1H2BC
3.53691506751327e-45	1.0142408069382	0.856	0.798	1.06107452025398e-41	22	LAP3
4.40972280036634e-45	0.752897596260127	0.991	0.886	1.3229168401099e-41	22	DBI
9.02236656995774e-45	-0.512417593043673	0.122	0.772	2.70670997098732e-41	22	GBP1
1.31665754823244e-44	0.791746016305567	0.681	0.474	3.94997264469733e-41	22	UBE2E2
3.55130768405304e-44	1.04290516272102	0.681	0.422	1.06539230521591e-40	22	BCL11A
5.53724327497831e-44	0.958417207113539	0.747	0.655	1.66117298249349e-40	22	CTSZ
1.80288130088795e-43	0.941932189958425	0.9	0.8	5.40864390266386e-40	22	PYCARD
2.00619681773862e-43	1.20909980704785	0.664	0.448	6.01859045321586e-40	22	PTPRS
5.97506954180071e-43	-0.410529897630143	0.087	0.739	1.79252086254021e-39	22	GPR25
6.48042132239679e-43	-1.46366718910727	0.62	0.83	1.94412639671904e-39	22	SH2D2A
7.35647887068909e-43	0.917109152568305	0.677	0.551	2.20694366120673e-39	22	BAIAP2
1.22333388904667e-42	-0.93927468673013	0.415	0.794	3.67000166714001e-39	22	GPR171
1.26267965161759e-42	0.417109306923218	0.638	0.413	3.78803895485278e-39	22	KLF4
2.20641576450054e-42	-2.1378227040076	0.393	0.778	6.61924729350162e-39	22	CTSW
2.64803874758693e-42	0.77307577482485	0.926	0.834	7.94411624276078e-39	22	P4HB
5.40812938653186e-42	-1.32884982217221	0.651	0.849	1.62243881595956e-38	22	PRDM1
1.51842611588934e-41	0.633771188001273	0.983	0.908	4.55527834766801e-38	22	COX5A
2.09489388556155e-41	0.952056826582651	0.817	0.74	6.28468165668464e-38	22	PDIA4
3.42356365718944e-41	0.898691154480939	0.961	0.869	1.02706909715683e-37	22	TUBB
4.99375162629062e-41	-3.47789366542964	0.546	0.798	1.49812548788719e-37	22	CCL5
9.32352976676866e-41	-1.59710214783841	0.633	0.929	2.7970589300306e-37	22	S100A10
1.12264661813826e-40	0.255485392250309	0.633	0.473	3.36793985441477e-37	22	RASSF4
1.69514565492935e-40	-0.49989001140214	0.205	0.72	5.08543696478806e-37	22	CCR6
2.13452731295258e-40	1.13262981892971	0.699	0.508	6.40358193885775e-37	22	CORO1C
2.58772960205519e-40	0.993372856818788	0.699	0.471	7.76318880616557e-37	22	TGFBI
2.83649863957389e-40	-2.07122128102224	0.524	0.816	8.50949591872168e-37	22	ANXA1
1.2077368565677e-39	-1.47378536625996	0.996	0.995	3.6232105697031e-36	22	GAPDH
1.30886774126168e-39	-1.04933956674159	0.603	0.788	3.92660322378503e-36	22	PDCD1
1.9115212655412e-39	0.605326246529147	0.694	0.596	5.7345637966236e-36	22	IGSF6
1.92809738728446e-39	1.10125443825256	0.651	0.444	5.78429216185337e-36	22	GAPT
2.21688571398489e-39	1.1094836199816	0.777	0.654	6.65065714195468e-36	22	SMIM3
2.91287906487642e-39	-0.621895944293079	1	0.999	8.73863719462925e-36	22	TMSB4X
3.1723955797388e-39	0.274733063423785	0.672	0.448	9.51718673921641e-36	22	TNFSF9
3.90771792517141e-39	-1.61406434289202	0.825	0.935	1.17231537755142e-35	22	DNAJB1
4.50356579358684e-39	1.61923740457164	0.742	0.725	1.35106973807605e-35	22	CXorf21
8.19983300565878e-39	0.826948534201019	0.852	0.773	2.45994990169763e-35	22	COMT
9.03612248963591e-39	0.51561502587077	0.742	0.641	2.71083674689077e-35	22	FAM53C
9.85313085743457e-39	-1.74047984382084	0.659	0.827	2.95593925723037e-35	22	TUBA4A
1.23594803304372e-38	-1.70527994122857	0.074	0.723	3.70784409913116e-35	22	CD8B
1.74312282263645e-38	0.451254659333373	0.677	0.524	5.22936846790934e-35	22	PLAUR
2.14731948810177e-38	0.653833248124667	0.969	0.817	6.4419584643053e-35	22	GPX4
3.41429930257746e-38	-1.02889461008878	0.659	0.864	1.02428979077324e-34	22	ARID5B
3.49365057192025e-38	-0.895432218234673	0.454	0.777	1.04809517157607e-34	22	GBP2
4.15392332303259e-38	0.847130260435751	0.651	0.512	1.24617699690978e-34	22	RNF144B
5.31395505105132e-38	0.746122718240913	0.926	0.788	1.5941865153154e-34	22	SNX3
5.91405057409662e-38	0.854234010584546	0.803	0.776	1.77421517222899e-34	22	PLSCR1
8.53207456468457e-38	0.795829066824481	0.681	0.602	2.55962236940537e-34	22	TUBB6
1.04508291870362e-37	0.830289683152905	0.786	0.68	3.13524875611085e-34	22	BID
1.8690291054442e-37	-1.1167201243625	0.472	0.802	5.60708731633261e-34	22	SLA
2.55385038792299e-37	-0.299354526837436	0.096	0.734	7.66155116376897e-34	22	TNFRSF9
3.19811305156412e-37	0.619543516918346	0.755	0.616	9.59433915469235e-34	22	KDM6B
6.72614120906803e-37	0.987366934768377	0.703	0.585	2.01784236272041e-33	22	EIF2AK4
6.79076158833427e-37	0.561719771383407	0.882	0.752	2.03722847650028e-33	22	HMGN3
7.26305441555067e-37	0.658207269624735	0.721	0.596	2.1789163246652e-33	22	SEPT11
7.76857087767769e-37	0.963406808817793	0.729	0.614	2.33057126330331e-33	22	FAM105A
1.1562539814984e-36	0.878460906201838	0.934	0.876	3.46876194449521e-33	22	SELL
1.40673087811691e-36	0.828476709826251	0.729	0.647	4.22019263435072e-33	22	SNRNP25
1.48701008486091e-36	-0.435290564852166	0.301	0.775	4.46103025458273e-33	22	HAVCR2
1.5460298795405e-36	0.627403879507376	0.59	0.275	4.6380896386215e-33	22	THBD
2.6600586257115e-36	-0.395909838649951	0.576	0.856	7.98017587713451e-33	22	RTKN2
4.19242046689067e-36	0.288271882627597	0.096	0.693	1.2577261400672e-32	22	EPCAM
5.81227282215622e-36	0.630160865756592	0.651	0.646	1.74368184664687e-32	22	NET1
1.61667397471234e-35	0.658909003648259	0.983	0.929	4.85002192413702e-32	22	SLC25A5
2.7018316021973e-35	-1.55332623608641	0.594	0.796	8.1054948065919e-32	22	ITM2A
3.17655904605017e-35	0.712595159972454	0.594	0.287	9.52967713815052e-32	22	PALD1
3.29579599062745e-35	-1.07247336914886	0.122	0.755	9.88738797188234e-32	22	GBP5
3.80593129186698e-35	0.360834757205019	0.624	0.448	1.14177938756009e-31	22	RASGEF1B
3.80898639888239e-35	0.681884996588591	0.808	0.71	1.14269591966472e-31	22	HMGA1
6.16295701586486e-35	0.815932754447979	0.742	0.707	1.84888710475946e-31	22	HVCN1
6.27306194096902e-35	-1.01654993121368	0.537	0.761	1.88191858229071e-31	22	CXCR6
2.25527517852752e-34	-0.268984891589724	0.437	0.834	6.76582553558255e-31	22	ICA1
2.39444684822808e-34	0.452301127213208	0.882	0.799	7.18334054468423e-31	22	ATF3
2.53255981475884e-34	0.752644228345803	0.9	0.856	7.59767944427651e-31	22	CD55
2.86531958518016e-34	-0.55268863591715	0.437	0.852	8.59595875554047e-31	22	LIMS1
1.39025525853086e-33	-1.0571496831318	0.1	0.719	4.17076577559258e-30	22	SH2D1A
2.95819652254964e-33	-1.16673636751806	0.948	0.983	8.87458956764892e-30	22	TSC22D3
3.0703470295048e-33	-1.99923583835652	0.55	0.746	9.2110410885144e-30	22	PRF1
4.39910830770408e-33	0.623312458797848	0.921	0.741	1.31973249231122e-29	22	NR4A1
4.53874411512659e-33	0.728069333454598	0.777	0.729	1.36162323453798e-29	22	PGD
8.62571457320439e-33	1.05694758421403	0.777	0.652	2.58771437196132e-29	22	SLC20A1
1.25736799682896e-32	0.468758579067231	0.996	0.979	3.77210399048689e-29	22	FTL
1.45206405780583e-32	-1.09985252573374	0.978	0.98	4.35619217341749e-29	22	SH3BGRL3
1.64451855250785e-32	-0.856371737272904	0.079	0.697	4.93355565752356e-29	22	IL2RB
3.12051456871898e-32	0.797512197850159	0.638	0.438	9.36154370615694e-29	22	LILRB1
5.73532477979289e-32	-0.592228706334555	0.507	0.776	1.72059743393787e-28	22	PASK
1.01956310274123e-31	0.68935124564352	0.786	0.677	3.0586893082237e-28	22	AP1S2
1.09908532535078e-31	-0.787809267928724	0.236	0.722	3.29725597605234e-28	22	PTGER2
2.51058454459645e-31	0.977779586722484	0.703	0.627	7.53175363378936e-28	22	CREB3L2
2.65751256173905e-31	0.497732753823482	0.913	0.794	7.97253768521714e-28	22	NHP2
3.48989692323805e-31	0.835977284224403	0.843	0.722	1.04696907697141e-27	22	XBP1
5.50190431077799e-31	-0.638179390160139	0.524	0.836	1.6505712932334e-27	22	MAL
6.31659893256861e-31	0.728056384233948	0.598	0.513	1.89497967977058e-27	22	GAS6
7.13626491046949e-31	-1.43037725906759	0.459	0.78	2.14087947314085e-27	22	SLC2A3
1.07919066321202e-30	0.724899758792787	0.755	0.718	3.23757198963605e-27	22	HIST1H2BK
1.62021757896776e-30	0.458416120906795	0.965	0.913	4.86065273690329e-27	22	UCP2
1.71175468578219e-30	0.777662134083732	0.594	0.367	5.13526405734657e-27	22	KIAA0226L
2.25086927975589e-30	-0.57765617094233	0.598	0.83	6.75260783926766e-27	22	FOXP3
3.19833245232469e-30	0.600879601220243	0.668	0.613	9.59499735697408e-27	22	IFIT2
3.80532095085001e-30	0.344365373369533	0.664	0.606	1.141596285255e-26	22	HIST1H2AL
3.90848641680461e-30	-1.95652482570505	0.114	0.701	1.17254592504138e-26	22	CD8A
4.16455320187674e-30	0.597509107101665	0.703	0.562	1.24936596056302e-26	22	DDAH2
5.10122038534696e-30	-1.50050302112357	0.55	0.788	1.53036611560409e-26	22	BATF
5.19482255952034e-30	-1.1552768477577	0.991	0.99	1.5584467678561e-26	22	ACTG1
4.62987028952227e-29	0.426302109186908	0.576	0.481	1.38896108685668e-25	22	F11R
5.23448753423299e-29	0.267335851498649	0.638	0.52	1.5703462602699e-25	22	BCL2L12
7.27090536096073e-29	0.364060476211712	0.996	0.943	2.18127160828822e-25	22	SUB1
8.85058121937734e-29	-0.793870644400602	0.306	0.716	2.6551743658132e-25	22	TMEM2
1.37739615741147e-28	-0.283281283872146	0.022	0.632	4.13218847223442e-25	22	KIR2DL4
1.58410049781245e-28	0.46938891211283	0.598	0.538	4.75230149343736e-25	22	RAB13
1.81155973445136e-28	0.267656752900613	0.594	0.488	5.43467920335407e-25	22	BRI3
1.91270115575889e-28	0.681234140250884	0.878	0.831	5.73810346727667e-25	22	KDELR2
2.29036303467658e-28	0.810633460243664	0.655	0.695	6.87108910402973e-25	22	H1F0
3.32083739506697e-28	0.375338227866721	0.594	0.508	9.96251218520092e-25	22	LRRK1
4.03929555681217e-28	-1.28076443586351	0.934	0.974	1.21178866704365e-24	22	JUN
4.72519486061604e-28	-1.13312608950557	0.52	0.845	1.41755845818481e-24	22	CALM3
5.37791481324581e-28	0.33807258010664	0.62	0.545	1.61337444397374e-24	22	SPAG4
6.57990774394922e-28	0.366002205732809	0.991	0.927	1.97397232318477e-24	22	TAGLN2
1.06240042691378e-27	-0.489158332762521	0.092	0.683	3.18720128074134e-24	22	TESPA1
1.25608642648108e-27	-0.329168536465512	0.153	0.606	3.76825927944325e-24	22	LOC100996286
1.60009977948934e-27	0.665636777399313	0.576	0.429	4.80029933846803e-24	22	LHFPL2
2.32702512146804e-27	-2.08518779172519	0.079	0.693	6.98107536440412e-24	22	GZMK
4.84765097627534e-27	-1.87293330687038	0.52	0.734	1.4542952928826e-23	22	KLRB1
6.32452020065676e-27	0.699895705696897	0.642	0.576	1.89735606019703e-23	22	GNG7
7.02506660519293e-27	0.437205274860175	0.917	0.829	2.10751998155788e-23	22	TUBA1B
7.29686052413901e-27	0.48359518787107	0.576	0.462	2.1890581572417e-23	22	KMO
8.83224420605334e-27	0.776335147673346	0.555	0.248	2.649673261816e-23	22	CD36
1.12946355189308e-26	0.356192777929267	0.991	0.941	3.38839065567924e-23	22	S100A6
1.24814214016684e-26	0.314863052271681	0.681	0.5	3.74442642050053e-23	22	PIM3
2.59449065510061e-26	0.733726085120234	0.786	0.834	7.78347196530183e-23	22	OAS1
2.97157565846202e-26	-0.870101836911341	0.585	0.816	8.91472697538607e-23	22	LGALS3
2.97362092217714e-26	-1.35626340468385	0.93	0.957	8.92086276653141e-23	22	S100A4
8.92357016961365e-26	0.683221714740903	0.738	0.674	2.67707105088409e-22	22	TMEM107
1.59860370173386e-25	-1.2921674811301	0.934	0.939	4.79581110520157e-22	22	IFITM2
1.65173930155607e-25	-0.267610581307341	0.105	0.555	4.95521790466822e-22	22	LOC102725101
2.85463389674435e-25	0.702094339889601	0.642	0.548	8.56390169023304e-22	22	AHI1
2.87841143738286e-25	0.565666958802291	0.515	0.183	8.63523431214859e-22	22	PROC
3.02267352259367e-25	-1.34339813064718	0.878	0.958	9.068020567781e-22	22	CORO1A
3.14489454246384e-25	0.44335876562338	0.93	0.805	9.43468362739151e-22	22	YPEL5
3.23243006761138e-25	0.51259766540154	0.948	0.889	9.69729020283415e-22	22	CALR
3.42085506624007e-25	0.560150856493973	0.729	0.684	1.02625651987202e-21	22	CYSTM1
5.332359434812e-25	0.293348689806594	0.934	0.852	1.5997078304436e-21	22	HMGN2
6.38327243233793e-25	-0.940411079904965	0.489	0.798	1.91498172970138e-21	22	TMEM173
6.3898455229674e-25	0.378223037445118	0.699	0.589	1.91695365689022e-21	22	MIDN
6.76892382977641e-25	0.554650805529231	0.803	0.713	2.03067714893292e-21	22	MGAT1
7.71616240872735e-25	0.773386347513711	0.668	0.534	2.3148487226182e-21	22	PTPRE
1.04220401921485e-24	0.542665874783581	0.576	0.459	3.12661205764455e-21	22	LOC642361
1.14464107182407e-24	-0.672606279208661	0.144	0.669	3.4339232154722e-21	22	LOC101928173
1.68372876966125e-24	0.373033267924741	0.594	0.523	5.05118630898374e-21	22	NFKBID
2.02818011914312e-24	0.918578047474007	0.659	0.6	6.08454035742937e-21	22	C12orf45
5.08983209265111e-24	0.871546385056803	0.59	0.475	1.52694962779533e-20	22	COBLL1
7.24774383516088e-24	0.290948673624307	0.707	0.588	2.17432315054827e-20	22	HNRNPAB
8.57175955992906e-24	0.523041905436838	0.917	0.829	2.57152786797872e-20	22	NAP1L1
9.10769017712097e-24	-0.535526900307818	0.122	0.662	2.73230705313629e-20	22	LPAR6
9.18070613350241e-24	-0.64498132525261	0.057	0.66	2.75421184005072e-20	22	NELL2
1.22500294757211e-23	-0.985575094797652	0.55	0.78	3.67500884271634e-20	22	DUSP4
1.6140551993875e-23	-0.385120854575844	0.022	0.647	4.84216559816249e-20	22	APOBEC3H
2.0103478151256e-23	0.43159055708524	0.616	0.571	6.03104344537681e-20	22	MX2
2.12278289051599e-23	0.431414166246213	0.127	0.644	6.36834867154798e-20	22	RAMP1
2.33060198522485e-23	0.473575675471556	0.895	0.877	6.99180595567456e-20	22	PDIA6
3.02352581256574e-23	-0.331057971060821	0.135	0.687	9.07057743769723e-20	22	CD70
6.68652621338977e-23	0.477274923527612	0.913	0.871	2.00595786401693e-19	22	TALDO1
1.09642831183391e-22	0.355427217393512	0.904	0.836	3.28928493550173e-19	22	PRDX5
1.15148998940679e-22	0.397312890516401	0.642	0.589	3.45446996822037e-19	22	DNASE2
1.54457474125142e-22	-1.20203272180901	0.507	0.793	4.63372422375426e-19	22	LINC00152
2.15983080771977e-22	0.478780524572887	0.76	0.677	6.4794924231593e-19	22	ATP6AP1
2.19576579451779e-22	-0.368801673178292	0.493	0.729	6.58729738355336e-19	22	FBLN7
2.29908847469232e-22	0.296668244680798	0.821	0.624	6.89726542407695e-19	22	JUND
3.35490321932938e-22	0.47648929043552	0.9	0.845	1.00647096579881e-18	22	HSPA5
3.38169011641905e-22	0.543779968675627	0.677	0.567	1.01450703492572e-18	22	HLA-DRB3
3.92826919038813e-22	0.738148223864056	0.699	0.613	1.17848075711644e-18	22	LAIR1
4.40204612857177e-22	0.830522470847431	0.629	0.643	1.32061383857153e-18	22	SULF2
5.09050616720021e-22	-0.61326746382302	0.559	0.742	1.52715185016006e-18	22	TOX
1.00339847777718e-21	0.619535890203935	0.721	0.689	3.01019543333154e-18	22	SKAP2
1.18215008305761e-21	0.746518616673054	0.694	0.633	3.54645024917282e-18	22	APPL1
1.3779531205459e-21	0.473619818109047	0.109	0.693	4.13385936163769e-18	22	RNASE1
1.39263101813507e-21	-1.06140919640555	0.611	0.829	4.17789305440521e-18	22	CARD16
1.46775900188682e-21	0.291407970288485	0.515	0.423	4.40327700566045e-18	22	STAP1
1.9990480347915e-21	0.66835978087919	0.511	0.164	5.9971441043745e-18	22	CSF2RA
4.13560315340437e-21	-0.517604304132105	0.24	0.655	1.24068094602131e-17	22	SYTL2
4.94859619566655e-21	0.31141275686174	0.882	0.814	1.48457885869997e-17	22	CKS2
5.33808950775007e-21	-0.370518081972791	0.354	0.75	1.60142685232502e-17	22	APOBEC3C
5.62586299990697e-21	0.530079516940173	0.638	0.501	1.68775889997209e-17	22	SLC7A5
8.09902568062479e-21	0.396007342298991	0.83	0.812	2.42970770418744e-17	22	AP2S1
1.02326170011777e-20	-0.747904580087233	1	0.998	3.06978510035331e-17	22	COX3
1.08443704354613e-20	0.562854827186716	0.686	0.679	3.25331113063838e-17	22	BEX4
1.13719567418483e-20	0.765450428417904	0.672	0.608	3.41158702255448e-17	22	PLA2G16
1.17154017221418e-20	-1.14042411360774	0.987	0.98	3.51462051664253e-17	22	HSPA8
1.34591151052354e-20	0.264432217864173	0.642	0.663	4.03773453157061e-17	22	GEM
1.86872954520104e-20	0.697138290909268	0.568	0.539	5.60618863560311e-17	22	CALCRL
2.17803137146281e-20	0.40927934590629	0.825	0.786	6.53409411438844e-17	22	PHPT1
3.00573108088254e-20	-0.430452723909353	0.341	0.742	9.01719324264762e-17	22	SGK1
3.12663153532143e-20	-1.16428706044792	0.59	0.81	9.37989460596428e-17	22	ITGB2
3.75937624710847e-20	0.469672644042734	0.629	0.515	1.12781287413254e-16	22	NCF1
4.20159180416193e-20	0.471920403214595	0.777	0.658	1.26047754124858e-16	22	REL
6.41782955666166e-20	-0.651855668045955	0.568	0.731	1.9253488669985e-16	22	PDE4D
9.98776800434883e-20	-0.72330670183128	0.559	0.712	2.99633040130465e-16	22	LEF1
1.30276766171674e-19	0.466515336801652	0.751	0.637	3.90830298515021e-16	22	BHLHE40
2.04196975255541e-19	-1.82726974102877	0.266	0.617	6.12590925766623e-16	22	GZMH
2.19787167015935e-19	0.346744591155115	0.782	0.77	6.59361501047805e-16	22	RALA
3.24463972008193e-19	0.340031438712544	0.668	0.536	9.7339191602458e-16	22	C1orf162
4.09299009183584e-19	0.544521348063409	0.594	0.576	1.22789702755075e-15	22	BTK
4.54870492861893e-19	0.633155293127401	0.642	0.783	1.36461147858568e-15	22	HIST1H1B
5.12702879028315e-19	-0.319927857691489	0.066	0.637	1.53810863708495e-15	22	TNIP3
8.01235356009868e-19	0.533345262003653	0.817	0.78	2.4037060680296e-15	22	RTN4
9.25098287252306e-19	0.557567737130454	0.786	0.818	2.77529486175692e-15	22	C19orf10
1.12356259383598e-18	0.35667499920345	0.498	0.476	3.37068778150794e-15	22	DMXL2
1.1403496301804e-18	0.455441192534576	0.092	0.55	3.42104889054119e-15	22	CLDN4
1.29028091115402e-18	0.335872627549502	0.751	0.653	3.87084273346205e-15	22	MARCKSL1
1.32470163390538e-18	0.527820338826973	0.773	0.766	3.97410490171615e-15	22	GLRX
1.46653114246584e-18	-0.729574564735311	0.598	0.805	4.39959342739751e-15	22	TNFRSF4
1.82915323526337e-18	0.583332870354034	0.48	0.373	5.48745970579012e-15	22	AFF3
3.16188406018022e-18	0.262620022224535	0.956	0.861	9.48565218054065e-15	22	EIF5A
3.26388815802862e-18	0.398096999066178	0.664	0.768	9.79166447408587e-15	22	USP18
3.3569884136687e-18	0.642760877620195	0.817	0.841	1.00709652410061e-14	22	SEC11C
4.78225523143166e-18	-0.743738990953588	0.249	0.624	1.4346765694295e-14	22	KLRG1
4.97015915462567e-18	0.528164360476289	0.541	0.48	1.4910477463877e-14	22	PIK3AP1
5.00216707516834e-18	0.508271439851921	0.76	0.693	1.5006501225505e-14	22	AMICA1
6.73112120547515e-18	-1.11394670851654	0.886	0.945	2.01933636164255e-14	22	LDHA
6.89265842278487e-18	-0.744637463915905	0.428	0.722	2.06779752683546e-14	22	MIR4435-1HG
7.66432115358843e-18	0.911153474064444	0.581	0.616	2.29929634607653e-14	22	P2RY14
7.72497439307047e-18	-0.516291472424546	0.214	0.671	2.31749231792114e-14	22	MYC
8.65835844244751e-18	0.651433664210576	0.76	0.804	2.59750753273425e-14	22	SNX9
9.57518279352258e-18	0.43536758784354	0.59	0.547	2.87255483805677e-14	22	TUBG1
1.01269568606964e-17	0.503962120667361	0.502	0.401	3.03808705820893e-14	22	OPN3
1.25215386373734e-17	0.262040366336286	0.62	0.521	3.75646159121201e-14	22	GRINA
1.2883999205813e-17	-1.00693550727843	0.472	0.69	3.8651997617439e-14	22	FLT3LG
1.72989398196968e-17	0.459445161132232	0.769	0.678	5.18968194590905e-14	22	PPP1R10
1.86529373366715e-17	-0.697320973576266	0.266	0.688	5.59588120100146e-14	22	LYST
2.06353811022096e-17	-1.33999598134714	0.415	0.672	6.19061433066289e-14	22	TNF
2.30509785352251e-17	-0.800838548076879	1	1	6.91529356056752e-14	22	RNR2
2.86826007238787e-17	0.304764481099684	0.777	0.723	8.6047802171636e-14	22	LSM4
3.62360050056763e-17	0.349277742132313	0.638	0.694	1.08708015017029e-13	22	LOC100288798
5.50999490403004e-17	0.490675287858981	0.764	0.748	1.65299847120901e-13	22	MIS18BP1
5.5107289332394e-17	0.32595096393417	0.616	0.65	1.65321867997182e-13	22	BRCA2
5.87120145105248e-17	-0.688718838497849	0.445	0.84	1.76136043531575e-13	22	CSTB
6.13405294842412e-17	-0.826028458610884	0.603	0.718	1.84021588452724e-13	22	RAB27A
6.56891330790744e-17	0.382199145718181	0.764	0.851	1.97067399237223e-13	22	LGALS9
7.9895776294374e-17	-1.04433870769496	0.585	0.855	2.39687328883122e-13	22	TSPO
8.12783882645971e-17	0.55140458397444	0.476	0.228	2.43835164793791e-13	22	EPHA2
1.01246106686894e-16	0.718790229396834	0.603	0.593	3.03738320060682e-13	22	SPON2
1.03761340411036e-16	0.474895022840697	0.472	0.282	3.11284021233108e-13	22	DAB2
1.19287893184368e-16	0.430759656957698	0.755	0.652	3.57863679553105e-13	22	MAP3K8
1.88120494792466e-16	-0.345068178715948	0.607	0.746	5.64361484377397e-13	22	GBP4
2.17443213214946e-16	0.347524677206008	0.576	0.622	6.52329639644838e-13	22	RBBP8
3.1905213001412e-16	0.265207029626864	0.729	0.672	9.5715639004236e-13	22	GNG10
3.38320209749522e-16	-0.749060931682316	0.633	0.815	1.01496062924857e-12	22	TNFRSF18
4.78200980688583e-16	-0.411433611763457	0.52	0.717	1.43460294206575e-12	22	CH25H
4.88124711468828e-16	-0.507110807474119	0.384	0.721	1.46437413440648e-12	22	PDCL3
5.58094394427002e-16	-0.35950817745565	0.41	0.772	1.67428318328101e-12	22	FKBP11
7.79580519492152e-16	-0.387385680758852	0.122	0.679	2.33874155847645e-12	22	RIN3
8.16820037914973e-16	0.498162437434202	0.581	0.589	2.45046011374492e-12	22	LILRA5
8.49321913608854e-16	0.503152586437714	0.681	0.741	2.54796574082656e-12	22	LY96
8.93411858333247e-16	-0.307019878853877	0.105	0.661	2.68023557499974e-12	22	SERINC5
1.13257160168283e-15	0.605976432875374	0.62	0.736	3.39771480504848e-12	22	TBC1D8
1.23717121237339e-15	-0.703705102794392	0.616	0.732	3.71151363712016e-12	22	HNRNPLL
1.9385515561522e-15	0.506196403897242	0.803	0.828	5.81565466845659e-12	22	SAMHD1
2.05531068849573e-15	0.318375363163741	0.563	0.517	6.16593206548719e-12	22	SYNGR1
2.22318227030449e-15	0.4533906156923	0.664	0.671	6.66954681091346e-12	22	GCA
2.25584138584195e-15	0.344322426552071	0.581	0.547	6.76752415752584e-12	22	FAM26F
2.27644445884775e-15	0.551032968108367	0.515	0.406	6.82933337654326e-12	22	PFKFB2
2.51545593684943e-15	0.466208901967688	0.751	0.741	7.54636781054829e-12	22	H2AFY
2.66936162941462e-15	0.561013013975471	0.528	0.463	8.00808488824386e-12	22	FAM213A
2.70234919948678e-15	0.430057470297576	0.799	0.805	8.10704759846034e-12	22	TMEM14C
2.8535656438253e-15	-1.61698173538788	0.135	0.634	8.56069693147591e-12	22	IFNG
2.92491269021085e-15	1.344978180638	0.598	0.617	8.77473807063257e-12	22	MYBL2
3.33325642602965e-15	0.583358962041295	0.546	0.553	9.99976927808896e-12	22	SLC29A1
4.48311690314316e-15	0.311817915133726	0.825	0.775	1.34493507094295e-11	22	CDK2AP2
4.87621042470575e-15	0.446415607884743	0.734	0.728	1.46286312741173e-11	22	IFI35
5.00154811348369e-15	0.706059031584785	0.546	0.368	1.50046443404511e-11	22	SERPINF2
5.79616652133529e-15	0.585751846491344	0.642	0.634	1.73884995640059e-11	22	B4GALT1
9.05235036921275e-15	-0.493679921014038	0.419	0.69	2.71570511076382e-11	22	IL27RA
9.56775980712367e-15	-0.498736054860426	0.07	0.633	2.8703279421371e-11	22	BCL2
1.11762258721369e-14	-0.473806727248086	0.358	0.692	3.35286776164107e-11	22	ATP2B1
1.12014682293055e-14	0.848460314638371	0.524	0.551	3.36044046879164e-11	22	PACSIN1
1.12556226268003e-14	0.262462296758892	0.507	0.475	3.3766867880401e-11	22	TUG1
1.14762677773513e-14	-0.812222385155786	0.638	0.732	3.4428803332054e-11	22	UPP1
1.18715679471999e-14	-0.296921281318025	0.192	0.634	3.56147038415998e-11	22	ACYP1
1.47947106491153e-14	0.533850392265367	0.498	0.41	4.43841319473459e-11	22	LYN
1.63238205581711e-14	0.441789147323253	0.489	0.494	4.89714616745134e-11	22	SLC2A6
1.69413747636643e-14	0.647271124964102	0.572	0.619	5.08241242909928e-11	22	TNFRSF17
1.81799161075319e-14	-0.31807853798153	0.572	0.716	5.45397483225957e-11	22	NDFIP2
2.25539214929504e-14	0.603110998035606	0.795	0.783	6.76617644788511e-11	22	LDLRAD4
2.67859833096916e-14	0.338741053608109	0.694	0.702	8.03579499290749e-11	22	IFI44
3.38584862711543e-14	-0.413608207592283	0.096	0.593	1.01575458813463e-10	22	LOC101929065
3.53101541660851e-14	-0.331866648164537	0.21	0.717	1.05930462498255e-10	22	NMB
4.96696657708969e-14	0.285379461520938	0.528	0.598	1.49008997312691e-10	22	EPHX1
5.13733099245132e-14	1.41515043783071	0.493	0.751	1.54119929773539e-10	22	IFI27
5.40876050742918e-14	-0.497679837233912	0.039	0.581	1.62262815222875e-10	22	KLRC3
6.74729514474532e-14	-0.844346361412102	1	0.985	2.0241885434236e-10	22	PFN1
7.04973820034822e-14	0.973626293191328	0.607	0.641	2.11492146010447e-10	22	GRASP
7.83636655518344e-14	0.521690310276857	0.668	0.695	2.35090996655503e-10	22	KLF10
9.34754789463125e-14	0.402713385932134	0.616	0.611	2.80426436838937e-10	22	PPAP2A
9.70723970079566e-14	0.437894271614847	0.603	0.631	2.9121719102387e-10	22	RMDN3
1.01550703349265e-13	-0.561536314834919	0.393	0.728	3.04652110047796e-10	22	ICAM2
1.02988197404439e-13	0.699487885145296	0.555	0.593	3.08964592213316e-10	22	FLNB
1.10051633599361e-13	0.422998072119939	0.769	0.813	3.30154900798084e-10	22	HM13
1.21903125390385e-13	-0.569398622716496	0.489	0.757	3.65709376171154e-10	22	AQP3
1.3359550191032e-13	0.420697194079864	0.493	0.37	4.00786505730959e-10	22	LOC100509457
1.35457493226017e-13	0.252937557464773	0.852	0.804	4.06372479678051e-10	22	DUT
1.52177852330083e-13	0.35969319364567	0.616	0.6	4.56533556990249e-10	22	ICAM1
1.63473905010367e-13	0.464727800337871	0.738	0.81	4.904217150311e-10	22	CTSH
1.97436181304899e-13	-0.289607459143328	0.1	0.6	5.92308543914696e-10	22	LOC102724850
2.24433149324354e-13	0.347194833534334	0.576	0.558	6.73299447973061e-10	22	CALU
2.40892133181741e-13	0.332394385529059	0.598	0.597	7.22676399545224e-10	22	POLD2
2.53760154288507e-13	-0.860251942958102	0.441	0.69	7.6128046286552e-10	22	PTGER4
2.78885680167387e-13	-0.470689205655109	0.568	0.693	8.3665704050216e-10	22	S1PR1
3.40403788858648e-13	-0.804947846299807	0.502	0.687	1.02121136657594e-09	22	RUNX3
3.44883399335954e-13	0.308686688809895	0.087	0.168	1.03465019800786e-09	22	PIGR
3.51674710038318e-13	-1.30604993486878	0.633	0.811	1.05502413011495e-09	22	CLDND1
3.73645738504113e-13	0.359806936713975	0.699	0.592	1.12093721551234e-09	22	CHMP1B
4.39389718886392e-13	-0.573949118169271	0.336	0.435	1.31816915665918e-09	22	S100A8
5.37979973325597e-13	0.27273572548866	0.751	0.759	1.61393991997679e-09	22	RPA3
6.60005220953034e-13	0.50385322032641	0.472	0.417	1.9800156628591e-09	22	NBPF14
7.30817130987356e-13	-0.338932315628056	0.24	0.643	2.19245139296207e-09	22	PXN
8.27506233523307e-13	0.473701897722688	0.69	0.731	2.48251870056992e-09	22	RNF13
8.85534026697963e-13	0.386081174769277	0.629	0.608	2.65660208009389e-09	22	FUOM
9.65454080712466e-13	0.444415028820449	0.559	0.584	2.8963622421374e-09	22	HRH2
9.99045159828995e-13	0.311300121655623	0.782	0.771	2.99713547948698e-09	22	NUCKS1
1.09355458886269e-12	-0.555988791351566	0.546	0.805	3.28066376658808e-09	22	UGP2
1.1479423650323e-12	-0.280598700586295	0.114	0.656	3.44382709509691e-09	22	TESC
1.27166745039681e-12	-0.312757396182291	0.432	0.728	3.81500235119044e-09	22	SAE1
1.31126423319437e-12	-1.32143912019471	0.039	0.592	3.93379269958311e-09	22	LOC101060038
1.79683484998174e-12	-1.02060497567303	0.987	0.989	5.39050454994522e-09	22	SRGN
1.95880434133558e-12	-1.46924190468962	0.493	0.648	5.87641302400674e-09	22	LOC101929531
1.97719319760206e-12	1.17697167557114	0.568	0.54	5.93157959280617e-09	22	PNOC
1.98453905968729e-12	0.50864532424073	0.62	0.667	5.95361717906187e-09	22	BCL2L11
2.3630863151356e-12	-0.465421271817157	0.493	0.772	7.08925894540681e-09	22	SMS
2.53808495360688e-12	0.546738956166837	0.467	0.378	7.61425486082063e-09	22	WDFY4
2.6827147010234e-12	-0.358478577668496	0.306	0.63	8.04814410307019e-09	22	NABP1
4.21724872056715e-12	0.57924103707372	0.563	0.573	1.26517461617014e-08	22	UNC93B1
6.83424198581897e-12	-0.311275773100278	0.367	0.689	2.05027259574569e-08	22	CDC14A
6.853631689291e-12	0.469528302960017	0.533	0.524	2.0560895067873e-08	22	NRP1
7.55819298846415e-12	-0.722737522659145	0.611	0.764	2.26745789653925e-08	22	TIMP1
1.02985534613854e-11	0.548859214207397	0.808	0.913	3.08956603841562e-08	22	TNFSF13B
1.06309846139365e-11	0.32487710743524	0.69	0.682	3.18929538418096e-08	22	TXNDC17
1.22057699616267e-11	-0.438605091114076	0.585	0.753	3.66173098848801e-08	22	ID3
1.23162281494522e-11	0.494132710025859	0.585	0.595	3.69486844483567e-08	22	PTTG1IP
1.31527562637678e-11	-0.366164581887347	0.428	0.741	3.94582687913033e-08	22	PNP
1.70036712507831e-11	-0.283133985432184	0.039	0.58	5.10110137523492e-08	22	CPNE7
1.91502384274136e-11	0.481336462428351	0.655	0.702	5.74507152822407e-08	22	ADI1
1.93184860854238e-11	-0.819462765515877	0.594	0.846	5.79554582562714e-08	22	CORO1B
1.99540277965961e-11	0.407025058409794	0.725	0.75	5.98620833897883e-08	22	RNASEH2B
2.1510271100769e-11	-0.411571155055064	0.528	0.647	6.45308133023069e-08	22	DUSP16
2.29261113683216e-11	-0.355690236997096	0.258	0.62	6.87783341049649e-08	22	LINC00936
2.38265578262185e-11	-0.313136948130782	0.157	0.578	7.14796734786555e-08	22	ASXL1
2.38602451729228e-11	-0.965169297331132	0.773	0.867	7.15807355187684e-08	22	ZFP36L1
2.50085484884181e-11	-0.649178291733185	0.616	0.814	7.50256454652542e-08	22	RNF19A
2.64385853604328e-11	0.651463319780523	0.546	0.569	7.93157560812984e-08	22	DAAM1
2.95988811033597e-11	-1.15109535652932	0.773	0.844	8.8796643310079e-08	22	CLEC2B
3.31658571088212e-11	-0.31353494363364	0.568	0.827	9.94975713264635e-08	22	IFI6
3.59721635731112e-11	0.532155720240359	0.537	0.554	1.07916490719334e-07	22	CUX1
3.70636485728639e-11	0.334453127649082	0.397	0.28	1.11190945718592e-07	22	TNNI2
4.04043161176241e-11	0.315414417601296	0.546	0.581	1.21212948352872e-07	22	FBP1
4.55621044946322e-11	-0.607234540431667	0.541	0.446	1.36686313483896e-07	22	CCL4L2
5.19675147487403e-11	-0.917014997097852	0.306	0.611	1.55902544246221e-07	22	LINC00861
7.97463625407758e-11	-0.764409016845601	0.546	0.766	2.39239087622327e-07	22	ID2
8.67992777264818e-11	0.279108586130193	0.083	0.518	2.60397833179445e-07	22	FABP4
8.99020412148887e-11	0.566359886393583	0.568	0.559	2.69706123644666e-07	22	RUNX2
9.22241117760549e-11	-0.554672425052009	0.607	0.695	2.76672335328165e-07	22	CD28
9.86308724546011e-11	-0.792926517785773	0.86	0.896	2.95892617363803e-07	22	DUSP1
1.01598873358519e-10	-0.582483198235129	0.249	0.283	3.04796620075557e-07	22	LOC102723407
1.49295273684014e-10	0.429556335805467	0.52	0.578	4.47885821052041e-07	22	ALCAM
1.62815946013299e-10	0.453910519499615	0.507	0.501	4.88447838039897e-07	22	DPYSL2
1.85791463335042e-10	0.421752883602577	0.611	0.556	5.57374390005127e-07	22	ZEB2
1.8744224188607e-10	-0.69993681239091	0.594	0.685	5.62326725658211e-07	22	ABI3
1.91398846577671e-10	-1.17477453445426	0.939	0.935	5.74196539733012e-07	22	CRIP1
2.03028130567061e-10	0.381848339276814	0.515	0.495	6.09084391701182e-07	22	KYNU
2.37701963466969e-10	-0.726401230884934	0.541	0.4	7.13105890400907e-07	22	CCL4L1
2.42122791272082e-10	-0.938680044587846	0.568	0.643	7.26368373816247e-07	22	ICOS
2.42154670833403e-10	0.368768625374803	0.786	0.792	7.2646401250021e-07	22	PSMA4
3.13273891107e-10	0.290013289859686	0.712	0.757	9.39821673320999e-07	22	TMEM70
3.46516751029095e-10	0.316049453126814	0.721	0.739	1.03955025308729e-06	22	ASAH1
3.57023341310483e-10	0.268567765339074	0.502	0.538	1.07107002393145e-06	22	KCTD12
4.05146276080301e-10	-0.461827596591109	1	0.998	1.2154388282409e-06	22	RPS18
4.23046589072607e-10	0.771530250998358	0.576	0.621	1.26913976721782e-06	22	LOC102724297
5.67098942248136e-10	0.30984498176666	0.62	0.622	1.70129682674441e-06	22	HEXA
5.80070531459038e-10	0.437776029235892	0.62	0.685	1.74021159437711e-06	22	PEA15
6.99783889708371e-10	0.29981529518321	0.742	0.775	2.09935166912511e-06	22	YWHAE
7.26133536371531e-10	0.509275895584724	0.467	0.349	2.17840060911459e-06	22	NREP
1.0474349718037e-09	-0.999785472305417	0.459	0.636	3.1423049154111e-06	22	HOPX
1.16070385101082e-09	0.326506051886362	0.79	0.761	3.48211155303245e-06	22	TSPYL2
1.27660945213849e-09	0.337073977487312	0.502	0.495	3.82982835641548e-06	22	TOX2
1.28519247944881e-09	0.287650184578047	0.419	0.346	3.85557743834644e-06	22	GNB4
1.29642368679447e-09	0.298211374993717	0.668	0.707	3.88927106038339e-06	22	LTA4H
1.33799589674235e-09	0.350337081912869	0.432	0.327	4.01398769022704e-06	22	ENPP2
1.43688513950617e-09	-0.261973453423653	0.358	0.665	4.3106554185185e-06	22	CDK6
2.12565111155582e-09	0.325705520738538	0.428	0.427	6.37695333466747e-06	22	ARHGAP31
2.72826388324186e-09	-1.02786014960308	0.62	0.777	8.18479164972559e-06	22	TAGAP
2.92050286700625e-09	-0.74468416142787	0.555	0.812	8.76150860101874e-06	22	HMGB2
3.46588921503342e-09	-0.410242492272044	0.489	0.396	1.03976676451002e-05	22	HSPA6
3.59045823206213e-09	0.278802062840845	0.747	0.766	1.07713746961864e-05	22	XAF1
3.92772945614254e-09	-0.418075254738057	0.568	0.702	1.17831883684276e-05	22	ABLIM1
4.0263654541404e-09	0.801188553894177	0.459	0.333	1.20790963624212e-05	22	MGST1
4.04997701924154e-09	0.320778242338518	0.079	0.311	1.21499310577246e-05	22	SFTPB
4.24683513129678e-09	0.508520647491401	0.528	0.604	1.27405053938903e-05	22	ARHGAP24
4.64665705490341e-09	1.72323268832297	0.127	0.614	1.39399711647102e-05	22	LOC102725018
4.95502735319759e-09	0.548793779358889	0.825	0.865	1.48650820595928e-05	22	HIST1H1D
5.68008722512764e-09	-0.802477333064882	0.978	0.97	1.70402616753829e-05	22	MIF
5.77639483592093e-09	-0.527062133281627	0.537	0.721	1.73291845077628e-05	22	PLIN2
5.77911598814553e-09	0.309478115274059	0.074	0.295	1.73373479644366e-05	22	SCGB3A2
6.93888786229214e-09	-0.406013881720414	0.428	0.718	2.08166635868764e-05	22	FAM65B
7.00116091984721e-09	1.07324340040222	0.092	0.517	2.10034827595416e-05	22	TFF3
7.01313488966643e-09	0.341762148509889	0.45	0.517	2.10394046689993e-05	22	CCR2
7.13091753360359e-09	0.338913440358793	0.878	0.895	2.13927526008108e-05	22	LTB
7.43373211365614e-09	-0.895337018417058	0.266	0.617	2.23011963409684e-05	22	AOAH
7.58206314044914e-09	-0.770657786303442	0.55	0.707	2.27461894213474e-05	22	FLNA
7.65631435225218e-09	0.267998622434906	0.114	0.637	2.29689430567565e-05	22	APOE
7.98736928058663e-09	-0.474221819319899	0.371	0.611	2.39621078417599e-05	22	SLAMF1
8.09928267603788e-09	0.617068770508583	0.467	0.476	2.42978480281136e-05	22	BCL7A
8.12400738556882e-09	0.33175831229244	0.712	0.801	2.43720221567065e-05	22	ATOX1
8.17461828918152e-09	0.266173554233966	0.852	0.826	2.45238548675446e-05	22	RN7SK
9.10060829360398e-09	-0.958841680558213	0.751	0.832	2.73018248808119e-05	22	IFITM3
1.31377669830785e-08	-1.09688427073053	0.603	0.657	3.94133009492354e-05	22	PHLDA1
1.78677827619036e-08	0.267103529726435	0.389	0.395	5.36033482857109e-05	22	KIAA1377
1.92388668273754e-08	-0.442618390010696	0.459	0.655	5.77166004821261e-05	22	MT1F
2.07870582672291e-08	-0.288711561498115	0.559	0.688	6.23611748016873e-05	22	FBXO32
2.83002455964132e-08	-0.288688769526777	0.358	0.65	8.49007367892395e-05	22	LOC101927902
2.90643714311852e-08	0.301695978528899	0.721	0.789	8.71931142935555e-05	22	PRDX3
3.04153054644712e-08	0.648322056808099	0.533	0.58	9.12459163934136e-05	22	CXXC5
3.05656730151656e-08	-1.03677394159821	0.611	0.705	9.16970190454967e-05	22	LAG3
3.7475361958471e-08	0.278735604577878	0.712	0.743	0.000112426085875413	22	HSBP1
5.15240069615167e-08	-0.344515226083457	0.048	0.195	0.00015457202088455	22	FCN1
6.51060785329827e-08	0.406122103487881	0.511	0.528	0.000195318235598948	22	CD9
6.82742558277145e-08	-0.776238428154933	0.533	0.747	0.000204822767483144	22	IRF1
8.15898154948464e-08	0.693325831397343	0.507	0.456	0.000244769446484539	22	LINC00996
9.3759076349835e-08	0.300003980049452	0.127	0.375	0.000281277229049505	22	TMEM176A
1.02120047275677e-07	-0.706047534791	0.655	0.829	0.00030636014182703	22	CNN2
1.08389768283303e-07	-0.65646862356066	0.463	0.671	0.00032516930484991	22	PTPN22
1.0910506308246e-07	0.272729654471476	0.777	0.782	0.000327315189247381	22	RILPL2
1.12386833337028e-07	0.338522495766792	0.646	0.719	0.000337160500011084	22	MANF
1.14263451556869e-07	0.408082810629428	0.629	0.685	0.000342790354670607	22	NANS
1.18478982629003e-07	-0.299438607786699	0.572	0.532	0.000355436947887008	22	SPRY1
1.29841502655239e-07	-0.34076482338458	0.079	0.555	0.000389524507965717	22	CRTAM
1.32949031883799e-07	-0.406685398972836	1	0.999	0.000398847095651398	22	COX1
1.41987869342121e-07	-0.302544708326071	0.969	0.912	0.000425963608026362	22	SAT1
1.59815223645791e-07	1.01479160086385	0.092	0.226	0.000479445670937373	22	WFDC2
1.70316386484279e-07	-0.485463796367172	0.445	0.747	0.000510949159452837	22	HIF1A
1.73356879339181e-07	0.286991177459153	0.511	0.596	0.000520070638017544	22	IL13RA1
1.89231967927024e-07	-0.292868070326326	0.031	0.538	0.000567695903781072	22	FASLG
1.92651921507447e-07	-0.896102393675067	0.729	0.846	0.000577955764522341	22	SERTAD1
1.94682094074144e-07	0.419903237072751	0.638	0.778	0.000584046282222433	22	CD38
2.16884419584374e-07	-0.431982105514086	0.524	0.663	0.000650653258753122	22	S1PR4
2.73851293559945e-07	0.538750934063599	0.515	0.564	0.000821553880679836	22	CERS6
2.83663376311064e-07	-0.797029393614484	0.664	0.78	0.000850990128933193	22	TOB1
3.83104692756199e-07	0.476216839101474	0.651	0.713	0.0011493140782686	22	MYD88
4.20515346798068e-07	0.309850445380538	0.62	0.674	0.0012615460403942	22	MAPKAPK3
4.25424238892082e-07	-0.268728304054819	0.109	0.622	0.00127627271667625	22	TMEM106C
4.38468091684987e-07	0.54793473693263	0.092	0.208	0.00131540427505496	22	ELF3
4.59541974650481e-07	-0.818557528780908	0.598	0.697	0.00137862592395144	22	LYAR
4.62940821738995e-07	-0.995047988302918	0.777	0.811	0.00138882246521699	22	TUBA1A
4.83740868690899e-07	0.266639002991871	0.603	0.657	0.0014512226060727	22	MFSD1
5.0181400176606e-07	0.256653148278325	0.092	0.518	0.00150544200529818	22	ASCL1
5.15315474086436e-07	-0.977558350414147	0.607	0.685	0.00154594642225931	22	MT1X
5.19407493979587e-07	-0.562839140532886	0.603	0.796	0.00155822248193876	22	CTSA
5.95938828057398e-07	-0.467560696468838	0.694	0.83	0.00178781648417219	22	CD82
5.96815931081434e-07	-0.525939069401724	0.563	0.673	0.0017904477932443	22	METTL12
7.08834140980325e-07	0.313587475339207	0.428	0.432	0.00212650242294097	22	PLXNB2
7.54761800242506e-07	-0.656060150542219	0.681	0.811	0.00226428540072752	22	C10orf54
7.75420301661687e-07	-0.527264759904783	0.572	0.72	0.00232626090498506	22	PTTG1
8.64874037767263e-07	-0.796704253897377	0.638	0.744	0.00259462211330179	22	DDIT3
9.22306611574224e-07	-0.342340627353427	0.371	0.614	0.00276691983472267	22	TRAF1
1.02610464844968e-06	-0.32893992633877	0.459	0.743	0.00307831394534903	22	MAGEH1
1.15235609344146e-06	0.304851767321698	0.572	0.641	0.00345706828032438	22	TFRC
1.30078544283426e-06	0.516541092290192	0.45	0.48	0.00390235632850277	22	GPM6B
1.47047898467036e-06	-0.836978790126166	0.624	0.754	0.00441143695401107	22	APOBEC3G
1.74872396212001e-06	-1.12447245623352	0.083	0.564	0.00524617188636002	22	KLRD1
1.80308289085148e-06	-0.317371672270685	0.747	0.847	0.00540924867255445	22	HSPA1B
1.80433051324082e-06	0.401460973628002	0.092	0.261	0.00541299153972245	22	CEACAM6
2.17099049806983e-06	0.314309495225791	0.262	0.112	0.0065129714942095	22	WFDC21P
2.68275998937643e-06	-0.357403332538132	0.594	0.771	0.00804827996812929	22	BIRC3
2.72871803599389e-06	0.414359837295754	0.515	0.589	0.00818615410798167	22	PECAM1
2.84702976313446e-06	-0.740734731906139	0.725	0.767	0.00854108928940339	22	CSRNP1
3.32212717954986e-06	0.39429060870227	0.817	0.759	0.00996638153864959	22	HSPB1
3.33149765655693e-06	0.416732167680739	0.581	0.627	0.00999449296967079	22	TMIGD2
5.17909035100228e-06	0.642423331307126	0.105	0.367	0.0155372710530068	22	MDK
6.5135855653265e-06	-0.78126078089433	0.62	0.684	0.0195407566959795	22	PIM1
6.66874339387433e-06	-0.816914800594472	0.891	0.936	0.020006230181623	22	TPI1
8.93293645634165e-06	-0.49929564861558	0.183	0.615	0.026798809369025	22	PELO
1.04037365399208e-05	-0.720807570477322	0.991	0.983	0.0312112096197624	22	CFL1
1.0816161313874e-05	0.542703817311458	0.459	0.29	0.0324484839416219	22	FLT3
1.12550803028837e-05	-0.294945069993897	0.127	0.585	0.0337652409086512	22	SERPINA1
1.18306359716764e-05	-0.560554290352801	0.607	0.788	0.0354919079150293	22	ITGB1
1.1967377270033e-05	0.257424085594398	0.293	0.593	0.0359021318100991	22	HHEX
1.27282475366436e-05	-0.272870703936383	0.515	0.652	0.0381847426099307	22	CD151
1.33029978838497e-05	0.283898932726594	0.105	0.24	0.039908993651549	22	TACSTD2
1.4052944192361e-05	-0.432137299588892	0.096	0.553	0.0421588325770831	22	MS4A1
1.4957000907031e-05	0.502300364829778	0.533	0.621	0.044871002721093	22	RAB11FIP1
1.61424599718987e-05	-0.513681545076117	0.59	0.63	0.0484273799156962	22	MAF
