p_val	avg_log2FC	pct.1	pct.2	p_val_adj	cluster	gene
0	1.99747663471911	0.506	0.172	0	c7	CD40LG
0	2.30964141027368	0.319	0.075	0	c7	LINC00892
0	1.04343164826869	0.979	0.866	0	c7	S100A4
7.54928127686727e-297	0.873563407467474	0.959	0.856	2.31966765794301e-292	c7	VIM
1.87542806416473e-287	1.09379573123964	0.815	0.583	5.76262781275895e-283	c7	S100A11
4.45720393304475e-283	0.663814173094014	0.986	0.93	1.36956505250666e-278	c7	SH3BGRL3
4.86446196886428e-283	1.19129449879128	0.931	0.788	1.49470322917293e-278	c7	CRIP1
3.79635084504183e-277	0.899432905740071	0.937	0.825	1.166504724156e-272	c7	S100A6
3.16634816183926e-223	0.896108243974996	0.807	0.558	9.72923799688351e-219	c7	ALOX5AP
1.10124937392957e-206	1.68621190509978	0.34	0.133	3.3838089512734e-202	c7	CAPG
6.32109508052686e-204	1.96496838000496	0.229	0.068	1.94228288539349e-199	c7	CLU
6.75585411165121e-183	1.35385994620716	0.49	0.261	2.07587129288707e-178	c7	LGALS3
1.19635207258241e-181	1.57820178169214	0.342	0.142	3.67603101342397e-177	c7	ANKRD28
9.1607031611707e-179	0.446069765025721	1	0.996	2.81480926033292e-174	c7	ACTB
4.57108127219436e-165	0.747900639087513	0.901	0.791	1.40455614250716e-160	c7	CD52
4.53409404729416e-161	0.782583768460922	0.869	0.722	1.39319107791208e-156	c7	S100A10
1.49631003417846e-153	0.683126954474495	0.798	0.597	4.59771184202015e-149	c7	COTL1
2.68514447967406e-153	1.13331286431146	0.612	0.397	8.25064344269449e-149	c7	LGALS1
7.781495695623e-153	1.29986534797006	0.431	0.226	2.39102018239408e-148	c7	RBPJ
3.17675809449535e-149	1.22611566664837	0.503	0.292	9.76122459695586e-145	c7	PHLDA1
2.27153819480753e-125	0.807411584432942	0.672	0.463	6.9797554111851e-121	c7	RGS1
1.20193301359303e-122	0.479460853446255	0.969	0.923	3.6931795708673e-118	c7	ZFP36L2
1.60152093897018e-120	0.657644058895327	0.91	0.815	4.92099338917367e-116	c7	KLF6
1.70937452993424e-118	0.398100124848622	0.981	0.935	5.25239511812895e-114	c7	PFN1
2.43068154160128e-116	3.46700787814157	0.054	0.008	7.46875517287825e-112	c7	PPARG
5.21150988681488e-114	0.693996462187628	0.754	0.584	1.60134064292161e-109	c7	ANXA1
3.86554358577232e-112	0.855099959076505	0.612	0.437	1.18776557760026e-107	c7	PLP2
6.85975023990474e-109	0.4556843237371	0.916	0.845	2.10779545621553e-104	c7	MYL12A
9.81502859211874e-109	0.504172197357073	0.955	0.87	3.01586383550033e-104	c7	CD69
1.62734936894718e-105	0.22502390721225	1	0.998	5.00035640596399e-101	c7	TMSB4X
4.0241032773524e-105	0.936639462479233	0.521	0.35	1.23648621403207e-100	c7	ANXA2
2.96114498105437e-97	0.891946972789308	0.491	0.313	9.09871018328578e-93	c7	BATF
4.15565762900397e-97	0.699238654694189	0.786	0.672	1.27690891966405e-92	c7	TAGLN2
3.43166764707079e-94	0.446959385482843	0.898	0.814	1.05444851791544e-89	c7	MYL6
7.43695109590895e-93	1.15221733089089	0.284	0.142	2.28515196323994e-88	c7	CD4
3.39380658935213e-92	1.16348166679878	0.312	0.164	1.04281495071023e-87	c7	CXCR6
1.00168041923537e-91	0.380420600319422	0.951	0.89	3.07786342418452e-87	c7	CFL1
1.29600456376873e-91	1.03411524831165	0.357	0.203	3.98223322309217e-87	c7	CTSB
2.81609501323164e-89	1.06794931972767	0.506	0.355	8.65301514715685e-85	c7	TXN
2.76736316650574e-88	0.762959247239047	0.567	0.41	8.50327680172219e-84	c7	CKLF
9.35898154131503e-87	0.508221332945589	0.968	0.921	2.87573425819987e-82	c7	TSC22D3
6.05842073373955e-86	0.533118759609529	0.775	0.669	1.86157093885615e-81	c7	CD2
1.90714718130655e-85	1.78098573428541	0.155	0.06	5.86009114400064e-81	c7	CTSH
2.35000921419441e-82	0.484163436800769	0.846	0.758	7.22087331245516e-78	c7	CD99
8.98510398580529e-80	0.519221469516818	0.891	0.805	2.76085290171839e-75	c7	CXCR4
2.34260893901945e-79	0.777876874984867	0.554	0.401	7.19813448692506e-75	c7	AHNAK
5.2345413366671e-79	0.256077071832968	0.955	0.901	1.6084175165177e-74	c7	GAPDH
6.34198395928688e-79	0.581667439407529	0.751	0.642	1.94870141117008e-74	c7	CD44
8.20180326629315e-79	0.50482617730338	0.803	0.705	2.5201680896339e-74	c7	CLIC1
1.08506813674491e-76	0.605724238791274	0.728	0.612	3.33408886377609e-72	c7	EMP3
5.9973917145526e-76	0.943815702346634	0.389	0.245	1.84281855213058e-71	c7	TMEM173
8.55183574193879e-75	1.14261021759748	0.256	0.133	2.62772256842553e-70	c7	SLAMF1
3.91058066041544e-70	0.415011276553066	0.85	0.768	1.20160411952585e-65	c7	CORO1A
3.45669390119156e-69	0.767582328181974	0.558	0.435	1.06213833501913e-64	c7	YWHAQ
5.38376744513087e-68	0.855853677703947	0.385	0.246	1.65427022286536e-63	c7	CD82
2.36235697171988e-67	1.77326683846365	0.114	0.042	7.25881426700368e-63	c7	CRIP2
3.69487947946771e-66	0.334075152794643	0.954	0.908	1.13532561765604e-61	c7	IL32
3.70399710349832e-66	0.732670232208289	0.621	0.477	1.13812718999193e-61	c7	RGCC
4.75233284928879e-66	1.51706656523029	0.156	0.069	1.46024931460097e-61	c7	SEPT11
7.38165998280173e-66	0.892449402370452	0.401	0.267	2.26816266291549e-61	c7	TPM4
8.61452143912483e-66	1.27830344398563	0.197	0.096	2.64698400259989e-61	c7	MIR155HG
1.78863017748284e-64	1.49752704830478	0.164	0.074	5.49592394635152e-60	c7	TESC
2.12838381388656e-64	2.17317649386204	0.058	0.014	6.53988494492923e-60	c7	C15orf53
2.7754367634195e-63	0.374812558294557	0.831	0.768	8.5280845429591e-59	c7	LAPTM5
1.41022149789309e-61	1.51641193762325	0.141	0.061	4.3331875965761e-57	c7	FRMD4B
4.31140562286683e-60	2.52954167899077	0.041	0.008	1.32476560573829e-55	c7	LOXL1
5.85448950269048e-60	1.49870415677079	0.142	0.062	1.7989089894917e-55	c7	ADAM19
2.60362714076392e-59	0.651269911280641	0.556	0.426	8.0001651154253e-55	c7	NR3C1
5.66567809674167e-58	0.636291506173379	0.565	0.45	1.74089290878581e-53	c7	TSPO
9.42045061995281e-57	0.783249023542383	0.452	0.317	2.8946218619929e-52	c7	TNF
1.28404132145728e-56	0.184272677188823	1	0.997	3.9454737684418e-52	c7	RPLP1
4.13783836744387e-56	0.984398577231788	0.328	0.211	1.27143359516448e-51	c7	BHLHE40
5.097587032274e-56	1.46628205467943	0.116	0.047	1.56633556740683e-51	c7	TSPAN2
9.91715092979983e-56	0.291472828806114	0.955	0.924	3.04724296619959e-51	c7	ACTG1
4.21776181984376e-53	0.565061210818848	0.576	0.45	1.29599167438339e-48	c7	SAMSN1
5.9005465622571e-53	0.426126539461988	0.766	0.685	1.81306094218474e-48	c7	MYL12B
2.63311574844367e-52	1.33766081040756	0.164	0.081	8.09077476024285e-48	c7	GADD45G
8.20707962101585e-52	1.74212667846794	0.082	0.029	2.52178935514954e-47	c7	IL9R
1.11582997489613e-50	2.20641294370617	0.057	0.017	3.42861076386334e-46	c7	CSF2
3.96650783768782e-50	1.1479815241399	0.218	0.124	1.21878886328634e-45	c7	KDSR
8.84994174367958e-50	1.18872435007271	0.177	0.092	2.71932159958042e-45	c7	GPR25
7.95770527800182e-49	0.871213748892855	0.288	0.181	2.44516410077162e-44	c7	TIMP1
9.73788423869998e-49	0.357285982181125	0.817	0.745	2.99215969002534e-44	c7	RHOA
2.27232430589431e-48	1.11232584581615	0.218	0.124	6.98217089472145e-44	c7	ANXA2P2
2.55696842883985e-48	0.810395129251731	0.48	0.37	7.8567968912962e-44	c7	CD97
3.74408049288709e-48	0.932989874301466	0.323	0.216	1.15044361304942e-43	c7	GLUL
2.4704636590841e-47	0.617887002198795	0.505	0.396	7.59099368526773e-43	c7	CD6
2.73699942351259e-45	1.48960587646654	0.073	0.026	8.40997812862712e-41	c7	CCR2
2.79590740075334e-45	1.18271332613228	0.179	0.097	8.59098467029479e-41	c7	C1orf162
3.94553285745292e-45	0.275665818636127	0.976	0.961	1.21234388110956e-40	c7	BTG1
6.95029113110343e-45	0.283495361044079	0.888	0.839	2.13561595585415e-40	c7	ARHGDIB
1.19089143290182e-44	0.38763411269143	0.751	0.657	3.65925210587743e-40	c7	TNFAIP3
2.5989631649176e-43	1.400134452265	0.111	0.05	7.98583411684231e-39	c7	DPP4
4.22306992638116e-43	0.86062222683266	0.296	0.196	1.29762269627914e-38	c7	CCDC167
7.29786060619652e-42	1.22635260232684	0.138	0.069	2.242413628466e-37	c7	APOBEC3H
8.13039540839611e-42	0.705832834369973	0.429	0.317	2.49822659713787e-37	c7	KLRB1
1.62677801300653e-41	1.52122548510324	0.072	0.027	4.99860080056516e-37	c7	DSE
2.23599451148503e-41	0.659341626881155	0.401	0.297	6.87054033544004e-37	c7	CCDC107
6.98236647041077e-41	0.79808455513709	0.317	0.213	2.14547174536312e-36	c7	LMNA
9.50140192120379e-41	1.41060300708506	0.099	0.043	2.91949576832829e-36	c7	ATP1B1
2.33432193276829e-40	0.646023397946434	0.433	0.328	7.17267100281714e-36	c7	PTGER4
5.88854371229025e-39	1.3410263858936	0.089	0.037	1.80937282647543e-34	c7	TMEM200A
3.33173722587544e-38	1.73826847699184	0.065	0.024	1.02374289739475e-33	c7	C4orf32
3.53320708428666e-38	0.581465195835707	0.488	0.389	1.08564854078876e-33	c7	ANXA6
5.81092585579776e-38	0.371100111507884	0.708	0.624	1.78552318771098e-33	c7	ARPC1B
8.42665322107568e-38	0.809778842935933	0.292	0.199	2.58925773523992e-33	c7	ACTN4
1.44828486158162e-37	0.372056302617965	0.736	0.666	4.45014489418185e-33	c7	LSP1
5.40712774689825e-37	2.62485633123519	0.024	0.005	1.66144814278942e-32	c7	BCAR3
1.25770383592258e-36	1.26967347835528	0.125	0.063	3.86454657663933e-32	c7	RUNX2
2.00160890355554e-35	0.796137502789618	0.276	0.186	6.15034367795511e-31	c7	TYMP
2.00319609466266e-34	0.230017153458348	0.93	0.888	6.15522064006996e-30	c7	ATP5E
2.385088605952e-34	0.655579913346478	0.34	0.244	7.32866175950871e-30	c7	GLIPR2
2.06517875962675e-33	1.01259092234243	0.234	0.153	6.3456747747051e-29	c7	PLIN2
5.08652832164362e-33	0.312195827631638	0.836	0.78	1.56293755739143e-28	c7	YWHAZ
1.6957468988654e-32	0.392897202275339	0.637	0.559	5.21052149614372e-28	c7	LCP1
5.81218146602691e-32	0.785350435382536	0.225	0.145	1.78590899906609e-27	c7	PERP
7.46278035580657e-32	0.846986208054315	0.213	0.135	2.29308851992869e-27	c7	PBX4
1.66369454990484e-31	0.404171135148558	0.64	0.576	5.11203424349261e-27	c7	CAPZB
6.39567190352868e-31	0.593512635685893	0.396	0.307	1.96519810579726e-26	c7	PBXIP1
7.9980542499554e-31	1.08990637652853	0.117	0.061	2.4575621293838e-26	c7	DUSP6
1.49437972899779e-30	1.45189506658363	0.077	0.034	4.59178059329151e-26	c7	TBXAS1
1.98612152240351e-30	2.84315408540353	0.02	0.004	6.10275560188925e-26	c7	GAS2L1
3.6731813962982e-30	0.589006041657524	0.464	0.378	1.12865844764055e-25	c7	ITGB1
4.94120448330487e-30	0.292218247093807	0.782	0.731	1.51828390158509e-25	c7	HMGB1
1.48146753066024e-29	0.597647330892976	0.386	0.3	4.55210528145972e-25	c7	ANXA5
1.55712541538766e-29	0.3799838023837	0.61	0.524	4.78457926386167e-25	c7	LY6E
1.81362746088544e-29	0.539062281611684	0.378	0.29	5.57273309906268e-25	c7	CORO1B
2.26269411240393e-29	1.40689903903573	0.067	0.028	6.95258019918357e-25	c7	LTC4S
3.12065064291749e-29	0.755481020846985	0.224	0.146	9.58882323049258e-25	c7	XCL1
4.36226630009591e-29	0.566401395217415	0.314	0.223	1.34039356603047e-24	c7	DUSP4
4.5301517561254e-29	1.96608871934069	0.03	0.008	1.39197973010465e-24	c7	TGFBI
5.10776472527517e-29	0.421177505396147	0.527	0.442	1.5694628671353e-24	c7	ZYX
5.2678261876776e-29	0.769303396211749	0.237	0.159	1.6186449526877e-24	c7	FAM129A
6.59592480093933e-29	0.60862077472697	0.44	0.359	2.02672981358463e-24	c7	CCNH
8.73816274274239e-29	0.80190571630979	0.334	0.255	2.68497526596246e-24	c7	YWHAH
9.43255455009862e-29	1.68748501341557	0.077	0.035	2.8983410366088e-24	c7	LDLR
9.6288787621506e-29	0.329101268118391	0.739	0.659	2.95866557724601e-24	c7	NFKBIA
1.23617165805402e-28	0.383738884380329	0.657	0.596	3.79838465370259e-24	c7	TPM3
1.41066982256105e-28	0.529771790120343	0.406	0.319	4.33456516378334e-24	c7	FKBP5
2.57733002504647e-28	0.679131623871536	0.34	0.256	7.91936196796029e-24	c7	TRAT1
2.86206282949489e-28	1.07545888739681	0.143	0.083	8.79426045618894e-24	c7	NUDT14
3.34285147925809e-28	2.23870008887209	0.029	0.008	1.02715797403163e-23	c7	HLF
5.04066951412667e-28	0.182720901099551	0.995	0.988	1.5488465216057e-23	c7	TMSB10
5.63493030588849e-28	1.36749055577439	0.076	0.035	1.73144503509036e-23	c7	CDCA7
9.6698933722594e-28	0.449046755542853	0.576	0.501	2.97126813649414e-23	c7	FYB
1.10453742940706e-27	0.893182310086459	0.18	0.113	3.39391215933907e-23	c7	PLEC
1.17967153141858e-27	1.3089487230388	0.099	0.051	3.62477671458986e-23	c7	NR1D1
1.25812539548786e-27	0.899587574485911	0.171	0.106	3.86584190271555e-23	c7	COMTD1
1.42708973099565e-27	0.383030123033498	0.532	0.454	4.38501861643033e-23	c7	PKM
2.05559982442314e-27	0.759409507262002	0.327	0.251	6.31624158050497e-23	c7	AKIRIN2
2.75335931836557e-27	0.419147545335358	0.78	0.73	8.46024717754188e-23	c7	TXNIP
4.74166410045667e-27	0.414741749125082	0.579	0.507	1.45697112814732e-22	c7	ACTR3
6.11504146307781e-27	0.576050137348319	0.361	0.275	1.87896879035992e-22	c7	PRDM1
7.38275503499379e-27	0.76287729861156	0.236	0.162	2.26849913960254e-22	c7	ATP2B4
9.09060871422079e-27	0.632373361763774	0.257	0.179	2.79327133961862e-22	c7	THEMIS
1.74303914674171e-26	0.557189880732004	0.4	0.32	5.35583638619325e-22	c7	TBCB
1.80298125175595e-26	0.534013229634079	0.435	0.358	5.54002049227051e-22	c7	OSTF1
2.49979440515528e-26	0.868074468951858	0.229	0.157	7.68111826872062e-22	c7	ATP2B1
2.78865824359999e-26	1.41497123499272	0.072	0.033	8.56871018510969e-22	c7	MFHAS1
3.2896467028517e-26	1.10479258009162	0.072	0.033	1.01080974238524e-21	c7	CCL20
4.43757556202936e-26	0.303257644777239	0.679	0.612	1.36353384294476e-21	c7	YWHAB
1.01417074988547e-25	1.2131096396554	0.122	0.069	3.11624246317307e-21	c7	RGS16
1.23915144411214e-25	0.583010205519151	0.385	0.307	3.80754064232337e-21	c7	LRRFIP1
1.32878420523827e-25	0.61435874831046	0.252	0.176	4.08295522743562e-21	c7	AMICA1
2.6794025098827e-25	0.886221235177243	0.148	0.089	8.23300009211656e-21	c7	CCR6
2.99984358733835e-25	0.843670904623502	0.194	0.128	9.21761939081454e-21	c7	MBNL2
7.12599026459473e-25	0.471537544130426	0.491	0.424	2.18960302860202e-20	c7	MYH9
9.00462596160234e-25	0.723684010821581	0.188	0.123	2.76685141922155e-20	c7	NCF4
9.87830313515306e-25	0.376125968997234	0.539	0.464	3.03530620433848e-20	c7	RABAC1
1.09968245490473e-24	0.869150313127141	0.179	0.116	3.37899427918576e-20	c7	AHR
1.17968292761587e-24	0.587663854447534	0.339	0.259	3.62481173168527e-20	c7	CXCR3
1.42808290978155e-24	2.23032365206226	0.025	0.007	4.38807035688578e-20	c7	IL26
2.03907041583722e-24	0.753780125384617	0.21	0.142	6.26545166674302e-20	c7	PHTF2
4.25837365810507e-24	0.555006817968922	0.369	0.292	1.30847047392595e-19	c7	PRNP
5.02590597883889e-24	0.369225916430833	0.614	0.544	1.54431013011783e-19	c7	ZFP36L1
7.3380170246535e-24	0.29530160860635	0.738	0.689	2.25475249116528e-19	c7	EVL
1.08561110060979e-23	0.397425104307947	0.554	0.48	3.33575722884371e-19	c7	TUBA4A
1.14263703938505e-23	0.506151876750982	0.43	0.357	3.51098083091843e-19	c7	EML4
2.64002962375785e-23	0.382466436411689	0.544	0.478	8.11201902492073e-19	c7	GNB2
4.54986180752416e-23	0.337373322132168	0.551	0.478	1.39803603759795e-18	c7	SPOCK2
5.31924384348237e-23	0.51434670898317	0.329	0.248	1.63444405578683e-18	c7	ICOS
5.91679490087827e-23	1.17573802748456	0.068	0.032	1.81805356919287e-18	c7	PGLYRP2
6.15906273755566e-23	0.794859160127506	0.135	0.081	1.89249520736873e-18	c7	ANTXR2
7.58109120734466e-23	1.60248848334549	0.047	0.019	2.32944189528079e-18	c7	RORC
9.01403869977471e-23	0.327481159612781	0.627	0.567	2.76974367127977e-18	c7	ARL6IP5
1.19340012689959e-22	1.98868882426416	0.026	0.007	3.66696056992436e-18	c7	TPPP
1.40129316155248e-22	0.466967197048825	0.418	0.344	4.3057534975023e-18	c7	RASAL3
2.35520278213675e-22	0.387997660495222	0.494	0.426	7.23683158867159e-18	c7	PRDX1
2.4047551562698e-22	0.756242390311993	0.17	0.11	7.38909116867022e-18	c7	ANKRD32
2.83225654447556e-22	0.40971408050013	0.498	0.434	8.70267468421004e-18	c7	LCP2
3.95655096230992e-22	1.07051714424616	0.148	0.094	1.21572941418897e-17	c7	CBFB
5.35056557338984e-22	1.8800751776527	0.026	0.008	1.6440682837355e-17	c7	AIM1L
6.45033447311444e-22	0.53193922375971	0.369	0.294	1.98199427355387e-17	c7	FLT3LG
8.52507599779918e-22	0.974296568589447	0.114	0.067	2.61950010184376e-17	c7	CD200R1
1.07589951588823e-21	0.424278924057098	0.484	0.42	3.30591644246977e-17	c7	CAP1
1.71292469176348e-21	0.625078401323637	0.24	0.172	5.26330370038164e-17	c7	TMEM14C
2.77002649379503e-21	0.485109883593095	0.403	0.332	8.51146040748398e-17	c7	CD5
4.62609173447653e-21	1.01432232563102	0.092	0.05	1.4214592072526e-16	c7	CYSLTR1
4.84031763624968e-21	0.480636237029013	0.365	0.29	1.48728440009044e-16	c7	RHOC
5.95895318554204e-21	0.273928355588061	0.724	0.678	1.8310075453215e-16	c7	IL2RG
1.37567491448394e-20	0.670265752151491	0.23	0.165	4.22703630973481e-16	c7	PNP
1.66090604969861e-20	1.36049157262941	0.051	0.023	5.10346601890892e-16	c7	BHLHE40-AS1
2.19900054621701e-20	0.952259031851373	0.088	0.048	6.75686897836101e-16	c7	ZBTB7B
2.6905135952297e-20	1.11929369801619	0.083	0.044	8.26714112406231e-16	c7	GALNT6
5.53564593158389e-20	0.417804466372717	0.441	0.371	1.70093792539778e-15	c7	EMB
6.11479046450982e-20	0.330910150993554	0.593	0.545	1.87889166602993e-15	c7	USMG5
1.04729754633966e-19	0.528743906578527	0.336	0.268	3.21803117063788e-15	c7	C4orf48
1.32748440382629e-19	0.786658069702694	0.172	0.116	4.07896132763704e-15	c7	LMO4
1.59332276389425e-19	1.22449040252132	0.06	0.029	4.89580285661785e-15	c7	HTRA1
1.87879023458742e-19	0.430617325283118	0.393	0.322	5.77295875381675e-15	c7	TNFRSF1B
2.03431983625373e-19	0.569650650320829	0.314	0.249	6.25085456085685e-15	c7	GLUD1
2.16096820013968e-19	0.732963050056906	0.207	0.148	6.64000698856919e-15	c7	CALHM2
2.24001705569302e-19	0.908570205263174	0.132	0.083	6.88290040702793e-15	c7	ELK3
4.40699758899924e-19	0.537247180530049	0.265	0.197	1.3541381491718e-14	c7	PDCD1
5.29564269039693e-19	0.842583846532426	0.117	0.071	1.62719212947826e-14	c7	DHRS3
6.66583377534098e-19	0.644689404097414	0.257	0.194	2.04821074414902e-14	c7	TANK
8.57465868013595e-19	0.332021853303935	0.497	0.425	2.63473537264537e-14	c7	CD96
9.81196478929581e-19	0.559161075933154	0.273	0.208	3.01492242080692e-14	c7	FKBP11
1.21017594768431e-18	0.434278878504132	0.572	0.512	3.71850763444958e-14	c7	CITED2
1.26085432130573e-18	0.393200731097037	0.494	0.437	3.87422707307611e-14	c7	DAD1
1.32036659244509e-18	0.926883848041039	0.15	0.099	4.05709042860603e-14	c7	BCL2L1
2.15695261862084e-18	0.211858990068387	0.81	0.765	6.62766831123625e-14	c7	CALM1
2.44091282136448e-18	1.40378835479677	0.04	0.017	7.50019282620665e-14	c7	CYP4F22
3.13068841642608e-18	0.302151560091569	0.684	0.63	9.61966629715242e-14	c7	LEPROTL1
4.15121035900316e-18	0.638753005089989	0.206	0.148	1.2755424070109e-13	c7	SSBP4
4.69911331708462e-18	0.823015687246197	0.101	0.06	1.44389654894059e-13	c7	CD9
5.43877858112737e-18	0.239477830825757	0.699	0.656	1.67117349462301e-13	c7	ARPC3
5.52378210522272e-18	1.329168076219	0.063	0.032	1.69729252747179e-13	c7	ROGDI
1.39964240983402e-17	1.37586236552122	0.022	0.007	4.300681232697e-13	c7	RGS18
1.61482924455402e-17	0.534368282961659	0.334	0.276	4.96188581974114e-13	c7	METTL9
1.65045086447671e-17	0.504092317643455	0.332	0.27	5.07134037127757e-13	c7	RORA
1.6513820518925e-17	0.386975713865285	0.528	0.477	5.0742016308501e-13	c7	ARF6
2.50265855901354e-17	2.11141811376097	0.019	0.006	7.6899189542809e-13	c7	NTRK2
3.08127606313607e-17	0.204193440960429	0.885	0.848	9.46783695919821e-13	c7	SRGN
3.39383344592213e-17	3.3153943339091	0.007	0.001	1.04282320292849e-12	c7	EEF1A2
4.14380364899727e-17	0.246345551216801	0.649	0.607	1.27326654722739e-12	c7	COX6A1
4.18555836925941e-17	0.965380049203512	0.106	0.065	1.28609652012234e-12	c7	WDR86-AS1
5.23664546298386e-17	0.333814214763668	0.495	0.434	1.60906405141105e-12	c7	DRAP1
5.31960322271098e-17	0.216783653531777	0.527	0.455	1.6345544822424e-12	c7	CTSD
6.47214452788799e-17	0.672942788461734	0.254	0.197	1.98869584908414e-12	c7	ARL6IP6
9.3787599418993e-17	0.583837007371425	0.265	0.206	2.8818115673474e-12	c7	PAG1
1.01582831644855e-16	0.454770611879733	0.314	0.249	3.12133566795145e-12	c7	HNRNPLL
1.20699951826889e-16	1.74014266376357	0.025	0.009	3.70874741978483e-12	c7	ADAM12
1.25629583464578e-16	0.723653592547367	0.225	0.17	3.86022021111608e-12	c7	DIAPH1
1.5673346509375e-16	1.16677325743967	0.067	0.035	4.81594918193567e-12	c7	TRIB1
1.65267150962547e-16	0.307715737911545	0.585	0.537	5.07816374762617e-12	c7	STK17B
2.01671262820308e-16	2.12463960133941	0.019	0.006	6.19675289267961e-12	c7	CA2
3.04914542095338e-16	0.285754867629862	0.652	0.612	9.36910913496344e-12	c7	GSTK1
4.17486474754999e-16	1.85743252504509	0.022	0.007	1.28281069097969e-11	c7	IL23R
4.19513799112011e-16	0.513292337484228	0.312	0.252	1.28904005053148e-11	c7	FERMT3
4.36320452077684e-16	0.403643067606029	0.439	0.384	1.3406818530991e-11	c7	ARPC5
6.3678722832998e-16	0.905450449628162	0.111	0.07	1.95665611648953e-11	c7	STK24
9.30159664980445e-16	0.496373730062171	0.334	0.276	2.85810160258541e-11	c7	VDAC1
1.06290812061455e-15	0.779991381444966	0.172	0.122	3.26599778221233e-11	c7	NEDD9
1.15401165727392e-15	0.594352603445083	0.253	0.197	3.54593161930558e-11	c7	GYG1
1.23929368360547e-15	0.499128022327078	0.382	0.323	3.80797770161454e-11	c7	MYADM
1.28770986544969e-15	0.737030885533602	0.155	0.107	3.95674610356725e-11	c7	SLC1A5
1.6840139785341e-15	0.769507508080939	0.136	0.092	5.17446975184171e-11	c7	AGPAT2
2.30048859054761e-15	0.374178299717885	0.425	0.366	7.06871129217564e-11	c7	OXNAD1
2.39858035376943e-15	0.300930367146065	0.517	0.461	7.37011785302732e-11	c7	ENO1
3.14454016656442e-15	0.270720782388487	0.598	0.566	9.66222856980248e-11	c7	ANAPC16
3.505478240231e-15	0.20899906165985	0.73	0.687	1.07712829887578e-10	c7	ARPC2
3.71395328836957e-15	0.447192938192809	0.373	0.309	1.14118642691732e-10	c7	IFNG
3.83228068240182e-15	0.76738651268135	0.135	0.091	1.17754488528161e-10	c7	CD226
5.28058654945307e-15	1.21559714576662	0.064	0.035	1.62256582905045e-10	c7	GNA15
6.32813995104307e-15	0.87762991309739	0.125	0.083	1.944447562757e-10	c7	SORBS3
1.04587614316821e-14	0.164303247417267	0.829	0.81	3.21366362511295e-10	c7	ITM2B
1.82368920088774e-14	0.360225679625166	0.473	0.427	5.60364980756776e-10	c7	ABRACL
1.96653928287103e-14	1.12542264768724	0.053	0.027	6.04258525447781e-10	c7	LOC146880
2.20432405365571e-14	2.50371151358156	0.01	0.002	6.77322651966789e-10	c7	CRMP1
3.00090450876772e-14	0.306664923646566	0.52	0.462	9.22087928409058e-10	c7	LIME1
3.22904192624998e-14	1.23141988971181	0.049	0.025	9.92187712678831e-10	c7	STX1A
3.55744383939852e-14	0.234880675835175	0.597	0.556	1.09309576853198e-09	c7	NDUFA13
3.70940434022899e-14	0.8682350565948	0.086	0.052	1.13978867162216e-09	c7	RASSF2
3.84753801858135e-14	0.564950485925025	0.201	0.15	1.18223300696949e-09	c7	MAP2K1
3.90548678200326e-14	0.286421909812098	0.56	0.51	1.20003892350614e-09	c7	PSMA7
4.69173325635894e-14	0.545474423332995	0.235	0.182	1.44162887768141e-09	c7	DYNLT3
5.39004341214737e-14	0.412215612749989	0.333	0.275	1.65619863925052e-09	c7	MRPS6
6.284879388111e-14	0.191686895230666	0.701	0.662	1.93115488958487e-09	c7	UBL5
6.88148809494956e-14	1.28689381160444	0.037	0.017	2.11447484693515e-09	c7	FAR2
7.39431342033404e-14	0.712314387079923	0.128	0.087	2.27205068466604e-09	c7	ELL
7.44625379525402e-14	0.391993436538172	0.384	0.331	2.2880104036677e-09	c7	MZT2A
7.64023212270365e-14	0.554062759894747	0.184	0.134	2.34761412434315e-09	c7	TNFRSF25
7.71637410296382e-14	0.624997765511106	0.119	0.079	2.37101027061769e-09	c7	NCF1B
8.32387720843798e-14	1.14252153139279	0.066	0.037	2.55767774983674e-09	c7	CASS4
1.08495842857719e-13	0.392871559427352	0.399	0.346	3.33375176348913e-09	c7	REEP5
1.31399855873743e-13	0.126170669472603	0.834	0.794	4.0375233714325e-09	c7	MIF
1.35037722473836e-13	1.08628720602549	0.046	0.023	4.14930409845356e-09	c7	CTSL
1.5736423926867e-13	1.1297573886604	0.07	0.041	4.83533098000844e-09	c7	ACOT7
1.70704990032265e-13	0.322355836726717	0.493	0.454	5.2452522287214e-09	c7	FKBP8
1.91153563050971e-13	0.268007801496273	0.629	0.588	5.8735755318672e-09	c7	MCL1
2.08556374616367e-13	0.991614498385835	0.051	0.026	6.40831172283712e-09	c7	STX3
2.1716421134338e-13	0.431848877749529	0.384	0.335	6.67280472194803e-09	c7	TMED2
2.46506539267137e-13	1.38254262388286	0.066	0.038	7.57440643206131e-09	c7	SQLE
2.60411950993613e-13	0.512650575643522	0.232	0.18	8.00167801818076e-09	c7	TGFBR2
2.70713546293952e-13	0.3177032719465	0.507	0.464	8.31821513697427e-09	c7	GPX4
3.13900074849764e-13	1.67747741101707	0.024	0.009	9.64520759990870e-09	c7	SOGA3
3.26420543185354e-13	0.437852495409399	0.3	0.246	1.00299240304564e-08	c7	HN1
3.96167944570291e-13	1.09444905760546	0.068	0.04	1.21730524328113e-08	c7	LTB4R2
3.98890539682711e-13	0.740717273621379	0.123	0.084	1.22567096128307e-08	c7	PPP3CA
4.46398158841381e-13	0.807544572213303	0.151	0.109	1.37164762267191e-08	c7	PFKP
4.59364983792711e-13	0.839461760264804	0.098	0.063	1.41149078569986e-08	c7	CIDEB
5.02223855513267e-13	0.612363640134628	0.183	0.137	1.54318324083562e-08	c7	LPCAT4
5.90912801133335e-13	0.674670879471981	0.163	0.119	1.8156977640424e-08	c7	JAZF1
6.08163923105374e-13	2.14914250979429	0.01	0.002	1.86870528652588e-08	c7	CA10
7.39909895328435e-13	0.424248075788482	0.31	0.256	2.27352113537568e-08	c7	CDC42EP3
7.94737637665866e-13	0.345860044117696	0.415	0.363	2.44199033925591e-08	c7	DYNLL1
9.80411634255704e-13	0.192502411642508	0.647	0.59	3.0125108285775e-08	c7	SLC2A3
1.02751687784657e-12	0.605685874201573	0.197	0.15	3.15725111055917e-08	c7	PFKFB3
1.08401381108499e-12	0.723879287565376	0.159	0.116	3.33084923732084e-08	c7	RARA
1.12869118110583e-12	0.178960814269109	0.701	0.67	3.46812939218388e-08	c7	ALDOA
1.30901655314007e-12	1.15812880316287	0.044	0.022	4.02221516283349e-08	c7	PLAUR
1.52366238606905e-12	1.70106351611443	0.026	0.011	4.68175741367438e-08	c7	GPR35
1.66308421950038e-12	0.365224140283574	0.393	0.341	5.11015888125882e-08	c7	DEF6
1.67984118531571e-12	0.966635313466424	0.065	0.038	5.16164801011957e-08	c7	PCBP4
1.88329180467521e-12	0.345378131755894	0.481	0.44	5.78679072822552e-08	c7	NDUFB2
1.93993053620402e-12	0.233660386106254	0.599	0.551	5.96082455859408e-08	c7	ITGB2
2.25597836076502e-12	0.824158353010085	0.089	0.057	6.93194470912268e-08	c7	TRPS1
2.30048133713297e-12	0.488919054727235	0.25	0.201	7.06868900460848e-08	c7	PDLIM2
2.46692069689451e-12	1.19177939848836	0.026	0.011	7.58010722534776e-08	c7	SFTPC
2.6337579176667e-12	0.563941345093124	0.131	0.091	8.09274795361446e-08	c7	NCF1
2.89186550713398e-12	0.505961730434945	0.274	0.225	8.88583514377057e-08	c7	CAPZA2
3.01841567059825e-12	0.895585699119732	0.067	0.039	9.27468583104726e-08	c7	RGS9
3.50879008275993e-12	1.65021552302071	0.024	0.01	1.07814592872964e-07	c7	RFX2
3.82883599527802e-12	0.238445402341926	0.657	0.618	1.17648643626908e-07	c7	CALM2
4.01791285930625e-12	0.503408606685906	0.339	0.293	1.23458408427903e-07	c7	G3BP2
4.1123972870372e-12	0.386660233696396	0.385	0.332	1.26361631438792e-07	c7	ITK
4.31832598440616e-12	0.227346333176149	0.586	0.553	1.32689202522848e-07	c7	CIB1
4.42565680544537e-12	0.329603704501181	0.475	0.435	1.3598715666092e-07	c7	TMEM50A
4.56113620250523e-12	0.491086181717417	0.265	0.216	1.40150032094378e-07	c7	ADAM8
5.30987508577903e-12	0.610722260831291	0.175	0.132	1.63156531760732e-07	c7	MAF
6.43514559590952e-12	0.561957958397256	0.342	0.297	1.97732718725512e-07	c7	CMTM6
6.59155501335749e-12	0.339270493655021	0.451	0.406	2.02538710895436e-07	c7	KIAA1551
7.54325789045968e-12	0.417819138462094	0.343	0.297	2.31781685200154e-07	c7	CMTM3
7.97476128351983e-12	0.414868115013573	0.261	0.21	2.45040489958714e-07	c7	AQP3
1.32053014725681e-11	0.273584064685753	0.527	0.49	4.05759298347599e-07	c7	UBE2D2
1.3217271218762e-11	0.327041262359772	0.4	0.351	4.06127092738901e-07	c7	MINOS1
1.34533840282906e-11	2.12242834280834	0.012	0.003	4.13382131037286e-07	c7	RAC3
1.44067109543061e-11	0.46633537645233	0.234	0.186	4.42675007492965e-07	c7	CD58
1.58079779156427e-11	0.240606764893643	0.524	0.481	4.85731737413954e-07	c7	TBC1D10C
1.68773696684719e-11	0.450395731589066	0.242	0.194	5.18590937803136e-07	c7	ATP6V0E2
1.80107634048238e-11	0.333380252878021	0.455	0.412	5.5341672714002e-07	c7	PPP1R18
1.89859863339032e-11	0.778022192695359	0.096	0.063	5.83382402081844e-07	c7	RPS6KA5
1.97140271766773e-11	0.436534159827708	0.301	0.254	6.05752913057765e-07	c7	PDE4B
2.11848663321861e-11	0.192150516995689	0.701	0.673	6.50947387789081e-07	c7	UQCR11
2.22474687475878e-11	0.674091085552902	0.154	0.114	6.83597972207131e-07	c7	MOSPD3
2.34045649678991e-11	0.697809819354464	0.166	0.125	7.19152067768636e-07	c7	AP1S2
2.34768400842741e-11	0.398157937843259	0.395	0.347	7.21372865269491e-07	c7	XBP1
2.7757750369159e-11	1.1894813677631	0.042	0.022	8.52912395593149e-07	c7	MYO1C
2.8658767150511e-11	1.26375137454064	0.038	0.019	8.80597938233752e-07	c7	LOC100132891
2.89718318130818e-11	0.19247824942581	0.742	0.712	8.90217476120564e-07	c7	DAZAP2
3.30837895873552e-11	2.40956294838568	0.009	0.002	1.01656560265066e-06	c7	COL5A1
3.46275709511907e-11	1.01567433561208	0.062	0.037	1.06400137261724e-06	c7	KATNAL1
4.32475918595534e-11	0.504955283637748	0.205	0.16	1.3288687550685e-06	c7	MPC1
4.68981149134221e-11	0.220853556630207	0.577	0.543	1.44103837694472e-06	c7	PGK1
4.91163193741753e-11	0.313415938380884	0.472	0.429	1.50919714541028e-06	c7	MSN
4.93066514420567e-11	0.254741802965856	0.52	0.475	1.51504547886008e-06	c7	PPP1CA
5.41110083982136e-11	0.703858841259928	0.097	0.065	1.66266895505191e-06	c7	TLE3
5.67169303394087e-11	0.376338582774391	0.33	0.282	1.74274111853901e-06	c7	AKAP13
6.36805631497939e-11	1.2508843125919	0.02	0.008	1.95671266390372e-06	c7	SCART1
7.46720885095052e-11	0.257210917423939	0.554	0.52	2.29444926363157e-06	c7	KRTCAP2
7.98595745621958e-11	0.702525359532342	0.199	0.156	2.45384514757259e-06	c7	CISH
8.20144845837683e-11	0.766794255578393	0.068	0.042	2.52005906780545e-06	c7	PTPRN2
8.82029558763404e-11	0.844737505626906	0.09	0.06	2.71021222521231e-06	c7	ARHGAP18
9.33107220196123e-11	0.335805179303134	0.44	0.4	2.86715855549663e-06	c7	SKAP1
1.05617151821524e-10	0.337547078785685	0.401	0.354	3.24529822401995e-06	c7	GLIPR1
1.33107371560729e-10	0.142757572553845	0.597	0.551	4.08999020594652e-06	c7	TPI1
1.34628935259141e-10	1.6963880054787	0.019	0.007	4.13674329370762e-06	c7	PHLDA3
1.37263276187026e-10	0.262812143531445	0.503	0.462	4.21768868739875e-06	c7	ITM2A
1.60798370523123e-10	0.329797235087593	0.479	0.44	4.94085153106401e-06	c7	GNG2
1.6220166046197e-10	0.582563849748786	0.155	0.116	4.98397042101497e-06	c7	CLSTN3
1.64556883110646e-10	0.371175229928571	0.3	0.252	5.05633934734083e-06	c7	PTPN7
1.72373673412644e-10	0.19953432308416	0.609	0.577	5.29652586295031e-06	c7	COX6C
1.74465703506457e-10	1.42368037823471	0.023	0.01	5.36080767164292e-06	c7	L1CAM
1.77148234929735e-10	0.620535879963109	0.199	0.157	5.44323381468596e-06	c7	PDCL3
2.03099769491858e-10	0.814035707216948	0.118	0.085	6.24064661717632e-06	c7	RAB11FIP1
2.06399806033974e-10	0.697954026211654	0.082	0.053	6.34204684000592e-06	c7	IGFBP4
2.09686080893821e-10	0.667450828122071	0.084	0.055	6.44302420762444e-06	c7	NCF1C
2.34081322349591e-10	0.19097521793642	0.681	0.651	7.19261679183589e-06	c7	PPIB
2.47935977337617e-10	0.742563092917972	0.086	0.057	7.61832877565297e-06	c7	PLEKHO1
2.54186350682585e-10	1.08619321150974	0.043	0.023	7.81038399742378e-06	c7	GRAMD1B
2.57026072281555e-10	0.381977870538666	0.303	0.256	7.89764012299533e-06	c7	FMNL1
2.58039717309525e-10	0.199650064149209	0.618	0.584	7.92878639376977e-06	c7	RNASEK
2.67131076669379e-10	0.273935696223299	0.457	0.414	8.20813659282002e-06	c7	DBI
2.73882341017829e-10	0.199956415938443	0.686	0.657	8.41558269245484e-06	c7	CYTIP
2.93533388588738e-10	0.150764822739747	0.746	0.716	9.01940043116615e-06	c7	PSME1
3.08557194740616e-10	0.425884361042818	0.339	0.297	9.48103692279492e-06	c7	IQGAP1
3.23248848431492e-10	2.14406865308259	0.007	0.002	9.93246736575447e-06	c7	LZTS1
3.42698228161222e-10	0.412296956653115	0.356	0.312	1.05300884567099e-05	c7	LINC-PINT
4.54953051656781e-10	1.1039249985016	0.051	0.03	1.39793424182579e-05	c7	LOXL1-AS1
5.56210768085343e-10	0.784288045554506	0.061	0.037	1.70906882709583e-05	c7	FMNL3
5.81140990100142e-10	0.628125641754122	0.133	0.097	1.78567192028071e-05	c7	TRIB2
6.28334244798815e-10	0.207227474133317	0.618	0.585	1.93068263399332e-05	c7	HMGN1
7.01044579290112e-10	0.548086049743536	0.105	0.073	2.15409967878473e-05	c7	TNFSF14
7.01904256960169e-10	0.531979140852722	0.195	0.155	2.15674121036151e-05	c7	RASSF7
7.44260317311917e-10	0.300104164665655	0.453	0.414	2.28688867700433e-05	c7	WDR1
8.47199221225286e-10	0.243641713159003	0.542	0.503	2.60318904705894e-05	c7	CNN2
8.70398309232179e-10	0.490722218227386	0.203	0.161	2.67447288477772e-05	c7	SUSD3
8.93084800628604e-10	0.364619371266703	0.385	0.345	2.74418166689151e-05	c7	ELOVL5
1.12328361778219e-09	0.419787182485096	0.256	0.214	3.45151357235933e-05	c7	MAP4K1
1.21366550398829e-09	0.266546096843587	0.498	0.459	3.72922999410483e-05	c7	RHOH
1.4647311712959e-09	0.655906686735269	0.106	0.075	4.50067947004091e-05	c7	EDARADD
1.48168361887344e-09	3.06568515979262	0.004	0.001	4.55276925571242e-05	c7	LDLRAD3
1.60749844873495e-09	0.376787176800481	0.332	0.29	4.93936048342789e-05	c7	LPXN
1.87843770121815e-09	0.231575757048395	0.546	0.518	5.771875524533e-05	c7	COX8A
1.94784431661885e-09	0.440628851649008	0.323	0.286	5.98514123167473e-05	c7	M6PR
1.99330493811218e-09	0.219393912652034	0.531	0.498	6.1248280833373e-05	c7	SEPT1
2.13216584083125e-09	0.151196010967478	0.767	0.73	6.55150597912217e-05	c7	HINT1
2.27362622240017e-09	7.44131490254213	0.001	0	6.98617129356902e-05	c7	SNORD76
2.39238616621062e-09	0.225629077346007	0.593	0.568	7.35108497291538e-05	c7	GMFG
2.41331536921222e-09	0.921983950606729	0.068	0.044	7.4153941349784e-05	c7	EIF4E3
2.49107393691529e-09	0.392256397242677	0.22	0.178	7.6543228859596e-05	c7	PTTG1
2.62313891038019e-09	0.623426497578647	0.146	0.111	8.06011892992521e-05	c7	MAP4
2.6630760999548e-09	0.283999388272301	0.367	0.324	8.18283393233111e-05	c7	STOM
2.67660571036015e-09	0.22418336368815	0.501	0.465	8.22440636622364e-05	c7	TMEM59
2.84516790168822e-09	0.687272641621616	0.109	0.078	8.74234741151741e-05	c7	REEP3
2.90279820040897e-09	0.659024056086509	0.144	0.109	8.91942803039665e-05	c7	RUNX1
3.14741006362352e-09	0.420279330589946	0.309	0.269	9.67104690249599e-05	c7	HNRNPUL1
3.55464302808833e-09	0.897257123212173	0.05	0.03	0.00010922351632407	c7	UNC93B1
3.56174298658049e-09	0.396891766179366	0.288	0.246	0.000109441676748659	c7	TALDO1
3.67328897211319e-09	0.729093967510128	0.057	0.035	0.000112869150246122	c7	CCR5
3.75639531221605e-09	1.75673698925709	0.015	0.006	0.000115422758758462	c7	IL17RE
3.80818842333748e-09	0.397284079444845	0.32	0.281	0.000117014205683891	c7	MGST3
4.18794278403741e-09	0.51012950377161	0.065	0.041	0.000128682917925117	c7	IL2
4.30196463360483e-09	1.00394584783405	0.098	0.07	0.000132186467296776	c7	MSMO1
4.340994199633e-09	0.536854939452096	0.19	0.152	0.000133385728772123	c7	ELOVL1
5.19210926234804e-09	0.60182438624835	0.193	0.157	0.000159537941304168	c7	SQRDL
5.25327738677363e-09	1.65494539124837	0.01	0.003	0.000161417454263393	c7	SEPT10
5.79948437057346e-09	0.400092755161144	0.268	0.226	0.000178200756254611	c7	CMTM7
6.08696199235692e-09	0.196989422724647	0.466	0.427	0.000187034081139151	c7	TUBA1B
6.19951126915117e-09	0.307968253800726	0.354	0.309	0.000190492382767208	c7	APOBEC3G
6.64846807683823e-09	0.571522396331713	0.155	0.12	0.000204287478597008	c7	DUSP23
7.63645991428111e-09	0.805405856401263	0.073	0.048	0.000234645503786116	c7	MTM1
8.77463357466694e-09	0.225574588894658	0.476	0.436	0.000269618165848791	c7	PGAM1
8.93011601460055e-09	1.81345388694912	0.006	0.001	0.000274395674780631	c7	KCNA6
8.93129325582432e-09	0.224953937155576	0.539	0.509	0.000274431847871714	c7	CD53
8.93472863357571e-09	4.40405092269848	0.002	0	0.000274537406723881	c7	LOC100506178
8.97059569909615e-09	0.525675531930107	0.174	0.138	0.000275639494046127	c7	CAPN1
9.01410255966638e-09	0.103632279044407	0.921	0.903	0.000276976329350869	c7	CD3E
9.34340115472041e-09	0.282308752927275	0.484	0.454	0.000287094687281094	c7	LAT
9.37571347412136e-09	0.197295425156431	0.555	0.514	0.000288087547919327	c7	H3F3AP4
9.76706618707742e-09	0.430015564086708	0.198	0.159	0.000300112642730328	c7	OSBPL8
1.04672922174166e-08	0.280612676081821	0.381	0.342	0.000321628487964561	c7	TNFAIP8
1.14317174976162e-08	0.611942789358072	0.089	0.062	0.000351262383549252	c7	SLC6A6
1.14408335502517e-08	1.43363617474279	0.023	0.011	0.000351542492498583	c7	CACNB3
1.22595292942485e-08	0.310171814051852	0.423	0.389	0.000376698556624375	c7	CMPK1
1.25661843783326e-08	0.885805559917981	0.058	0.037	0.000386121147393026	c7	ACP6
1.28541932572889e-08	0.31001084510092	0.338	0.295	0.000394970796216715	c7	SIT1
1.34319020221634e-08	0.290248419188153	0.422	0.386	0.000412722053435013	c7	IDS
1.35498486641128e-08	0.83387374777507	0.092	0.065	0.000416346199902194	c7	KIF20B
1.3928292824252e-08	0.283376934658193	0.482	0.45	0.000427974653610791	c7	SEC61G
1.42912680223047e-08	1.46526513980071	0.014	0.005	0.000439127792521357	c7	MCAM
1.60858822229256e-08	0.75438001184443	0.111	0.081	0.000494270903063834	c7	DDAH2
1.61874486225027e-08	0.896866695776086	0.033	0.018	0.000497391733823642	c7	KIAA0825
1.62957536367061e-08	0.616881194969898	0.085	0.058	0.000500719621995069	c7	FHOD1
1.6608125429926e-08	0.321910827173235	0.362	0.323	0.000510317870085335	c7	ARRB2
1.69150261050319e-08	1.02280547441267	0.054	0.033	0.000519748007129316	c7	MSC
1.72926927926985e-08	0.676164866257239	0.08	0.055	0.000531352571441247	c7	LOC729732
1.74134584164828e-08	0.576987733845157	0.144	0.111	0.000535063336763268	c7	UBASH3A
1.81049419340511e-08	0.973993033541514	0.048	0.029	0.000556310550807587	c7	PKIA
1.8441852878705e-08	0.374406138182431	0.317	0.279	0.000566662813403968	c7	PAK2
2.0409113417709e-08	0.295162416854448	0.231	0.19	0.000627110827985946	c7	LOC100996809
2.10904395350653e-08	0.262855345608431	0.355	0.311	0.000648045935593952	c7	JUND
2.18586400499345e-08	0.391907162307026	0.272	0.234	0.000671650432814338	c7	PUF60
2.2620242537556e-08	0.410661527932952	0.324	0.287	0.000695052192451484	c7	DEK
2.26400052405157e-08	0.223964537491337	0.302	0.256	0.000695659441025325	c7	ITGAE
2.26603655859508e-08	0.152382742402923	0.418	0.366	0.000696285053359512	c7	LINC00152
2.26991050230175e-08	0.43228645048073	0.241	0.203	0.00069747540004226	c7	CYB5R3
2.35650066681675e-08	0.369088991700411	0.349	0.312	0.000724081959892782	c7	KTN1
2.47200925911237e-08	0.531426533679575	0.106	0.076	0.000759574285047459	c7	FBLN7
2.73429611499304e-08	0.378297031335257	0.251	0.211	0.000840167167253911	c7	SYPL1
2.98475367443397e-08	0.463833952842624	0.125	0.093	0.000917125261543325	c7	LOC101928173
3.02881006757868e-08	0.351276359219139	0.365	0.329	0.0009306624694649	c7	RAP1A
3.04224305990394e-08	0.331860598701542	0.482	0.452	0.000934790025016682	c7	EZR
3.1059341845821e-08	0.428903671057732	0.219	0.182	0.000954360396896543	c7	CHST11
3.14672731360265e-08	0.314223935811225	0.409	0.379	0.000966894901650686	c7	SNX3
3.2291507785376e-08	0.592948079290577	0.103	0.075	0.000992221159721249	c7	KIAA0040
3.41414466760573e-08	0.676065585832077	0.037	0.021	0.00104906423201521	c7	RAB27B
3.59981677792586e-08	0.171927757474074	0.169	0.13	0.00110611570135328	c7	CTLA4
3.69944367820264e-08	0.576454373877781	0.14	0.108	0.00113672805900133	c7	MAPKAPK3
3.78144213960391e-08	0.200692483412148	0.623	0.603	0.00116192372623609	c7	SSR4
3.84653629153293e-08	3.25517027926534	0.003	0	0.00118192520629932	c7	ZDHHC11
3.87986687754458e-08	2.46945428805719	0.003	0	0.00119216669546312	c7	ARHGAP22
4.11162984592576e-08	0.679312344687734	0.08	0.055	0.00126338050275761	c7	CSGALNACT1
4.33934511281329e-08	1.06411440369184	0.019	0.009	0.00133335057281414	c7	ARHGEF40
4.5700355739606e-08	0.320456044292601	0.353	0.317	0.00140423483081087	c7	UBE2N
4.71702674977496e-08	0.216510469418413	0.621	0.594	0.00144940080940335	c7	DDIT4
4.72111885799591e-08	0.837033591261914	0.045	0.027	0.0014506581914964	c7	TMEM65
5.49595692217596e-08	0.740389643210483	0.083	0.058	0.00168874268347701	c7	PLOD3
5.70056575511805e-08	1.32080800982926	0.029	0.015	0.00175161283957512	c7	ELOVL6
5.73689193018274e-08	0.428268770256844	0.22	0.183	0.00176277478338725	c7	LIX1L
6.1986240177919e-08	1.43926144903272	0.011	0.004	0.00190465120194692	c7	RAPGEF5
6.36044252047079e-08	0.224410071124399	0.507	0.476	0.00195437317326506	c7	ARHGDIA
6.45384668359595e-08	0.203370527339719	0.62	0.596	0.00198307347046853	c7	GPSM3
6.45977018063319e-08	0.228210135549544	0.481	0.45	0.00198489358340316	c7	ACAP1
6.58418933569396e-08	0.523853864125828	0.191	0.157	0.00202312385717868	c7	GPR108
6.82913023358301e-08	0.299279096839271	0.437	0.411	0.00209838684687305	c7	ANXA11
6.85724511846307e-08	0.322401440161807	0.406	0.375	0.00210702570755015	c7	CD48
6.91060899954919e-08	2.1405391831832	0.008	0.002	0.00212342282729148	c7	PLD1
7.00612976122157e-08	2.65961047662998	0.005	0.001	0.00215277349173055	c7	WNT9A
7.29201539034677e-08	0.108442602804658	0.782	0.769	0.00224061756899185	c7	RAC2
7.30785789446073e-08	0.442934470608378	0.242	0.206	0.00224548549523095	c7	HIGD1A
7.55598778633636e-08	2.61623054561184	0.006	0.001	0.00232172836710757	c7	CREB3L3
7.83132815833746e-08	1.59513828499445	0.006	0.001	0.00240633220321235	c7	MEIS3
8.74343199122839e-08	0.447016169185985	0.258	0.222	0.00268659434794475	c7	RAB11A
9.17604275935841e-08	0.193862476396502	0.421	0.382	0.00281952265866806	c7	FKBP1A
9.39331643410982e-08	0.959745007045464	0.059	0.038	0.00288628434070892	c7	ADAM15
1.01287432389434e-07	0.14849830051657	0.73	0.716	0.00311225893503013	c7	PCBP1
1.06311111992901e-07	0.354906655874671	0.299	0.263	0.00326662153820588	c7	RNH1
1.10358234840522e-07	3.31549018375104	0.002	0	0.00339097748194472	c7	PDZD2
1.36506750906394e-07	0.326047831317624	0.288	0.249	0.00419444293510076	c7	RGS19
1.38004158631437e-07	0.492661497067169	0.184	0.151	0.00424045378226816	c7	STRA13
1.38072643540006e-07	0.264111265921161	0.405	0.373	0.00424255811805376	c7	CSTB
1.43360939796859e-07	0.490867334436991	0.143	0.112	0.00440505159713808	c7	ADI1
1.49340787030057e-07	0.758169235579204	0.088	0.063	0.00458879436307255	c7	MKNK1
1.51107396549566e-07	0.357497495158454	0.353	0.321	0.00464307697377852	c7	CAST
1.54435166285653e-07	0.573070555265968	0.092	0.067	0.00474532935445926	c7	GOLGA8B
1.58191193960216e-07	0.378592174362777	0.268	0.232	0.00486074081681557	c7	TRADD
1.66019116796202e-07	1.99472630498966	0.007	0.002	0.00510126940179691	c7	CHST15
1.69396910834089e-07	0.583146756474958	0.125	0.095	0.00520505887919905	c7	GNA13
1.7051584191691e-07	0.479286665944739	0.163	0.131	0.0052394402745809	c7	STX10
1.73236016019943e-07	0.314636249689859	0.346	0.313	0.00532302306424479	c7	ECH1
1.89461276871187e-07	0.271255993200635	0.475	0.452	0.00582157665442096	c7	ICAM3
1.92351843866211e-07	0.268660241511274	0.373	0.337	0.00591039510647707	c7	SPCS2
1.94031364867447e-07	0.174733443946226	0.657	0.632	0.00596200174828203	c7	SUB1
2.00550151523919e-07	0.466731033527403	0.158	0.126	0.00616230450587546	c7	TNFSF10
2.17065281588827e-07	0.266508594135346	0.375	0.337	0.00666976490737987	c7	TMEM123
2.20690999780743e-07	0.365781069665815	0.292	0.256	0.0067811723502629	c7	TWF2
2.24188445247661e-07	0.285190178211293	0.406	0.374	0.00688863835712488	c7	SP100
2.25562824195677e-07	0.154401162761174	0.587	0.558	0.00693086889906057	c7	LDHA
2.48073207752143e-07	0.559434529347778	0.148	0.118	0.00762254545460008	c7	TPD52
2.49975606075664e-07	0.264217827016826	0.423	0.392	0.00768100044788691	c7	STK4
2.58430996973088e-07	0.441324782887992	0.172	0.139	0.00794080924399206	c7	SLC4A7
2.78923798540707e-07	1.47372619016827	0.014	0.006	0.0085704915577603	c7	FADS1
2.79670361281555e-07	0.342883833912867	0.269	0.232	0.00859343119109835	c7	LOC284454
3.08483015969481e-07	0.739852082250404	0.039	0.023	0.00947875763169424	c7	ADARB1
3.1296481070743e-07	0.612003555859352	0.126	0.098	0.00961646973860719	c7	GNB1
3.1705744953055e-07	1.30904084994898	0.026	0.014	0.0097422242517252	c7	ARHGAP31
3.39762765909521e-07	0.499650064675171	0.098	0.072	0.0104398905081019	c7	CAPNS1
3.45483791682432e-07	1.78897787848925	0.015	0.006	0.0106156804670261	c7	LOC100132111
3.51515541719431e-07	0.502126856083199	0.16	0.129	0.010801018050413	c7	PMVK
3.669087422517e-07	0.378294435356597	0.266	0.233	0.011274004923168	c7	DOCK8
3.76329722010629e-07	0.386237025304635	0.242	0.206	0.0115634833682206	c7	EPS15
3.79730528652534e-07	0.65017094053297	0.063	0.043	0.0116679799539064	c7	ITPRIPL1
3.82286678031796e-07	0.500398278956932	0.151	0.121	0.011746522755883	c7	C9orf89
4.11391325605226e-07	0.658576722431904	0.07	0.048	0.0126408212618718	c7	SKI
4.28520904880689e-07	0.708979349359545	0.065	0.045	0.0131671618442689	c7	CTNNA1
4.31174255770308e-07	0.330602369662195	0.308	0.275	0.0132486913570543	c7	GNAS
4.41803617911326e-07	0.438711577329435	0.206	0.173	0.0135752997675613	c7	ETHE1
4.62448789281994e-07	1.43994841025393	0.009	0.003	0.0142096639482678	c7	CAMSAP2
4.99220495921126e-07	0.469247518797135	0.099	0.073	0.0153395481781684	c7	CPNE7
4.99292211531148e-07	0.463090928471159	0.147	0.117	0.0153417517837176	c7	MICAL1
5.15913227719682e-07	0.567896082260729	0.128	0.1	0.0158524657481427	c7	HOXB2
5.73053747107258e-07	1.03943482032977	0.043	0.027	0.0176082224873647	c7	CPPED1
6.02401935605482e-07	0.365445762127685	0.314	0.282	0.0185100042753496	c7	PCNP
6.13312965268741e-07	0.357549864580491	0.294	0.262	0.0188452674838126	c7	NCOR1
6.32594304832889e-07	0.921028760130304	0.068	0.047	0.0194377252046002	c7	SMCO4
6.48510696587068e-07	0.233998680918807	0.493	0.472	0.0199267881740309	c7	SEPT9
6.50354072125537e-07	0.455747119181754	0.218	0.186	0.0199834295742014	c7	TMBIM1
6.51471353589904e-07	2.06306973331539	0.006	0.002	0.020017760281757	c7	VLDLR
6.7328698843698e-07	0.385317740004288	0.188	0.155	0.0206880892937031	c7	LDLRAD4
6.93313820370583e-07	0.491026252010201	0.181	0.15	0.0213034537585269	c7	AGTRAP
7.54652802457964e-07	0.124883831063926	0.72	0.703	0.0231882166611259	c7	CD37
7.72488416851689e-07	0.490974373762024	0.123	0.095	0.0237362515846018	c7	SLC2A4RG
7.73053269663473e-07	0.330939786359633	0.306	0.273	0.0237536078169495	c7	HMOX2
7.82348350857271e-07	0.452289867135472	0.212	0.179	0.0240392177767914	c7	SMAP1
8.04812432002197e-07	0.320186977894678	0.346	0.314	0.0247294715981315	c7	PSMD8
8.24768833779387e-07	0.717046775089592	0.061	0.041	0.0253426719555392	c7	PDE4A
8.3335846139893e-07	1.50506648081238	0.017	0.008	0.0256066054434049	c7	H2AFY2
8.3907136925681e-07	0.554194671557957	0.107	0.081	0.025782145963154	c7	ZFYVE28
8.71630926731714e-07	0.135212759142824	0.63	0.608	0.0267826034856854	c7	LCK
8.76904376108748e-07	0.212492661621794	0.399	0.367	0.0269446407646935	c7	DPP7
8.87100580060868e-07	0.305785236788902	0.34	0.308	0.0272579395235303	c7	DYNLT1
9.00381014317909e-07	0.898100889486742	0.024	0.013	0.0276660074269464	c7	EMP1
9.07312091020847e-07	1.61271503271144	0.017	0.008	0.0278789786207976	c7	TRIP10
9.1573626870004e-07	0.453137616522809	0.245	0.213	0.0281378283283461	c7	ARL2BP
9.42149291661558e-07	0.944242658580372	0.043	0.027	0.0289494212848847	c7	TNFSF12
1.0693751754168e-06	0.244727144011469	0.427	0.4	0.032858691015032	c7	RALY
1.09792408810769e-06	1.79584541354494	0.005	0.001	0.0337359134552851	c7	GRB10
1.10043138589183e-06	1.72990095312874	0.005	0.001	0.0338129551942983	c7	DBH
1.12126960482922e-06	0.205198402984176	0.558	0.531	0.0344532511475876	c7	CDC42
1.14981618130667e-06	0.44353692957133	0.119	0.092	0.03533040180301	c7	NDFIP2
1.18288957567333e-06	0.153422956532338	0.596	0.572	0.0363466479917143	c7	STK17A
1.20987621088942e-06	0.389488786346979	0.218	0.186	0.0371758663319993	c7	PQLC3
1.22405493251553e-06	0.316731684917597	0.314	0.282	0.0376115359114047	c7	RBL2
1.22603040897139e-06	0.567621363952432	0.117	0.09	0.0376722363764639	c7	SLC25A24
1.25753224827155e-06	3.75062913479029	0.002	0	0.03864019339264	c7	IL6
1.31746084139247e-06	0.317182948273842	0.35	0.322	0.0404816192734664	c7	ATP1A1
1.3749706421021e-06	0.262434986904614	0.342	0.308	0.0422487229198712	c7	OPTN
1.43149545404312e-06	0.580399081240572	0.069	0.048	0.0439855608163828	c7	LUZP1
1.46788082042758e-06	0.331981908419314	0.369	0.341	0.0451035739692781	c7	GDI2
1.47392623890999e-06	0.353369433636162	0.258	0.226	0.0452893315429874	c7	PIN1
1.49758111031966e-06	0.489129932035824	0.189	0.159	0.046016174776792	c7	TBC1D10A
