p_val	avg_log2FC	pct.1	pct.2	p_val_adj	cluster	gene
6.24771254178893e-264	1.27456197025914	0.988	0.616	2.09535783226517e-259	c1	IL7R
5.95438678465082e-220	1.07932847944648	0.998	0.821	1.99698223983619e-215	c1	FOS
6.80653502584224e-219	1.06329657033298	0.981	0.601	2.28277571696697e-214	c1	ANXA1
1.82100660375943e-210	1.360321362698	0.76	0.303	6.10729194768837e-206	c1	CD40LG
8.82831902054623e-209	0.504364078708856	1	0.999	2.96084163311079e-204	c1	RPLP1
1.52268941421717e-184	0.431263349850834	1	0.999	5.10679575740155e-180	c1	EEF1A1
9.89319141553154e-174	0.458195897868332	1	0.998	3.31797853694097e-169	c1	TPT1
1.12186361782622e-168	1.00127843075743	0.908	0.524	3.76250620146559e-164	c1	KLRB1
2.06847024735324e-166	0.781539750698661	0.997	0.911	6.9372355155733e-162	c1	VIM
1.66924200094715e-160	0.817648700463542	0.99	0.839	5.59830382277654e-156	c1	S100A4
5.24355387138858e-158	0.412245680257818	1	0.998	1.7585830973863e-153	c1	RPS14
1.27024602889413e-149	0.388823942501772	1	0.999	4.26015113170513e-145	c1	RPL10
2.52274902976845e-140	0.359600558739544	1	0.999	8.46079569603743e-136	c1	RPS27A
1.68562137814479e-134	0.865681088758108	0.926	0.72	5.65323697802199e-130	c1	S100A11
6.41254132683679e-129	0.456015811767858	1	0.997	2.15063811019452e-124	c1	RPLP0
2.04684549831219e-121	0.345328088272892	1	0.998	6.86471043223941e-117	c1	RPL32
2.78615664752758e-120	1.13908426225743	0.687	0.371	9.34421216447801e-116	c1	LGALS3
2.05321654837942e-119	1.35235414582105	0.336	0.1	6.88607765995489e-115	c1	IL2
5.48726911148366e-119	0.319315173552078	1	0.998	1.84032031460939e-114	c1	RPS3
5.96915368572443e-119	0.716939850430335	0.901	0.6	2.00193476311826e-114	c1	FOSB
1.03937326413536e-118	0.688865781272758	0.984	0.864	3.48585005325718e-114	c1	IFITM2
7.60911043609613e-116	1.62601138401875	0.419	0.154	2.55194345805792e-111	c1	MYBL1
3.5578310490289e-109	0.340069011231888	1	0.998	1.19322537722331e-104	c1	RPS12
8.51368510409998e-107	0.352521366411725	1	0.998	2.85531971021305e-102	c1	RPL34
1.22528752052928e-105	0.330494498115253	1	0.997	4.1093692863511e-101	c1	RPS25
8.12712964670726e-105	0.447031163030274	0.999	0.98	2.72567674091268e-100	c1	EEF1B2
5.05349464540394e-104	1.92927327893314	0.241	0.06	1.69484103417557e-99	c1	PLCB1
3.99084761950464e-102	0.356010847903955	1	0.996	1.33845047462947e-97	c1	RPL3
4.08833071526228e-100	0.573103174737295	0.994	0.924	1.37114435528466e-95	c1	DUSP1
9.47159929045436e-100	0.310889800821887	1	0.997	3.17658497003258e-95	c1	RPLP2
1.02006314029404e-99	0.322387223158499	1	0.997	3.42108775991815e-95	c1	RPL39
6.40739987103762e-99	0.942553260353619	0.772	0.496	2.1489137687486e-94	c1	AHNAK
1.03930824746362e-93	0.329596070026907	1	0.997	3.48563200034347e-89	c1	RPS18
1.89421109584436e-92	0.285297811379134	1	0.997	6.35280517324282e-88	c1	RPS3A
6.4123516770027e-92	1.14865043964284	0.577	0.305	2.15057450543317e-87	c1	PTGER2
3.2231047240197e-91	0.957176042260003	0.603	0.299	1.08096486234173e-86	c1	CD4
1.59895286400295e-89	0.259890640242809	1	0.998	5.3625681152931e-85	c1	RPS23
6.27462492832216e-88	0.368204345371293	1	0.991	2.10438370846069e-83	c1	RPL35
1.76189285528413e-87	0.702303359285534	0.89	0.685	5.9090362580519e-83	c1	EMP3
1.44541034237088e-86	0.343921276582037	1	0.996	4.84761720624344e-82	c1	RPSA
3.13228677900726e-86	0.313063109516723	0.999	0.994	1.05050633994345e-81	c1	RPS5
6.45503582546382e-86	0.33622925638806	1	0.993	2.16488991514406e-81	c1	RPL9
9.19912478606714e-86	0.418789739054731	0.994	0.96	3.0852024707512e-81	c1	ITM2B
6.34409236093865e-85	0.295369299771449	1	0.999	2.12768169601161e-80	c1	RPS19
1.97769350086912e-83	0.267458345780776	1	0.998	6.63278846321487e-79	c1	RPL30
1.28023042044722e-82	1.34413826826823	0.389	0.165	4.29363678409588e-78	c1	AC020571.1
9.57553678932238e-80	0.985023766827301	0.521	0.261	3.21144352840294e-75	c1	CAPG
1.61498480661748e-79	0.338517210704115	0.999	0.994	5.4163360444337e-75	c1	RPS21
1.13642070219004e-77	0.278131982989945	1	0.997	3.81132775100495e-73	c1	RPS6
2.79935005052152e-77	0.382633960433335	0.998	0.975	9.38846019943906e-73	c1	MYL12A
1.05772123658607e-76	0.572350152597778	0.97	0.88	3.54738548326237e-72	c1	KLF6
1.50952440684574e-76	1.1291104211602	0.459	0.226	5.06264295567924e-72	c1	TIMP1
2.23041341712935e-76	0.366314561768168	0.999	0.976	7.4803605183684e-72	c1	EEF1G
1.50984682241595e-75	0.227516532771373	1	0.998	5.06372427301862e-71	c1	RPL19
2.77197441243322e-74	1.54961016532071	0.263	0.089	9.29664778441855e-70	c1	DHRS3
1.29715204762887e-72	0.225092573369661	1	0.998	4.3503885373377e-68	c1	RPL11
9.76250014228692e-71	0.653413300748035	0.901	0.732	3.27414729772019e-66	c1	TXNIP
1.50724393173145e-70	0.235892159626062	1	0.999	5.05499469824094e-66	c1	RPL13
7.06915081226457e-70	0.298303595779959	1	0.994	2.37085179941729e-65	c1	RPL10A
1.15061441051967e-69	0.285334784891273	1	0.994	3.85893061000087e-65	c1	RPL21
1.20523427274164e-68	1.09688422773412	0.478	0.25	4.04211470392092e-64	c1	DYNLT3
1.94813459533075e-68	0.55298718784067	0.955	0.868	6.53365380582026e-64	c1	TNFAIP3
3.0075381112166e-68	0.394182624576738	0.998	0.97	1.00866813173982e-63	c1	CALM1
8.86336933960948e-66	0.475965274996024	0.968	0.875	2.97259680911823e-61	c1	S100A6
1.13499375718221e-65	1.52574311545071	0.25	0.089	3.80654206283771e-61	c1	TNFSF13B
1.37500691231647e-65	0.253947678537997	1	0.996	4.61149818252698e-61	c1	RPL5
9.43403971443749e-65	0.637502847397338	0.766	0.516	3.16398823942805e-60	c1	GPR183
1.03555390145757e-64	0.988992485781289	0.418	0.198	3.4730406747084e-60	c1	CCR6
2.57942408476427e-64	0.218542035820349	1	0.997	8.6508724954824e-60	c1	RPS13
7.68872645360986e-64	1.28656053898658	0.382	0.185	2.57864507801168e-59	c1	PERP
1.57449827199462e-63	0.509129541222977	0.946	0.804	5.28055230461556e-59	c1	S100A10
4.75869249662407e-63	0.261078453674014	1	0.995	1.59597028951778e-58	c1	RPL17
7.92518288307976e-63	0.277615296233563	0.999	0.995	2.65794783532729e-58	c1	MT-CYB
6.27277693105203e-62	0.237296716993722	1	0.997	2.10376392713623e-57	c1	RPL14
1.27446176007934e-61	0.383504176038023	0.989	0.96	4.27428985095409e-57	c1	RPL38
1.31597813119498e-60	1.54251802786801	0.244	0.091	4.41352745640174e-56	c1	CCR2
2.01560751026664e-60	0.240429787831236	1	0.996	6.75994446793226e-56	c1	RPL23A
2.83900858490194e-60	0.536287108714622	0.905	0.817	9.52146699204413e-56	c1	RPL36A
1.32207445568801e-59	0.213747231608243	1	0.998	4.43397330948646e-55	c1	RPL18
3.36854919842319e-59	0.226085213606295	1	0.997	1.12974403016717e-54	c1	RPL35A
2.75123646819859e-58	1.61409996486581	0.196	0.064	9.22709686704443e-54	c1	IGFBP3
6.21271831898803e-58	0.246513116434215	1	0.998	2.08362146982221e-53	c1	RPS4X
5.91242761066788e-56	1.12067420935974	0.317	0.14	1.98290997206579e-51	c1	SSBP2
3.38986824895402e-55	0.303765212091131	0.994	0.983	1.1368940133342e-50	c1	RPL27
5.08178453881786e-55	0.230034073100907	1	0.996	1.70432889862873e-50	c1	RPS16
8.75259359166668e-55	0.911299970983361	0.508	0.304	2.93544483877317e-50	c1	ERN1
1.70869922438199e-54	1.23248558219837	0.3	0.134	5.73063545873232e-50	c1	DPP4
1.95762941895505e-54	1.05554244310052	0.432	0.24	6.56549754529143e-50	c1	IFNGR1
3.61501579417235e-54	1.66740152787132	0.135	0.035	1.21240399704952e-49	c1	ADAM23
1.45985565902261e-53	0.22178265274213	1	0.998	4.89606390923003e-49	c1	RPS28
3.81973070385351e-53	0.371684214264818	0.982	0.945	1.28106128345839e-48	c1	MT-ND2
7.18436757617345e-53	0.629651563602744	0.693	0.483	2.40949319769705e-48	c1	MYADM
1.31927740698895e-51	0.570058840961525	0.862	0.718	4.42459256755954e-47	c1	PTGER4
4.4194714062835e-51	0.741155334365061	0.614	0.407	1.48220232023936e-46	c1	AC020916.1
7.38415198559355e-50	0.846516190750293	0.48	0.276	2.47649689292837e-45	c1	BCL2
5.44210310996843e-49	0.211484387660051	1	0.997	1.82517254102121e-44	c1	RPL8
1.49888184911046e-48	1.31422363334942	0.238	0.098	5.02694994554666e-44	c1	TMEM273
1.8396385710161e-48	0.208319254766301	1	0.998	6.1697798394738e-44	c1	RPL12
2.83370167132038e-48	0.342401641362159	0.978	0.93	9.5036686652743e-44	c1	MIF
2.75600244840458e-47	1.21459362742086	0.259	0.111	9.24308101145929e-43	c1	SORBS3
2.98592335624361e-47	1.17226329765219	0.246	0.101	1.00141897521698e-42	c1	SPART
2.43388420158865e-46	0.542078245776265	0.412	0.22	8.16276083528801e-42	c1	TNF
2.46792102402051e-46	0.884922562784232	0.383	0.199	8.27691353036e-42	c1	SESN1
3.50278554622484e-46	0.560163227621535	0.82	0.663	1.17476421649289e-41	c1	PDCD4
1.58020801069381e-45	0.413525879706151	0.892	0.755	5.2997016262649e-41	c1	PPP1R15A
3.88019038003352e-44	0.660832684381124	0.688	0.522	1.30133824965564e-39	c1	TTC39C
6.70161051253665e-44	0.286222366844145	0.998	0.983	2.24758613369454e-39	c1	MT-ND5
2.26209219250383e-43	0.297039394512971	0.98	0.955	7.58660479521934e-39	c1	TOMM7
3.30566699014735e-43	0.200089083844657	0.999	0.996	1.10865459515562e-38	c1	MT-ND4L
7.77577416351768e-43	0.562694302834039	0.614	0.392	2.60783913896056e-38	c1	AQP3
1.29461866960778e-42	0.170728785750145	1	0.998	4.34189209413057e-38	c1	RPL7A
8.67453437549549e-42	1.45058086604638	0.193	0.077	2.90926533885368e-37	c1	HYI
1.44618650094166e-41	0.772012663620996	0.384	0.207	4.85022028685816e-37	c1	PLAC8
2.26774452518251e-41	0.470683076614533	0.949	0.881	7.60556158855711e-37	c1	TSC22D3
3.10501445021539e-41	0.192429982591244	1	0.997	1.04135974631324e-36	c1	RPL37
4.39529019891177e-41	0.204730443255607	1	0.998	1.47409242691103e-36	c1	RPS2
7.37825944555366e-41	0.361716878728961	0.983	0.947	2.47452065284979e-36	c1	CD69
4.94271526843231e-40	0.157436841085559	1	0.999	1.65768784672683e-35	c1	RPS8
1.165565027237e-38	0.548790038637977	0.715	0.574	3.90907198834745e-34	c1	FLT3LG
1.51218263997471e-38	0.168072262374382	1	0.997	5.0715581379472e-34	c1	FAU
2.419213794703e-38	0.176128937092373	1	0.997	8.11355922467491e-34	c1	RPL6
9.88960745069091e-38	0.158066967544401	1	0.998	3.31677654681272e-33	c1	RPL29
1.74802409350291e-37	0.209749104414379	0.999	0.995	5.86252320479008e-33	c1	RPL36
9.89510234238151e-37	1.54708684068779	0.14	0.049	3.31861942358791e-32	c1	SPON1
1.03377765767458e-36	0.326288558567092	0.962	0.913	3.46708350830901e-32	c1	RPS20
1.24123839486979e-36	1.79486994713398	0.092	0.024	4.16286532871429e-32	c1	COLQ
2.27063866523515e-36	0.354082436645543	0.942	0.883	7.61526795546565e-32	c1	CD48
2.8251647209053e-36	0.165316816066164	1	0.998	9.47503744097218e-32	c1	RPS24
5.0365433863906e-36	0.266941424286193	0.998	0.988	1.68915592092768e-31	c1	RPS29
5.29448890031638e-36	0.277947564108336	0.999	0.989	1.77566568738811e-31	c1	MT-ND3
1.04593812223635e-35	0.512810368581216	0.733	0.58	3.50786727435626e-31	c1	SCML4
1.1862612723453e-35	0.272359055539638	0.993	0.941	3.97848305519168e-31	c1	IFITM1
1.51524716382282e-35	1.66799446336666	0.118	0.038	5.08183593802896e-31	c1	NT5E
2.31565921469194e-35	0.181976897277878	0.999	0.994	7.76625787423383e-31	c1	RPL22
2.59910358026746e-35	0.296774156024586	0.976	0.954	8.71687358750102e-31	c1	RPL27A
1.02280898820907e-34	0.151518608237502	1	0.998	3.43029678465559e-30	c1	RPL26
1.16628050328018e-34	0.143291191566986	1	0.998	3.91147155190106e-30	c1	RPL18A
3.2215574938866e-34	0.397468521718995	0.955	0.873	1.08044595229969e-29	c1	CRIP1
1.33092335378149e-33	0.630971969847192	0.579	0.425	4.46365074391237e-29	c1	MGST3
3.3024005744676e-33	1.36048628776706	0.17	0.07	1.10755910466494e-28	c1	CYB561
5.85084219533236e-33	0.882143874395211	0.347	0.201	1.96225545547057e-28	c1	CISH
7.8236316194139e-33	0.487020492757283	0.625	0.448	2.62388957251904e-28	c1	ANXA2
2.26209829817188e-32	0.332672181223495	0.875	0.795	7.58662527240887e-28	c1	JUN
2.48208248675091e-32	0.351842227484022	0.894	0.829	8.32440824406522e-28	c1	RPS10
2.62033699036629e-32	0.485103296198862	0.743	0.606	8.78808619829046e-28	c1	CSRNP1
2.66261978119417e-32	1.80246644105025	0.092	0.027	8.92989422216901e-28	c1	IFI44L
2.82273508266464e-32	1.22866031887272	0.179	0.077	9.46688892024066e-28	c1	NSG1
1.77419002251932e-31	0.226182277699464	0.983	0.947	5.95027849752531e-27	c1	FXYD5
3.34715309949486e-31	0.387196783726858	0.883	0.82	1.12256820650859e-26	c1	APRT
5.43979076571045e-31	0.485522528677562	0.674	0.542	1.82439702700397e-26	c1	DHRS7
6.91293944380799e-31	0.334058408263674	0.944	0.871	2.31846163066432e-26	c1	TAGLN2
1.86541303940098e-30	0.225463781340038	0.997	0.985	6.256222251543e-26	c1	MT-ND1
4.64155258558931e-30	0.454724034965805	0.553	0.383	1.55668390615494e-25	c1	LGALS1
6.23101866170232e-30	0.732130867339229	0.416	0.268	2.08975903876172e-25	c1	ARL4A
1.99077906206652e-29	0.215717454259064	0.998	0.992	6.67667481835869e-25	c1	RPL41
5.61815717905862e-29	0.618056654906346	0.502	0.352	1.88421755471268e-24	c1	CDC42EP3
1.5039697107334e-28	0.662754253542447	0.161	0.069	5.04401361585766e-24	c1	SLC40A1
1.70303358711939e-28	0.547640074602605	0.511	0.349	5.71163404448101e-24	c1	ICAM2
2.54575403975619e-27	0.62187046279671	0.565	0.429	8.53794989853431e-23	c1	PLP2
5.18927834095006e-27	0.967674712536859	0.165	0.073	1.74038016998783e-22	c1	FHL1
6.55206445357276e-27	1.83723634838038	0.075	0.021	2.19743137643923e-22	c1	B3GALT2
9.09649545664988e-27	0.47395488242082	0.949	0.92	3.05078264625124e-22	c1	ZFP36
4.19903788047435e-26	0.232125124836673	1	0.998	1.40827332435349e-21	c1	FTH1
1.16876351563577e-25	0.490333096608285	0.607	0.472	3.91979907873926e-21	c1	RBMS1
2.98939667059059e-25	1.3536010463714	0.137	0.058	1.00258385538267e-20	c1	TTC39C-AS1
8.53320481987509e-25	0.360091357192704	0.633	0.492	2.86186623248971e-20	c1	NR4A1
4.33643886464146e-24	0.599014802101049	0.344	0.207	1.45435486642345e-19	c1	MAL
6.00334922072196e-24	0.674743858622574	0.41	0.279	2.01340326164573e-19	c1	PRNP
1.20051553260372e-23	0.5253224191225	0.792	0.705	4.02628899324637e-19	c1	NFKBIA
1.87156060556544e-23	1.30669851670689	0.07	0.021	6.27683995894537e-19	c1	CFH
4.13801609454342e-23	0.23946388317152	0.977	0.947	1.38780783778797e-18	c1	MT-ND4
4.82075755060988e-23	0.362780257954359	0.695	0.561	1.61678566732354e-18	c1	RORA
1.43546039324974e-22	0.417960603047064	0.687	0.568	4.81424706688097e-18	c1	ADGRE5
1.54384720638894e-22	0.681057972964389	0.411	0.292	5.17775476078723e-18	c1	MDFIC
1.65556814113136e-22	0.194360710897368	0.959	0.909	5.55244443172635e-18	c1	HSP90AB1
2.58005768219941e-22	0.184433856175656	0.999	0.994	8.65299745456037e-18	c1	MT-ATP6
4.4848943868892e-22	0.655169390421118	0.421	0.296	1.5041438794749e-17	c1	KCNA3
4.88582817212519e-22	0.304216999157438	0.991	0.97	1.63860905236735e-17	c1	ZFP36L2
5.75307928490424e-22	0.168965873987545	0.993	0.984	1.92946773057118e-17	c1	PFDN5
6.42907076875218e-22	1.37438123482691	0.098	0.037	2.15618175442411e-17	c1	ABCA1
8.09620987042524e-22	0.415471026385833	0.738	0.641	2.71530686634322e-17	c1	ARHGAP15
9.19232507107385e-22	0.365081890843476	0.822	0.758	3.08292198233675e-17	c1	DAD1
1.61105267338449e-21	0.570582654268248	0.37	0.241	5.40314845599689e-17	c1	SORL1
2.05200260440284e-21	0.173110563883081	0.998	0.988	6.88200633464623e-17	c1	RPL37A
3.22299881195451e-21	0.496602725098078	0.439	0.305	1.0809293415533e-16	c1	RHOC
3.29337302518413e-21	0.169672357092489	0.999	0.987	1.10453144518625e-16	c1	RPL4
4.95949751664881e-21	0.45778047904502	0.589	0.463	1.66331627713368e-16	c1	FKBP11
8.78059904215317e-21	0.173765979258016	0.877	0.709	2.94483730675733e-16	c1	LTB
1.38167337709151e-20	0.662215398378783	0.203	0.109	4.63385617208951e-16	c1	LMNA
2.38084141799676e-20	1.20863236644831	0.118	0.052	7.98486594767753e-16	c1	IL4I1
2.76934039509673e-20	0.9777329444798	0.193	0.105	9.28781381707541e-16	c1	SMIM3
3.13441291313675e-20	0.963426494592987	0.156	0.077	1.0512194028078e-15	c1	ZSCAN18
3.24154780228037e-20	0.115809742585406	1	0.997	1.08715030192879e-15	c1	RPS7
3.25102637210862e-20	2.05046508944158	0.047	0.012	1.09032922467779e-15	c1	PIANP
3.39253060574646e-20	0.912798375700608	0.233	0.138	1.13778691455525e-15	c1	SLC39A8
3.99477084681722e-20	0.951820866646854	0.142	0.068	1.33976624660556e-15	c1	PTGDR
4.03891932691416e-20	0.399727198100192	0.695	0.609	1.35457276386047e-15	c1	CMPK1
4.13026587370188e-20	0.536895027462113	0.51	0.398	1.38520856872214e-15	c1	PNP
4.8936184165433e-20	0.839957955493228	0.224	0.129	1.64122174454029e-15	c1	LRRN3
5.97812825083899e-20	0.76551103818562	0.279	0.175	2.00494465276638e-15	c1	KLRG1
7.6095911973877e-20	0.470976319428927	0.557	0.442	2.55210469577989e-15	c1	STAT4
1.01981719308511e-19	0.393207265578278	0.687	0.585	3.42026290216885e-15	c1	TRAM1
1.03636931900961e-19	0.673712234798239	0.431	0.332	3.47577542209442e-15	c1	GLO1
1.74542851508156e-19	1.25017311126742	0.136	0.066	5.85381815388055e-15	c1	MPP1
2.45180389804528e-19	0.149473216595189	1	0.994	8.22285991326426e-15	c1	UBA52
2.68806557153835e-19	1.3475938524053	0.097	0.04	9.01523431382531e-15	c1	CLU
2.70614552411696e-19	0.88305060721128	0.155	0.077	9.07587085878347e-15	c1	RNF130
2.7231156695867e-19	0.509694561275751	0.72	0.639	9.13278533265986e-15	c1	CITED2
9.10487945527986e-19	2.24624464595938	0.038	0.009	3.05359447171176e-14	c1	LZTS1
1.32101352548949e-18	0.126749712283631	1	0.998	4.43041516178664e-14	c1	RPS27
1.52278726768072e-18	0.887697623391428	0.166	0.087	5.1071239383476e-14	c1	SPINK2
1.70682209556948e-18	0.781658319014353	0.298	0.2	5.72433994412093e-14	c1	CD200R1
1.82718206441549e-18	0.740784638869401	0.317	0.218	6.12800320763668e-14	c1	TPD52
1.89214519371311e-18	2.83079869285554	0.02	0.002	6.34587655067504e-14	c1	SNCA
2.3368383298175e-18	0.813178722840791	0.213	0.122	7.83728839054195e-14	c1	RNF144A
3.1084815996398e-18	0.37568049791077	0.67	0.574	1.0425225588872e-13	c1	TMED10
4.60141981835517e-18	0.524735991173113	0.437	0.325	1.54322417867996e-13	c1	STN1
4.70955765530663e-18	0.771213947890065	0.186	0.103	1.57949144643674e-13	c1	ANTXR2
6.18122516583048e-18	0.282399513980208	0.921	0.865	2.07305929611623e-13	c1	MCL1
9.26531129919591e-18	0.547000877250148	0.47	0.367	3.10740010352432e-13	c1	LYSMD2
1.03672077665786e-17	0.339038433231346	0.708	0.61	3.47695414075513e-13	c1	TMEM123
1.36827868792094e-17	1.09321416829871	0.1	0.043	4.58893306354924e-13	c1	CALHM6
1.68864547774091e-17	0.342900249957835	0.517	0.39	5.66337920324745e-13	c1	SLAMF1
1.77363191270463e-17	0.886777249330811	0.2	0.117	5.94840670882878e-13	c1	LGALS3BP
2.12942754206824e-17	0.320525394316885	0.832	0.74	7.14167409058847e-13	c1	CXCR4
2.28661532513811e-17	0.158570592915711	0.99	0.973	7.66885047744821e-13	c1	RPL31
2.51055997238041e-17	0.501451492003984	0.252	0.15	8.41991603536943e-13	c1	FBLN7
3.16725049462925e-17	1.88570269386689	0.044	0.012	1.06223247088876e-12	c1	RAB6B
3.32925588933853e-17	0.335965475407682	0.655	0.535	1.11656584016635e-12	c1	TC2N
3.99758190944549e-17	0.987341421138665	0.15	0.079	1.34070902078983e-12	c1	RNF24
4.31806992058663e-17	2.75974232251418	0.021	0.003	1.44819428996635e-12	c1	ADGRE2
5.63050269368857e-17	0.850715174001158	0.143	0.073	1.88835799340927e-12	c1	ARHGAP5
5.64115391095959e-17	0.124067838791031	0.998	0.992	1.89193019865763e-12	c1	RPS9
6.29933753233404e-17	0.264868105510923	0.903	0.859	2.11267182159419e-12	c1	SERP1
6.98528350570047e-17	1.15711336725952	0.138	0.071	2.34272438214182e-12	c1	TMEM200A
7.28917677247312e-17	1.34018238406659	0.067	0.024	2.44464410595203e-12	c1	PHLDA2
1.06528650467697e-16	0.713887053598282	0.229	0.14	3.57275787938563e-12	c1	PPP2R2B
2.47411100541653e-16	0.54793519205074	0.43	0.329	8.29767348996595e-12	c1	TRAPPC6A
2.98715647868605e-16	0.993889435027843	0.13	0.065	1.00183253982173e-11	c1	IFI44
3.91576244193917e-16	0.816179027746726	0.256	0.168	1.31326840777756e-11	c1	MID1IP1
4.98785539942999e-16	0.461707051568564	0.519	0.416	1.67282694386083e-11	c1	FKBP2
7.45582544819196e-16	1.57340915085182	0.048	0.015	2.50053473881462e-11	c1	COLGALT2
1.06101184436959e-15	0.463170113316154	0.474	0.376	3.55842152364673e-11	c1	GLIPR2
2.01184382639951e-15	1.64212054740855	0.047	0.015	6.74732182497867e-11	c1	RAB27B
2.02023302308302e-15	0.127438470945817	0.994	0.982	6.77545751281582e-11	c1	RPL7
2.38469586885503e-15	1.47711283901977	0.052	0.017	7.99779300496601e-11	c1	F2RL1
2.42564550780474e-15	0.429170036061457	0.522	0.419	8.13512990407555e-11	c1	INPP4B
2.50447923382452e-15	1.66957874809026	0.055	0.019	8.39952245440068e-11	c1	TPBG
3.87420455283568e-15	1.21033939890571	0.066	0.025	1.29933072293003e-10	c1	PCSK5
4.91486458604631e-15	1.07103977400139	0.106	0.051	1.64834728486821e-10	c1	LINC00944
5.45255900079702e-15	0.193239931221668	0.918	0.861	1.8286792376873e-10	c1	SSR4
5.49937590875367e-15	0.39962169785063	0.539	0.426	1.84438069227781e-10	c1	NCF1
6.92072419884335e-15	0.393643779468451	0.558	0.464	2.32107248180808e-10	c1	RNH1
7.48850928193855e-15	1.39637825549081	0.065	0.025	2.51149624297655e-10	c1	ARHGEF40
8.69355693924692e-15	0.873832797425786	0.16	0.091	2.91564512628463e-10	c1	NLRP6
9.51370573728485e-15	0.284532899215711	0.738	0.637	3.19070663017059e-10	c1	SAMSN1
1.20165373330435e-14	1.13358142076137	0.081	0.035	4.03010629075614e-10	c1	BEX5
1.53064545600595e-14	0.673158496493271	0.316	0.226	5.13347873035276e-10	c1	MYC
1.80954948447874e-14	0.355001486404029	0.591	0.496	6.06886706104479e-10	c1	MGAT4A
2.03640756642742e-14	0.232319020877214	0.814	0.713	6.82970369628427e-10	c1	CD96
2.30462267246564e-14	2.15935212420197	0.03	0.007	7.72924351891525e-10	c1	SPINT1-AS1
2.54359433316634e-14	0.549018753517731	0.368	0.277	8.53070667457329e-10	c1	ADI1
2.62023635664584e-14	0.288402058741205	0.72	0.654	8.78774869291881e-10	c1	REX1BD
5.36349921081587e-14	0.120905545909917	0.999	0.994	1.79881036532343e-09	c1	RPL13A
5.94359396539875e-14	0.798791593277687	0.147	0.082	1.99336254411543e-09	c1	TCEAL4
6.10859651064936e-14	0.98027088203382	0.132	0.072	2.04870109774158e-09	c1	DSE
7.25967107782044e-14	0.236019601278777	0.803	0.706	2.43474848607942e-09	c1	CD6
7.75237042545981e-14	0.434281735885084	0.463	0.369	2.59998999329071e-09	c1	TMEM173
8.63426656825863e-14	0.311752336700408	0.628	0.541	2.89576032166258e-09	c1	JUND
8.91183523958042e-14	1.27367894643158	0.076	0.033	2.98885130265048e-09	c1	PLAUR
1.18836849721667e-13	1.15839606476366	0.074	0.031	3.98555026596528e-09	c1	PDE9A
1.71384404252764e-13	2.70431224114432	0.017	0.003	5.7478901498292e-09	c1	PDZD4
1.78067762662468e-13	0.176440046334121	0.945	0.919	5.97203662417385e-09	c1	CNBP
2.19733145427315e-13	0.241574793770094	0.786	0.683	7.36941023134129e-09	c1	PEBP1
2.31332713962949e-13	0.356024898074626	0.603	0.517	7.75843656088937e-09	c1	CAST
2.56244027653219e-13	0.928692911735068	0.108	0.055	8.59391219943366e-09	c1	ADRB2
3.30774074137322e-13	0.593150819852665	0.269	0.186	1.10935008984175e-08	c1	ANKRD28
3.77693564237543e-13	1.3301310311888	0.066	0.027	1.26670867573987e-08	c1	PLEKHA5
4.33491626612894e-13	0.281071749965146	0.576	0.473	1.45384421733432e-08	c1	HSPB1
5.08075603216196e-13	1.03382917024444	0.108	0.056	1.70398395806648e-08	c1	CCDC184
5.15381272228725e-13	0.154287496208913	0.752	0.66	1.7284857108007e-08	c1	HSPA5
5.38481833790029e-13	0.840324989603886	0.144	0.082	1.805960374165e-08	c1	PTP4A3
6.37828888149836e-13	0.218247850768011	0.873	0.806	2.13915052507692e-08	c1	TAGAP
8.89291079243505e-13	0.22497387949502	0.8	0.728	2.98250442156687e-08	c1	GPX4
1.03453461905173e-12	0.821765092973774	0.175	0.109	3.46962220537569e-08	c1	AKT3
1.34340184473511e-12	1.52336251856195	0.046	0.016	4.50550110687261e-08	c1	IGSF22
1.55667245936808e-12	0.195877583471335	0.582	0.484	5.22076809422867e-08	c1	CORO1B
1.7850233701705e-12	0.738684590037125	0.165	0.099	5.98661137887781e-08	c1	C3AR1
1.90741869448723e-12	0.397106673991339	0.325	0.232	6.39710081757127e-08	c1	THEM4
1.90808025121427e-12	0.375891068907335	0.64	0.586	6.39931954652243e-08	c1	RBL2
1.99763451577619e-12	0.168757715867096	0.851	0.774	6.69966663901018e-08	c1	ENO1
2.09049293112083e-12	0.373964902458475	0.332	0.249	7.01109519239305e-08	c1	EGR1
2.44787720329313e-12	0.481642219772909	0.452	0.377	8.20969056440451e-08	c1	TRADD
2.44981984701953e-12	0.708394231588057	0.143	0.082	8.21620580293411e-08	c1	EPHA1
3.24007590864356e-12	0.420314609736505	0.441	0.349	1.08665665824088e-07	c1	BHLHE40
3.74181570115106e-12	0.451007417076548	0.3	0.211	1.25493014985204e-07	c1	NCF4
3.9111030454006e-12	1.49164881339112	0.044	0.015	1.31170573936645e-07	c1	LTK
4.49766137344485e-12	0.842585081656589	0.164	0.101	1.50842567142593e-07	c1	PLOD3
4.58522156287315e-12	0.741158363093404	0.174	0.107	1.5377916077564e-07	c1	NME4
5.11466579010386e-12	0.75980228905974	0.118	0.064	1.71535661268503e-07	c1	ANK3
5.86577556521983e-12	1.01743473744018	0.082	0.039	1.96726380906343e-07	c1	SBF2
5.89886483466236e-12	0.23543453675969	0.543	0.449	1.97836128824906e-07	c1	CD63
8.01543927459454e-12	0.378471598661608	0.459	0.371	2.68821802391352e-07	c1	PDE4D
8.66746266213023e-12	1.73751081817568	0.035	0.011	2.90689362762524e-07	c1	CPLX1
9.29951881073981e-12	0.335706300745325	0.595	0.528	3.11887261874592e-07	c1	ATP1A1
9.80597952827348e-12	0.687136475738573	0.11	0.059	3.28872941419236e-07	c1	AC004832.6
1.14156343500636e-11	0.388723543541457	0.469	0.382	3.82857544832431e-07	c1	PHLDA1
1.26827928844233e-11	0.592912569203923	0.333	0.259	4.2535550775779e-07	c1	CDK6
1.26940065124107e-11	0.99245822706127	0.114	0.063	4.25731590413231e-07	c1	LST1
1.51963811035486e-11	1.22746162230966	0.055	0.023	5.09656229450811e-07	c1	STX3
1.81556059889847e-11	0.904643402795798	0.147	0.089	6.0890271365857e-07	c1	UBQLN4
1.89974385556684e-11	0.97181337705185	0.092	0.047	6.37136094280006e-07	c1	IL23R
2.08583674194909e-11	0.217214702761578	0.842	0.783	6.99547926514885e-07	c1	MT-ND6
2.1450615905177e-11	0.670505437997095	0.178	0.112	7.19410756227826e-07	c1	THRA
2.22019771269618e-11	0.494412979854874	0.395	0.318	7.44609908884045e-07	c1	LIX1L
2.44730611758337e-11	0.277045793974472	0.704	0.639	8.2077752571511e-07	c1	TUBA1A
2.53476039571787e-11	0.259500617395449	0.626	0.555	8.50107941515859e-07	c1	SYNE2
2.7433496817364e-11	0.27115246066413	0.58	0.482	9.20064616260752e-07	c1	STOM
3.76063329035455e-11	0.594976043112557	0.286	0.212	1.26124119291911e-06	c1	TNFSF12
4.67028544083055e-11	0.151998324563435	0.919	0.891	1.56632033114575e-06	c1	NOP53
4.8203269689997e-11	1.99437480108058	0.024	0.006	1.61664125886312e-06	c1	MB21D2
5.18563069110653e-11	0.137010045900761	0.945	0.904	1.73915682118331e-06	c1	PPIB
5.4107568432069e-11	0.340408569976142	0.579	0.507	1.81465963007473e-06	c1	FBL
6.87410666500894e-11	0.272167254555486	0.714	0.648	2.3054378933107e-06	c1	BCAP31
8.35372026922887e-11	0.145908145255142	0.878	0.827	2.80167070389398e-06	c1	C12orf57
1.03894134702875e-10	1.49072251688178	0.052	0.022	3.48440148966503e-06	c1	SPINT1
1.12384029486584e-10	0.338326324290165	0.545	0.471	3.76913558092107e-06	c1	SSB
1.33834689855506e-10	2.04032947028243	0.021	0.005	4.48854782837395e-06	c1	SLC5A5
1.35433260137944e-10	0.496233097658707	0.332	0.254	4.54216067850637e-06	c1	CRTAP
1.36091123197554e-10	0.113261035829541	0.96	0.96	4.56422408979957e-06	c1	JUNB
1.49142340529951e-10	0.817196137001773	0.106	0.058	5.00193581669349e-06	c1	SMIM14
1.50815074992332e-10	0.141786213932841	0.949	0.925	5.05803598509284e-06	c1	COMMD6
1.53443144439442e-10	0.205032662301552	0.819	0.716	5.14617617820999e-06	c1	OSTF1
1.72037717663871e-10	0.434901166912388	0.416	0.34	5.76980097501092e-06	c1	LAIR1
1.96708454465055e-10	1.0105215957623	0.079	0.04	6.597208145849e-06	c1	RARG
2.27190907424088e-10	0.286333816858199	0.646	0.573	7.61952865318906e-06	c1	TMED2
2.56078230862126e-10	0.174388978884014	0.849	0.812	8.58835170665398e-06	c1	EIF4B
2.62319523738695e-10	0.495734542743351	0.255	0.184	8.79767218714836e-06	c1	TNFSF14
2.71103440753119e-10	1.23306205165963	0.051	0.021	9.09226719597811e-06	c1	C10orf91
3.41232632762009e-10	1.1559668641086	0.058	0.026	1.14442600375723e-05	c1	NDRG2
4.03296097597398e-10	0.338061238437907	0.416	0.328	1.35257445212215e-05	c1	SYPL1
4.03972748069673e-10	0.345241640885067	0.507	0.436	1.35484380247607e-05	c1	C19orf70
4.88707267555110e-10	0.105706243706505	0.982	0.971	1.63902643392633e-05	c1	DDX5
5.00071941474897e-10	0.991268868300088	0.076	0.038	1.67714127731851e-05	c1	TMOD2
6.23296280396346e-10	0.341972712385679	0.46	0.39	2.09041106519327e-05	c1	CTSB
6.23393661173475e-10	0.783468366696072	0.119	0.07	2.0907376608436e-05	c1	MZF1-AS1
6.27675409370023e-10	0.828498282603008	0.166	0.111	2.10509778794518e-05	c1	AMPD2
6.87547565102149e-10	0.490924623728907	0.252	0.181	2.30589702383959e-05	c1	RARA
7.11287342368339e-10	0.369493957730144	0.5	0.435	2.38551548883493e-05	c1	MYDGF
7.18960813531659e-10	0.153640739354624	0.971	0.928	2.41125077642248e-05	c1	MYL12B
8.92176384614314e-10	0.447169299110887	0.397	0.33	2.99218115871949e-05	c1	SND1
9.09630718929328e-10	1.06155518351777	0.078	0.04	3.05071950514518e-05	c1	PSTPIP2
1.05734021087591e-09	1.61370929961042	0.042	0.017	3.54610759923563e-05	c1	MPZL2
1.1313782012474e-09	1.73790832345008	0.023	0.006	3.79441621134352e-05	c1	ZNF365
1.34032626411663e-09	0.331629925007321	0.463	0.382	4.49518622459436e-05	c1	RCAN3
1.45960321111211e-09	0.196820436363439	0.882	0.816	4.89521724942778e-05	c1	ABRACL
1.65342327724046e-09	0.217384231734642	0.752	0.686	5.54525098720906e-05	c1	EIF5A
1.67380531555778e-09	0.705543191951024	0.188	0.128	5.61360826731767e-05	c1	ETV3
1.91766686235424e-09	0.821600558647696	0.096	0.053	6.43147112296366e-05	c1	TCEAL3
2.34135511598467e-09	0.414289740397708	0.387	0.32	7.85243678798938e-05	c1	TESPA1
2.47050298604521e-09	0.386977516374934	0.283	0.21	8.28557291459842e-05	c1	AHR
2.48777463987389e-09	0.976807413065688	0.072	0.036	8.34349858720905e-05	c1	CITED4
2.58250833924205e-09	1.50335150800973	0.035	0.013	8.66121646814998e-05	c1	RIN1
2.69661492233273e-09	0.119977859531955	0.997	0.992	9.04390712651949e-05	c1	MT-ATP8
2.7658478075144e-09	0.424765729984791	0.441	0.374	9.27610037684179e-05	c1	DNAJB9
2.94558247756341e-09	1.48403740125792	0.036	0.013	9.87889451325215e-05	c1	B3GNT8
3.13859423498844e-09	0.2303174146774	0.38	0.299	0.000105262173453042	c1	TUBA1C
3.13869939003653e-09	0.654563460239892	0.132	0.081	0.000105265700143045	c1	IL18BP
4.5088907803683e-09	0.42616202523605	0.398	0.335	0.000151219178991992	c1	ESD
6.73550789888624e-09	0.267807583050226	0.624	0.57	0.000225895463912847	c1	M6PR
6.89861212433972e-09	0.241669056340374	0.567	0.489	0.000231365653426106	c1	VSIR
8.10251045722895e-09	0.861854536446645	0.085	0.047	0.000271741995714544	c1	RASGRF2
9.81603720153663e-09	1.2738701892711	0.044	0.019	0.000329210255665136	c1	NEO1
1.12786253111979e-08	0.158565126214812	0.853	0.821	0.000378262535686954	c1	EIF4A2
1.72436594167226e-08	0.383873997381876	0.44	0.381	0.000578317849518042	c1	ARL2BP
1.73251013285762e-08	0.645963082845528	0.204	0.147	0.000581049248357787	c1	MBOAT7
1.9274581413003e-08	0.418231056106737	0.331	0.263	0.000646430911429294	c1	SVIP
1.97262880872258e-08	2.15603857932329	0.014	0.003	0.000661580249869378	c1	RTL5
2.04011295569239e-08	0.690775831924064	0.14	0.09	0.000684213083080115	c1	CPQ
2.27422885766612e-08	0.971509234233509	0.051	0.024	0.000762730874284065	c1	RIMKLB
2.2877053471127e-08	0.152390407206123	0.886	0.839	0.000767250619314658	c1	ARL6IP5
2.30009508803287e-08	0.187048443301547	0.68	0.617	0.000771405890624464	c1	TNFAIP8
2.40199578144039e-08	0.744305049349807	0.128	0.082	0.000805581345179477	c1	SLC44A1
2.43703531341255e-08	0.4721246569641	0.261	0.2	0.000817332903412301	c1	ADAM19
2.61026396341459e-08	0.277157615328608	0.589	0.534	0.000875430328049984	c1	TAF7
2.78752294418426e-08	0.877294105776187	0.06	0.029	0.000934879445020516	c1	WDR86
2.91316142547642e-08	0.597396337482381	0.163	0.109	0.000977016078876283	c1	LINC02273
2.95355760289383e-08	0.565011333820153	0.132	0.084	0.000990564148858534	c1	FBLN5
3.00238543702655e-08	1.31934646355914	0.036	0.015	0.00100694002786996	c1	HLF
3.0077512316813e-08	0.192439711719972	0.764	0.698	0.00100873960808127	c1	VAMP8
3.20151068052539e-08	0.537892478123571	0.198	0.14	0.0010737226520346	c1	ATP2B1-AS1
3.62322379946007e-08	0.693233809955681	0.113	0.069	0.00121515679786292	c1	F11R
4.18968641568382e-08	0.712327412600585	0.177	0.127	0.00140513703009204	c1	IL18RAP
4.79980802404797e-08	0.884550365641843	0.079	0.044	0.00160975961510521	c1	RORC
4.88633174759685e-08	0.369307773836912	0.413	0.351	0.00163877794150903	c1	TMEM109
5.00786323915409e-08	0.789696679999998	0.084	0.047	0.0016795371731475	c1	AL121944.1
5.08582004595019e-08	0.20811765456905	0.804	0.745	0.00170568232701078	c1	ARHGDIA
5.36646216162584e-08	0.237809775182015	0.502	0.429	0.00179980407976608	c1	TRAT1
5.42388923012737e-08	0.233006474051212	0.599	0.52	0.00181906397000012	c1	YWHAH
5.44592482142983e-08	1.6819825984673	0.024	0.008	0.00182645426661114	c1	C11orf74
6.36902467172939e-08	0.714703709783017	0.141	0.094	0.0021360434944046	c1	CERS4
6.82962789135151e-08	0.595636985025795	0.223	0.167	0.00229052060220147	c1	MPZL3
7.06683460635956e-08	1.19664105545058	0.036	0.015	0.00237007499028087	c1	ENPP5
7.50768237047128e-08	0.581634525642146	0.113	0.069	0.00251792651340866	c1	GCSAM
7.85373193629552e-08	0.860479786988139	0.068	0.036	0.00263398461679479	c1	SOCS2
8.26442493541005e-08	0.33408872874768	0.469	0.411	0.00277172283483782	c1	SMAP1
9.12896021797596e-08	0.922723473026606	0.071	0.039	0.00306167067790478	c1	EVA1C
9.21389115378727e-08	0.718670986514492	0.136	0.089	0.00309015481515718	c1	ACSL6
9.32707238225744e-08	1.29702663197224	0.05	0.024	0.0031281135355615	c1	PLCB3
9.45744617052144e-08	0.945028876902418	0.062	0.032	0.00317183829666948	c1	GATD3A
9.70499019560974e-08	0.316417000010114	0.466	0.399	0.0032548596118036	c1	CCND2
1.072485334297e-07	1.46723812793602	0.029	0.011	0.00359690131416527	c1	SLC44A3
1.18409054183145e-07	0.362679184354093	0.296	0.232	0.00397120285919433	c1	MYLIP
1.24932112436676e-07	1.52706527901371	0.025	0.009	0.00418997318690123	c1	LONRF3
1.30853853522139e-07	0.759995694413265	0.106	0.065	0.0043885765394255	c1	NR1D1
1.37263276171878e-07	0.178155998718176	0.748	0.69	0.00460353575625243	c1	MZT2B
1.50361928901975e-07	0.206204782222521	0.731	0.679	0.00504283837151442	c1	ANXA6
1.50812672625712e-07	0.505893492938569	0.25	0.193	0.00505795541452112	c1	SPRYD3
1.74066609400805e-07	0.326181982025622	0.237	0.174	0.00583784594608418	c1	CMTM8
1.79473877201271e-07	0.834801235367258	0.036	0.015	0.00601919489357621	c1	TGFBI
2.00828743785863e-07	1.1686311594605	0.046	0.022	0.00673539440909028	c1	IL17RE
2.70117639607076e-07	0.275840662293838	0.535	0.476	0.00905920539714213	c1	CANX
2.81171491704333e-07	0.340383469407844	0.35	0.284	0.00942992948877991	c1	DPYD
3.10847908287344e-07	0.598197918665455	0.116	0.074	0.010425217148141	c1	GSTM3
3.37095677512999e-07	0.526321425565993	0.205	0.153	0.0113055148324309	c1	GNPDA1
3.40777318869046e-07	0.87524148409072	0.074	0.042	0.0114289897202301	c1	AZIN2
3.64417082032731e-07	0.137641595991739	0.792	0.74	0.0122218200972137	c1	ICAM3
3.77935448215447e-07	0.186483970810848	0.736	0.698	0.0126751990622497	c1	SMDT1
3.87018786476089e-07	0.256514042769455	0.559	0.497	0.0129798360608351	c1	GATA3
4.00987782436097e-07	0.811442521150207	0.089	0.054	0.0134483282473418	c1	SLC25A43
4.46653891329911e-07	0.5477475327805	0.147	0.1	0.0149798782074226	c1	SERPINB6
4.47264211910454e-07	0.169667737566254	0.597	0.529	0.0150003471390528	c1	XBP1
4.54276584163666e-07	0.617294331493299	0.153	0.106	0.015235528079681	c1	SGK3
4.90431883242422e-07	0.810026160513619	0.104	0.066	0.0164481045001844	c1	FAM241A
5.08675224056375e-07	0.894130533106915	0.08	0.048	0.0170599496644027	c1	MGLL
5.25021838518793e-07	0.456224400907836	0.292	0.239	0.0176081824202433	c1	ARL2
5.37825797883931e-07	1.38600711574703	0.04	0.018	0.0180376016094313	c1	TMCC3
5.55345341730923e-07	0.238491110287307	0.592	0.543	0.0186251720709717	c1	PYURF
5.63464545774994e-07	0.30646659247519	0.396	0.339	0.0188974739362017	c1	DARS
5.75119607451916e-07	0.612075682439328	0.147	0.102	0.0192883613947224	c1	MVB12B
5.75183154397172e-07	2.3523889564447	0.012	0.003	0.0192904926321724	c1	MCOLN3
5.86075723242827e-07	0.209111051354392	0.624	0.566	0.0196558076061179	c1	GTF3A
5.8738452056791e-07	1.42249935340254	0.027	0.01	0.0196997020508066	c1	SCRN1
6.07639038006673e-07	1.12134146298545	0.029	0.011	0.0203789980566678	c1	ZFYVE9
6.27173445254912e-07	0.887573126981319	0.059	0.031	0.0210341430069593	c1	ZNF677
6.46276089901449e-07	0.207146963317456	0.693	0.63	0.0216748075031148	c1	RPL22L1
7.06755378368796e-07	1.1200173486603	0.039	0.018	0.0237031618797327	c1	CCDC112
7.27908315030109e-07	0.994841240884499	0.063	0.035	0.0244125890694798	c1	RNF157
7.52590331027815e-07	0.164057330635065	0.805	0.772	0.0252403745220108	c1	KRTCAP2
7.68124181201684e-07	1.16283349303256	0.031	0.013	0.0257613487891421	c1	PTCH1
7.92410585272348e-07	0.283877315201037	0.312	0.24	0.026575866208864	c1	SELENOM
8.22738214850263e-07	0.758567600327076	0.075	0.044	0.0275929942496481	c1	PDE8A
8.66626553374877e-07	1.31283692791237	0.036	0.016	0.0290649213470866	c1	ACVR1C
9.01670850061252e-07	0.441067421279866	0.228	0.174	0.0302402369693543	c1	CDKN2D
9.26563411330588e-07	0.426458527324359	0.301	0.249	0.0310750836892053	c1	CD226
9.56293190421258e-07	0.334679103491427	0.404	0.345	0.0320721610203481	c1	NMRK1
9.62034485567492e-07	0.737088107834666	0.06	0.033	0.0322647125769625	c1	EPHA1-AS1
9.65624182493042e-07	0.236549646439483	0.558	0.508	0.0323851038324516	c1	RGS19
1.0441538115466e-06	2.0248592890577	0.012	0.003	0.0350188305316498	c1	MARCH10
1.1022248656409e-06	0.781591848398509	0.09	0.056	0.0369664175438645	c1	LTB4R2
1.10457365565819e-06	0.261251082359472	0.451	0.399	0.0370451912634645	c1	CYB5R3
1.1132355130435e-06	0.119809149303916	0.925	0.894	0.037335692636453	c1	SKP1
1.11731842397226e-06	0.476579342269284	0.284	0.232	0.0374726253031815	c1	TLE4
1.11929783123635e-06	0.13255275319476	0.81	0.746	0.0375390106640046	c1	PDIA3
1.119435869377e-06	0.667865344254998	0.09	0.055	0.037543640187166	c1	CYSLTR1
1.16501864015681e-06	0.129808529511422	0.924	0.902	0.0390723951535792	c1	OST4
1.18910070191905e-06	1.26530147871394	0.033	0.014	0.039880059340961	c1	ROBO3
1.21137654143856e-06	1.92366450707637	0.017	0.005	0.0406271464467663	c1	CHRFAM7A
1.25255381512154e-06	0.601305126443262	0.183	0.135	0.0420081498515462	c1	HSD17B8
1.37271769331001e-06	0.249796135112998	0.57	0.519	0.0460382059982313	c1	RPN2
1.39222859088556e-06	1.43030563821334	0.036	0.016	0.0466925624811199	c1	F12
