p_val	avg_log2FC	pct.1	pct.2	p_val_adj	cluster	gene
0	1.30373134481587	0.914	0.894	0	3	SELL
0	1.10393621994244	0.992	0.892	0	3	IL7R
0	0.924279535275358	0.84	0.801	0	3	CCR7
0	0.834900872006537	0.876	0.784	0	3	NOSIP
0	0.765462225763549	0.762	0.612	0	3	TCF7
0	0.725273107657381	0.827	0.74	0	3	LEF1
0	0.701710690329904	0.862	0.869	0	3	MAL
0	0.699988203796882	0.994	0.985	0	3	PABPC1
0	0.686747958753561	0.955	0.902	0	3	LTB
0	0.681434009018524	1	0.999	0	3	RPS12
0	0.661765210874317	0.813	0.807	0	3	PASK
0	0.627597555801774	0.999	0.997	0	3	RPS18
0	0.593280438365893	0.985	0.972	0	3	LDHB
0	0.564549492294428	1	1	0	3	EEF1A1
0	0.529928908090587	0.999	0.998	0	3	RPS8
0	0.523144309430267	0.998	0.993	0	3	RPLP0
0	0.461936655218242	0.776	0.711	0	3	S1PR1
0	0.452690235734146	0.797	0.685	0	3	PLAC8
0	0.430615869040094	0.728	0.577	0	3	FXYD7
0	0.422983629896018	0.877	0.805	0	3	IMPDH2
0	0.407140099405212	0.788	0.63	0	3	TNFSF8
0	0.392518940962851	1	1	0	3	RPLP1
0	0.351522821922361	0.886	0.839	0	3	CDO1
0	-0.253198452830042	0.583	0.765	0	3	GK
0	-0.254627549818642	0.415	0.636	0	3	CPNE7
0	-0.257557705971301	0.612	0.738	0	3	ASB2
0	-0.257733154153467	0.602	0.821	0	3	LAYN
0	-0.270008368630048	0.807	0.855	0	3	OAS1
0	-0.327302256623245	0.428	0.686	0	3	KIR2DL4
0	-0.330512707964717	0.557	0.725	0	3	CD70
0	-0.333947945558226	0.581	0.78	0	3	TNFRSF9
0	-0.336131418179131	0.382	0.658	0	3	LOC102724850
0	-0.337994304144368	0.461	0.674	0	3	HSH2D
0	-0.344082598486384	0.466	0.74	0	3	SKA2
0	-0.345509517413187	0.458	0.731	0	3	USP11
0	-0.345909832893333	0.661	0.78	0	3	IKZF2
0	-0.346047178868325	0.572	0.799	0	3	LAIR2
0	-0.347814551825925	0.639	0.786	0	3	COMT
0	-0.349857397735623	0.557	0.721	0	3	IL21R
0	-0.355801104907614	0.641	0.764	0	3	EIF4EBP1
0	-0.355813041228331	0.626	0.755	0	3	HSBP1
0	-0.382633992044402	0.71	0.808	0	3	LAP3
0	-0.389803278540174	0.49	0.693	0	3	APOBEC3H
0	-0.394386534011749	0.287	0.71	0	3	TNIP3
0	-0.397333363048764	0.685	0.803	0	3	HAVCR2
0	-0.403450142919302	0.722	0.788	0	3	JAKMIP1
0	-0.404414467745833	0.661	0.797	0	3	SMS
0	-0.413897690649836	0.627	0.786	0	3	APOBEC3C
0	-0.413986816685075	0.827	0.905	0	3	EPSTI1
0	-0.479589436144678	0.764	0.873	0	3	MT1E
0	-0.524511246009445	0.675	0.817	0	3	AP2S1
0	-0.534472984826851	0.762	0.909	0	3	DNPH1
0	-0.546142919668436	0.616	0.766	0	3	TOX
0	-0.56019737587876	0.532	0.706	0	3	HLA-DMA
0	-0.568438275050623	0.588	0.744	0	3	TYMP
0	-0.568689447864287	0.732	0.85	0	3	RNF19A
0	-0.584537873921973	0.718	0.835	0	3	HN1
0	-0.591582179716226	0.798	0.881	0	3	PDIA6
0	-0.596905541258077	0.691	0.814	0	3	BTG3
0	-0.599809970806381	0.696	0.817	0	3	TPM4
0	-0.610302869681093	0.634	0.746	0	3	PTTG1
0	-0.611858726447124	0.51	0.736	0	3	CLIC3
0	-0.630413649809219	0.61	0.739	0	3	IL2RB
0	-0.633186475695457	0.765	0.888	0	3	VDAC1
0	-0.635919175258548	0.999	0.999	0	3	TMSB4X
0	-0.648278893469807	0.713	0.785	0	3	FABP5
0	-0.66153394264927	0.85	0.905	0	3	ENTPD1
0	-0.670052347167082	0.556	0.71	0	3	LYST
0	-0.670355294513891	0.601	0.74	0	3	RAB27A
0	-0.670679857541719	0.548	0.707	0	3	RUNX3
0	-0.67787853058045	0.696	0.809	0	3	ITGAE
0	-0.684459553710861	0.523	0.703	0	3	LOC101928173
0	-0.690587798337292	0.765	0.843	0	3	ANXA5
0	-0.692464016008369	0.47	0.708	0	3	ABI3
0	-0.693776670047786	0.649	0.849	0	3	ACP5
0	-0.695326752266272	0.812	0.917	0	3	COX5A
0	-0.695697601585374	0.795	0.906	0	3	PMAIP1
0	-0.697565159898944	0.806	0.877	0	3	TXN
0	-0.70726154187959	0.68	0.799	0	3	CD97
0	-0.708127227092216	0.965	0.981	0	3	SH3BGRL3
0	-0.709439721219253	0.738	0.832	0	3	LGALS3
0	-0.715076917195446	0.74	0.846	0	3	CARD16
0	-0.71817383864099	0.637	0.799	0	3	CDK2AP2
0	-0.730757236444288	0.701	0.791	0	3	TNFRSF1B
0	-0.734987712098597	0.93	0.965	0	3	CORO1A
0	-0.736974631394163	0.631	0.819	0	3	RBPJ
0	-0.748816417351554	0.835	0.91	0	3	PGAM1
0	-0.768212564793725	0.823	0.895	0	3	HERPUD1
0	-0.773843948757537	0.761	0.861	0	3	SH2D2A
0	-0.774061455948372	0.726	0.835	0	3	PDCD1
0	-0.780900146160634	0.68	0.885	0	3	SIRPG
0	-0.781195669113586	0.872	0.933	0	3	MT2A
0	-0.784523665093444	0.704	0.866	0	3	CALM3
0	-0.799318756565348	0.567	0.776	0	3	CXCR3
0	-0.815135981995864	0.607	0.737	0	3	C12orf75
0	-0.815146451543823	0.944	0.971	0	3	UBC
0	-0.821418570779463	0.532	0.708	0	3	KLRC2
0	-0.831990580519148	0.833	0.911	0	3	LY6E
0	-0.84989612144342	0.762	0.857	0	3	ANXA2
0	-0.853723401214172	0.756	0.883	0	3	BST2
0	-0.854099095017954	0.938	0.967	0	3	S100A4
0	-0.864194212600688	0.731	0.898	0	3	POMP
0	-0.867305915385788	0.834	0.933	0	3	PSME2
0	-0.869901027057077	0.966	0.984	0	3	CFL1
0	-0.876203569398589	0.881	0.942	0	3	CRIP1
0	-0.879660092890898	0.753	0.899	0	3	FKBP1A
0	-0.885148911915328	0.586	0.754	0	3	MIR4435-1HG
0	-0.890167350382913	0.994	0.995	0	3	GAPDH
0	-0.902107531069891	0.88	0.941	0	3	TPI1
0	-0.904173459774349	0.777	0.893	0	3	DBI
0	-0.904364796794667	0.352	0.704	0	3	CMC1
0	-0.914655916703908	0.481	0.648	0	3	AOAH
0	-0.920938264962032	0.797	0.862	0	3	ALOX5AP
0	-0.921094370431481	0.973	0.986	0	3	PFN1
0	-0.928227261351804	0.998	0.998	0	3	ACTB
0	-0.942914336394676	0.636	0.762	0	3	CD63
0	-0.950739345659696	0.733	0.868	0	3	GSTP1
0	-0.983630961175108	0.962	0.978	0	3	IL32
0	-0.992297870708709	0.739	0.818	0	3	LOC100996809
0	-1.00051487685716	0.568	0.82	0	3	CXCR6
0	-1.00295574861382	0.673	0.903	0	3	CTLA4
0	-1.01448945984683	0.784	0.926	0	3	UCP2
0	-1.0747096341758	0.607	0.82	0	3	HLA-DRB4
0	-1.07820101134322	0.957	0.985	0	3	MYL6
0	-1.09001745862849	0.753	0.797	0	3	LINC00152
0	-1.10362245374431	0.976	0.993	0	3	SRGN
0	-1.11689798747669	0.764	0.878	0	3	TIGIT
0	-1.12552245461977	0.737	0.886	0	3	CTSD
0	-1.12897860581915	0.73	0.862	0	3	CLEC2B
0	-1.1316354775576	0.742	0.865	0	3	CTSC
0	-1.13580185862226	0.862	0.94	0	3	LSP1
0	-1.15051012306824	0.347	0.609	0	3	XCL1
0	-1.15977570023637	0.574	0.794	0	3	APOBEC3G
0	-1.19176528768832	0.889	0.949	0	3	CD7
0	-1.26202708743	0.447	0.767	0	3	LAG3
0	-1.31948800910668	0.542	0.824	0	3	DUSP4
0	-1.37788096110037	0.629	0.798	0	3	LGALS1
0	-1.48849048920306	0.822	0.949	0	3	RGS1
0	-1.51357783587381	0.478	0.674	0	3	IFNG
0	-1.5140382442869	0.656	0.734	0	3	CD8A
0	-1.56583684588448	0.951	0.984	0	3	CD74
0	-1.57889748247507	0.703	0.807	0	3	CTSW
0	-1.61560028930143	0.519	0.746	0	3	GZMK
0	-1.63594234152753	0.39	0.633	0	3	CCL3
0	-1.91976422371395	0.528	0.806	0	3	PRF1
0	-2.04300052284637	0.267	0.68	0	3	GZMH
0	-2.21983546047562	0.359	0.661	0	3	GNLY
0	-2.38165493461148	0.649	0.893	0	3	CST7
0	-2.65444098266205	0.58	0.736	0	3	CXCL13
0	-2.71845326558506	0.565	0.835	0	3	GZMA
0	-2.83197533583429	0.456	0.774	0	3	GZMB
0	-3.08331346729236	0.534	0.851	0	3	CCL5
0	-3.34356176178617	0.375	0.717	0	3	CCL4
0	-3.39390575734186	0.555	0.812	0	3	NKG7
3.85151344634795e-306	-0.510674182273847	0.51	0.663	1.15545403390438e-302	3	MAP3K8
3.82561364778051e-304	-0.658661925565286	0.698	0.831	1.14768409433415e-300	3	HMGB2
1.43640987157759e-302	-0.416353825202082	0.676	0.801	4.30922961473276e-299	3	GBP2
2.27796340260937e-302	0.419581623563	0.862	0.77	6.8338902078281e-299	3	BIRC3
7.7527395815364e-302	0.438360756278716	0.995	0.983	2.32582187446092e-298	3	JUNB
1.10501222424588e-300	0.406692206253066	0.902	0.785	3.31503667273764e-297	3	TOB1
7.93551926228084e-299	-0.647412211034232	0.803	0.881	2.38065577868425e-295	3	YWHAQ
3.14683132522554e-298	-1.15183069296503	0.409	0.604	9.44049397567663e-295	3	KLRD1
9.97333324562282e-297	0.287928082763325	0.638	0.474	2.99199997368685e-293	3	ANK3
1.68745303942175e-296	-0.664765806553441	0.908	0.944	5.06235911826524e-293	3	S100A6
2.70399795174304e-292	-0.556423018958835	0.504	0.639	8.11199385522911e-289	3	KLRC3
3.34605387910786e-292	-0.926616452588867	0.425	0.604	1.00381616373236e-288	3	KLRC1
6.69940717302371e-291	0.290542629188576	0.777	0.779	2.00982215190711e-287	3	LOC102724246
8.90770950349009e-291	-0.60876750775519	0.705	0.818	2.67231285104703e-287	3	ISG15
2.38937283149532e-290	-0.396907099443641	0.75	0.835	7.16811849448596e-287	3	KDELR2
1.38377423576217e-289	-0.944380322739182	0.728	0.835	4.15132270728652e-286	3	CLDND1
3.37968317816945e-288	-0.456018100104294	0.674	0.792	1.01390495345083e-284	3	PHPT1
9.14204259027883e-284	-0.633755981424001	0.866	0.92	2.74261277708365e-280	3	GNG5
2.15921613889733e-282	0.452210031762517	0.755	0.678	6.477648416692e-279	3	SESN3
1.47854025063785e-281	-0.566504728034403	0.735	0.844	4.43562075191355e-278	3	PRDX5
3.44617265681757e-281	-0.782351169055583	0.596	0.72	1.03385179704527e-277	3	CKLF
5.06241052198206e-278	-0.576812821352816	0.412	0.626	1.51872315659462e-274	3	TPST2
2.93261922861402e-277	-0.455785026520747	0.793	0.878	8.79785768584205e-274	3	TALDO1
6.4133142671418e-277	-0.379890318951597	0.695	0.804	1.92399428014254e-273	3	PSMA4
1.54633230712709e-275	-0.667863570288379	0.88	0.932	4.63899692138128e-272	3	ATP5G3
9.85830335571368e-275	-0.566268454857271	0.719	0.832	2.9574910067141e-271	3	ARL6IP1
1.30540629626411e-274	0.354144860166182	0.708	0.625	3.91621888879234e-271	3	LOC100996286
1.73706846861663e-269	0.306759130391733	0.768	0.783	5.21120540584988e-266	3	FAAH2
7.85312652831313e-269	0.356669699946937	0.691	0.605	2.35593795849394e-265	3	TAF4B
9.459327028556e-267	-0.609027552670173	0.752	0.874	2.8377981085668e-263	3	FOXP3
2.74243871383808e-266	-0.888131624740445	0.744	0.851	8.22731614151425e-263	3	HSPA1A
2.4836782159563e-261	-0.38211122479743	0.689	0.803	7.4510346478689e-258	3	PRDX3
7.34961571971291e-260	-0.37482819337412	0.755	0.854	2.20488471591387e-256	3	CD82
1.32407056177719e-257	-0.374003302681576	0.999	0.999	3.97221168533157e-254	3	COX1
3.06596187022419e-257	-0.37143527582053	0.747	0.812	9.19788561067258e-254	3	ATP6V0D1
7.40847959970875e-257	-0.409821516525115	0.645	0.753	2.22254387991262e-253	3	VASP
5.02533489023896e-255	-0.282553730636106	0.719	0.777	1.50760046707169e-251	3	PLSCR1
1.9027228594861e-254	-0.372283457313472	0.723	0.807	5.70816857845829e-251	3	ATOX1
2.02763247241752e-253	-0.477181384552093	0.989	0.989	6.08289741725256e-250	3	ACTG1
9.4334186562287e-251	-0.675232579911699	0.722	0.79	2.83002559686861e-247	3	ID2
6.68978786351765e-250	0.347208307186136	0.823	0.743	2.00693635905529e-246	3	PTGER2
2.83327930862742e-249	-0.328877363513642	0.673	0.772	8.49983792588225e-246	3	MX1
9.20623112552462e-249	-0.64457072165733	0.743	0.809	2.76186933765739e-245	3	ATF3
1.11743214820445e-247	-0.666456146886649	0.927	0.954	3.35229644461336e-244	3	ARPC1B
1.80186191086375e-247	-0.546417066297254	0.741	0.84	5.40558573259124e-244	3	RPS27L
1.67971493669723e-244	-0.658417774264127	0.801	0.876	5.03914481009168e-241	3	PKM
9.76604717217684e-244	-0.557713889753004	0.674	0.765	2.92981415165305e-240	3	STMN1
5.91171993635305e-243	0.36597042339639	0.674	0.559	1.77351598090592e-239	3	FXYD1
7.69538308844028e-242	-0.435564721192512	0.563	0.667	2.30861492653209e-238	3	HLA-DQB1
3.39911964561544e-240	-0.313941618775272	0.694	0.824	1.01973589368463e-236	3	SNRPE
5.72736504174584e-235	-0.658026798213056	0.604	0.695	1.71820951252375e-231	3	PTPN22
2.57244686006136e-233	-0.27994542236583	0.697	0.775	7.71734058018408e-230	3	XAF1
8.05094926242479e-232	-0.29627190437099	0.818	0.74	2.41528477872744e-228	3	LOC100293211
2.79443757706931e-231	0.461253790071949	0.79	0.732	8.38331273120794e-228	3	ICAM2
2.42020756597127e-230	-0.600016735631012	0.875	0.927	7.26062269791381e-227	3	ENO1
6.45557879984411e-227	-0.53746677863596	0.739	0.849	1.93667363995323e-223	3	CSTB
3.16501685947873e-224	-0.397117062346178	0.714	0.803	9.4950505784362e-221	3	PYCARD
6.31731308516207e-223	-0.496722942909294	0.784	0.865	1.89519392554862e-219	3	ATP6V1F
7.79169329790301e-222	-0.627624710982555	0.865	0.926	2.3375079893709e-218	3	GABARAP
3.13212779730638e-221	-0.445009760019492	0.534	0.635	9.39638339191915e-218	3	PLA2G16
3.55283120112791e-221	-0.276224328538511	0.571	0.665	1.06584936033837e-217	3	MPST
6.24555614541941e-219	-0.39319510441878	0.558	0.689	1.87366684362582e-215	3	SRRT
9.80247281431102e-219	-0.579003272492452	0.811	0.862	2.94074184429331e-215	3	DYNLL1
3.78702556209035e-217	-0.530630313133636	0.662	0.775	1.13610766862711e-213	3	IGFLR1
1.12078005709032e-215	-0.302853277874499	0.786	0.894	3.36234017127095e-212	3	RTKN2
3.96630738278672e-214	0.548844250092591	0.694	0.597	1.18989221483602e-210	3	PRKCQ-AS1
6.45269311932814e-211	-0.580938741707661	0.597	0.705	1.93580793579844e-207	3	RHOB
6.3326489299263e-209	0.405643622127943	0.887	0.835	1.89979467897789e-205	3	RNASET2
1.62717737898427e-207	-0.555510351406625	0.724	0.825	4.88153213695283e-204	3	ITM2A
4.43596185043502e-207	-0.519791022239715	0.756	0.849	1.33078855513051e-203	3	HSPA5
8.28914551879438e-206	0.485436305876167	0.69	0.564	2.48674365563831e-202	3	CD40LG
5.33040356729382e-203	0.471475451071727	0.886	0.808	1.59912107018815e-199	3	GADD45B
6.50480872427343e-203	-0.280799411238814	0.466	0.619	1.95144261728203e-199	3	PLEK
5.36523495704847e-199	-0.498052532518914	0.661	0.772	1.60957048711454e-195	3	RGS2
1.35808472192486e-198	-0.571103110301367	0.837	0.899	4.07425416577459e-195	3	PRDX1
7.09435458912067e-197	-0.468607446389959	0.779	0.874	2.1283063767362e-193	3	HSP90B1
4.63803019633035e-194	-0.508760732687306	0.703	0.77	1.3914090588991e-190	3	GBP5
5.64568951926386e-194	-0.407889300413727	0.746	0.84	1.69370685577916e-190	3	MTHFD2
1.16448630535544e-193	-0.480947385412165	0.981	0.986	3.49345891606631e-190	3	PPIA
1.04785581390554e-192	-0.290323020041402	0.545	0.671	3.14356744171663e-189	3	LOC101927902
4.86220900366802e-192	0.410280190603226	0.782	0.717	1.45866270110041e-188	3	SOCS3
8.01996407354734e-192	-0.569594511971905	0.532	0.641	2.4059892220642e-188	3	ITM2C
1.11187033562225e-191	-0.269111555027088	0.724	0.804	3.33561100686674e-188	3	LDLRAD4
1.8088173860866e-191	-0.290425725222233	0.65	0.766	5.42645215825979e-188	3	PDE4D
1.85319635960728e-191	0.288178739143077	0.751	0.63	5.55958907882185e-188	3	ILF3-AS1
4.38192915119144e-191	-0.337067976833655	0.645	0.76	1.31457874535743e-187	3	HNRNPLL
7.07146250103301e-190	-0.786241215427986	0.57	0.662	2.1214387503099e-186	3	HOPX
1.26173182544294e-187	-0.399898401632596	0.755	0.846	3.78519547632883e-184	3	CACYBP
2.66565938515565e-186	-0.289212637549999	0.405	0.584	7.99697815546694e-183	3	FASLG
1.4254619797375e-185	-0.307928405093584	0.551	0.679	4.27638593921251e-182	3	MT1F
2.82271543961246e-185	-0.547404081800615	0.849	0.893	8.46814631883739e-182	3	CALR
5.90799689340536e-184	-0.474725077084494	0.705	0.767	1.77239906802161e-180	3	IDH2
1.15186192431761e-183	-0.407108456568908	0.762	0.821	3.45558577295282e-180	3	CKS2
9.58521632101775e-181	-0.260031776680075	0.579	0.696	2.87556489630532e-177	3	CDK6
1.11284515716554e-179	-0.267442133653884	0.65	0.729	3.33853547149662e-176	3	GALNT2
1.2179792744557e-179	-0.509228406509695	0.67	0.752	3.65393782336709e-176	3	SH2D1A
2.77623939271105e-177	-0.478986130446439	0.745	0.851	8.32871817813315e-174	3	GPX1
1.16974801190893e-174	-0.707429003219734	0.719	0.81	3.50924403572679e-171	3	BATF
1.47437167807315e-173	0.315601039037381	0.99	0.978	4.42311503421944e-170	3	FOS
1.53291416009512e-173	0.434501263265064	0.708	0.677	4.59874248028535e-170	3	MYC
5.71714996474673e-170	-0.366417709620606	0.745	0.837	1.71514498942402e-166	3	VAMP5
4.04293524397297e-169	-0.884332331261259	0.606	0.679	1.21288057319189e-165	3	LOC101929531
4.18073596030276e-167	-0.534791591618047	0.886	0.916	1.25422078809083e-163	3	CALM2
4.75385599211798e-166	-0.470740084733516	0.65	0.724	1.4261567976354e-162	3	GLIPR2
6.31437494265068e-164	-0.520926015000459	0.741	0.815	1.89431248279521e-160	3	ITGB2
3.4651502243637e-163	-0.505128539714736	0.79	0.859	1.03954506730911e-159	3	ATP6V0C
1.30968784766589e-162	-0.343880726664119	0.516	0.648	3.92906354299767e-159	3	CARHSP1
5.84776571081258e-161	0.401095166552634	0.74	0.706	1.75432971324377e-157	3	TESPA1
2.05023300055587e-159	-0.384508222982877	0.795	0.869	6.15069900166762e-156	3	SNRPG
4.70782332349294e-159	-0.33492629710997	0.788	0.845	1.41234699704788e-155	3	SEC11C
2.1279642433794e-158	-0.257801440175368	0.495	0.619	6.38389273013819e-155	3	SPON2
1.96840764691624e-156	-0.279005799565366	0.652	0.755	5.90522294074871e-153	3	H2AFY
3.14555899594783e-156	-0.470448772628132	0.944	0.97	9.4366769878435e-153	3	HSP90AA1
2.37165310709751e-154	-0.430038217523655	0.607	0.719	7.11495932129254e-151	3	FLNA
3.03611571407683e-153	-0.438683889497505	0.788	0.83	9.1083471422305e-150	3	IFI6
3.77428744145846e-153	-0.350327357512601	0.688	0.784	1.13228623243754e-149	3	LRRFIP1
1.63137798410963e-150	0.353801279784541	0.704	0.681	4.8941339523289e-147	3	SERINC5
1.07275098597409e-149	-0.48511801247477	0.569	0.659	3.21825295792226e-146	3	GABARAPL1
2.55557155044878e-149	-0.684687000386447	0.797	0.842	7.66671465134634e-146	3	TNFRSF18
2.58803340392996e-146	-0.302770027417846	0.802	0.888	7.76410021178988e-143	3	ARID5B
4.66644883565755e-145	-0.460372579923784	0.805	0.877	1.39993465069727e-141	3	PRDM1
8.82483908386689e-145	-0.394182638064491	0.577	0.705	2.64745172516007e-141	3	MT1X
8.97691469868735e-143	-0.346394633211557	0.472	0.584	2.69307440960621e-139	3	CRTAM
5.80120862621428e-140	0.255004868596984	0.672	0.557	1.74036258786428e-136	3	RAPGEF6
1.34916600335162e-139	-0.337766529677989	0.677	0.738	4.04749801005485e-136	3	IFI35
3.29071776497817e-139	-0.259008102014964	0.724	0.813	9.87215329493452e-136	3	DECR1
1.58844996208164e-138	-0.449578901422634	0.939	0.957	4.76534988624492e-135	3	HMGB1
3.34351189772018e-137	-0.426936323860972	0.616	0.718	1.00305356931606e-133	3	LYAR
1.25150279709944e-136	0.307517326094794	0.762	0.734	3.75450839129833e-133	3	SATB1
1.78370087562618e-135	-0.376784034887599	0.735	0.748	5.35110262687855e-132	3	NMB
1.86312998690771e-132	-0.486551743889785	0.646	0.716	5.58938996072312e-129	3	AMICA1
3.08512338537917e-130	-0.363423625512386	0.74	0.803	9.25537015613751e-127	3	BANF1
3.99617400482572e-128	-0.397447768863856	0.744	0.831	1.19885220144772e-124	3	CYCS
3.26895165449176e-125	-0.347790324646248	0.626	0.719	9.80685496347528e-122	3	H2AFV
3.39169718951265e-125	-0.90098547994185	0.739	0.748	1.0175091568538e-121	3	CD8B
4.70977209233452e-125	-0.273716723135964	0.731	0.804	1.41293162770036e-121	3	GSTO1
5.69847543146974e-125	-0.253458060892666	0.74	0.834	1.70954262944092e-121	3	TPR
4.36443158036709e-124	-0.673980369118643	0.586	0.67	1.30932947411013e-120	3	PHLDA1
3.70716402306456e-123	-0.335009490285599	0.996	0.995	1.11214920691937e-119	3	TMSB10
2.04138399754015e-122	-0.453017967565176	0.926	0.947	6.12415199262045e-119	3	LDHA
4.42073219585239e-120	-0.277108868727827	0.999	0.999	1.32621965875572e-116	3	COX2
2.20844031076438e-119	-0.350048387123861	0.369	0.554	6.62532093229315e-116	3	FGFBP2
2.65591061558785e-119	-0.356786440257657	0.642	0.745	7.96773184676355e-116	3	NR3C1
9.46264924687936e-116	-0.522153729389148	0.806	0.891	2.83879477406381e-112	3	CD27
2.75984516843067e-114	0.284528152992657	0.613	0.525	8.27953550529201e-111	3	C1orf162
6.82113196041277e-113	-0.340490931231626	0.761	0.835	2.04633958812383e-109	3	SQSTM1
1.07433969947776e-112	-0.410223351152982	0.932	0.946	3.22301909843328e-109	3	SUB1
7.33851943732566e-111	-0.389960264471175	0.791	0.858	2.2015558311977e-107	3	CORO1B
1.05947130469494e-110	-0.439586898560038	0.559	0.637	3.17841391408483e-107	3	PELO
3.8432106502102e-110	0.265603936047934	0.663	0.631	1.15296319506306e-106	3	BEX2
6.38080752371617e-109	-0.314131700795033	0.606	0.671	1.91424225711485e-105	3	STARD3NL
1.04290585637896e-108	-0.254505899376389	0.752	0.818	3.12871756913688e-105	3	HM13
1.17383146216314e-108	-0.289389252171929	0.441	0.582	3.52149438648942e-105	3	BMS1P20
1.62386542212982e-108	-0.305641675712436	0.676	0.725	4.87159626638946e-105	3	VIMP
2.07442167690538e-108	-0.335207445917534	0.656	0.754	6.22326503071615e-105	3	HMGN3
3.90988691811017e-107	-0.359837210444002	0.713	0.779	1.17296607543305e-103	3	ATP6V0B
4.44619593632275e-106	-0.31812700022865	0.993	0.993	1.33385878089683e-102	3	PTMA
6.29759955199696e-106	-0.39409099918013	0.531	0.615	1.88927986559909e-102	3	HLA-DRB1
1.17781062562499e-105	-0.421981230600942	0.833	0.878	3.53343187687498e-102	3	DNAJA1
8.89204007423871e-105	-0.539694756952184	0.514	0.612	2.66761202227161e-101	3	ANKRD28
2.33470889108097e-104	-1.09442986773299	0.564	0.628	7.0041266732429e-101	3	LOC101060038
2.88302904973185e-103	-0.359705523210883	0.749	0.824	8.64908714919554e-100	3	SYNGR2
8.12110873128595e-103	-0.256142556512367	0.68	0.723	2.43633261938579e-99	3	KPNA2
5.03687259959765e-102	-0.279440817142983	0.532	0.608	1.5110617798793e-98	3	SLC1A5
6.90210145222524e-102	-0.274964698959744	0.692	0.765	2.07063043566757e-98	3	CMTM6
9.93410831027276e-102	-0.351347975932094	0.403	0.57	2.98023249308183e-98	3	SPRY1
4.8176798216334e-97	-0.300415052968102	0.709	0.77	1.44530394649002e-93	3	RPA3
7.13291702688663e-97	-0.40554866421686	0.928	0.941	2.13987510806599e-93	3	IFITM2
1.63089834815075e-96	0.423418369905567	0.674	0.625	4.89269504445226e-93	3	LINC00861
2.33881241269562e-96	0.304539927920547	0.795	0.869	7.01643723808685e-93	3	TXK
2.47103772848784e-96	-0.445128434840014	0.669	0.726	7.41311318546352e-93	3	BAX
4.11362110684144e-96	0.366295791155054	0.758	0.722	1.23408633205243e-92	3	FAM65B
1.0863388147241e-95	-0.338901327289399	0.958	0.969	3.25901644417231e-92	3	MIF
9.45046226021557e-95	-0.274430149330498	0.732	0.77	2.83513867806467e-91	3	SDF2L1
1.53717385786129e-93	-0.278576368356769	0.704	0.738	4.61152157358386e-90	3	PDCL3
4.89008176784218e-92	-0.264381326179046	0.621	0.69	1.46702453035265e-88	3	TXNDC17
2.09467346401477e-91	-0.449514359664182	0.801	0.854	6.28402039204432e-88	3	HMGN2
1.61324244365546e-90	-0.257580249771545	0.979	0.983	4.83972733096639e-87	3	HSPA8
4.7170503186519e-90	-0.346099529800463	0.86	0.876	1.41511509559557e-86	3	EZR
5.64275822598578e-89	-0.279284729869526	0.66	0.688	1.69282746779573e-85	3	SYTL2
1.07635819344516e-87	-0.518058157506791	0.81	0.857	3.22907458033548e-84	3	HSPA1B
2.16937432580216e-87	0.294115544762633	0.842	0.804	6.50812297740648e-84	3	C10orf54
1.22134655785644e-86	-0.320445329702436	0.57	0.658	3.66403967356932e-83	3	MYADM
1.18628421934713e-85	-0.253242180637315	0.643	0.686	3.55885265804138e-82	3	PERP
2.71011100698486e-84	-0.315686288074522	0.716	0.789	8.13033302095459e-81	3	SNX3
4.24221400708246e-84	-0.292963077999919	0.742	0.792	1.27266420212474e-80	3	CREM
1.59192514989859e-82	-0.269478343347331	0.533	0.612	4.77577544969577e-79	3	NEDD9
2.52227152489738e-82	0.315171883945691	0.762	0.78	7.56681457469214e-79	3	AQP3
1.59910609927502e-79	-0.375144630457716	0.787	0.818	4.79731829782505e-76	3	SLA
6.21189134613867e-76	-0.540518456523784	0.507	0.568	1.8635674038416e-72	3	MATK
2.03605236331701e-75	-0.254831957059498	0.678	0.746	6.10815708995104e-72	3	TMEM2
1.31824174927876e-74	-0.360083385071061	0.659	0.673	3.95472524783629e-71	3	AGTRAP
1.44944959084505e-73	-0.317982394961714	0.747	0.83	4.34834877253514e-70	3	PIM2
2.44092195371561e-73	0.288426857948717	0.988	0.971	7.32276586114683e-70	3	NFKBIA
2.36515073401649e-72	-0.307219330129744	0.916	0.947	7.09545220204948e-69	3	RAN
1.3008107368462e-70	-0.422586506082382	0.828	0.872	3.9024322105386e-67	3	LITAF
1.45546761692131e-70	-0.361542567583197	0.31	0.51	4.36640285076392e-67	3	GPR56
6.19508095714948e-70	-0.287849367078011	0.472	0.562	1.85852428714484e-66	3	HLA-DRB3
3.18983931297282e-69	-0.433219327301764	0.651	0.653	9.56951793891845e-66	3	KLRC4
1.36099739088599e-65	-0.27059094108669	0.664	0.701	4.08299217265798e-62	3	CCND2
1.23142004748567e-64	-0.377898627897736	0.947	0.965	3.69426014245701e-61	3	HSP90AB1
2.65833140607012e-64	0.371678880357176	0.688	0.686	7.97499421821036e-61	3	LPAR6
1.56425036352682e-63	-0.254025257372529	0.649	0.71	4.69275109058047e-60	3	TGIF1
8.72419017234368e-63	-0.485727709463446	0.925	0.931	2.6172570517031e-59	3	S100A11
5.61929708197458e-62	-0.959464141207376	0.433	0.533	1.68578912459237e-58	3	XCL2
1.09416391789266e-61	-0.30061194107277	0.957	0.962	3.28249175367798e-58	3	KLF6
8.26042101816829e-61	-0.385765913380335	0.738	0.77	2.47812630545049e-57	3	MAGEH1
4.04788947386777e-59	-0.297252376659379	0.484	0.597	1.21436684216033e-55	3	TYROBP
4.83250670095822e-59	-0.584171170117544	0.508	0.551	1.44975201028747e-55	3	KLRK1
5.51867387636745e-59	-0.296468174915422	0.719	0.753	1.65560216291024e-55	3	PTPN6
6.09948765577782e-59	-0.256012544721707	0.748	0.792	1.82984629673335e-55	3	RTN4
1.23040277279498e-58	-0.299665802654341	0.727	0.755	3.69120831838495e-55	3	G3BP2
1.80868616417266e-57	-0.276515984653486	0.355	0.494	5.42605849251798e-54	3	TARP
2.45430913682721e-57	0.275972945616145	0.805	0.783	7.36292741048163e-54	3	SLC2A3
5.1153839898601e-57	-0.353844126388713	0.693	0.742	1.53461519695803e-53	3	MGST3
1.35822725033353e-56	-0.292985015520376	0.658	0.658	4.0746817510006e-53	3	NCR3
2.95921599274031e-56	-0.264284566425536	0.608	0.67	8.87764797822092e-53	3	DUSP2
1.02645970086135e-53	-0.275762605763493	0.693	0.76	3.07937910258404e-50	3	IRF1
5.3679345085261e-53	-0.319673099340725	0.881	0.908	1.61038035255783e-49	3	SAT1
2.91229015170635e-52	0.281900256881741	0.74	0.76	8.73687045511904e-49	3	THEM4
2.74318771264516e-51	-0.28018872202003	0.792	0.812	8.22956313793549e-48	3	GCHFR
3.13486782648948e-51	0.259587516859168	0.974	0.964	9.40460347946844e-48	3	CD69
4.96130144171397e-51	-0.453797565420657	0.469	0.551	1.48839043251419e-47	3	ZEB2
3.49285796218185e-49	-0.293299046817875	0.582	0.651	1.04785738865455e-45	3	MAPRE2
2.62617770442331e-48	-0.324142637600281	0.919	0.926	7.87853311326994e-45	3	TAGLN2
4.28540165071417e-48	-0.338712362959998	0.633	0.614	1.28562049521425e-44	3	OASL
2.95871165258183e-47	-0.423886760950901	0.809	0.828	8.8761349577455e-44	3	H2AFZ
2.08739101569521e-45	-0.283575934893729	0.561	0.637	6.26217304708562e-42	3	JUND
1.37224560991576e-43	-0.298814768504005	0.573	0.468	4.11673682974729e-40	3	LOC100996919
1.41106425627138e-43	-0.269373898199861	0.96	0.962	4.23319276881413e-40	3	CXCR4
1.55368771830828e-41	-0.350641297828426	0.788	0.829	4.66106315492483e-38	3	TUBA1B
3.45127070044261e-41	-0.251599592579491	0.719	0.757	1.03538121013278e-37	3	RANBP1
1.58848379967811e-40	-0.325599871732461	0.999	1	4.76545139903432e-37	3	RNR1
6.70876675738785e-39	-0.281648876026872	0.847	0.874	2.01263002721636e-35	3	ZFP36L1
1.23446738257206e-38	-0.286027863929841	0.834	0.874	3.70340214771619e-35	3	TUBB
1.70419377910518e-36	-0.64391634047032	0.334	0.473	5.11258133731554e-33	3	ZNF683
2.62812407266664e-36	-0.361992397410977	0.628	0.656	7.88437221799991e-33	3	CAPG
1.4208366363017e-34	-0.254489918304115	0.633	0.686	4.26250990890511e-31	3	AHNAK
3.406264462795e-31	-0.261123713652097	0.921	0.928	1.0218793388385e-27	3	SLC25A5
6.56392552216315e-31	-0.287890298575768	0.845	0.857	1.96917765664894e-27	3	TSPO
1.17710112109805e-27	-0.277222556010968	0.821	0.839	3.53130336329415e-24	3	TUBA4A
3.76417455266955e-24	-0.312010323121588	0.31	0.439	1.12925236580087e-20	3	FCGR3A
5.08231873854425e-12	-0.43779149631627	0.81	0.829	1.52469562156327e-08	3	TNFRSF4
1.1425705841003e-11	-0.9267924760609	0.33	0.466	3.4277117523009e-08	3	CCL4L2
2.49667320313969e-10	-0.429588542533016	0.654	0.62	7.49001960941907e-07	3	GLUL
8.34901145874163e-09	-0.363879688440403	0.67	0.651	2.50470343762249e-05	3	KLRG1
4.76441171108739e-08	-0.84662385204476	0.305	0.426	0.000142932351332622	3	CCL4L1
1.51260290824555e-05	-0.267127413026914	0.988	0.981	0.0453780872473666	3	VIM
