p_val	avg_log2FC	pct.1	pct.2	p_val_adj	cluster	gene
0	2.37411303878082	0.89	0.288	0	c19	GNLY
0	2.2986513819237	0.892	0.303	0	c19	GZMH
0	3.39418924382367	0.632	0.085	0	c19	FGFBP2
0	1.7953820411377	0.992	0.527	0	c19	NKG7
0	2.91209295430416	0.374	0.075	0	c19	S1PR5
7.47164873111901e-272	1.3181815602331	0.748	0.299	2.29581350561094e-267	c19	GZMB
2.07877872148691e-266	1.726561351033	0.773	0.375	6.38746337751284e-262	c19	PRF1
4.37548062486527e-264	1.19921197339599	0.957	0.616	1.34445393160235e-259	c19	CST7
3.89900383462837e-248	3.23435687103727	0.234	0.038	1.19804690826626e-243	c19	PRSS23
1.91496646231855e-218	0.686511684379091	1	0.996	5.88411744876621e-214	c19	COX2
8.36618664157524e-217	3.05017790865632	0.218	0.037	2.57067816935683e-212	c19	SPON2
7.71996744612372e-196	2.35932700053809	0.379	0.111	2.37211439717044e-191	c19	GPR56
1.04139057459912e-192	1.72764596200406	0.552	0.218	3.19988081857071e-188	c19	KLRG1
1.34537841156682e-184	0.359079515662943	1	0.999	4.13394424522135e-180	c19	B2M
2.40745901184091e-176	1.25477815259545	0.773	0.437	7.39739930568357e-172	c19	CTSW
1.92931187168251e-170	0.622782631783237	0.999	0.996	5.92819658811886e-166	c19	COX1
1.44406709753384e-161	3.16648435155526	0.135	0.019	4.43718497059224e-157	c19	PROK2
8.97179322902267e-160	2.40653065152057	0.279	0.073	2.7567629054818e-155	c19	FCRL6
1.74858418894656e-140	2.49355144668567	0.23	0.057	5.37287463737608e-136	c19	FCGR3A
4.26535159457615e-138	1.23263890177377	0.708	0.448	1.31061458446541e-133	c19	LITAF
4.2961438772867e-135	2.00887362358968	0.323	0.105	1.32007612917388e-130	c19	PLEK
2.21843657516279e-133	2.02753096633639	0.333	0.112	6.81659006450272e-129	c19	ZEB2
1.63217527202497e-130	3.2869859972202	0.13	0.021	5.01518495835113e-126	c19	SIGLEC17P
3.60732647392299e-126	2.95047420345026	0.148	0.028	1.10842320564232e-121	c19	CX3CR1
9.74030274777371e-126	0.410057587071216	0.999	0.998	2.99290282530843e-121	c19	HLA-C
8.69123939762495e-125	2.64242064073657	0.202	0.049	2.67055712970822e-120	c19	FGR
5.72371569562492e-113	2.22707618438399	0.241	0.072	1.75872612179467e-108	c19	C1orf21
8.76088523319696e-112	2.03011638965321	0.329	0.125	2.69195720560443e-107	c19	LPCAT1
1.38593102860613e-108	0.529326845508368	1	0.999	4.25855027159807e-104	c19	MALAT1
7.3324258281852e-105	1.48043905396665	0.556	0.321	2.25303448422647e-100	c19	FLNA
3.67116422352502e-101	2.84858045881953	0.118	0.022	1.12803863096253e-96	c19	ITGAM
1.98301180964458e-100	0.591641871250134	0.985	0.937	6.09320038749491e-96	c19	ND4L
6.27403331034752e-98	0.740694855483517	0.958	0.871	1.92782221527048e-93	c19	ND4
7.69430577900141e-95	1.20319387562342	0.604	0.376	2.36422933671376e-90	c19	GZMM
6.48286287144931e-93	0.579986239652044	0.982	0.954	1.99198927451023e-88	c19	ATP6
1.517316180139e-92	0.547398625835783	0.991	0.956	4.66225742671309e-88	c19	COX3
1.85860322171699e-92	2.25602295538604	0.175	0.047	5.71093011936978e-88	c19	KLRF1
6.88185367836981e-92	0.174181250207979	0.826	0.509	2.11458717975269e-87	c19	CCL4
1.26347446727597e-88	3.4652938103004	0.084	0.013	3.88227799559886e-84	c19	ASCL2
4.85963528895764e-83	1.15327336495599	0.535	0.308	1.49322013523802e-78	c19	LYAR
6.0503451526058e-83	1.7081545405909	0.324	0.141	1.85908955504118e-78	c19	PLAC8
3.74484107082518e-82	1.17481250433536	0.554	0.328	1.15067731583245e-77	c19	LINC00861
1.40995208720935e-81	1.75497242428089	0.258	0.096	4.33235977836816e-77	c19	MYBL1
6.50519810446483e-76	0.442228528807632	0.987	0.766	1.99885222155891e-71	c19	CCL5
6.82643675213385e-76	0.951509571573358	0.695	0.535	2.09755922082817e-71	c19	ITGB2
1.1467033671495e-73	1.61328812832755	0.329	0.154	3.52347543624027e-69	c19	S1PR1
1.35521664799079e-71	0.604068746857267	0.884	0.812	4.16417419428131e-67	c19	CYBA
2.13366467695392e-66	2.49650913525866	0.125	0.033	6.55611145287632e-62	c19	PATL2
2.13578834499637e-66	1.42654330815404	0.359	0.184	6.56263684767035e-62	c19	TBX21
2.30991523037352e-66	1.70337462636353	0.242	0.097	7.09767652836871e-62	c19	ADRB2
2.34172096686718e-65	1.14807227373556	0.484	0.288	7.19540601489278e-61	c19	C12orf75
2.40058662702565e-63	0.56965604551047	0.969	0.912	7.3762825288617e-59	c19	CYTB
3.6777128522361e-62	0.506938624483644	0.974	0.948	1.13005082810659e-57	c19	ATP8
8.27240313187523e-62	1.85376413463645	0.215	0.084	2.5418613103313e-57	c19	TGFBR3
7.57762104455419e-60	4.18579470347426	0.03	0.003	2.32837561836017e-55	c19	SLC1A7
2.80274037718332e-59	1.15410611167066	0.486	0.316	8.61198035697117e-55	c19	BIN2
1.51498415641148e-57	0.576114918664741	0.865	0.769	4.65509181740557e-53	c19	HCST
5.49780492940791e-57	0.428794376331025	0.998	0.99	1.68931052065917e-52	c19	ND3
6.65363378846456e-54	0.629824939006707	0.818	0.718	2.04446205418151e-49	c19	ND5
2.38978332568722e-53	1.22025661075076	0.352	0.191	7.34308722483912e-49	c19	SAMD3
7.99801239045814e-52	1.60478653203716	0.259	0.124	2.45754926721607e-47	c19	PXN
8.15343944592944e-51	1.50597470805846	0.265	0.129	2.50530733855074e-46	c19	KLF3
2.4645719166011e-50	0.630959555289172	0.876	0.783	7.5728901281402e-46	c19	CD52
2.81950535598037e-50	0.453808879019113	0.89	0.844	8.66349410732088e-46	c19	PPIA
1.76976411900286e-49	1.35300762455175	0.399	0.239	5.43795420846009e-45	c19	KLRD1
1.65797296609359e-48	2.38610421618378	0.104	0.03	5.09445353291577e-44	c19	GeneID:101927981
3.86696126915723e-47	1.71244401740189	0.189	0.079	1.18820118917394e-42	c19	CD300A
3.89518496386865e-47	3.06247634079413	0.062	0.013	1.19687348384792e-42	c19	LOC101060789
3.34180336864799e-46	2.62174436977262	0.084	0.022	1.02683592108447e-41	c19	LILRB1
1.1010167658094e-45	0.237227592755353	0.998	0.992	3.38309421630254e-41	c19	RPS3
3.56228396233255e-45	1.15521180048333	0.381	0.234	1.09458299310592e-40	c19	RASSF1
7.80806521312377e-45	1.62047295586485	0.232	0.111	2.39918419803654e-40	c19	EFHD2
7.90100986089863e-44	0.254500882078759	0.992	0.984	2.42774329995832e-39	c19	RPS14
1.63906397072011e-43	1.82842459899239	0.168	0.068	5.03635186283168e-39	c19	TSPAN32
1.04953579551547e-42	1.05110607941213	0.408	0.262	3.22490863888038e-38	c19	APMAP
2.66733321769983e-42	4.35882625429974	0.022	0.002	8.19591477802627e-38	c19	C1orf177
1.39577080973902e-41	3.46983083036021	0.033	0.004	4.28878496708508e-37	c19	NTN4
5.70753579384903e-41	0.950415861472207	0.509	0.368	1.75375452337599e-36	c19	ITGB1
2.55098733293525e-40	1.87590446243595	0.136	0.051	7.83841877791015e-36	c19	AGPAT4
3.73035785102293e-40	3.57027871864338	0.029	0.004	1.14622705688382e-35	c19	PTGDS
4.81707013662729e-40	0.208658499209365	0.672	0.48	1.48014114088147e-35	c19	GZMA
5.28778176572506e-40	1.32103606964375	0.237	0.117	1.62477670315434e-35	c19	PTGDR
2.07652397803987e-39	0.359450312111566	0.93	0.863	6.38053522732311e-35	c19	IFITM1
1.73411523473589e-38	0.432700358199833	0.832	0.746	5.32841588177296e-34	c19	CD99
8.75521051797054e-38	3.2405945645962	0.034	0.005	2.69021353585681e-33	c19	KIR3DX1
8.87515156832914e-37	0.232278485088535	0.987	0.98	2.7270678224005e-32	c19	RPL26
9.34562273388851e-37	0.734254971385792	0.569	0.449	2.87162949744192e-32	c19	AES
1.55620690790634e-36	0.229939699082077	0.997	0.987	4.78175696592382e-32	c19	TMSB10
3.88094589901547e-36	1.18348672156164	0.34	0.212	1.19249824639048e-31	c19	TPST2
4.52991196789044e-36	1.91318066619343	0.09	0.028	1.3919060503737e-31	c19	LAIR2
1.02197996955404e-35	2.3865388729959	0.079	0.023	3.14023785244869e-31	c19	OSBPL5
3.6488945384906e-35	1.2924482774609	0.281	0.163	1.12119582484201e-30	c19	SYNE1
5.06946261613156e-35	0.252982102460122	0.985	0.973	1.55769377805874e-30	c19	RPL3
7.4358477607437e-34	0.479773133305508	0.853	0.791	2.28481294144372e-29	c19	ND2
2.34179043280452e-33	0.465547350834947	0.551	0.38	7.19561946287846e-29	c19	KLF2
7.08964005938966e-33	2.9951552993256	0.04	0.008	2.17843370104866e-28	c19	ANKRD20A11P
4.62595464646993e-32	0.928380788605273	0.392	0.266	1.42141708422082e-27	c19	GPR65
8.42006598172851e-32	0.319626484975515	0.926	0.862	2.58723367420572e-27	c19	S100A4
1.13467356842198e-31	2.28629777969427	0.079	0.025	3.48651147369023e-27	c19	TTC16
1.22889189059687e-31	0.943231922330106	0.344	0.218	3.77601611223701e-27	c19	MATK
1.43284457105596e-31	1.3340030537028	0.258	0.15	4.40270151348365e-27	c19	CD320
2.38015652602885e-31	2.54520309399596	0.06	0.016	7.31350695752886e-27	c19	RAP1GAP2
2.67241582644212e-31	0.935751332224858	0.41	0.29	8.21153210990872e-27	c19	PTP4A2
1.725167873289e-30	0.412770507655066	0.866	0.856	5.30092332425511e-26	c19	RPS26
3.02140895168216e-30	2.08403018501647	0.082	0.027	9.28388328583377e-26	c19	PLEKHG3
3.97977590741066e-30	0.975435127092626	0.413	0.299	1.22286574307007e-25	c19	SYTL3
5.44319081628541e-30	3.51612320257173	0.023	0.003	1.67252924212002e-25	c19	LOC100653086
8.14124008024578e-30	2.3409556424436	0.083	0.028	2.50155883945712e-25	c19	COL6A2
9.3641418175513e-30	1.91611634577032	0.075	0.024	2.87731985627899e-25	c19	CST3
7.52586019954013e-29	0.699887579744019	0.421	0.285	2.3124710635127e-24	c19	HOPX
1.07626966032962e-28	0.467633214793396	0.706	0.607	3.30705378529483e-24	c19	EMP3
1.24615356864339e-28	0.981190826154835	0.334	0.219	3.82905607037056e-24	c19	PYHIN1
1.59874655270989e-28	1.96627991241776	0.094	0.035	4.91246853251167e-24	c19	GK5
2.96153783431111e-28	0.74712844891844	0.565	0.477	9.09991730348776e-24	c19	RAP1B
5.40122759283078e-28	2.8960431722851	0.027	0.004	1.65963520244911e-23	c19	KIF19
5.46817346358297e-28	1.07018942461619	0.294	0.185	1.68020566015514e-23	c19	CDC25B
6.66120433919363e-28	0.853836521013059	0.411	0.299	2.04678825730403e-23	c19	HMGN3
3.46282940172223e-27	0.208741614622837	0.96	0.926	1.06402359026719e-22	c19	FTL
5.51573932721502e-27	1.13945703200127	0.298	0.19	1.69482122307336e-22	c19	AOAH
1.68644793690165e-25	1.02463671651121	0.33	0.226	5.18194857571771e-21	c19	FAM65B
4.45840222408101e-25	1.3597873804444	0.189	0.104	1.36993325139337e-20	c19	UBE2F
8.15364180821745e-25	0.991647619993249	0.374	0.275	2.50536951841098e-20	c19	RNF166
1.20873521672141e-24	1.47936847318503	0.13	0.06	3.71408070041987e-20	c19	IL18RAP
2.17318904947215e-24	0.729067804615519	0.491	0.393	6.67755799231307e-20	c19	SH2D2A
2.61832118637496e-24	1.86443889901598	0.099	0.041	8.04531550937434e-20	c19	THEMIS2
2.7269595819275e-24	0.361838316904369	0.797	0.732	8.37912870738862e-20	c19	TXNIP
1.17460907594747e-23	1.71776350820005	0.077	0.028	3.60922130766378e-19	c19	IL5RA
1.38035321169787e-23	0.219300127758163	0.957	0.927	4.24141131358405e-19	c19	SH3BGRL3
1.93705352216409e-23	1.19579404259398	0.251	0.159	5.95198435755359e-19	c19	STK38
1.95579328908479e-23	0.451687275588256	0.464	0.337	6.00956603937083e-19	c19	LOC101929531
2.82755242907471e-23	3.11274392454489	0.025	0.005	8.68822034881787e-19	c19	CACNA2D2
8.97118975422262e-23	2.26322307942946	0.052	0.016	2.75657747577998e-18	c19	LOC102724230
3.72369177239206e-22	0.995890841140622	0.277	0.182	1.14417877090291e-17	c19	MRPL10
3.78540939937633e-22	1.19039713393186	0.186	0.104	1.16314274614637e-17	c19	TARP
6.53084680241782e-22	0.368249575408986	0.973	0.945	2.00673329697892e-17	c19	RNR1
1.02486158634175e-21	1.02873055593275	0.272	0.179	3.14909219635231e-17	c19	LINC00869
1.10229294246291e-21	0.406746749500703	0.787	0.73	3.38701552430579e-17	c19	IFITM2
4.07193526194313e-21	0.355412178666107	0.998	0.989	1.25118354793727e-16	c19	RNR2
4.35542678184108e-21	1.49309353714594	0.142	0.073	1.33829198725631e-16	c19	TTC38
4.49517390177285e-21	0.88377753868002	0.293	0.199	1.38123208479774e-16	c19	MYO1G
1.07550704364473e-20	0.81617180882975	0.436	0.352	3.30471049300718e-16	c19	ITGA4
1.97115935547431e-20	0.625541089228157	0.53	0.452	6.0567813515659e-16	c19	SUN2
3.97092270280069e-20	3.60471441488557	0.018	0.003	1.22014541888957e-15	c19	CXCR2
1.45228187480132e-19	1.50313958650646	0.101	0.046	4.46242651670202e-15	c19	TYROBP
3.02892896370217e-19	2.16875473731438	0.042	0.012	9.30699002676764e-15	c19	TMCC3
3.6816084767408e-19	2.79534538523121	0.021	0.004	1.13124783664814e-14	c19	EPB41L4A
4.13018097137516e-19	0.158507168347197	0.997	0.987	1.26908070707445e-14	c19	RPS4X
1.57518240454405e-18	0.183138567191149	0.976	0.968	4.84006297444251e-14	c19	RPL14
4.91029136921656e-18	1.58276745863432	0.102	0.049	1.50878522901917e-13	c19	C11orf21
5.07763805678149e-18	1.22308311210551	0.151	0.084	1.56020584570725e-13	c19	LOC100130872
6.21099764600337e-18	1.69551756012658	0.081	0.035	1.90845324668746e-13	c19	ENPP4
6.88687830095749e-18	1.69217434728921	0.093	0.043	2.11613109553521e-13	c19	CEP78
1.07527171437451e-17	1.92404024621744	0.06	0.023	3.30398739675857e-13	c19	VCL
1.2652592588593e-17	1.25019122020557	0.176	0.106	3.88776212469697e-13	c19	SH3BP5
1.52097774123771e-17	0.832997368505695	0.325	0.243	4.67350830550111e-13	c19	DSTN
1.81552771077151e-17	1.13906183944511	0.113	0.056	5.57857199688762e-13	c19	IGFBP3
1.93984245499449e-17	0.55920996126723	0.426	0.336	5.96055391146158e-13	c19	CTSC
1.25343136597383e-16	0.283526893895458	0.51	0.392	3.85141855822779e-12	c19	LGALS1
1.30229302958449e-16	2.94323961038731	0.018	0.003	4.00155579200426e-12	c19	RAMP1
2.07031799298704e-16	1.66597400867535	0.097	0.047	6.36146609705128e-12	c19	FGL2
2.25031580020875e-16	0.160263426263733	0.992	0.989	6.91454535930143e-12	c19	HLA-A
3.29261329405663e-16	0.499778709410101	0.551	0.49	1.01172128686478e-11	c19	CD53
3.58791258556157e-16	0.214218365047784	0.861	0.82	1.1024579001655e-11	c19	S100A6
3.98330767964685e-16	1.37094482942047	0.094	0.046	1.22395095072509e-11	c19	USP28
4.18999072344068e-16	1.70702241203192	0.075	0.033	1.28745844959162e-11	c19	GSAP
4.58670690670358e-16	0.179088638930471	0.966	0.962	1.40935743122281e-11	c19	RPL6
7.22289819933624e-16	1.00437047782	0.211	0.139	2.21937992971005e-11	c19	RAB9A
1.1194123329231e-15	0.267243990978063	0.86	0.838	3.4396182753728e-11	c19	MYL12A
1.19983996630195e-15	1.87286596177772	0.035	0.011	3.68674826445601e-11	c19	A2M-AS1
2.23760288220929e-15	0.672041837925628	0.395	0.318	6.8754823761645e-11	c19	CLEC2D
2.95465041299114e-15	1.6583945487646	0.054	0.021	9.07875432399789e-11	c19	LGR6
5.57528532190725e-15	1.01576825977997	0.202	0.133	1.71311792086244e-10	c19	P2RY8
6.26364387367228e-15	3.04336614534461	0.018	0.003	1.92462985306328e-10	c19	AGAP1
6.66824278520435e-15	3.19905390276224	0.013	0.002	2.04895096060974e-10	c19	GeneID:54094
7.11222598172737e-15	1.64093114890878	0.094	0.047	2.18537367740537e-10	c19	MTSS1
1.42556782618175e-14	0.145972587744628	0.977	0.978	4.38034225950867e-10	c19	RPS7
1.89689520290108e-14	0.151091813265813	0.979	0.978	5.82858988995414e-10	c19	RPS23
2.09791920188361e-14	0.303202572512946	0.865	0.836	6.44627633162776e-10	c19	ND1
2.37389664817873e-14	1.34210341654081	0.099	0.051	7.29427223085879e-10	c19	FCRL3
3.29263229258944e-14	0.155241637631836	0.977	0.976	1.01172712454396e-09	c19	RPL7A
5.12530649648169e-14	1.32528479624052	0.121	0.069	1.57485292717393e-09	c19	RCBTB2
5.30203105091817e-14	0.88203423895944	0.232	0.162	1.62915508101563e-09	c19	PTPN4
5.35148494997226e-14	1.47169561589625	0.077	0.036	1.64435078057798e-09	c19	PRR5L
5.44828398147307e-14	2.18358456084707	0.024	0.006	1.67409421898723e-09	c19	TKTL1
6.54795621614735e-14	1.60612026417707	0.062	0.027	2.0119905065356e-09	c19	CLCF1
9.08889510736082e-14	1.29764112894895	0.094	0.048	2.79274479963876e-09	c19	TMEM181
9.58274549735649e-14	2.82211644194953	0.018	0.004	2.94449020897273e-09	c19	CMKLR1
9.96188751932252e-14	0.607152833953932	0.421	0.355	3.06098917806223e-09	c19	CD47
1.75574120921034e-13	0.315694668782736	0.79	0.749	5.39486601354062e-09	c19	RPL21
2.51465337017389e-13	2.80577726167655	0.016	0.003	7.72677541053332e-09	c19	EFNA5
2.64031574778168e-13	0.32526401915959	0.689	0.648	8.11289819820878e-09	c19	LOC101929876
2.69962558217997e-13	0.121506506481776	0.99	0.99	8.29513952636439e-09	c19	RPS27A
3.43705702117249e-13	0.195738226211251	0.778	0.717	1.05610451089567e-08	c19	S100A10
4.14395433599115e-13	0.263723614163723	0.824	0.799	1.27331284882e-08	c19	PTPRC
5.10390180652039e-13	1.64017452151489	0.052	0.021	1.56827590808952e-08	c19	GPR114
5.57463058437219e-13	0.681337617568555	0.284	0.209	1.71291673966004e-08	c19	PTGER2
5.61815390886274e-13	1.23516887473361	0.128	0.075	1.72629015157625e-08	c19	NSG1
6.60159952391562e-13	2.25040060929509	0.031	0.01	2.02847348571355e-08	c19	LOC102725160
7.45571078284397e-13	0.427617111031325	0.525	0.456	2.29091625224447e-08	c19	CLEC2B
7.58532532190996e-13	3.05613829975934	0.01	0.001	2.33074291166327e-08	c19	TMEM255A
1.03133244262594e-12	0.909894027005399	0.196	0.133	3.16897519645674e-08	c19	MOB2
1.1286150687964e-12	2.41811209433981	0.011	0.002	3.46789552189069e-08	c19	ADAMTS1
1.31205856193658e-12	2.54817380913024	0.017	0.004	4.03156234326252e-08	c19	XPNPEP2
1.7252476910814e-12	0.384737381170673	0.595	0.55	5.30116858038583e-08	c19	PCED1B-AS1
1.74630438334222e-12	0.791410366484243	0.176	0.113	5.36586947869565e-08	c19	EOMES
1.88937307357054e-12	0.80316544534832	0.315	0.253	5.8054766431602e-08	c19	CYTH1
3.75234090352686e-12	1.9170569196926	0.043	0.017	1.1529817894267e-07	c19	PDGFD
4.41355346969284e-12	1.25298629080167	0.105	0.059	1.35615257463252e-07	c19	TFDP2
4.76960562239333e-12	2.48615250448492	0.021	0.005	1.4655567195928e-07	c19	EPHX4
6.7505824336754e-12	1.82951973469786	0.035	0.012	2.07425146439544e-07	c19	FEZ1
9.11434184225658e-12	0.871324780343198	0.258	0.193	2.80056381787018e-07	c19	KLRK1
9.44792706565531e-12	0.991764241086939	0.171	0.114	2.90306454946391e-07	c19	DIP2A
9.52866306663998e-12	0.780067078809746	0.268	0.206	2.92787230048647e-07	c19	ITGB7
9.98188592687654e-12	1.20428603300614	0.107	0.061	3.06713408875135e-07	c19	RHBDF2
1.12936290683405e-11	2.51817087008432	0.017	0.004	3.47019340382899e-07	c19	SOX13
1.14941288071689e-11	0.766413654352204	0.268	0.202	3.5318009585788e-07	c19	ICAM2
1.38193028909888e-11	2.15533703728047	0.029	0.01	4.24625719931414e-07	c19	PDZD4
1.48465933853654e-11	0.841782134913859	0.146	0.091	4.56191274952122e-07	c19	RN7SL1
1.49511579551566e-11	0.948923613884936	0.152	0.098	4.59404230488097e-07	c19	ABHD17A
1.80262248891854e-11	0.539144552669276	0.452	0.402	5.5389181217e-07	c19	SLC9A3R1
2.55679643913767e-11	0.660623421902489	0.311	0.247	7.85626841853831e-07	c19	TSEN54
2.96786688112807e-11	1.9224697494864	0.038	0.015	9.11936456564221e-07	c19	MMP23B
4.61555923406643e-11	0.446610388036464	0.439	0.379	1.41822288585159e-06	c19	RNA45S5
4.71439252622778e-11	1.33807271044876	0.1	0.057	1.44859139153401e-06	c19	ZBTB44
4.96633127227786e-11	0.650600951361256	0.301	0.235	1.52600461003282e-06	c19	C5orf56
5.13425781813573e-11	0.911394251068833	0.15	0.096	1.57760339977857e-06	c19	LAIR1
9.66681020761954e-11	0.869136237300424	0.188	0.131	2.97032077249526e-06	c19	RAB29
2.35218134037029e-10	1.25221324356919	0.11	0.066	7.2275476045558e-06	c19	DGKD
2.45901947809514e-10	0.499956640090356	0.512	0.469	7.55582915034292e-06	c19	CD247
2.51477033308499e-10	0.312292079110199	0.698	0.663	7.72713480247024e-06	c19	IL2RG
2.90184966862686e-10	1.6690000861972	0.039	0.016	8.91651347678975e-06	c19	C10orf128
2.91572993286871e-10	0.148923503597989	0.901	0.886	8.95916336472568e-06	c19	SERF2
4.32460211457093e-10	3.04515873514071	0.017	0.004	1.32882049174421e-05	c19	SLCO4C1
4.6724896651094e-10	1.03963958153116	0.124	0.077	1.43571589939817e-05	c19	LOC103091866
5.22925485956329e-10	0.763744047414783	0.2	0.142	1.60679314069801e-05	c19	ARRDC3
5.54813090874921e-10	2.7617862940757	0.013	0.003	1.70477418433137e-05	c19	SIGLEC9
5.65267200088178e-10	2.1259269301193	0.021	0.006	1.73689652571095e-05	c19	ZNF487
6.01860669924053e-10	2.0460139292481	0.023	0.007	1.84933728047564e-05	c19	ST8SIA6
6.04907384330558e-10	0.423156563966958	0.504	0.456	1.85869891983251e-05	c19	LIME1
7.1434701679652e-10	1.84587167963549	0.033	0.013	2.19497407851067e-05	c19	SYNM
7.58858369881414e-10	0.939908720264597	0.14	0.091	2.33174411313462e-05	c19	C1orf174
8.88090992463581e-10	0.872054425888037	0.139	0.09	2.72883719254285e-05	c19	RAB37
1.03477449649841e-09	0.752714201341391	0.248	0.192	3.17955159539067e-05	c19	ITGAL
1.05524529325679e-09	1.04658410626288	0.128	0.082	3.24245221259014e-05	c19	PLEKHA1
1.08731579627408e-09	2.49768478785754	0.019	0.006	3.34099524721138e-05	c19	PALLD
1.11281800484392e-09	0.213293423395655	0.772	0.752	3.41935588348391e-05	c19	CALM1
1.18602429183571e-09	0.571665041898573	0.344	0.287	3.64429684152358e-05	c19	PRMT2
1.19674279302089e-09	2.77024538472645	0.014	0.003	3.67723158011528e-05	c19	PROCR
1.27177002608699e-09	1.83670771917932	0.028	0.01	3.90776775915748e-05	c19	AKR1C3
1.38218023670177e-09	0.689823226828302	0.314	0.258	4.24702521331354e-05	c19	AKNA
1.58782248526278e-09	0.635519995820212	0.319	0.264	4.87890215046695e-05	c19	RORA
1.76790244717487e-09	0.926240178026626	0.176	0.126	5.43223384943423e-05	c19	PPP2R5C
1.80997531957354e-09	0.662290204935772	0.275	0.216	5.56151116445363e-05	c19	CMC1
2.00950519975266e-09	2.72808605796976	0.013	0.003	6.17460662727999e-05	c19	ERBB2
2.0568058585456e-09	1.16748226114608	0.109	0.067	6.31994736155307e-05	c19	WDR37
2.52878465201839e-09	0.827421320525911	0.22	0.166	7.77019660025692e-05	c19	RASGRP2
2.63629974284110e-09	0.429856134140782	0.453	0.404	8.10055821982783e-05	c19	GSTP1
3.15607761348245e-09	0.835326665263937	0.171	0.12	9.69767968294752e-05	c19	VPS37B
3.86327236716597e-09	0.106027893752	0.993	0.989	0.000118706770025909	c19	RPS15
3.88878795147284e-09	0.130428398132509	0.942	0.933	0.000119490787384906	c19	PFN1
3.9124958431378e-09	1.20812163861851	0.084	0.049	0.000120219259772095	c19	EVA1C
4.20963666715976e-09	0.155502877306935	0.946	0.93	0.000129349505871818	c19	RPL23A
4.39627087176423e-09	0.710299377021084	0.226	0.172	0.0001350842150767	c19	CASP8
4.62818200832607e-09	0.959492446140291	0.171	0.121	0.000142210148569835	c19	MAPK1
5.0910440337392e-09	0.982442095600044	0.11	0.069	0.000156432510024704	c19	LINC00944
5.16361349584937e-09	2.02539575669503	0.028	0.01	0.000158662351886964	c19	DYNC2LI1
5.22191766140348e-09	2.08715823368151	0.019	0.006	0.000160453863981945	c19	GFPT2
6.06440530404468e-09	2.39088635883485	0.018	0.005	0.000186340981777381	c19	ME3
6.43370184944006e-09	0.699420504682092	0.22	0.164	0.000197688356727745	c19	TRG-AS1
6.52034241561783e-09	1.19933481857292	0.091	0.054	0.000200350561404689	c19	GAB3
6.99595157605025e-09	1.84565178753972	0.029	0.011	0.000214964604077296	c19	TTYH2
7.73247798791573e-09	0.350342632317957	0.536	0.492	0.000237595851134687	c19	C9orf142
8.89472929232692e-09	0.483472529328756	0.431	0.392	0.000273308346965329	c19	ZAP70
8.95850385617999e-09	0.898971781874367	0.129	0.085	0.000275267947988843	c19	PRKCB
9.96697392741267e-09	0.980706307507794	0.151	0.106	0.000306255207867609	c19	PPP2R5A
1.010766944879e-08	1.16704407811473	0.13	0.087	0.00031057835915297	c19	HSH2D
1.21939453200009e-08	1.36645993037908	0.07	0.039	0.000374683357847667	c19	SPN
1.22179831557928e-08	0.604198998863728	0.316	0.264	0.000375421968428047	c19	SYTL1
1.25666428495297e-08	1.56321748749103	0.046	0.022	0.0003861352348375	c19	DENND3
1.34494113534975e-08	2.61965163172837	0.013	0.003	0.000413260062658917	c19	MLC1
1.60845903003916e-08	2.20609326025378	0.025	0.009	0.000494231206160134	c19	NMUR1
1.78791275779583e-08	0.442671110217268	0.457	0.419	0.000549371953087924	c19	YWHAQ
1.81868402769514e-08	1.53907683810546	0.028	0.011	0.000558827041189885	c19	ANKRD9
1.82722727449411e-08	0.678409862253801	0.245	0.195	0.000561452124633805	c19	KCNAB2
3.26085565175444e-08	0.890630614776018	0.202	0.154	0.00100196311611459	c19	RASA3
5.73893004569053e-08	0.624384941099683	0.263	0.213	0.00176340103513933	c19	CHST12
6.46774963038178e-08	0.375319798050233	0.541	0.519	0.00198734542892741	c19	CCND3
7.13229030665059e-08	0.528742410314367	0.352	0.306	0.00219153884252453	c19	TNFRSF1B
8.06188634182103e-08	2.13167817780788	0.017	0.005	0.00247717581625135	c19	PPM1L
8.26856348932427e-08	2.95818248461467	0.012	0.003	0.00254068150336467	c19	NUMBL
8.89506288551727e-08	0.748794934137608	0.207	0.159	0.00273318597283289	c19	MYO1F
9.15377727002332e-08	0.783185723002328	0.208	0.162	0.00281268114176007	c19	TES
9.64579591348351e-08	2.04123981837664	0.033	0.015	0.00296386371033608	c19	RAB11FIP5
1.10665118090913e-07	1.13355038619467	0.072	0.041	0.00340040708357948	c19	KLRAP1
1.18465736676839e-07	1.79841791907447	0.04	0.019	0.00364009669086924	c19	PRSS30P
1.18757261460048e-07	1.08763327055538	0.102	0.066	0.0036490543728829	c19	NPC1
1.25494445483669e-07	0.809760754539087	0.187	0.142	0.00385606782637669	c19	SSBP4
1.35876889842785e-07	0.988348598405578	0.092	0.057	0.00417508919419926	c19	SLAMF7
1.66528440054503e-07	0.757820613103001	0.212	0.166	0.00511691937755472	c19	BTN3A1
1.90335815260194e-07	0.420376204217792	0.378	0.332	0.00584844859549997	c19	MBP
1.95541426798314e-07	1.30184820090071	0.038	0.017	0.00600840142123179	c19	YPEL1
1.9978916714189e-07	1.21040852093692	0.075	0.045	0.00613892173876887	c19	MCTP2
2.03657049289036e-07	2.62385699566343	0.01	0.002	0.00625777015350422	c19	NUAK1
2.0594187480075e-07	0.954307802807295	0.135	0.094	0.00632797598700265	c19	ZBP1
2.25254222584316e-07	0.347279338838929	0.467	0.425	0.00692138649734829	c19	GNG2
2.43460559887584e-07	1.40594552341891	0.045	0.023	0.00748081262366578	c19	PAFAH2
2.61853985077791e-07	1.17971763530379	0.079	0.048	0.0080459873994853	c19	ZNF600
3.03588809646645e-07	0.975972785043586	0.11	0.073	0.00932837335401246	c19	AGTPBP1
3.27568909135715e-07	0.260628036989822	0.737	0.682	0.0100652098710131	c19	HLA-H
3.34546906996175e-07	1.38009551165148	0.036	0.017	0.0102796228112715	c19	NAPB
3.54792878530566e-07	0.689422597086977	0.245	0.196	0.0109017207786087	c19	SELL
3.99132031947582e-07	0.108830982359289	0.99	0.993	0.0122641299456533	c19	RPS19
4.37901199043817e-07	0.981252898967847	0.097	0.063	0.0134553901430194	c19	REEP4
4.59771537687777e-07	1.78008207668661	0.023	0.009	0.0141274000385323	c19	PYROXD2
4.87625958981459e-07	2.35850685673277	0.013	0.004	0.0149832828416233	c19	LOC100507195
5.0697041946815e-07	1.04526639084934	0.121	0.084	0.0155776800789978	c19	CLIC3
5.18609984961253e-07	0.589828735071152	0.303	0.263	0.0159353290079044	c19	MFSD10
5.19347581361949e-07	0.982399317794866	0.154	0.114	0.0159579931325086	c19	SYTL2
6.15113326864625e-07	1.65190085421507	0.028	0.012	0.0189005871945693	c19	ENPP5
6.33421680602192e-07	1.54410389180887	0.038	0.018	0.0194631479798635	c19	ADAMTS6
6.74527702058216e-07	0.499559946822882	0.355	0.314	0.0207262127011428	c19	SPSB3
7.50997466088751e-07	0.362010659876487	0.53	0.484	0.023075899140509	c19	IFITM3
7.82698293595908e-07	2.06028669018389	0.024	0.01	0.0240499704673215	c19	TFEB
8.39398081305669e-07	0.50103470315387	0.366	0.329	0.0257921848442793	c19	SYNE2
1.00942912915116e-06	0.473970439247816	0.394	0.359	0.0310167288514276	c19	SELPLG
1.02911363534395e-06	0.520884321759785	0.346	0.308	0.0316215746732137	c19	ARRB2
1.06854897147374e-06	1.40979700592527	0.028	0.012	0.0328333042464736	c19	PTCH1
1.07068738315833e-06	2.1268725200317	0.013	0.004	0.0328990112223059	c19	ROBO3
1.36021815545405e-06	0.152401904905429	0.832	0.821	0.0417954232626365	c19	RPL36A
1.51418600741e-06	0.669942632221989	0.235	0.195	0.0465263934496872	c19	ADD3
1.61416474932393e-06	0.469353759285527	0.324	0.281	0.0495984402524764	c19	ARL4C
