p_val	avg_log2FC	pct.1	pct.2	p_val_adj	cluster	gene
0	3.61010496001821	0.989	0.741	0	16	STMN1
0	2.60482460953529	0.983	0.826	0	16	TUBA1B
0	2.44843245853772	0.95	0.673	0	16	TYMS
0	2.41505365764291	0.988	0.868	0	16	TUBB
0	2.26378611458073	0.88	0.448	0	16	RRM2
0	2.22854051125045	0.928	0.666	0	16	KIAA0101
0	2.19735106385716	0.987	0.815	0	16	HMGB2
0	2.16206519734701	0.995	0.85	0	16	HMGN2
0	2.06033658156237	0.995	0.828	0	16	H2AFZ
0	1.94280354047551	0.834	0.45	0	16	UBE2C
0	1.72101958033533	0.972	0.799	0	16	DUT
0	1.67403170900644	0.837	0.542	0	16	NUSAP1
0	1.63830075343178	0.841	0.738	0	16	BIRC5
0	1.52306278523321	0.894	0.68	0	16	PCNA
0	1.47011724187929	0.847	0.568	0	16	CDK1
0	1.45723028844804	0.844	0.534	0	16	MKI67
0	1.45399549683145	0.87	0.556	0	16	CKS1B
0	1.45064833281758	0.876	0.581	0	16	MCM7
0	1.44951244039578	0.889	0.51	0	16	ASF1B
0	1.4244986333259	0.874	0.675	0	16	TK1
0	1.42060270910978	0.915	0.721	0	16	PTTG1
0	1.41660283422931	0.961	0.749	0	16	RANBP1
0	1.39788594539435	0.819	0.571	0	16	TOP2A
0	1.39256288338522	0.921	0.631	0	16	TMEM106C
0	1.38552198075047	0.908	0.775	0	16	FABP5
0	1.35876758038958	0.911	0.68	0	16	CENPU
0	1.32240159189554	0.896	0.553	0	16	MAD2L1
0	1.31477225416759	0.921	0.628	0	16	CARHSP1
0	1.28516599604784	0.957	0.784	0	16	DEK
0	1.27024649202083	0.955	0.814	0	16	CKS2
0	1.26951952635141	0.775	0.537	0	16	CCNA2
0	1.25299903244364	0.88	0.777	0	16	SMC4
0	1.24586628700392	0.852	0.619	0	16	MCM5
0	1.23924635643893	0.894	0.714	0	16	CENPM
0	1.21734163831582	1	0.955	0	16	HMGB1
0	1.18561478711041	0.781	0.549	0	16	ASPM
0	1.17598662350776	0.84	0.722	0	16	GINS2
0	1.17039869804616	0.876	0.693	0	16	SMC2
0	1.15568298759644	0.844	0.706	0	16	UBE2T
0	1.1404070316673	0.929	0.769	0	16	NASP
0	1.13995897193635	0.75	0.295	0	16	PLK1
0	1.1357283219852	0.802	0.538	0	16	CCNB2
0	1.13057503555536	0.837	0.545	0	16	ZWINT
0	1.12051222321507	0.948	0.757	0	16	RPA3
0	1.09795860262541	0.914	0.707	0	16	NUDT1
0	1.08511316071068	0.876	0.628	0	16	FEN1
0	1.08105845006433	0.808	0.471	0	16	UHRF1
0	1.068241187	0.87	0.579	0	16	RRM1
0	1.05711230245353	0.976	0.871	0	16	PKM
0	1.05211283302344	0.943	0.712	0	16	H2AFV
0	1.04049012892496	0.803	0.492	0	16	CDKN3
0	1.03899000212371	0.841	0.514	0	16	CLSPN
0	1.02489713792169	0.878	0.532	0	16	CENPW
0	1.02073882078458	0.822	0.427	0	16	DHFR
0	1.00999714869818	0.979	0.849	0	16	CALM3
0	1.00334714245034	0.955	0.748	0	16	SNRPD1
0	0.990413199309232	0.992	0.928	0	16	SLC25A5
0	0.981818505528167	0.931	0.791	0	16	PRDX3
0	0.981207991719872	0.91	0.667	0	16	ANP32E
0	0.972682736396784	0.834	0.533	0	16	CDCA8
0	0.971058553131403	0.866	0.628	0	16	RFC4
0	0.9651905901241	0.964	0.82	0	16	HN1
0	0.959518519844491	0.864	0.663	0	16	CDK4
0	0.956991362341868	0.983	0.902	0	16	PGAM1
0	0.947353915968146	0.926	0.884	0	16	ENTPD1
0	0.934474895296048	0.994	0.937	0	16	TPI1
0	0.912663940884748	0.992	0.943	0	16	RAN
0	0.891358675462907	0.896	0.709	0	16	DNMT1
0	0.883153306204783	0.81	0.58	0	16	AURKB
0	0.872136664199267	0.816	0.578	0	16	KIFC1
0	0.870568807910777	0.872	0.624	0	16	GMNN
0	0.870288118516343	0.8	0.654	0	16	CENPN
0	0.858123508431778	0.851	0.637	0	16	DTYMK
0	0.853336747838962	0.974	0.864	0	16	SNRPG
0	0.852323781913613	0.765	0.543	0	16	TROAP
0	0.834554830713379	0.856	0.685	0	16	EZH2
0	0.83384169657976	0.787	0.457	0	16	PKMYT1
0	0.79968840953236	0.808	0.461	0	16	NUF2
0	0.788482563195716	1	0.998	0	16	ACTB
0	0.781703278664238	0.796	0.541	0	16	CENPK
0	0.772327112578457	1	0.985	0	16	PFN1
0	0.752369040515748	1	0.995	0	16	GAPDH
0	0.712434860447451	0.759	0.489	0	16	DTL
0	0.702511734140432	0.777	0.5	0	16	WDR34
0	0.684923172132307	1	0.994	0	16	PTMA
0	0.673247310517718	0.77	0.439	0	16	KIF11
0	0.651590294209789	0.779	0.336	0	16	FAM111B
0	0.647336524914737	0.81	0.553	0	16	HIRIP3
0	0.629771680174066	0.757	0.425	0	16	RAD51AP1
0	0.619571478318717	0.754	0.403	0	16	HJURP
0	0.613994054684849	0.75	0.343	0	16	SGOL1
0	0.61038353326343	0.81	0.634	0	16	ATAD5
0	0.600753734373263	0.763	0.536	0	16	SPC25
0	0.589801617344695	0.797	0.537	0	16	CDK2
0	0.570259364021568	0.805	0.619	0	16	RBBP8
0	0.562970182273512	0.801	0.437	0	16	CENPA
0	0.553517541227732	0.769	0.535	0	16	MND1
0	0.546501803932789	0.76	0.457	0	16	CEP55
0	0.52854511663488	0.716	0.345	0	16	CKAP2L
0	0.501918444091221	0.782	0.385	0	16	KIF2C
0	0.459115590094174	0.757	0.544	0	16	MCM10
0	0.379524330818451	0.686	0.231	0	16	KIF15
0	-0.876759255847056	1	1	0	16	EEF1A1
0	-0.990886439634897	0.999	0.999	0	16	RPS12
0	-1.92141793315334	0.97	0.985	0	16	JUNB
0	-2.03933260721431	0.968	0.985	0	16	ZFP36
2.77942962143997e-306	0.815591890338023	0.884	0.721	8.33828886431991e-303	16	SAE1
4.91835258303117e-305	0.722236542487578	0.876	0.705	1.47550577490935e-301	16	SKA2
1.65471287030276e-303	0.701689384231568	0.75	0.509	4.96413861090829e-300	16	KIF23
5.17438854125527e-301	0.836049648479485	0.945	0.796	1.55231656237658e-297	16	BANF1
8.14887036322253e-301	0.536483774367099	0.767	0.545	2.44466110896676e-297	16	HIST1H3B
3.96011593105934e-300	0.845337673414789	0.87	0.677	1.1880347793178e-296	16	DNAJC9
8.23530142824363e-300	0.875886819969678	0.96	0.833	2.47059042847309e-296	16	CACYBP
3.366042940515e-298	0.898909458212639	0.963	0.841	1.0098128821545e-294	16	ANXA5
6.01229021089636e-297	0.277660305706559	0.763	0.647	1.80368706326891e-293	16	MYBL2
4.53112156452176e-295	1.54638116869524	0.804	0.685	1.35933646935653e-291	16	CENPF
1.43873164791344e-294	0.779442712212124	0.821	0.654	4.31619494374033e-291	16	PHF19
1.59194732281926e-294	0.555891424489755	0.828	0.644	4.77584196845777e-291	16	SNRNP25
5.48367472960464e-294	0.697520906894223	0.821	0.585	1.64510241888139e-290	16	RFC2
4.86767857922133e-291	0.811894471039016	0.953	0.888	1.4603035737664e-287	16	DNPH1
5.69856591366376e-291	0.618468535468569	0.756	0.493	1.70956977409913e-287	16	MCM4
5.92014589896587e-291	0.480238880613225	0.771	0.633	1.77604376968976e-287	16	DEPDC1B
7.36082251394752e-291	0.77489210356954	0.79	0.643	2.20824675418425e-287	16	HELLS
1.98872122435196e-289	0.654946135291869	0.746	0.526	5.96616367305587e-286	16	CDC45
9.59113096172345e-289	0.974316683730061	0.751	0.483	2.87733928851704e-285	16	CCNB1
1.01621939955639e-288	0.775573162958571	0.966	0.833	3.04865819866917e-285	16	NAP1L1
2.2308828243296e-288	0.793956829759524	0.844	0.703	6.69264847298881e-285	16	LMNB1
8.12353991341508e-288	0.456627037375279	0.75	0.587	2.43706197402452e-284	16	DIAPH3
3.35717467447622e-287	0.602611598274147	0.765	0.495	1.00715240234287e-283	16	FBXO5
2.0317443718793e-286	0.523930866290465	0.76	0.54	6.09523311563789e-283	16	ESCO2
1.19885884290341e-285	0.77939892827057	0.911	0.725	3.59657652871023e-282	16	LSM4
3.23618556799809e-285	0.767501691768652	0.877	0.702	9.70855670399427e-282	16	HMGA1
2.81246636136237e-284	0.706914485330244	0.883	0.734	8.43739908408711e-281	16	SHMT2
1.34446749569216e-283	0.531163820088119	0.761	0.512	4.03340248707649e-280	16	NCAPH
1.98021513083629e-283	0.579649423435898	0.78	0.52	5.94064539250888e-280	16	BCL2L12
8.48211810527987e-283	0.751406854159179	0.982	0.909	2.54463543158396e-279	16	COX5A
2.92232678697709e-282	0.436467297757832	0.768	0.582	8.76698036093126e-279	16	RCC1
7.07678876320778e-282	0.937646234818983	0.915	0.748	2.12303662896233e-278	16	H2AFY
5.71636163516211e-277	0.304648967302076	0.721	0.458	1.71490849054863e-273	16	OIP5
1.00271116381759e-275	0.612295213914102	0.73	0.454	3.00813349145276e-272	16	FANCI
2.0199796274215e-275	0.543697287928726	0.743	0.589	6.05993888226451e-272	16	RAD51
2.43496000344273e-274	0.40484150716585	0.737	0.534	7.30488001032818e-271	16	SHCBP1
6.51359696453936e-274	0.86471105349708	0.938	0.808	1.95407908936181e-270	16	TPM4
2.47108118988734e-273	0.468239922002512	1	0.986	7.41324356966201e-270	16	PPIA
5.56981463417171e-272	0.73879309685234	0.883	0.67	1.67094439025151e-268	16	STRA13
1.07899650702588e-271	0.607614462710992	0.766	0.545	3.23698952107765e-268	16	CDCA3
1.28249219938995e-270	0.570729544208991	0.916	0.748	3.84747659816984e-267	16	HSBP1
6.02709092774217e-270	0.604161397891781	0.758	0.54	1.80812727832265e-266	16	PRC1
4.34133094181802e-268	0.795301918689276	0.984	0.923	1.30239928254541e-264	16	ENO1
1.26110711959645e-266	1.055668409744	0.828	0.665	3.78332135878936e-263	16	MCM3
4.45445725275737e-265	1.08348073318321	0.801	0.671	1.33633717582721e-261	16	CDCA7
5.68290514783491e-265	1.15607928228599	0.733	0.499	1.70487154435047e-261	16	CDC20
7.38951537560512e-265	0.548942343824789	0.75	0.63	2.21685461268154e-261	16	CDC6
2.19869592868236e-263	0.80975361885526	0.931	0.772	6.5960877860471e-260	16	NUCKS1
5.01847187563481e-263	0.869449353211059	0.872	0.647	1.50554156269044e-259	16	SLBP
3.56232670286031e-262	0.754137447667736	0.815	0.648	1.06869801085809e-258	16	RNASEH2A
3.08115322675536e-261	0.713675234419626	0.79	0.637	9.24345968026607e-258	16	CENPE
2.59116764074167e-260	0.47673046570788	0.777	0.71	7.77350292222501e-257	16	LMCD1
1.52476623079562e-258	0.705387951985486	0.86	0.706	4.57429869238687e-255	16	SMC1A
3.40711489500896e-257	0.810032622978571	0.734	0.493	1.02213446850269e-253	16	GGH
1.36560770640496e-256	0.447802067634289	0.737	0.589	4.09682311921487e-253	16	NEIL3
3.49977427901408e-256	0.356325051716653	0.721	0.497	1.04993228370422e-252	16	LOC102723602
8.55923063896128e-256	0.722376679032846	0.962	0.871	2.56776919168838e-252	16	TALDO1
1.79178889522164e-254	0.794205155520768	0.814	0.65	5.37536668566493e-251	16	ATAD2
3.58974601185598e-254	0.747331775351233	0.754	0.58	1.07692380355679e-250	16	MCM2
4.03268001142945e-254	0.601585285829593	0.784	0.633	1.20980400342884e-250	16	ACOT7
1.08119165458011e-253	0.730448669289593	0.977	0.868	3.24357496374034e-250	16	YWHAQ
1.12642128291164e-252	0.688837699487414	0.884	0.688	3.37926384873493e-249	16	TXNDC17
1.41045267565759e-252	0.784120373446562	0.822	0.633	4.23135802697277e-249	16	KIF20B
3.98540095025333e-251	0.639820136198368	0.985	0.927	1.195620285076e-247	16	ATP5G3
9.2708736378025e-251	0.642913372173635	0.988	0.918	2.78126209134075e-247	16	GNG5
2.22854863512212e-249	0.705453149697443	0.93	0.763	6.68564590536636e-246	16	IDH2
2.46176777324198e-248	0.676729887545114	0.97	0.871	7.38530331972593e-245	16	TXN
6.3705561949394e-248	0.680058673779275	0.92	0.793	1.91116685848182e-244	16	PSMA4
1.20550583983524e-247	0.901003492348798	0.889	0.769	3.61651751950571e-244	16	TMPO
2.34016118328437e-247	0.339924054393761	0.693	0.448	7.0204835498531e-244	16	SPAG5
1.53817589931383e-246	0.752079074999576	0.73	0.494	4.61452769794149e-243	16	TCF19
2.1945614714021e-246	0.515477226654061	0.733	0.576	6.58368441420631e-243	16	BRCA1
8.08415220321097e-243	0.262657368289361	0.683	0.434	2.42524566096329e-239	16	CENPO
1.33238017631145e-242	0.601073666959382	0.832	0.635	3.99714052893436e-239	16	ACYP1
2.17358196128578e-242	0.387188737884612	0.72	0.523	6.52074588385733e-239	16	DSCC1
7.90800390999713e-242	0.585885833808102	0.782	0.65	2.37240117299914e-238	16	NRM
1.51300146601427e-239	0.759631945509268	0.913	0.827	4.5390043980428e-236	16	MTHFD2
2.98081455599458e-238	-0.933347073814669	1	0.999	8.94244366798374e-235	16	MALAT1
7.43880803980461e-237	0.355335934818889	0.704	0.519	2.23164241194138e-233	16	KIF4A
1.53813081611258e-236	0.421373682732247	0.709	0.493	4.61439244833775e-233	16	MELK
7.83221095118426e-236	0.718207151186386	0.723	0.51	2.34966328535528e-232	16	DLGAP5
1.25787597517766e-234	0.615999316101319	0.787	0.626	3.77362792553297e-231	16	C19orf48
1.07491344918001e-233	0.546787233066158	0.784	0.665	3.22474034754002e-230	16	BARD1
3.02611620177304e-233	0.348417849928214	0.733	0.596	9.07834860531913e-230	16	POC1A
1.39245573909466e-232	0.657556517175255	0.74	0.502	4.17736721728398e-229	16	LIG1
4.27241846412205e-231	0.557002270777667	0.823	0.791	1.28172553923662e-227	16	CD38
4.96825379168198e-231	1.56608691926943	0.814	0.707	1.49047613750459e-227	16	CXCL13
6.08755147317643e-230	0.719033219371633	0.845	0.689	1.82626544195293e-226	16	USP1
1.23922582820293e-229	-1.86368445664757	0.963	0.98	3.71767748460878e-226	16	FOS
8.49446354896101e-229	-1.32539034104415	0.984	0.983	2.5483390646883e-225	16	TSC22D3
1.14441541863522e-228	0.451966578740921	0.716	0.528	3.43324625590565e-225	16	NCAPG2
1.34855667002858e-228	0.39912109169594	0.999	0.982	4.04567001008573e-225	16	CFL1
5.30483970056489e-228	0.513999356240918	0.814	0.672	1.59145191016947e-224	16	HIST1H3D
1.40912136556769e-227	0.715447662150236	0.734	0.574	4.22736409670307e-224	16	NCAPG
4.40513426748959e-226	0.589760022021508	0.884	0.73	1.32154028024688e-222	16	MIR4435-1HG
5.04317280391896e-226	0.294397524732046	0.68	0.442	1.51295184117569e-222	16	STIL
6.69492744484497e-226	0.427085604169227	0.648	0.29	2.00847823345349e-222	16	CDCA2
3.96866692132333e-225	0.524954124926996	0.741	0.55	1.190600076397e-221	16	TUBG1
1.66096389126785e-223	0.406472191559759	0.972	0.926	4.98289167380355e-220	16	MT2A
1.74257348806407e-223	0.654945299064533	0.885	0.712	5.2277204641922e-220	16	DDX39A
1.40777686784438e-220	0.832186769775588	0.799	0.663	4.22333060353314e-217	16	MCM6
3.79264752901037e-220	0.56935397872412	0.703	0.454	1.13779425870311e-216	16	CDCA5
6.47440824577055e-220	0.643090232719586	0.916	0.777	1.94232247373116e-216	16	YWHAE
2.44438428000131e-216	0.545543050912425	0.987	0.926	7.33315284000393e-213	16	PSME2
2.26514746758923e-215	0.652023894303499	0.992	0.945	6.79544240276769e-212	16	LDHA
2.90180326219135e-215	0.32910942608997	0.74	0.612	8.70540978657405e-212	16	KIAA1524
1.48693621488574e-213	0.571850133608242	0.937	0.819	4.46080864465722e-210	16	TPR
3.97366041827094e-213	-0.359010096352779	0.483	0.184	1.19209812548128e-209	16	FCN1
4.5675669649336e-210	0.568336946365352	0.967	0.889	1.37027008948008e-206	16	FKBP1A
4.25858829280095e-208	0.368765433221412	0.689	0.481	1.27757648784029e-204	16	PBK
1.21129522435213e-205	0.536407377880665	0.727	0.637	3.6338856730564e-202	16	ORC6
1.56307483931209e-201	0.892974898239199	0.747	0.679	4.68922451793628e-198	16	HMMR
1.98929164125767e-201	0.517270692670381	0.894	0.776	5.967874923773e-198	16	SMS
5.66566459392792e-201	0.574590496865436	0.895	0.804	1.69969937817838e-197	16	SNRPE
1.56031771908186e-200	0.929072653458897	0.867	0.709	4.68095315724559e-197	16	H2AFX
1.12954833280147e-198	0.50117457468984	0.992	0.946	3.38864499840441e-195	16	YBX1
3.83655134947318e-197	0.379433662850195	0.715	0.601	1.15096540484195e-193	16	ANLN
4.252818704105e-197	0.556821892773722	0.835	0.694	1.2758456112315e-193	16	SUPT16H
1.35245183642766e-196	0.866297772255244	0.803	0.64	4.05735550928298e-193	16	KIF22
9.58958405061583e-196	0.718514050072736	0.945	0.861	2.87687521518475e-192	16	HSPD1
1.08476605830615e-195	0.561505151906085	0.773	0.67	3.25429817491846e-192	16	PAICS
1.13020629781482e-195	0.55134236234385	0.73	0.565	3.39061889344446e-192	16	CENPH
1.22523401991023e-195	2.33880693277269	0.963	0.91	3.67570205973069e-192	16	HIST1H4C
1.36539115161792e-193	0.540403490306189	0.982	0.885	4.09617345485375e-190	16	DBI
2.20438399891246e-193	0.654864557754454	0.854	0.632	6.61315199673739e-190	16	TUBA1C
3.95026342420231e-193	0.49494769841172	0.693	0.519	1.18507902726069e-189	16	CHEK1
6.86889487976416e-193	0.619316898479754	0.761	0.647	2.06066846392925e-189	16	MTHFD1
3.10780732602649e-192	0.799064615867117	0.834	0.85	9.32342197807946e-189	16	MT1E
8.6182977960685e-191	0.684720981910898	0.744	0.608	2.58548933882055e-187	16	RACGAP1
2.37359221110324e-190	0.370005380569163	0.7	0.517	7.12077663330974e-187	16	CHAF1B
2.79065840654599e-185	0.755527467772978	0.898	0.772	8.37197521963798e-182	16	RAD21
1.26672358772741e-184	0.398766461435845	1	0.989	3.80017076318222e-181	16	ACTG1
2.2892151380083e-184	0.535495018878024	0.819	0.664	6.86764541402491e-181	16	CD59
4.80489033567089e-184	1.17713291388883	0.726	0.651	1.44146710070127e-180	16	TPX2
2.55636536779747e-183	0.42432300587755	0.775	0.585	7.66909610339242e-180	16	POLD2
1.56362115422734e-181	0.872384287016639	0.837	0.711	4.69086346268202e-178	16	KPNA2
2.49823359690493e-181	-2.23901423319231	0.798	0.886	7.49470079071479e-178	16	IL7R
1.24238073857965e-180	0.329216553144762	0.687	0.537	3.72714221573895e-177	16	HIST1H2AH
1.99018999278316e-180	0.513078588321103	0.683	0.541	5.97056997834949e-177	16	HIST1H3C
1.60578674333255e-179	-0.281060727832687	0.403	0.751	4.81736022999764e-176	16	LOC102724246
6.45675327748353e-179	0.452705108608573	0.78	0.652	1.93702598324506e-175	16	ARL3
1.21702149147072e-178	0.347640669886154	0.814	0.673	3.65106447441216e-175	16	PAFAH1B3
1.50452799304768e-177	0.416806140673511	0.97	0.885	4.51358397914304e-174	16	POMP
9.36097336447474e-176	0.396178339694568	0.921	0.791	2.80829200934242e-172	16	BTG3
2.13257271674069e-175	0.47296511154606	0.985	0.945	6.39771815022206e-172	16	SUB1
3.50437456036398e-175	0.445654796113684	0.911	0.81	1.05131236810919e-171	16	AP2S1
4.56810885238566e-175	0.492346229096391	0.774	0.696	1.3704326557157e-171	16	SCCPDH
4.76331330999812e-175	0.296128087044484	0.71	0.619	1.42899399299944e-171	16	CDCA7L
2.6710590760803e-174	0.629938773438078	0.772	0.683	8.01317722824091e-171	16	NDC80
4.60694651328927e-174	0.467713983337069	0.777	0.79	1.38208395398678e-170	16	LAYN
2.96758342347864e-173	0.62515828450712	0.668	0.475	8.90275027043591e-170	16	KIF14
6.0566430663566e-173	0.460030815926408	0.96	0.872	1.81699291990698e-169	16	BST2
3.82665343109613e-172	0.48749598289481	0.993	0.935	1.14799602932884e-168	16	CRIP1
8.2693521735228e-172	0.533096514858611	0.948	0.874	2.48080565205684e-168	16	PDIA6
1.47786270592857e-170	0.446715894516282	0.739	0.662	4.43358811778571e-167	16	AURKA
4.1301919016253e-170	0.389497936081101	0.822	0.653	1.23905757048759e-166	16	CD151
8.22168671728608e-170	0.400714708934327	0.895	0.798	2.46650601518583e-166	16	DECR1
1.17108494585865e-169	0.555019964985847	0.824	0.664	3.51325483757595e-166	16	PRKDC
3.91306814100517e-169	0.40994111002488	0.722	0.58	1.17392044230155e-165	16	CTNNAL1
5.85682470528897e-169	0.981382433402461	0.936	0.821	1.75704741158669e-165	16	ARL6IP1
1.43904051732383e-168	0.584827675678042	0.79	0.751	4.31712155197148e-165	16	TNFRSF9
1.69113152688338e-168	0.729364910593261	0.642	0.378	5.07339458065013e-165	16	GTSE1
1.06571762804322e-167	0.459889907723641	0.935	0.876	3.19715288412965e-164	16	VDAC1
5.94104667163169e-167	0.404731896014892	0.929	0.789	1.78231400148951e-163	16	LINC00152
1.51561637730806e-166	0.367275288219237	0.706	0.616	4.54684913192419e-163	16	KNSTRN
2.63634311938056e-166	0.447498025179696	0.897	0.8	7.90902935814168e-163	16	GSTO1
2.65686423115795e-166	0.697341090448639	0.74	0.72	7.97059269347386e-163	16	HMGB3
5.63562376061593e-166	0.530442789126376	0.636	0.425	1.69068712818478e-162	16	MXD3
9.58631651856182e-166	0.426480154510719	0.901	0.785	2.87589495556855e-162	16	DUSP4
3.43201738618416e-165	0.452349472306924	0.702	0.589	1.02960521585525e-161	16	CCDC34
3.15444318194433e-164	-1.75403214996993	0.934	0.952	9.463329545833e-161	16	CD69
1.83395149631744e-163	0.504002080096344	0.889	0.848	5.50185448895233e-160	16	SIRPG
1.41428243143865e-161	0.464137313333565	0.998	0.968	4.24284729431594e-158	16	HSP90AA1
1.3460024156173e-160	0.514068203723298	0.827	0.808	4.03800724685191e-157	16	GGCT
1.9719007674599e-159	0.526707685236654	0.839	0.756	5.9157023023797e-156	16	MIS18BP1
2.96272669302722e-159	0.478611721964769	0.798	0.68	8.88818007908165e-156	16	LOC101928173
2.95472371405743e-156	0.285192613100451	0.747	0.715	8.86417114217229e-153	16	SOX4
3.90676890991761e-156	0.255610257040216	0.605	0.324	1.17203067297528e-152	16	RAD54L
1.32847155437556e-155	0.553295789649477	0.884	0.864	3.98541466312669e-152	16	CTLA4
2.25410461276637e-155	0.405358870161244	0.923	0.781	6.7623138382991e-152	16	CDK2AP2
1.51811848759924e-153	0.411527868272059	0.964	0.859	4.55435546279773e-150	16	EIF5A
6.74564399386502e-151	-1.78336253876086	0.656	0.831	2.02369319815951e-147	16	ANXA1
8.25170227258962e-151	0.429488893277701	0.837	0.742	2.47551068177689e-147	16	TOX
3.76237396422044e-150	0.338262214989588	0.778	0.624	1.12871218926613e-146	16	PPIF
3.0457417090509e-149	0.993166025159645	0.885	0.848	9.13722512715269e-146	16	HIST1H1E
5.59350536736601e-149	0.299509201952477	0.673	0.59	1.6780516102098e-145	16	PHGDH
6.21351701741039e-149	0.357012669929169	0.778	0.653	1.86405510522312e-145	16	MPST
1.43543202375881e-148	-1.24106363171056	0.795	0.653	4.30629607127642e-145	16	IFI30
8.71003591083027e-147	0.492656111501901	0.863	0.718	2.61301077324908e-143	16	RAB27A
1.49834270643628e-146	-0.683811225493912	0.999	0.998	4.49502811930883e-143	16	RPS18
3.85888501800362e-146	0.311726316691194	0.639	0.467	1.15766550540109e-142	16	HIST1H3G
8.529345971946e-146	0.475607436547381	0.802	0.777	2.5588037915838e-142	16	AHCY
1.30874485509843e-145	-1.49382150930388	0.955	0.961	3.9262345652953e-142	16	CXCR4
1.76050283404647e-145	0.36880305671513	0.861	0.804	5.28150850213941e-142	16	LAP3
7.3337728876603e-145	0.423893835254074	0.776	0.744	2.20013186629809e-141	16	MYL6B
8.1553936177057e-145	0.438638110837247	0.775	0.591	2.44661808531171e-141	16	HNRNPAB
1.34214078510371e-144	0.483194892681631	0.936	0.804	4.02642235531113e-141	16	ITM2A
7.52256656349974e-144	0.330239357906717	0.958	0.858	2.25676996904992e-140	16	DYNLL1
9.29964331429242e-144	0.37499142095982	0.96	0.895	2.78989299428773e-140	16	PRDX1
1.05896895491975e-142	0.384785863021365	0.931	0.835	3.17690686475924e-139	16	PRDX5
3.43597866674447e-141	0.328917755412519	0.639	0.517	1.03079360002334e-137	16	CCNE2
5.11270719589034e-141	0.460318342545225	0.888	0.807	1.5338121587671e-137	16	TMEM14C
3.7694810425312e-138	0.341401477567605	0.762	0.734	1.13084431275936e-134	16	ETV7
9.89652681512784e-137	-1.35131868867191	0.975	0.976	2.96895804453835e-133	16	JUN
1.09246876571344e-136	0.395920686569852	0.716	0.536	3.27740629714032e-133	16	MIR155HG
1.21840805902192e-136	-1.54707031005041	0.858	0.91	3.65522417706577e-133	16	BTG2
9.10462959635957e-134	0.303573628447304	0.752	0.702	2.73138887890787e-130	16	LYRM4
1.00141608233093e-133	0.337532599468447	0.725	0.55	3.00424824699279e-130	16	WDR54
2.57709323123504e-133	0.301155167914993	0.616	0.388	7.73127969370513e-130	16	DEPDC1
1.6959622434283e-132	0.466882611407269	0.797	0.746	5.08788673028489e-129	16	DCTPP1
6.30536337155357e-132	0.277583339813332	0.629	0.495	1.89160901146607e-128	16	C21orf58
8.90798517217554e-132	0.989751210796144	0.8	0.744	2.67239555165266e-128	16	HIST1H2AM
1.60207426831477e-131	0.470606782693222	0.837	0.748	4.80622280494431e-128	16	CCT5
1.43486552584444e-130	0.411924042467646	0.983	0.915	4.30459657753331e-127	16	CALM2
1.47869576206528e-128	0.26550820720491	0.768	0.638	4.43608728619583e-125	16	SPTBN1
7.45282953669678e-128	0.391368165523312	0.678	0.568	2.23584886100904e-124	16	BUB1
1.16521814929902e-127	0.359567166002806	0.827	0.741	3.49565444789706e-124	16	ATP1B3
4.18427573004727e-127	0.346721885978332	0.705	0.695	1.25528271901418e-123	16	IL21
6.2184957507386e-127	-0.73514907188279	0.556	0.74	1.86554872522158e-123	16	PTGER2
1.16760959363644e-126	0.386400135679565	0.813	0.757	3.50282878090932e-123	16	APOBEC3C
1.38184506296685e-126	0.320528689958431	0.841	0.752	4.14553518890056e-123	16	RNASEH2B
1.76152569177489e-126	0.300801446818003	0.852	0.711	5.28457707532467e-123	16	C12orf75
1.78884027692669e-126	0.401545351533749	0.897	0.834	5.36652083078006e-123	16	CCT6A
4.87835679838628e-126	0.568024273925745	0.814	0.768	1.46350703951588e-122	16	CKAP2
1.97639235133541e-125	0.258675456139386	0.863	0.813	5.92917705400622e-122	16	LOC100996809
2.13704475050584e-124	0.44349425777182	0.878	0.8	6.41113425151753e-121	16	RBPJ
1.12457989823978e-123	0.26815867854091	0.805	0.729	3.37373969471933e-120	16	PGD
1.9329109548637e-122	0.425785415134733	0.693	0.654	5.7987328645911e-119	16	BRCA2
1.8350268610419e-121	0.302352530492558	0.688	0.592	5.50508058312571e-118	16	FANCL
1.18984258145923e-120	0.388342458603317	0.712	0.651	3.56952774437768e-117	16	NCAPD2
5.28149023797802e-120	0.400467451750835	0.924	0.831	1.58444707139341e-116	16	RPS27L
9.6113356662738e-120	0.481442175859635	0.944	0.862	2.88340069988214e-116	16	GSTP1
1.47292912836442e-119	-0.781708038425666	0.999	0.998	4.41878738509327e-116	16	RPS8
1.9112280879851e-119	0.376993472424335	0.942	0.882	5.7336842639553e-116	16	PPA1
3.48484354225961e-119	0.356364696744845	0.886	0.747	1.04545306267788e-115	16	HMGN3
3.59542614506807e-119	0.478622323464261	0.912	0.79	1.07862784352042e-115	16	TUBB4B
2.48421657087239e-118	0.36407738666059	0.86	0.804	7.45264971261718e-115	16	IMPDH2
4.5675327970892e-118	0.272835756805033	0.878	0.783	1.37025983912676e-114	16	PHPT1
1.10267434429597e-117	0.370699030894499	0.699	0.731	3.30802303288789e-114	16	ZBED2
1.20674983945323e-117	0.481111662632899	0.815	0.744	3.6202495183597e-114	16	NUCB2
5.89736962789868e-117	0.327101933402488	0.73	0.595	1.7692108883696e-113	16	SLC1A5
1.08899521590315e-116	-0.424630087189472	1	1	3.26698564770945e-113	16	RPLP1
1.64697000441294e-116	0.301754898107072	0.683	0.623	4.94091001323881e-113	16	DERL3
4.09237487680516e-116	-0.443583474381394	0.523	0.825	1.22771246304155e-112	16	APOC1
6.14964997975734e-116	0.341866193701244	0.751	0.731	1.8448949939272e-112	16	CCDC50
2.74042846454957e-115	0.342498238775178	0.763	0.698	8.22128539364871e-112	16	RUVBL2
9.47549694017952e-114	0.346536596859966	0.662	0.64	2.84264908205386e-110	16	TRIP13
4.35192614936328e-113	0.321641371329317	0.718	0.775	1.30557784480898e-109	16	C3orf14
1.79479445019802e-112	0.359732338834705	0.862	0.766	5.38438335059406e-109	16	SDF2L1
2.67288793594291e-112	0.294933807274173	0.938	0.852	8.01866380782873e-109	16	CTSC
1.5026053734659e-111	0.250426103492107	0.819	0.706	4.50781612039771e-108	16	ADI1
1.064248073924e-109	0.283653552219615	0.884	0.854	3.192744221772e-106	16	LIMS1
1.54949285606464e-109	0.258566057308376	0.951	0.851	4.64847856819392e-106	16	HSPE1
7.09982942128813e-109	0.279659468477043	0.781	0.602	2.12994882638644e-105	16	VOPP1
5.45295496360346e-108	0.279485998402652	0.849	0.721	1.63588648908104e-104	16	LAG3
3.90366775365315e-107	0.287398308249185	0.898	0.788	1.17110032609595e-103	16	BATF
5.6502588624563e-107	0.352395845351871	0.878	0.793	1.69507765873689e-103	16	NHP2
2.5933262493378e-106	0.251757209384235	0.931	0.84	7.77997874801341e-103	16	P4HB
5.70472334677928e-106	0.341738329901878	0.654	0.602	1.71141700403378e-102	16	NEK2
4.90141990237009e-105	0.271451007701788	0.574	0.396	1.47042597071103e-101	16	ECT2
5.99036777851549e-105	0.303630585403873	0.684	0.593	1.79711033355465e-101	16	SLC43A3
7.56737748413635e-105	0.324607224971394	0.696	0.746	2.27021324524091e-101	16	FOXM1
9.00532323096795e-105	0.491746548197984	0.78	0.785	2.70159696929038e-101	16	HAVCR2
1.84513157552941e-104	0.371209698567711	0.761	0.75	5.53539472658823e-101	16	GPR25
8.76028625610419e-104	0.286060727410722	0.75	0.614	2.62808587683126e-100	16	UBE2S
1.1924038501569e-103	-1.04563797926859	0.874	0.898	3.5772115504707e-100	16	DUSP1
2.0323332952277e-103	0.855639315486792	0.803	0.798	6.09699988568311e-100	16	HIST1H1B
3.46834611313642e-101	0.288295957656426	0.88	0.789	1.04050383394093e-97	16	ITGAE
5.24073204836364e-101	0.321676042702022	0.69	0.626	1.57221961450909e-97	16	LOC100506100
2.55163344609487e-100	0.254727793640238	0.668	0.588	7.6549003382846e-97	16	SPATS2L
1.16664717586198e-96	0.300489567016822	0.807	0.74	3.49994152758595e-93	16	PRDX4
5.80104585461774e-96	0.455862735319652	0.758	0.784	1.74031375638532e-92	16	IL2RA
5.80482059470869e-96	-0.330698408146616	0.622	0.84	1.74144617841261e-92	16	TXK
1.24071565626277e-95	0.272947939669308	0.908	0.828	3.7221469687883e-92	16	KDELR2
1.60798957061488e-95	0.252200268820464	0.72	0.65	4.82396871184463e-92	16	TESC
1.62318806570083e-95	0.330769557094847	0.61	0.556	4.8695641971025e-92	16	MTFR2
4.74741911575401e-95	0.293351337239516	0.622	0.585	1.4242257347262e-91	16	BUB1B
3.56462431619291e-92	0.268893006044301	0.705	0.674	1.06938729485787e-88	16	POU2AF1
1.82852954978437e-90	0.289645689744747	0.682	0.62	5.48558864935311e-87	16	LOC100506844
3.13638485354513e-90	0.335099813483445	0.887	0.838	9.40915456063539e-87	16	SEC11C
1.93069671542875e-89	0.505218345027477	0.656	0.602	5.79209014628625e-86	16	HIST1H2BH
3.43982735136008e-88	0.311975431826357	0.898	0.841	1.03194820540802e-84	16	C1QBP
5.4293037150189e-88	0.295478177541817	0.73	0.725	1.62879111450567e-84	16	SMCO4
1.72705924314109e-87	0.353045909444671	0.95	0.89	5.18117772942326e-84	16	CALR
2.75785850647115e-87	0.363677116787186	0.862	0.827	8.27357551941346e-84	16	IFI6
1.46556095339831e-85	0.283984120462557	0.674	0.662	4.39668286019493e-82	16	GEM
5.68385958395426e-85	-0.929431544302568	0.643	0.79	1.70515787518628e-81	16	TOB1
5.24386799315998e-82	0.289728041646049	0.792	0.758	1.57316039794799e-78	16	MX1
9.36278224845073e-80	0.535563456470896	0.639	0.568	2.80883467453522e-76	16	ARHGAP11A
2.09849421436182e-79	0.332188115907328	0.733	0.599	6.29548264308545e-76	16	CDC25B
1.45332468016369e-78	-0.363390414526736	0.54	0.403	4.35997404049108e-75	16	C15orf48
1.20012458491433e-77	0.542034658890614	0.75	0.703	3.60037375474298e-74	16	UNG
6.29828501641137e-77	0.257372901640489	0.796	0.722	1.88948550492341e-73	16	MANF
1.36233533955781e-76	-1.41756126128944	0.898	0.9	4.08700601867344e-73	16	IER2
5.31739172515807e-74	0.488357980432119	0.646	0.628	1.59521751754742e-70	16	HIST1H2AL
1.2956239146804e-73	-0.502812956028581	0.5	0.697	3.88687174404121e-70	16	PLAC8
2.25430627457186e-73	0.302766064150197	0.523	0.416	6.76291882371559e-70	16	HIST1H2AI
1.9507233583532e-71	-0.2842308239529	0.518	0.374	5.8521700750596e-68	16	MS4A7
4.32299853228983e-71	0.596991871324668	0.652	0.731	1.29689955968695e-67	16	CASC5
5.79654857704307e-71	0.483007296294964	0.831	0.811	1.73896457311292e-67	16	HIST1H1C
1.14510689276603e-65	0.264323653478563	0.863	0.893	3.4353206782981e-62	16	EPSTI1
3.63845592112186e-65	-0.274387724570903	0.417	0.623	1.09153677633656e-61	16	LINC01272
4.58887524495935e-65	0.405550694680674	0.787	0.829	1.37666257348781e-61	16	TNFRSF18
1.32535214808845e-64	0.281915404646769	1	0.995	3.97605644426536e-61	16	TMSB10
3.28931932966647e-64	0.39487524743041	0.665	0.697	9.86795798899942e-61	16	CDKN2A
1.18718633391042e-63	-1.27414686959507	0.817	0.895	3.56155900173126e-60	16	LTB
1.98644080556888e-62	0.607369843714853	0.878	0.867	5.95932241670665e-59	16	HIST1H1D
3.63928873582499e-61	0.29307605418061	0.741	0.714	1.0917866207475e-57	16	GALNT2
1.204156492272e-58	0.298473068641481	0.606	0.704	3.61246947681601e-55	16	SKA3
2.54209742897223e-57	0.526186487876685	0.75	0.621	7.6262922869167e-54	16	GNLY
6.16761798955998e-55	0.275963427267813	0.829	0.815	1.850285396868e-51	16	TNFRSF4
4.49436284333166e-54	-0.34217766665862	0.923	0.849	1.3483088529995e-50	16	GPX1
5.89035380409764e-54	0.327671885606433	0.609	0.578	1.76710614122929e-50	16	CDKN2C
1.02737533283753e-51	0.639125398061026	0.796	0.831	3.08212599851259e-48	16	IGJ
5.38121415090653e-51	-0.550732536527683	0.732	0.754	1.61436424527196e-47	16	AIF1
1.65096565770232e-50	0.311981974478227	0.582	0.589	4.95289697310696e-47	16	PRR11
5.84339980204642e-49	0.386530703835483	0.688	0.681	1.75301994061393e-45	16	HIST1H2BF
7.93839623917483e-49	0.409455044300749	0.58	0.56	2.38151887175245e-45	16	SGOL2
1.63336405611482e-47	-1.09589204348197	0.929	0.943	4.90009216834445e-44	16	TNFAIP3
5.05056189179672e-47	0.344520222014697	0.914	0.867	1.51516856753902e-43	16	HSP90B1
5.71431722783782e-47	0.523337385391836	0.714	0.774	1.71429516835135e-43	16	MZB1
7.74319531603396e-47	-0.63699553183131	0.655	0.792	2.32295859481019e-43	16	CCR7
3.40539410722258e-45	-0.448300085058105	0.392	0.617	1.02161823216677e-41	16	TCF7
4.0209665904425e-45	-0.964361158848739	0.541	0.437	1.20628997713275e-41	16	S100A8
7.69398279619414e-45	0.264210322592186	0.516	0.421	2.30819483885824e-41	16	SKA1
1.76621994964413e-44	0.291697413552522	0.785	0.846	5.29865984893239e-41	16	FOXP3
5.99095298715041e-44	-0.422513530952837	0.394	0.601	1.79728589614512e-40	16	LOC101929065
7.67539239280919e-43	-0.307554489184639	0.32	0.584	2.30261771784276e-39	16	LOC102725101
9.51861856459033e-43	-0.365219095713225	0.605	0.729	2.8555855693771e-39	16	SATB1
2.46313396610546e-41	-0.568211618408653	0.776	0.846	7.38940189831639e-38	16	SAMHD1
1.01041568207645e-39	0.77125509633165	0.828	0.796	3.03124704622936e-36	16	GZMA
5.43950585384894e-39	-1.12517809751763	0.7	0.749	1.63185175615468e-35	16	FOSB
3.37172684466492e-38	-0.936554609104854	0.751	0.781	1.01151805339948e-34	16	SLC2A3
4.84850293958439e-38	-1.27567955180925	0.799	0.82	1.45455088187532e-34	16	GADD45B
1.67048225773243e-37	-0.313365950415267	0.786	0.693	5.0114467731973e-34	16	MT1X
5.19428045318534e-37	-0.933229574436467	0.923	0.9	1.5582841359556e-33	16	PPP1R15A
5.96284315836399e-37	-0.958660290719424	0.945	0.939	1.7888529475092e-33	16	DNAJB1
1.11371453953211e-36	-0.869126545789968	0.641	0.774	3.34114361859633e-33	16	TIMP1
1.95514740403383e-36	-0.579310314904866	0.81	0.865	5.86544221210149e-33	16	CD55
8.46909353724661e-36	-0.926232088037298	0.988	0.978	2.54072806117398e-32	16	FTL
3.22674868696504e-35	-0.537702799803522	0.445	0.661	9.68024606089511e-32	16	CAPG
1.50513572318145e-34	-0.944838010485117	0.934	0.937	4.51540716954434e-31	16	S100A10
2.85314244601031e-34	0.2906794044691	0.622	0.592	8.55942733803092e-31	16	HIST1H2AB
4.29376536526589e-33	-0.413173601841357	0.69	0.785	1.28812960957977e-29	16	PASK
6.11203129778006e-33	-0.260589581499339	0.982	0.93	1.83360938933402e-29	16	RGS1
1.26678419767503e-32	-0.953982033723588	0.978	0.96	3.8003525930251e-29	16	KLF6
2.47767231509847e-32	0.405423270655455	0.696	0.752	7.4330169452954e-29	16	CD79A
6.58708495401763e-32	-1.11318843382948	0.986	0.972	1.97612548620529e-28	16	NFKBIA
2.46452317309175e-31	0.262022345393817	0.777	0.73	7.39356951927526e-28	16	CD8B
7.29702292068148e-30	0.376565820215703	0.642	0.671	2.18910687620444e-26	16	HIST1H2AG
1.52871331450611e-28	-0.29367438224644	0.563	0.69	4.58613994351833e-25	16	LIPA
1.62447980592118e-28	-0.632542875282001	0.663	0.805	4.87343941776355e-25	16	NPC2
1.33496791004292e-27	-0.339827857824024	0.574	0.705	4.00490373012876e-24	16	CDC14A
1.98508372859285e-27	-0.662167076331545	0.669	0.728	5.95525118577854e-24	16	SOCS3
6.11640849286307e-27	-0.839456235535091	0.58	0.652	1.83492254785892e-23	16	KLF2
1.35511378430755e-26	-0.780616911751405	0.627	0.568	4.06534135292265e-23	16	BMS1P20
2.06631925785356e-26	-0.57487091744005	0.495	0.639	6.19895777356068e-23	16	KLRG1
3.65596661907123e-26	-0.347058190504669	0.426	0.642	1.09678998572137e-22	16	C1QA
5.91001298051982e-26	0.270920782793499	0.625	0.648	1.77300389415595e-22	16	HIST1H3H
6.39346586466324e-26	-0.940410232297614	0.749	0.783	1.91803975939897e-22	16	TAGAP
2.34547463908843e-25	0.392036783029942	0.648	0.641	7.03642391726529e-22	16	HIST1H4F
8.23307407394419e-25	-0.779881953116097	0.531	0.635	2.46992222218326e-21	16	AOAH
1.135175456959e-24	-0.862585401069817	0.847	0.844	3.40552637087699e-21	16	SERTAD1
3.49933477812923e-24	-0.272754131073263	0.462	0.62	1.04980043343877e-20	16	BEX2
6.46525682045362e-24	-0.746134373439119	0.613	0.687	1.93957704613609e-20	16	AHNAK
7.18991713226439e-24	-0.768570302550405	0.992	0.986	2.15697513967932e-20	16	PABPC1
1.11904172541986e-23	-1.1867526422177	0.81	0.808	3.35712517625958e-20	16	CCL5
1.1203225014294e-23	-0.25997021292819	0.512	0.673	3.36096750428819e-20	16	P2RY8
1.21493565232482e-23	-0.401359724105637	0.692	0.806	3.64480695697445e-20	16	GPR171
1.59126633533733e-21	-1.00833602889073	0.944	0.93	4.77379900601198e-18	16	DDIT4
2.66290002426911e-21	-0.991085058627635	0.598	0.671	7.98870007280732e-18	16	AREG
2.75824347017552e-21	0.257732347810856	0.502	0.508	8.27473041052655e-18	16	TTK
1.93232544805773e-20	-0.485044416608473	0.509	0.624	5.79697634417318e-17	16	BCL2A1
4.41086731694384e-20	-0.722678245923715	0.755	0.786	1.32326019508315e-16	16	GPR183
8.46160246215331e-20	1.28141861311407	0.73	0.74	2.53848073864599e-16	16	LOC100293211
4.75498968817728e-19	-0.775328386085317	0.999	0.989	1.42649690645319e-15	16	FTH1
8.56335002950539e-19	-0.365593285537868	0.635	0.696	2.56900500885162e-15	16	S1PR1
1.11362534788569e-18	-0.253196380980553	0.64	0.603	3.34087604365708e-15	16	LOC101060038
2.66727176425267e-18	-0.956155455607484	0.581	0.641	8.00181529275802e-15	16	EGR1
5.23224042720291e-18	0.340158229480817	0.602	0.685	1.56967212816087e-14	16	HIST2H2AB
5.45781434616249e-18	-0.288281455998206	0.954	0.859	1.63734430384875e-14	16	ATP6V0C
7.87278745401039e-18	-0.258873869611362	0.861	0.881	2.36183623620312e-14	16	SELL
2.25184165105879e-17	-0.291201658567994	0.561	0.669	6.75552495317637e-14	16	SYTL2
4.23818620710249e-17	-0.634042324673165	0.692	0.726	1.27145586213075e-13	16	PIK3R1
7.40202433825676e-17	-0.312696092636365	0.951	0.875	2.22060730147703e-13	16	DNAJA1
6.51840717562926e-16	-0.587299726954875	0.643	0.742	1.95552215268878e-12	16	UPP1
1.25301753257656e-15	-0.259098545764904	0.465	0.409	3.75905259772967e-12	16	CCL4L1
1.56672512979492e-15	0.553749094687301	0.774	0.85	4.70017538938475e-12	16	IGLL5
3.74211228578157e-15	-0.490494273450041	0.612	0.647	1.12263368573447e-11	16	ERN1
4.40432133559317e-15	-0.504109275162217	0.515	0.643	1.32129640067795e-11	16	HOPX
5.09715888843342e-15	-0.590580229805515	0.591	0.654	1.52914766653003e-11	16	MYADM
5.66722813235764e-15	-0.375940081656946	0.659	0.734	1.70016843970729e-11	16	CH25H
5.8869814787468e-15	-0.295004116753876	0.516	0.453	1.76609444362404e-11	16	ODC1
6.6651948151018e-15	0.265538280877993	0.522	0.592	1.99955844453054e-11	16	KIF20A
6.82576231144053e-15	-0.999476152394955	0.708	0.782	2.04772869343216e-11	16	CTSW
7.57516553703428e-15	-0.660805137204419	0.4	0.606	2.27254966111029e-11	16	SERPINA1
1.06134654851885e-14	-1.18183087679269	0.625	0.604	3.18403964555655e-11	16	TYROBP
1.42856042139609e-14	-0.78271636313355	0.616	0.666	4.28568126418826e-11	16	DUSP2
5.72667711036347e-14	-0.472552111904785	0.629	0.718	1.71800313310904e-10	16	FAM65B
1.25958911112878e-13	-0.307924172849635	0.559	0.698	3.77876733338635e-10	16	CLIC3
1.73360072780053e-13	-0.741020667425215	0.765	0.755	5.2008021834016e-10	16	NR4A2
2.57061599422159e-13	-0.370292296003209	0.567	0.487	7.71184798266476e-10	16	SNORA78
3.23240830517432e-12	-0.294015850350594	0.37	0.548	9.69722491552296e-09	16	PLAUR
6.02025288686569e-12	-0.290102736150839	0.571	0.675	1.80607586605971e-08	16	SMIM3
1.06314247575589e-11	-0.421551212264281	0.984	0.967	3.18942742726766e-08	16	IFITM1
4.24833173081542e-11	-0.387492398250546	0.482	0.6	1.27449951924463e-07	16	TUBB2A
6.1795718593439e-11	-1.06129030994955	0.628	0.711	1.85387155780317e-07	16	GZMK
6.32315323945609e-11	-0.252382712694525	0.59	0.627	1.89694597183683e-07	16	MS4A6A
8.01838987319416e-11	-0.554334932815339	0.414	0.553	2.40551696195825e-07	16	C1orf162
8.26534332288981e-11	-0.384624531556065	0.827	0.763	2.47960299686694e-07	16	PRF1
1.41788088672092e-10	-0.712514666333548	0.545	0.637	4.25364266016276e-07	16	GLUL
1.71082070004098e-10	-0.601543915157057	0.85	0.857	5.13246210012294e-07	16	FAIM3
1.99081496472863e-10	-0.456165093372218	0.583	0.545	5.97244489418589e-07	16	LST1
5.52937301391277e-10	-0.384530977615506	0.705	0.593	1.65881190417383e-06	16	PRKCQ-AS1
5.69084683467193e-10	-0.585213638617431	0.714	0.809	1.70725405040158e-06	16	ATF3
5.75550290740228e-10	-0.639140836952962	0.719	0.739	1.72665087222068e-06	16	DDIT3
1.3233789646989e-09	-0.26772332223728	0.378	0.425	3.97013689409669e-06	16	BCL3
1.59545915474624e-09	-0.286021766667579	0.469	0.558	4.78637746423872e-06	16	FXYD1
1.65686934216248e-09	-0.279744052692693	0.772	0.72	4.97060802648744e-06	16	SOD2
1.71288951862626e-09	-0.299277927763299	0.532	0.614	5.13866855587877e-06	16	PER1
1.74222041551098e-09	-0.527805223944531	0.458	0.442	5.22666124653293e-06	16	SOCS1
1.78174073575251e-09	-0.659733681782245	0.831	0.845	5.34522220725754e-06	16	RNASET2
2.66454361944935e-09	-0.460619695823485	1	1	7.99363085834806e-06	16	RNR2
3.61554423222114e-09	-0.9838975001725	0.435	0.462	1.08466326966634e-05	16	S100A9
5.45043593645646e-09	-0.299981405090178	0.514	0.674	1.63513078093694e-05	16	SPI1
2.40880383727161e-08	-0.618327147551438	0.958	0.942	7.22641151181484e-05	16	S100A6
3.01520651034833e-08	-0.303685137836385	0.661	0.604	9.045619531045e-05	16	TPST2
4.27394151127953e-08	-0.288182676296087	0.987	0.983	0.000128218245338386	16	VIM
8.96043745658655e-08	-0.411910515516533	0.681	0.753	0.000268813123697597	16	TRAT1
1.01225402262964e-07	-0.365768080875886	0.422	0.439	0.000303676206788892	16	FCGR3A
1.71346115167469e-07	-0.279140888789914	0.368	0.522	0.000514038345502408	16	FGFBP2
2.03267306901616e-07	-0.260275929518722	0.554	0.529	0.000609801920704848	16	KLRK1
2.73279042149174e-07	-0.355540164828458	0.689	0.652	0.000819837126447523	16	CDKN1A
4.13949312514162e-07	-0.603302296552405	0.778	0.762	0.00124184793754249	16	CSRNP1
6.56049974512695e-07	-0.317876263076597	0.838	0.737	0.00196814992353809	16	NFKBIZ
8.27428514017661e-07	-0.577051307174463	0.653	0.672	0.00248228554205298	16	ZNF331
2.85232979583097e-06	-0.269653844340073	0.58	0.633	0.00855698938749291	16	NABP1
3.21349665194207e-06	-0.800145290186947	0.495	0.576	0.00964048995582622	16	RGCC
5.23225426129462e-06	-0.344004092330629	0.498	0.587	0.0156967627838839	16	SESN1
7.99548541083385e-06	-0.28441275281523	0.815	0.771	0.0239864562325015	16	BIRC3
1.18921880472116e-05	-0.582994016670364	0.837	0.78	0.0356765641416349	16	NKG7
1.44623893608805e-05	-0.368511386563058	0.911	0.843	0.0433871680826414	16	EMP3
