p_val	avg_log2FC	pct.1	pct.2	p_val_adj	cluster	gene
0	3.65465438323161	0.96	0.541	0	15	MS4A1
0	3.01882555005679	0.934	0.757	0	15	CD79A
0	2.58241352527396	1	0.982	0	15	CD74
0	2.51128896296895	0.96	0.635	0	15	CD19
0	2.4264699275021	0.878	0.639	0	15	BANK1
0	2.42588076483913	0.956	0.666	0	15	HLA-DQB1
0	2.1897751497759	0.794	0.556	0	15	SMIM14
0	2.13455271380753	0.779	0.53	0	15	NAPSB
0	2.08180772733069	0.824	0.693	0	15	CD24
0	2.02984810239851	0.745	0.547	0	15	LINC00926
0	2.01293083975435	0.9	0.556	0	15	FCRLA
0	1.74055520559665	0.73	0.583	0	15	IRF8
0	1.71097660501491	0.97	0.814	0	15	LOC100996809
0	1.70735455375657	0.72	0.601	0	15	ARHGAP24
0	1.63249839558724	0.918	0.819	0	15	SYNGR2
0	1.5979456352474	0.874	0.651	0	15	TSPAN3
0	1.58919137031999	0.867	0.808	0	15	CTSH
0	1.55026246240759	0.844	0.704	0	15	HLA-DMA
0	1.49672652940499	0.952	0.806	0	15	HLA-DRB4
0	1.46769449418283	0.938	0.66	0	15	CAPG
0	1.43782835971594	0.729	0.682	0	15	POU2AF1
0	1.41511331600274	0.815	0.597	0	15	CD40
0	1.38838404730481	0.788	0.639	0	15	SYK
0	1.36809496964423	0.774	0.659	0	15	SCIMP
0	1.34374272013953	0.71	0.5	0	15	HLA-DOB
0	1.32103764946424	0.872	0.749	0	15	ID3
0	1.29745078705126	0.832	0.62	0	15	HLA-DRB1
0	1.19308975017038	0.738	0.5	0	15	CYBB
0	1.15418731411969	0.857	0.569	0	15	BTK
0	1.14084354365504	0.758	0.484	0	15	PDLIM1
0	1.12024349947411	0.833	0.73	0	15	CCDC50
0	1.11663195532044	0.763	0.57	0	15	TFEB
0	1.11106330422752	0.871	0.711	0	15	CXCR5
0	1.1060552280256	0.88	0.682	0	15	GRN
0	0.892661047673771	0.748	0.58	0	15	CD86
0	0.828921831792483	0.903	0.607	0	15	VOPP1
0	0.700863521028284	0.849	0.665	0	15	SPI1
0	0.671235344436241	0.758	0.609	0	15	FAM49A
0	0.643840082431104	0.736	0.797	0	15	FCRL4
0	0.631957333707807	0.795	0.541	0	15	FAM26F
0	0.629469523254551	0.871	0.426	0	15	RAB31
0	0.614026136628462	0.752	0.578	0	15	FCRL5
0	0.546451611557495	0.756	0.617	0	15	LOC102724608
0	0.517802545626964	0.793	0.723	0	15	CXorf21
0	0.4279041195684	0.81	0.486	0	15	SLC2A6
0	0.414106825961441	1	0.999	0	15	RPS8
0	0.35647119390769	0.794	0.713	0	15	ZBTB32
0	0.312931020710803	0.777	0.601	0	15	PPAP2B
0	-0.253800543790211	0.114	0.721	0	15	NPDC1
0	-0.254755736348382	0.075	0.675	0	15	TIAM1
0	-0.257945295151354	0.139	0.838	0	15	IL1R2
0	-0.263671438594141	0.263	0.746	0	15	GK
0	-0.263675821665044	0.01	0.62	0	15	LINC01272
0	-0.27451260148523	0.246	0.749	0	15	GPR25
0	-0.292239120868716	0.112	0.748	0	15	TNFRSF9
0	-0.307221639756961	0.125	0.793	0	15	CTSL
0	-0.310463262836123	0.063	0.747	0	15	LOC102724246
0	-0.3124123315822	0.077	0.762	0	15	FAAH2
0	-0.313396664719375	0.071	0.65	0	15	APOE
0	-0.328810784040274	0.137	0.685	0	15	LAMP2
0	-0.331504707688468	0.259	0.787	0	15	HAVCR2
0	-0.333486821184281	0.063	0.761	0	15	LAIR2
0	-0.335142114047237	0.24	0.747	0	15	IKZF2
0	-0.338124294212454	0.244	0.815	0	15	APOC1
0	-0.35483342453874	0.109	0.818	0	15	NGFRAP1
0	-0.363752541640539	0.278	0.788	0	15	STAM
0	-0.364935919714477	0.061	0.746	0	15	FBLN7
0	-0.370935175839444	0.142	0.851	0	15	ICA1
0	-0.397973065767329	0.222	0.728	0	15	NDFIP2
0	-0.440202676809214	0.178	0.834	0	15	TXK
0	-0.440959071185712	0.283	0.753	0	15	JAKMIP1
0	-0.453515426398646	0.031	0.734	0	15	NMB
0	-0.494357828099098	0.294	0.753	0	15	MAGEH1
0	-0.498854458113133	0.342	0.868	0	15	RTKN2
0	-0.521856912495678	0.205	0.767	0	15	HOXB2
0	-0.530691266113638	0.365	0.785	0	15	PASK
0	-0.601892009149062	0.18	0.844	0	15	MT1E
0	-0.628389934797369	0.346	0.77	0	15	SDF2L1
0	-0.64290361812834	0.19	0.845	0	15	FOXP3
0	-0.694846873244103	0.084	0.758	0	15	CD4
0	-0.705484177045758	0.152	0.726	0	15	LEF1
0	-0.714547652105049	0.374	0.926	0	15	TNFSF13B
0	-0.735483608272352	0.201	0.788	0	15	IL6ST
0	-0.77099205469506	0.122	0.853	0	15	MAL
0	-0.775658588385187	0.343	0.794	0	15	ITGAE
0	-0.814709449998635	0.195	0.734	0	15	PTGER2
0	-0.829088045633233	0.342	0.742	0	15	HNRNPLL
0	-0.849583598626961	0.22	0.746	0	15	GATA3
0	-0.857566605706348	0.258	0.769	0	15	AQP3
0	-0.955148468110011	0.256	0.744	0	15	UPP1
0	-0.960899513270961	0.379	0.75	0	15	TRAT1
0	-0.964474474923051	0.436	0.802	0	15	GPR171
0	-0.965897133971385	0.227	0.802	0	15	GCHFR
0	-0.97793731794643	0.354	0.827	0	15	TNFRSF18
0	-0.986589778861627	0.459	0.788	0	15	TOB1
0	-0.987076232072594	0.266	0.842	0	15	SAMHD1
0	-1.02812645499525	0.162	0.776	0	15	CXCR6
0	-1.03184819645201	0.29	0.728	0	15	SH2D1A
0	-1.07260434699242	0.221	0.802	0	15	PDCD1
0	-1.08501379511404	0.339	0.782	0	15	FKBP11
0	-1.11719227765184	0.282	0.818	0	15	TNFRSF4
0	-1.12781940583234	0.192	0.848	0	15	SIRPG
0	-1.21373615950757	0.243	0.86	0	15	CTLA4
0	-1.27479198458406	0.478	0.858	0	15	PRDM1
0	-1.29051121902826	0.343	0.776	0	15	ID2
0	-1.30993646960977	0.195	0.812	0	15	TMEM173
0	-1.33548802258517	0.364	0.827	0	15	LGALS3
0	-1.39965626054089	0.742	0.831	0	15	SH2D2A
0	-1.48305321675109	0.533	0.854	0	15	TIGIT
0	-1.51855966400446	0.274	0.809	0	15	ITM2A
0	-1.51973854618653	0.686	0.848	0	15	CLEC2B
0	-1.57390184290195	0.859	0.943	0	15	S100A6
0	-1.81061168186985	0.625	0.936	0	15	S100A10
0	-1.93561768966025	0.103	0.749	0	15	KLRB1
0	-2.01191637555756	0.118	0.761	0	15	PRF1
0	-2.03002555852203	0.155	0.705	0	15	GZMK
0	-2.03127395714888	0.899	0.991	0	15	SRGN
0	-2.12638924867177	0.764	0.925	0	15	MT2A
0	-2.34970740056276	0.515	0.942	0	15	TNFAIP3
0	-2.36072336660413	0.752	0.962	0	15	S100A4
0	-2.46183253492282	0.254	0.83	0	15	ANXA1
0	-2.66600532406699	0.141	0.729	0	15	GZMB
0	-2.74532330112875	0.314	0.884	0	15	IL7R
0	-2.77756483144033	0.197	0.792	0	15	GZMA
0	-2.88691083722415	0.358	0.86	0	15	CST7
0	-2.97741532249351	0.349	0.78	0	15	NKG7
0	-3.06752619450163	0.524	0.928	0	15	CD7
0	-3.31033555662151	0.359	0.808	0	15	CCL5
0	-3.5843405751728	0.488	0.957	0	15	IL32
3.89707937312138e-301	-1.4194893947507	0.716	0.963	1.16912381193641e-297	15	LDHB
1.3270700889277e-300	-0.883875702709653	0.548	0.841	3.98121026678311e-297	15	P4HB
5.94468263623861e-299	0.71233178508091	0.76	0.693	1.78340479087158e-295	15	GPR34
1.69340537801551e-298	-0.767372400801753	0.25	0.749	5.08021613404652e-295	15	AIF1
5.97580903031689e-294	-1.59985414459954	0.265	0.732	1.79274270909507e-290	15	CD8B
6.66773760165751e-292	-1.20323448876521	0.099	0.72	2.00032128049725e-288	15	LAG3
4.2207658470879e-291	-0.427235765658157	0.217	0.693	1.26622975412637e-287	15	TESPA1
6.24179400110861e-291	0.557385806981435	0.79	0.562	1.87253820033258e-287	15	HLA-DRB3
2.91407319479945e-290	-1.42510625274299	0.869	0.983	8.74221958439835e-287	15	VIM
4.36946783700353e-290	-1.42024262166795	0.493	0.819	1.31084035110106e-286	15	CLDND1
5.49438733130793e-286	0.418557411651297	0.849	0.644	1.64831619939238e-282	15	DNAAF2
1.25342972066685e-284	-0.419635800137552	0.238	0.675	3.76028916200055e-281	15	CDK6
7.83786717979123e-284	-0.42330769065243	0.226	0.727	2.35136015393737e-280	15	SATB1
3.11074324454377e-283	-0.274717282456826	0.245	0.67	9.33222973363131e-280	15	MCM6
1.61577457299377e-282	-2.12681796213676	0.273	0.707	4.84732371898132e-279	15	CXCL13
1.41361039173139e-281	1.7779655914525	0.736	0.671	4.24083117519417e-278	15	CD79B
8.57668476243106e-280	-1.14159054739317	0.867	0.947	2.57300542872932e-276	15	LDHA
9.38705293321121e-278	0.966897931829774	0.68	0.503	2.81611587996336e-274	15	CD22
1.8002691545028e-275	-1.91982951333635	0.579	0.782	5.40080746350841e-272	15	CTSW
1.45548681134436e-274	-0.629391469302142	0.395	0.824	4.36646043403307e-271	15	RNF19A
1.36906266485007e-273	-0.593096624898052	0.334	0.787	4.1071879945502e-270	15	GBP2
9.68765228796794e-272	-0.376599913462098	0.122	0.702	2.90629568639038e-268	15	FBXO32
3.04707632034861e-270	-0.779401853541181	0.441	0.804	9.14122896104583e-267	15	RBPJ
7.37430945845652e-268	-0.577202405468816	0.126	0.709	2.21229283753696e-264	15	CD28
1.19826043470581e-266	-0.899532271299214	0.532	0.844	3.59478130411743e-263	15	ANXA5
7.62807740833606e-264	-0.556112774719083	0.351	0.726	2.28842322250082e-260	15	CH25H
5.2347046011039e-263	-1.10857993816889	0.645	0.876	1.57041138033117e-259	15	CTSD
5.61531477940011e-261	-0.514137671182389	0.337	0.746	1.68459443382003e-257	15	NUCB2
3.75000611538045e-258	-1.30593515738976	0.875	0.976	1.12500183461414e-254	15	JUN
3.5203676727175e-257	-0.388849678499331	0.279	0.742	1.05611030181525e-253	15	PDE4D
5.25785117102515e-256	-0.573122242672883	0.187	0.692	1.57735535130755e-252	15	TNFRSF25
4.38708191932214e-255	0.947113593156749	0.703	0.467	1.31612457579664e-251	15	FCGR2B
8.47967854477959e-253	-0.883062418233368	0.341	0.764	2.54390356343388e-249	15	APOBEC3G
2.74164559753444e-252	1.74748079856126	0.741	0.633	8.22493679260332e-249	15	CD83
5.56952054406079e-251	-0.529694599448068	0.244	0.622	1.67085616321824e-247	15	LOC102725018
8.85604069609923e-249	0.827885522654622	0.756	0.652	2.65681220882977e-245	15	THEMIS2
3.95566848661842e-248	-0.308686594937276	0.063	0.674	1.18670054598553e-244	15	SERINC5
6.47371802360258e-248	0.451193309731229	0.792	0.55	1.94211540708077e-244	15	ZEB2
1.73917002413099e-247	0.391502806882993	0.836	0.603	5.21751007239297e-244	15	FUOM
7.46213035071991e-246	-0.405715679704838	0.469	0.826	2.23863910521597e-242	15	MTHFD2
2.58868010998329e-243	-1.00480123175231	0.956	0.981	7.76604032994987e-240	15	SH3BGRL3
2.6939576430865e-243	-1.39634176584487	0.898	0.932	8.08187292925949e-240	15	S100A11
4.4634274617604e-242	-1.55090283948486	0.95	0.973	1.33902823852812e-238	15	NFKBIA
1.66473791293328e-240	-0.310968549059646	0.27	0.672	4.99421373879982e-237	15	NUDT16
9.30057277199307e-237	1.31028310815698	0.691	0.564	2.79017183159792e-233	15	SPIB
4.25590983528519e-236	0.645120627519125	0.854	0.773	1.27677295058556e-232	15	IFI44L
6.94523537336834e-234	-0.951582659977669	0.493	0.779	2.0835706120105e-230	15	TNFRSF1B
1.06980202443135e-231	-1.86578898902265	0.278	0.71	3.20940607329404e-228	15	CD8A
1.10549739578492e-230	-1.39451481529997	0.122	0.609	3.31649218735476e-227	15	CCL3
1.00688498156118e-229	1.1268777412988	0.678	0.542	3.02065494468353e-226	15	BLNK
1.32696772565875e-229	-0.269046714602416	0.171	0.613	3.98090317697625e-226	15	APLP2
3.12434685942673e-228	1.14858997841148	0.894	0.828	9.37304057828018e-225	15	CD82
1.22404896001852e-226	-0.284341426101425	0.058	0.645	3.67214688005555e-223	15	KIR2DL4
3.91202824284566e-224	-0.723535020567917	0.064	0.662	1.1736084728537e-220	15	KLRC2
1.85646633713387e-223	-0.840317062507894	0.219	0.705	5.56939901140161e-220	15	AMICA1
6.34488167503178e-223	-0.549796397382214	0.164	0.679	1.90346450250953e-219	15	AGTRAP
2.29412826947985e-222	-0.272638845576061	0.369	0.725	6.88238480843954e-219	15	TBC1D4
2.48348921723534e-221	0.462555337496531	0.859	0.66	7.45046765170601e-218	15	MAT2A
5.5940495640329e-220	-0.681388381669528	0.605	0.795	1.67821486920987e-216	15	BTG3
1.82005094752858e-219	-0.447347628924466	0.16	0.702	5.46015284258574e-216	15	CDC14A
1.09830337634905e-218	1.59932914897023	0.692	0.666	3.29491012904715e-215	15	TNFRSF13B
5.34902928386596e-218	-1.50030818865978	0.17	0.583	1.60470878515979e-214	15	CST3
5.50225076360699e-218	-0.521851444516123	0.054	0.676	1.6506752290821e-214	15	LPAR6
3.61086547350433e-216	-3.24847451313964	0.174	0.681	1.0832596420513e-212	15	CCL4
2.34840636030794e-215	-0.780265617249758	0.248	0.706	7.04521908092382e-212	15	IL2RB
6.33681692206586e-214	-0.261007844238856	0.264	0.705	1.90104507661976e-210	15	SKA2
1.71246708827967e-213	-0.3964722328765	0.079	0.659	5.13740126483902e-210	15	APOBEC3H
5.38490568250485e-212	-0.85577212147533	0.368	0.716	1.61547170475145e-208	15	H2AFV
3.94338479867024e-211	-0.531935574464816	0.397	0.75	1.18301543960107e-207	15	H2AFY
5.69105083325286e-211	0.50340724773225	0.71	0.674	1.70731524997586e-207	15	HDAC9
1.20803741624975e-209	-1.08819982460932	0.651	0.803	3.62411224874925e-206	15	ATF3
1.04645200597295e-208	-0.971402727871233	0.538	0.786	3.13935601791886e-205	15	DUSP4
1.20408740529741e-208	-0.458700129683904	0.435	0.789	3.61226221589222e-205	15	RTN4
7.69836854943734e-208	-0.948419732002502	0.784	0.835	2.3095105648312e-204	15	IGJ
2.2753561994781e-207	0.710422909411862	0.865	0.758	6.82606859843431e-204	15	MX1
7.60962518469984e-206	0.581522251416052	0.649	0.47	2.28288755540995e-202	15	UBE2E2
1.58545778421678e-205	0.871624120764587	0.781	0.687	4.75637335265033e-202	15	SKAP2
5.18085384467477e-205	-0.615342281628673	0.096	0.673	1.55425615340243e-201	15	NELL2
5.44347027339586e-204	-0.480368713675139	0.026	0.671	1.63304108201876e-200	15	SMIM3
2.50181197234991e-203	-0.543212241912783	0.25	0.623	7.50543591704973e-200	15	PELO
2.7395231661643e-203	-0.362107915883101	0.221	0.695	8.2185694984929e-200	15	IL21R
1.69552466361114e-202	-0.464544645294379	0.137	0.614	5.08657399083343e-199	15	TCF7
2.96862048020191e-200	-0.358810952307589	0.155	0.546	8.90586144060573e-197	15	C1orf162
1.59404008581691e-199	-1.25473898201821	0.678	0.791	4.78212025745073e-196	15	BATF
6.8773029902916e-198	-0.793953795105932	0.483	0.782	2.06319089708748e-194	15	CDK2AP2
1.03411018864971e-197	-1.16831627565874	0.995	0.985	3.10233056594913e-194	15	ZFP36
1.19118710464474e-197	-0.448030590317651	0.091	0.661	3.57356131393423e-194	15	DUSP16
3.25189804176341e-197	0.953248788953304	0.689	0.683	9.75569412529023e-194	15	HLA-DOA
1.11114271683129e-195	0.342249743627736	1	0.998	3.33342815049387e-192	15	RPS18
1.50614501063397e-195	-0.915202910728363	0.538	0.432	4.51843503190192e-192	15	S100A8
1.6742976114907e-195	-0.600479443794751	0.484	0.725	5.0228928344721e-192	15	PTTG1
5.25424201719734e-190	-0.424379119927398	0.317	0.73	1.5762726051592e-186	15	PDCL3
6.16648599385292e-190	1.03593992775654	0.652	0.575	1.84994579815588e-186	15	GNG7
7.28983202077242e-190	-0.752483035349957	0.63	0.806	2.18694960623173e-186	15	SLA
6.40530803829733e-189	-0.53492545979143	0.393	0.719	1.9215924114892e-185	15	SOD2
4.73049041243274e-188	0.978877698224564	0.765	0.63	1.41914712372982e-184	15	BCL2A1
4.47518370160881e-185	-0.263117468211944	0.33	0.711	1.34255511048264e-181	15	GALNT2
7.43871683584574e-185	-0.265894055299365	0.045	0.642	2.23161505075372e-181	15	TMIGD2
7.8539362900381e-183	-1.10823948665392	0.944	0.982	2.35618088701143e-179	15	MYL6
3.97318955491741e-181	-0.291792977494034	0.041	0.619	1.19195686647522e-177	15	LOC100996286
1.13524260175269e-178	-0.346242571155856	0.364	0.724	3.40572780525806e-175	15	TMEM2
1.77383103922916e-175	-0.321852699493234	0.066	0.65	5.32149311768748e-172	15	TNIP3
4.53515671198524e-175	-0.530591599697095	0.149	0.667	1.36054701359557e-171	15	SYTL2
9.82615304039178e-175	-0.977298853761051	0.933	0.967	2.94784591211753e-171	15	IFITM1
2.14533363063818e-174	-0.354895043230432	0.034	0.644	6.43600089191454e-171	15	MS4A6A
5.69237967502485e-173	0.297160282715852	0.249	0.547	1.70771390250746e-169	15	TSPAN13
1.7538663984354e-171	0.727733356355531	0.894	0.827	5.26159919530621e-168	15	ACP5
5.04812500799146e-171	0.52502276953698	0.749	0.612	1.51443750239744e-167	15	PLEK
2.60118274325963e-170	1.00142862069106	0.74	0.668	7.8035482297789e-167	15	MYC
6.11042696731282e-170	-1.7584055487916	0.088	0.567	1.83312809019385e-166	15	LYZ
1.94182444152924e-169	-0.286572292271811	0.18	0.664	5.82547332458771e-166	15	CD59
2.46671971981486e-168	0.912945069399428	0.814	0.752	7.40015915944458e-165	15	PTPN6
1.2475030536339e-167	-0.457740487783948	0.355	0.682	3.74250916090169e-164	15	TMEM107
4.03774049117341e-167	-0.721498159937758	0.549	0.722	1.21132214735202e-163	15	RAB27A
4.64488566207e-167	-0.58186554421174	0.055	0.644	1.393465698621e-163	15	MAF
7.37521809003374e-167	0.574573233346089	0.607	0.373	2.21256542701012e-163	15	WDFY4
3.96084238823942e-166	-0.560984906161776	0.508	0.808	1.18825271647183e-162	15	SDCBP
4.62994133504178e-165	-0.682950048907621	0.671	0.814	1.38898240051253e-161	15	C10orf54
1.10204658826215e-164	0.503202728457478	0.815	0.681	3.30613976478645e-161	15	PEA15
2.16906085530817e-164	-0.289434752118642	0.072	0.641	6.50718256592452e-161	15	FRMD4B
4.44357037655189e-162	-0.871877970537846	0.499	0.701	1.33307111296557e-158	15	LYAR
6.47224870320855e-162	0.327748152933517	0.75	0.773	1.94167461096257e-158	15	HMOX1
7.3983347351223e-161	1.31532735008936	0.659	0.614	2.21950042053669e-157	15	MARCH1
7.66200684572424e-161	-0.668724077920396	0.48	0.784	2.29860205371727e-157	15	CD97
1.98897491336783e-158	-0.252765047261983	0.252	0.634	5.9669247401035e-155	15	FAM45A
3.87681623544061e-158	-0.892102700835439	0.661	0.859	1.16304487063218e-154	15	TSPO
1.00751796095585e-157	-0.250190633172485	0.072	0.616	3.02255388286755e-154	15	SLC39A8
1.39981749227983e-156	-1.11395932070104	0.447	0.711	4.1994524768395e-153	15	CKLF
1.73453662465653e-156	-0.273895750749071	0.457	0.78	5.20360987396958e-153	15	SMS
2.05771276682383e-156	-0.498269875301341	0.474	0.777	6.17313830047147e-153	15	LRRFIP1
6.00731174161253e-156	1.25878429545756	0.7	0.669	1.80219352248376e-152	15	IFT57
2.89002131472338e-155	-0.899289263576873	0.373	0.697	8.67006394417015e-152	15	FLT3LG
8.78982367298567e-155	-1.2965940553941	0.072	0.604	2.6369471018957e-151	15	LOC101060038
6.00253316529696e-154	-1.01984696440376	0.97	0.981	1.80075994958909e-150	15	HSPA8
1.04841692422953e-153	0.80003739846459	0.855	0.75	3.14525077268859e-150	15	HMGN3
3.80645558797459e-153	0.359185113757631	0.591	0.408	1.14193667639238e-149	15	SEMA7A
1.6452161311662e-150	0.658750672678946	0.597	0.41	4.93564839349861e-147	15	CPNE5
3.23235028570711e-150	-1.58716677334223	0.105	0.646	9.69705085712131e-147	15	IFNG
3.66926950268185e-150	-0.306734531802529	0.539	0.774	1.10078085080456e-146	15	PPT1
2.38365719296003e-149	-1.12990177352574	0.878	0.912	7.15097157888009e-146	15	BTG2
3.62080809655104e-149	-0.553697629328711	0.493	0.743	1.08624242896531e-145	15	STMN1
5.30212882677158e-148	0.727041574098937	0.61	0.472	1.59063864803147e-144	15	COBLL1
1.10261140318515e-147	-0.459821392996648	0.608	0.81	3.30783420955545e-144	15	UGP2
2.86939559016426e-147	-0.776814991073688	0.659	0.889	8.60818677049277e-144	15	FKBP1A
2.98833742416963e-147	-1.41800434956857	0.214	0.659	8.96501227250889e-144	15	LOC101929531
1.04376490314545e-145	-0.283885516294207	0.532	0.77	3.13129470943634e-142	15	HDLBP
2.34075100582445e-145	1.17017589845449	0.683	0.606	7.02225301747336e-142	15	HLA-DMB
1.19649072674894e-142	-0.425035325365288	0.236	0.652	3.58947218024683e-139	15	PXN
2.29692078421745e-142	-0.79306804314055	0.727	0.848	6.89076235265234e-139	15	CALM3
1.62440797288769e-141	-1.18838437490464	0.873	0.96	4.87322391866306e-138	15	KLF6
1.05298833191127e-140	-0.446651485644217	0.125	0.64	3.1589649957338e-137	15	KLRC4
1.77145365172117e-140	0.493769802206057	0.962	0.925	5.31436095516352e-137	15	GABARAP
2.01618114105996e-140	-0.265596913872779	0.155	0.51	6.04854342317988e-137	15	DFNB31
8.96116492101538e-140	-0.339873071573809	0.064	0.576	2.68834947630462e-136	15	C1QB
1.15804375269781e-138	-0.689601552770059	0.634	0.834	3.47413125809344e-135	15	CARD16
1.8802939819914e-137	-0.81654264662457	0.791	0.853	5.6408819459742e-134	15	CTSC
5.08548323372774e-137	-0.715506913363706	0.673	0.815	1.52564497011832e-133	15	PIM2
8.51197681689207e-137	-0.59234381758983	0.182	0.649	2.55359304506762e-133	15	ERN1
2.85575760202581e-136	0.812036675489866	0.652	0.647	8.56727280607744e-133	15	ALOX5
2.98653992748033e-136	-0.634889252263749	0.252	0.678	8.95961978244098e-133	15	LOC101928173
7.29155493888276e-136	1.01761877141717	0.62	0.586	2.18746648166483e-132	15	LOC101929219
2.60943902032808e-135	-0.722607787058198	0.185	0.656	7.82831706098424e-132	15	GABARAPL1
7.95774153119889e-135	0.309412640102995	0.629	0.622	2.38732245935967e-131	15	CD1D
4.90899381393499e-133	-0.935807714235669	0.288	0.651	1.4726981441805e-129	15	ICOS
7.10568000164664e-133	-0.28257403021123	0.159	0.644	2.13170400049399e-129	15	GADD45A
2.32454931320992e-132	-0.595757314360626	0.998	0.995	6.97364793962976e-129	15	TMSB10
2.68325685668208e-132	-0.550125684924734	0.477	0.766	8.04977057004623e-129	15	HSPB1
4.10708675705617e-132	-0.386921452865384	0.189	0.608	1.23212602711685e-128	15	LOC100130476
1.9400509508938e-131	-0.615070463595309	0.376	0.687	5.82015285268139e-128	15	AHNAK
7.62810727870651e-131	-0.677834231306905	0.595	0.787	2.28843218361195e-127	15	NOSIP
2.29355077259926e-130	-0.981361807434046	0.98	0.98	6.88065231779777e-127	15	FOS
2.36364599771217e-130	0.446831351543696	0.63	0.624	7.09093799313652e-127	15	CDCA7L
4.23594859603337e-130	-0.817365966883981	0.644	0.813	1.27078457881001e-126	15	ITGB2
1.27550282739125e-129	-1.75546420757504	0.138	0.628	3.82650848217375e-126	15	GZMH
7.79187422654446e-129	-0.593207553809384	0.51	0.695	2.33756226796334e-125	15	CCND2
1.08887909409601e-128	-0.324957201276867	0.499	0.772	3.26663728228804e-125	15	GLRX
3.74790509424048e-128	0.580656902802288	0.904	0.786	1.12437152827214e-124	15	SNX3
2.87710404556055e-127	0.632887841251957	0.72	0.718	8.63131213668166e-124	15	FCRL3
4.65421374090481e-127	0.560754375211161	0.651	0.636	1.39626412227144e-123	15	SIGLEC10
8.32812190359879e-127	-0.683408239702883	0.499	0.727	2.49843657107964e-123	15	MIR4435-1HG
1.81793925086319e-125	-0.253638835705562	0.555	0.834	5.45381775258957e-122	15	CCT6A
2.76646525353062e-125	-0.700126771172694	0.524	0.719	8.29939576059186e-122	15	DSTN
6.93895200317793e-125	-1.01078245139542	0.79	0.792	2.08168560095338e-121	15	LINC00152
1.0326744047472e-122	-0.656185888865223	0.032	0.598	3.0980232142416e-119	15	SERPINA1
5.99297578561341e-122	-0.765747462312671	0.971	0.986	1.79789273568402e-118	15	PFN1
2.2093573876808e-121	-0.299125648836934	0.278	0.65	6.6280721630424e-118	15	CNIH4
7.74167629871846e-121	0.513822683500423	0.981	0.861	2.32250288961554e-117	15	ATP6V0C
9.22274112211442e-120	0.340258805919422	0.281	0.544	2.76682233663433e-116	15	NT5E
1.60662955643511e-119	-0.673759818117747	0.685	0.755	4.81988866930533e-116	15	GBP5
5.69364073016696e-119	1.31685781430246	0.635	0.478	1.70809221905009e-115	15	MEF2C
7.21751894949265e-119	-0.627941966693849	0.45	0.735	2.16525568484779e-115	15	NR3C1
1.01764852976505e-118	-0.288893672308166	0.58	0.788	3.05294558929514e-115	15	LDLRAD4
7.33000492684769e-117	0.841977137271145	0.602	0.441	2.19900147805431e-113	15	GAPT
9.75797621860003e-117	-0.413145774859372	0.054	0.613	2.92739286558001e-113	15	OASL
1.61026747622783e-116	-0.757555431155119	0.25	0.633	4.8308024286835e-113	15	KLRG1
1.43741798326207e-115	-0.725859330815538	0.623	0.816	4.31225394978622e-112	15	HMGB2
3.66251414467139e-115	-0.754310378196104	0.523	0.693	1.09875424340142e-111	15	PTGER4
1.85084595640379e-114	-0.773166647416311	0.811	0.853	5.55253786921138e-111	15	ANXA2
5.89665817139588e-114	0.285544090089084	0.351	0.667	1.76899745141877e-110	15	TP53INP1
9.20745310548716e-114	-0.296981786047679	0.688	0.835	2.76223593164615e-110	15	TKT
3.678392472865e-113	-0.629838086370305	0.461	0.707	1.1035177418595e-109	15	H2AFJ
3.95248778370944e-112	-0.830585658182854	0.605	0.816	1.18574633511283e-108	15	TUBA1A
7.82103457502702e-110	-0.267621994459479	0.42	0.711	2.3463103725081e-106	15	KPNA2
7.05171880396119e-109	-0.933581072705249	0.201	0.626	2.11551564118836e-105	15	AOAH
8.19945906914113e-109	-1.01662462176892	0.854	0.931	2.45983772074234e-105	15	DDIT4
4.22431433666453e-108	1.19237900518167	0.608	0.563	1.26729430099936e-104	15	LOC100507616
6.07030889041687e-108	-0.289188022938847	0.249	0.646	1.82109266712506e-104	15	BCL2L1
1.83229358091112e-107	-0.265693957224431	0.091	0.618	5.49688074273336e-104	15	CHN1
2.7629633832069e-107	-0.630244623134647	0.682	0.87	8.2888901496207e-104	15	YWHAQ
8.34097249311042e-107	-0.499815765182345	0.06	0.592	2.50229174793313e-103	15	KLRC3
2.19610006457847e-106	-1.10987369988118	0.384	0.664	6.58830019373542e-103	15	PHLDA1
2.60963370269001e-106	-0.256869420833888	0.234	0.569	7.82890110807004e-103	15	PPP6R2
3.26370366482669e-106	1.28390295665662	0.646	0.589	9.79111099448008e-103	15	POU2F2
7.26740110094196e-106	0.472034176422686	0.903	0.895	2.18022033028259e-102	15	LTB
7.52117444652153e-106	-0.886629031265604	0.72	0.788	2.25635233395646e-102	15	TUBB4B
2.70241269193202e-104	-2.15358630675138	0.188	0.621	8.10723807579605e-101	15	GNLY
3.01721446977657e-102	-0.267714480425401	0.117	0.611	9.05164340932971e-99	15	LOC102724850
3.89931579393836e-102	-0.577456136441343	0.242	0.63	1.16979473818151e-98	15	IER3
8.66875217784791e-102	-1.02076379604165	0.637	0.767	2.60062565335437e-98	15	TIMP1
2.23362000500817e-101	-0.29104639114474	0.65	0.882	6.70086001502451e-98	15	PPA1
4.6894799248337e-101	-0.409988286722552	0.656	0.822	1.40684397745011e-97	15	C19orf10
3.23149073887354e-99	-0.269552312392362	0.581	0.746	9.69447221662062e-96	15	TNFSF10
5.85381114581292e-98	-0.844215128778028	0.996	0.995	1.75614334374387e-94	15	GAPDH
8.01759002987514e-98	-0.46393714017109	0.548	0.731	2.40527700896254e-94	15	ICAM2
1.05192102156877e-97	-0.293930976219164	0.041	0.593	3.15576306470632e-94	15	CPNE7
1.80892480235118e-97	-0.389063599388399	0.605	0.716	5.42677440705354e-94	15	MGAT1
3.91495011346531e-97	-0.822584706310778	0.593	0.764	1.17448503403959e-93	15	CD63
5.62432192222756e-97	-0.282354666409076	0.489	0.775	1.68729657666827e-93	15	RAD21
3.93645872112488e-96	0.307825719832919	0.602	0.549	1.18093761633746e-92	15	GSN
1.10443186810638e-94	-0.356538580626921	0.482	0.667	3.31329560431913e-91	15	S1PR4
1.13177216578083e-94	0.407965300907228	0.897	0.812	3.39531649734248e-91	15	CKS2
4.41693149104017e-94	-0.828675016754672	0.704	0.683	1.32507944731205e-90	15	PIM1
4.2123122687928e-93	0.5715503843125	0.58	0.415	1.26369368063784e-89	15	DOK3
5.89815266462312e-93	-0.652064169190141	0.625	0.844	1.76944579938694e-89	15	CSTB
1.69705566292604e-91	-0.893049041089584	0.317	0.637	5.09116698877811e-88	15	GLUL
2.33774089476876e-91	-0.35770181476061	0.461	0.726	7.01322268430628e-88	15	VIMP
3.55348310963196e-91	-0.454205402457525	0.323	0.599	1.06604493288959e-87	15	CDC25B
1.49751599537748e-90	0.462378933260447	0.637	0.624	4.49254798613244e-87	15	SNX8
2.12951657007233e-90	-0.287164324522414	0.747	0.853	6.38854971021698e-87	15	LIMS1
3.94026394981519e-90	0.409563767695084	0.391	0.232	1.18207918494456e-86	15	BHLHE41
1.61006934008234e-88	-0.834358125904912	0.615	0.792	4.83020802024702e-85	15	LGALS1
1.86946230096766e-86	-0.265432297063587	0.09	0.602	5.60838690290299e-83	15	PECAM1
1.65590411290751e-85	-0.366382988138098	0.003	0.199	4.96771233872252e-82	15	FCN1
1.74384724740098e-85	0.250099197064693	0.331	0.583	5.23154174220295e-82	15	CDK14
3.91697274706902e-84	-0.311662766747163	0.297	0.622	1.17509182412071e-80	15	FAM105A
9.01263798044425e-84	0.466534979154217	0.669	0.662	2.70379139413327e-80	15	IFI30
1.29857101342207e-82	-0.303570134491672	0.029	0.54	3.89571304026622e-79	15	CD9
1.53836651038646e-81	0.584828273014614	0.845	0.842	4.61509953115938e-78	15	RNASET2
5.51316612483921e-80	1.18226696924102	0.605	0.641	1.65394983745176e-76	15	TCF4
6.03262913426975e-80	1.15504144288531	0.596	0.58	1.80978874028093e-76	15	LY86
6.33073723440621e-79	-0.352225581375884	0.557	0.723	1.89922117032186e-75	15	MANF
8.62166695007108e-79	-0.570072534273329	0.769	0.848	2.58650008502132e-75	15	CORO1B
1.00414986032827e-78	-0.487888280304178	0.412	0.677	3.01244958098481e-75	15	PTPN22
1.10757225398126e-78	0.450958841140219	0.788	0.649	3.32271676194377e-75	15	MAP3K8
1.78888389473651e-78	-0.380923616801812	0.273	0.633	5.36665168420954e-75	15	NINJ1
1.92892781069892e-78	-1.01060112621341	0.597	0.687	5.78678343209675e-75	15	MT1X
5.11938298545929e-78	-0.334345804992552	0.512	0.767	1.53581489563779e-74	15	TSPYL2
2.49882572292341e-77	-0.250424857972353	0.443	0.661	7.49647716877024e-74	15	STARD3NL
2.37435651667992e-76	-0.458882792607169	0.629	0.858	7.12306955003976e-73	15	DYNLL1
3.20400357286514e-76	0.312732363029345	0.345	0.718	9.61201071859542e-73	15	CD200
2.55985690348153e-75	-0.483283307334402	0.415	0.638	7.6795707104446e-72	15	FAM46C
1.85103686643944e-74	0.473570482562119	0.788	0.709	5.55311059931831e-71	15	HMGA1
2.01135768616288e-74	0.621954674622333	0.46	0.289	6.03407305848864e-71	15	FCER2
2.23113399263002e-74	-0.552054588075488	0.515	0.74	6.69340197789006e-71	15	CXCR3
2.83571229628262e-74	-0.881342107191894	0.38	0.616	8.50713688884785e-71	15	LINC00861
4.62068261429958e-74	-0.287399084863424	0.642	0.741	1.38620478428987e-70	15	ATP1B3
1.65765386107876e-73	-0.605319463105388	0.799	0.873	4.97296158323629e-70	15	TXN
8.50256015457232e-73	-0.28807817924959	0.538	0.687	2.5507680463717e-69	15	PLD3
1.19938053389939e-72	-0.563141732290158	0.772	0.923	3.59814160169818e-69	15	ENO1
2.93147577817708e-72	-0.301033655167797	0.526	0.729	8.79442733453125e-69	15	LSM4
3.29063870571997e-72	0.366823539717138	0.558	0.372	9.8719161171599e-69	15	LRRK2
3.36424725717306e-72	0.727101965928786	0.588	0.632	1.00927417715192e-68	15	TLR10
1.12362261939318e-71	-0.786616384324402	0.466	0.673	3.37086785817953e-68	15	AREG
1.87594410502876e-71	-0.476171310013331	0.644	0.863	5.62783231508628e-68	15	SNRPG
6.63033411859339e-71	-0.437585332225263	0.793	0.812	1.98910023557802e-67	15	ISG15
4.16411165955708e-70	0.751703782127477	0.823	0.857	1.24923349786712e-66	15	FAIM3
4.38451672798339e-70	0.935542096599552	0.668	0.658	1.31535501839502e-66	15	REL
5.95080310694051e-70	0.281927373648617	0.132	0.617	1.78524093208215e-66	15	ACY3
2.48278220149821e-69	-0.33083807912997	0.023	0.567	7.44834660449464e-66	15	CRTAM
1.14904849253588e-68	0.284185472222775	0.707	0.63	3.44714547760764e-65	15	BCL2
1.34632619297486e-68	-0.683985933537404	0.751	0.732	4.03897857892457e-65	15	SOCS3
1.94967584037935e-68	-0.314893673806527	0.009	0.504	5.84902752113805e-65	15	FGFBP2
2.31611511769657e-68	-0.726476623220109	0.851	0.938	6.94834535308972e-65	15	TPI1
2.7891229784872e-68	-0.802879965595482	0.698	0.836	8.36736893546161e-65	15	IFITM3
1.4088306537112e-67	0.362244571250727	0.622	0.543	4.22649196113361e-64	15	SNX10
2.36752395651341e-67	-0.905714363747659	0.911	0.961	7.10257186954024e-64	15	CXCR4
3.39863599388682e-67	-0.346476316025402	0.505	0.704	1.01959079816605e-63	15	TGIF1
4.8370027182445e-67	-0.573937493695517	0.808	0.898	1.45110081547335e-63	15	DUSP1
1.09854432076615e-66	0.357564515707593	0.241	0.494	3.29563296229846e-63	15	MTRNR2L8
2.34402420911254e-66	-0.721760779045628	0.367	0.599	7.03207262733763e-63	15	PRKCQ-AS1
2.3925596875883e-66	0.673765523731739	0.626	0.538	7.1776790627649e-63	15	MIR155HG
2.64615745127753e-66	-0.361658422267821	0.668	0.769	7.9384723538326e-63	15	FKBP2
3.53712437281785e-66	0.297639260802997	0.659	0.694	1.06113731184535e-62	15	LOC100288798
3.67090111204095e-66	-0.557025200306791	0.779	0.929	1.10127033361229e-62	15	ATP5G3
5.90499453111468e-66	-0.490593864693374	0.559	0.742	1.7714983593344e-62	15	MGST3
6.09107742205932e-66	1.08284480365406	0.564	0.45	1.8273232266178e-62	15	RALGPS2
1.22964781378589e-65	0.404290508225072	0.694	0.632	3.68894344135768e-62	15	APPL1
3.04935392615135e-65	-0.689161779308411	0.529	0.667	9.14806177845405e-62	15	CMC1
3.46577541393255e-65	0.360174611837671	0.664	0.625	1.03973262417977e-61	15	MCM5
9.43516306911152e-65	0.739894096108144	0.547	0.42	2.83054892073346e-61	15	STAP1
8.2258719522853e-64	-0.433236275872784	0.4	0.63	2.46776158568559e-60	15	JUND
1.01592256914449e-63	-0.524551824113434	0.789	0.78	3.04776770743346e-60	15	CREM
3.64255964425317e-62	0.395384342738196	0.564	0.593	1.09276789327595e-58	15	HHEX
4.26140306243859e-62	0.33501803304343	0.35	0.544	1.27842091873158e-58	15	BTLA
5.68533474917481e-62	-0.609281920216236	0.768	0.906	1.70560042475244e-58	15	LY6E
4.26061666584496e-61	0.447319419689713	0.365	0.631	1.27818499975349e-57	15	GM2A
9.80207504950146e-61	-0.342488198440094	0.61	0.741	2.94062251485044e-57	15	THEM4
1.15682726737507e-60	-0.344213364462784	0.577	0.744	3.47048180212521e-57	15	G3BP2
1.94701995567479e-60	0.553474026157699	0.835	0.825	5.84105986702436e-57	15	STAT1
6.06187417959676e-60	-0.660260763320976	0.811	0.938	1.81856225387903e-56	15	DNAJB1
9.33896630389057e-60	-0.439863768861877	0.444	0.613	2.80168989116717e-56	15	PLA2G16
1.37154855248745e-59	-0.632576298439924	0.621	0.853	4.11464565746236e-56	15	HSPA1B
1.62458473396584e-59	-0.408149721182157	1	0.998	4.87375420189753e-56	15	ACTB
6.5284063527722e-59	-0.348617769001369	0.285	0.61	1.95852190583166e-55	15	PER1
7.35649765007487e-58	-0.866616541362118	0.837	0.847	2.20694929502246e-54	15	ALOX5AP
8.38832176669106e-58	-0.396134001430754	0.516	0.773	2.51649653000732e-54	15	MZB1
1.53480911654058e-57	-0.298943565643116	0.016	0.55	4.60442734962173e-54	15	FASLG
4.78333109599743e-57	-0.345573041816265	0.557	0.752	1.43499932879923e-53	15	IRF1
7.00015656320584e-56	-0.611922265882564	0.167	0.597	2.10004696896175e-52	15	ANKRD28
3.62056810563293e-55	0.298646793276784	0.639	0.607	1.08617043168988e-51	15	BEX2
4.40466036640672e-55	0.285096512527886	0.535	0.491	1.32139810992202e-51	15	MPEG1
4.99501193804221e-55	-0.36940458829912	0.798	0.886	1.49850358141266e-51	15	POMP
7.76988879960999e-55	-0.312241077502064	0.758	0.91	2.330966639883e-51	15	HIST1H4C
9.40003291675072e-55	0.44265126207995	0.66	0.639	2.82000987502522e-51	15	NCR3
3.19913210185079e-54	-0.508058185041755	0.542	0.725	9.59739630555237e-51	15	BAX
5.82812360024329e-54	-1.0432691133757	0.092	0.574	1.74843708007299e-50	15	KLRD1
1.89054858076501e-53	-0.532346394915089	0.903	0.936	5.67164574229504e-50	15	CRIP1
2.69165791669569e-53	-0.537509074061945	0.785	0.866	8.07497375008706e-50	15	GSTP1
8.80437941005991e-53	0.302570911245656	0.347	0.626	2.64131382301797e-49	15	TNFRSF17
1.05932935279948e-52	-0.546665059654194	0.601	0.71	3.17798805839844e-49	15	FLNA
4.87335947243484e-52	-0.3020149694084	0.298	0.625	1.46200784173045e-48	15	C1QA
2.74896825678901e-51	-1.16784695842714	0.675	0.61	8.24690477036703e-48	15	TYROBP
7.0260529417219e-51	0.287653065002857	0.945	0.927	2.10781588251657e-47	15	TAGLN2
5.12564995454801e-49	0.36887525334779	0.923	0.913	1.5376949863644e-45	15	UCP2
8.08268476230815e-48	-1.18607193603148	0.211	0.574	2.42480542869245e-44	15	XCL1
1.67606756891634e-47	-0.610120259744681	0.713	0.726	5.02820270674902e-44	15	PIK3R1
6.48704308697469e-47	-0.289917119658672	0.45	0.617	1.94611292609241e-43	15	TRAF1
7.02764547215195e-47	0.524497030962178	0.385	0.621	2.10829364164559e-43	15	DAPP1
1.43458458291103e-46	0.787917974252347	0.543	0.487	4.30375374873308e-43	15	FAM177B
1.79432715459895e-46	-0.329066450726816	0.385	0.589	5.38298146379686e-43	15	PAG1
7.46968849606396e-46	-0.352476584229468	0.471	0.641	2.24090654881919e-42	15	BHLHE40
4.03360241631292e-45	-0.305219383595741	0.039	0.537	1.21008072489387e-41	15	PLAUR
1.21205345563988e-44	0.323752302844809	0.513	0.556	3.63616036691964e-41	15	CNFN
1.98631020555175e-44	0.668642527098437	0.368	0.364	5.95893061665524e-41	15	PLD4
2.12176832436205e-44	0.562181892861983	0.541	0.494	6.36530497308614e-41	15	KYNU
5.98166310532477e-44	-0.746161499761186	0.937	0.931	1.79449893159743e-40	15	RGS1
1.32853763261268e-43	-0.358577320453565	0.818	0.813	3.98561289783805e-40	15	HM13
9.19917500832027e-43	-0.25951663152153	0.258	0.615	2.75975250249608e-39	15	UBE2S
1.62254865504263e-42	-0.451198442785674	0.555	0.695	4.8676459651279e-39	15	CLIC3
1.65671935365253e-42	0.395404784652962	0.62	0.657	4.97015806095759e-39	15	CYSLTR1
6.70721128736205e-42	0.354847825881286	0.961	0.901	2.01216338620861e-38	15	PPP1R15A
2.54912891478881e-41	0.393222381118057	0.825	0.868	7.64738674436643e-38	15	ZFP36L1
3.61524606605432e-41	0.819463279205182	0.544	0.467	1.0845738198163e-37	15	CD1C
5.29500151243965e-41	-0.532129425627824	0.587	0.781	1.5885004537319e-37	15	TAGAP
2.27843018130083e-40	0.292217836394087	0.932	0.863	6.83529054390249e-37	15	ATP6V1F
1.21424926939917e-39	0.36696328046513	0.859	0.802	3.6427478081975e-36	15	DUT
1.41771447546767e-39	-0.655923107065558	0.761	0.828	4.25314342640302e-36	15	TUBA4A
1.7871868033638e-39	-0.854236977301103	0.203	0.568	5.3615604100914e-36	15	KLRC1
5.62968193155073e-39	-0.460236684444494	0.549	0.665	1.68890457946522e-35	15	PERP
1.10622612029018e-38	-0.371395831606567	0.42	0.635	3.31867836087054e-35	15	PFKFB3
2.20112057588502e-38	-0.257195952927266	0.02	0.542	6.60336172765507e-35	15	WDR86-AS1
3.35217466724463e-38	0.640528941587911	0.172	0.277	1.00565240017339e-34	15	TCL1A
4.57283785017167e-38	-0.755167479932952	0.734	0.722	1.3718513550515e-34	15	XBP1
6.07747133401266e-38	0.269646290633713	0.839	0.764	1.8232414002038e-34	15	XAF1
1.14387514772718e-37	0.31751637416682	0.635	0.561	3.43162544318153e-34	15	DDAH2
1.17817027005066e-37	-0.259546082896735	0.543	0.69	3.53451081015197e-34	15	LYST
1.28306411903527e-37	-0.60294694160264	0.714	0.819	3.84919235710582e-34	15	GADD45B
6.96197206929512e-37	0.328306069536154	0.709	0.692	2.08859162078854e-33	15	PLAC8
7.2728348946473e-37	0.301588654542829	0.935	0.86	2.18185046839419e-33	15	EIF5A
5.22139491353341e-36	-0.346442194944669	0.366	0.423	1.56641847406002e-32	15	BCL3
8.62291980674684e-36	-0.26204311659898	0.527	0.655	2.58687594202405e-32	15	CD151
1.12401144622235e-35	-0.368451602217317	0.834	0.91	3.37203433866705e-32	15	COX5A
1.17133092832759e-35	0.401207150269983	0.61	0.643	3.51399278498278e-32	15	GPR18
3.9275623718156e-35	-0.380920347616256	0.702	0.767	1.17826871154468e-31	15	IDH2
2.09847618173748e-34	0.358486926744993	0.791	0.866	6.29542854521243e-31	15	EZR
2.48555989213795e-34	-0.46727505099094	0.057	0.552	7.45667967641384e-31	15	CISH
3.67859961433472e-34	1.10611851548198	0.555	0.474	1.10357988430042e-30	15	PKIG
9.63446687839419e-34	0.264731196283211	0.578	0.572	2.89034006351826e-30	15	BMS1P20
1.38782794205078e-33	0.586548881623949	0.55	0.58	4.16348382615235e-30	15	CXXC5
1.4523742587366e-33	0.369681721997228	0.5	0.417	4.35712277620979e-30	15	NEK6
1.70699837255573e-33	-0.44530595253285	0.199	0.547	5.12099511766719e-30	15	TRG-AS1
3.02388016946444e-33	-0.315675113213774	0.668	0.739	9.07164050839333e-30	15	NFKBIZ
3.96483161424598e-33	-0.25835059926729	0.198	0.488	1.18944948427379e-29	15	SNORA78
4.61826916729624e-33	0.345414221447524	0.812	0.764	1.38548075018887e-29	15	RGS2
8.85398245032333e-33	-0.712095137072815	0.54	0.641	2.656194735097e-29	15	EGR1
7.96421728915457e-32	-0.28057018576257	0.844	0.819	2.38926518674637e-28	15	HN1
8.96391172048581e-32	0.575901691927275	0.743	0.786	2.68917351614574e-28	15	GPR183
9.06293117190907e-32	-0.579503465423863	0.786	0.831	2.71887935157272e-28	15	H2AFZ
1.60844403748523e-31	0.40527944620085	0.358	0.368	4.82533211245568e-28	15	KIAA0226L
4.49378665307748e-31	-0.351131928391805	0.475	0.65	1.34813599592324e-27	15	KLF2
5.81334726920621e-31	-0.337682036902245	0.319	0.599	1.74400418076186e-27	15	TUBB2A
6.27743659780606e-31	-0.547676849581423	0.585	0.66	1.88323097934182e-27	15	AES
8.52684482959948e-31	0.884121240714715	0.581	0.624	2.55805344887984e-27	15	LAT2
1.08454815892328e-30	0.565265951441884	0.631	0.641	3.25364447676985e-27	15	SH3BP5
2.09950351520543e-30	0.33803556569719	0.732	0.731	6.29851054561627e-27	15	SHMT2
6.24018849876981e-30	-0.646611637774243	0.202	0.53	1.87205654963094e-26	15	KLRK1
3.06736353209905e-29	-0.344097059857802	0.553	0.67	9.20209059629714e-26	15	ZNF331
4.39836994899995e-29	0.610396134202026	0.517	0.469	1.31951098469999e-25	15	KIAA0125
5.39628749604944e-29	0.668742152086928	0.63	0.652	1.61888624881483e-25	15	HSH2D
9.86287357388603e-29	0.586050780074805	0.735	0.88	2.95886207216581e-25	15	SELL
1.46477592635682e-28	0.300129256179424	0.521	0.523	4.39432777907047e-25	15	NFKBID
4.6217884191669e-28	1.48013339041592	0.525	0.574	1.38653652575007e-24	15	LOC101927412
7.19887468974798e-28	0.37621513064063	0.789	0.757	2.15966240692439e-24	15	CMTM6
1.04641204112478e-27	-0.352878667267269	0.884	0.903	3.13923612337435e-24	15	PGAM1
2.6265202977295e-27	-0.555110609618426	0.909	0.969	7.87956089318849e-24	15	HSP90AA1
7.17547722648005e-27	0.652378740283139	0.519	0.367	2.15264316794402e-23	15	LOC100509457
8.85791668132343e-27	-0.323104508906113	0.835	0.826	2.65737500439703e-23	15	IFI6
1.16610332980951e-26	-0.471468623965575	0.695	0.726	3.49830998942852e-23	15	GLIPR2
1.53905194688353e-26	-0.394411729423526	0.042	0.514	4.61715584065059e-23	15	LINC00892
2.9147101399321e-26	-0.287534284364455	0.624	0.72	8.74413041979629e-23	15	RNH1
8.04023574051774e-26	0.420952728242178	0.59	0.604	2.41207072215532e-22	15	ITPR1
9.30707543109504e-26	0.524974175248285	0.517	0.538	2.79212262932851e-22	15	CIITA
1.06244191243188e-25	0.520057277558829	0.7	0.718	3.18732573729564e-22	15	FAM65B
1.65537411422844e-25	-0.400398953320531	0.983	0.983	4.96612234268533e-22	15	TSC22D3
5.77611515736448e-25	0.546787792454966	0.682	0.692	1.73283454720934e-21	15	ATP2B1
8.2594315199934e-25	-0.539955985714828	0.39	0.592	2.47782945599802e-21	15	LMNA
1.82853965193323e-24	0.531099654265444	0.402	0.548	5.4856189557997e-21	15	BASP1
3.22730556012592e-24	0.5183419922873	0.551	0.533	9.68191668037777e-21	15	MTSS1
4.30121193670112e-24	-0.651963840922871	0.273	0.56	1.29036358101033e-20	15	CD40LG
4.7315477064101e-24	-0.526625712171411	0.889	0.878	1.41946431192303e-20	15	DNAJA1
1.48129870133418e-23	0.742553662089967	0.528	0.515	4.44389610400255e-20	15	NCF1
2.1687748522032e-23	-0.445477335977637	0.641	0.665	6.50632455660961e-20	15	LOC284454
9.05460361824564e-23	-0.574125079604876	0.654	0.841	2.71638108547369e-19	15	HSPA1A
1.42126246378515e-22	-0.255914722748241	0.564	0.545	4.26378739135545e-19	15	LST1
1.72265445772441e-22	0.987297092021186	0.538	0.541	5.16796337317324e-19	15	CLECL1
4.42678259338625e-22	0.283544202387691	0.486	0.528	1.32803477801588e-18	15	BACE2
5.37797533263964e-22	-0.294432327480188	0.108	0.543	1.61339259979189e-18	15	SPRY1
1.94074702450459e-21	-0.348129336648155	0.084	0.542	5.82224107351378e-18	15	FOSL2
3.42169609724227e-21	0.496536857056602	0.373	0.424	1.02650882917268e-17	15	BCL11A
4.38107970648918e-21	-0.343404740870558	0.856	0.944	1.31432391194675e-17	15	RAN
2.67256578993538e-20	-0.320407592374843	0.831	0.846	8.01769736980613e-17	15	EMP3
4.1464492904779e-20	-0.312216996289503	0.867	0.927	1.24393478714337e-16	15	PSME2
5.37116804155422e-20	0.75218434027645	0.534	0.541	1.61135041246627e-16	15	MTRNR2L2
5.43201853443769e-20	1.01453837918697	0.504	0.387	1.62960556033131e-16	15	BLK
1.27139763939019e-19	0.45357792593045	0.396	0.437	3.81419291817056e-16	15	NCF1C
2.4307995664902e-19	-0.321402716350705	0.052	0.512	7.2923986994706e-16	15	SLC7A5
2.78869952557736e-19	0.690711343311609	0.537	0.589	8.36609857673207e-16	15	CD72
9.1513973513997e-19	0.394092805197521	0.661	0.773	2.74541920541991e-15	15	CTSS
9.32563030821903e-19	0.395109757625356	0.527	0.479	2.79768909246571e-15	15	PIK3AP1
4.73386412378342e-18	-0.873477965520147	0.566	0.748	1.42015923713503e-14	15	LOC100293211
8.88453354960748e-18	0.374657476580768	0.416	0.52	2.66536006488224e-14	15	SYNGR1
1.72683632578424e-17	0.682235703752467	0.597	0.655	5.18050897735272e-14	15	SCPEP1
1.74903180207272e-17	0.256088143699024	0.437	0.619	5.24709540621815e-14	15	C10orf128
2.43659827636375e-17	-0.356211950570786	0.056	0.407	7.30979482909124e-14	15	C15orf48
5.99768760865197e-17	-0.63214500584709	0.937	0.928	1.79930628259559e-13	15	SSR4
6.20494166428181e-17	-0.336905075706403	0.834	0.845	1.86148249928454e-13	15	HSPA5
6.77858358119854e-17	-1.00186446994809	0.305	0.558	2.03357507435956e-13	15	FCER1G
6.82031314578485e-17	0.7173117108655	0.533	0.547	2.04609394373545e-13	15	ORAI2
1.3581118227546e-16	-0.298612980338034	0.021	0.472	4.07433546826379e-13	15	PTGDS
1.75355299154019e-16	-0.253043488613092	0.745	0.753	5.26065897462058e-13	15	RANBP1
6.09549657621592e-16	-0.617201008386936	0.293	0.548	1.82864897286478e-12	15	MATK
1.31583352598828e-15	-0.459907229181401	0.579	0.604	3.94750057796485e-12	15	TPST2
1.66062943742864e-15	-0.312784883981191	0.839	0.829	4.98188831228591e-12	15	VAMP5
3.74627044879133e-15	-0.284663253305988	0.489	0.603	1.1238811346374e-11	15	ZFAND2A
6.33731560852376e-15	-0.655342593375879	0.656	0.671	1.90119468255713e-11	15	TNF
5.71514587032378e-14	-0.935748931562605	0.027	0.501	1.71454376109713e-10	15	XCL2
2.80740330993671e-13	-0.252939033598627	0.388	0.567	8.42220992981012e-10	15	FXYD7
1.02173681686934e-12	-0.266729404249715	0.657	0.703	3.06521045060803e-09	15	NAMPT
2.51559641210438e-12	0.97353541266574	0.546	0.711	7.54678923631313e-09	15	HVCN1
1.03552395421325e-11	0.394990857187955	0.698	0.74	3.10657186263974e-08	15	ASAH1
1.30966606466368e-11	0.284042051914482	0.793	0.782	3.92899819399105e-08	15	RILPL2
1.41032924726564e-11	-0.750141886294636	0.819	0.665	4.23098774179693e-08	15	DUSP2
1.41899270011289e-11	0.271828551875911	0.76	0.754	4.25697810033868e-08	15	NR4A2
9.28293709027052e-11	-0.358711440301543	0.418	0.479	2.78488112708115e-07	15	BRE-AS1
2.8435664672808e-10	-0.409894541516471	0.033	0.431	8.5306994018424e-07	15	FCGR3A
4.13876964334204e-10	-0.555676057616767	0.934	0.958	1.24163089300261e-06	15	CORO1A
4.59907309829608e-10	-0.453279081530017	0.992	0.983	1.37972192948882e-06	15	CFL1
5.6309225516192e-10	-0.840515604596462	0.02	0.41	1.68927676548576e-06	15	CCL4L1
6.40654565702756e-10	-0.403888160842633	0.995	0.989	1.92196369710827e-06	15	ACTG1
7.51238553631569e-10	-0.268814036400703	0.494	0.559	2.25371566089471e-06	15	IVNS1ABP
7.74509678940845e-10	-0.437128391646872	0.475	0.593	2.32352903682254e-06	15	COTL1
1.36302329239921e-09	-0.479788522897612	0.304	0.516	4.08906987719762e-06	15	LAMP1
1.47640199008794e-09	-0.32386343631044	0.948	0.939	4.42920597026382e-06	15	IFITM2
1.77601056567625e-09	0.412915667711936	0.451	0.368	5.32803169702875e-06	15	MARCKS
1.81862189779389e-09	-0.283687479862764	0.588	0.647	5.45586569338166e-06	15	ZC3H12A
5.40588555207188e-09	0.353953381455332	0.785	0.8	1.62176566562156e-05	15	IMPDH2
1.99162805797037e-08	0.258046582046267	0.395	0.516	5.9748841739111e-05	15	BACH2
4.395715121868e-08	-0.292928912952622	0.854	0.833	0.00013187145365604	15	RPS27L
6.95319518661469e-08	-0.693173294381854	0.206	0.444	0.000208595855598441	15	SOCS1
2.80989725710997e-07	-0.311984804277762	0.869	0.83	0.000842969177132992	15	KDELR2
4.27843752551265e-07	-0.25194473491223	0.39	0.528	0.00128353125765379	15	GLUD1
6.99282771419682e-07	0.281459170758249	0.488	0.642	0.00209784831425905	15	LRMP
1.23896258692975e-06	-0.422317140349203	0.093	0.502	0.00371688776078926	15	SAMD3
1.46886535241355e-06	0.27504382987548	0.459	0.678	0.00440659605724066	15	METTL7A
1.95194710503475e-06	-0.338842064846108	0.799	0.659	0.00585584131510426	15	MYADM
2.95954919988114e-06	0.252308425774228	0.6	0.621	0.00887864759964343	15	RAB11FIP1
3.08701207502853e-06	0.39758815733121	0.605	0.672	0.00926103622508558	15	GCA
4.64147429340466e-06	0.995229085231556	0.493	0.579	0.013924422880214	15	ADAM28
4.69317863446307e-06	-0.308996333802063	0.015	0.48	0.0140795359033892	15	GPR56
5.70278992624182e-06	0.268725321083894	0.564	0.658	0.0171083697787255	15	CTSZ
1.04220152494174e-05	-0.313806160357486	0.047	0.492	0.0312660457482521	15	GADD45G
1.2075612248574e-05	-0.3087328621475	0.667	0.654	0.0362268367457219	15	MT1F
