p_val	avg_log2FC	pct.1	pct.2	p_val_adj	cluster	gene
0	1.61086696958977	0.935	0.351	0	c8	CD8A
0	1.8010474288441	0.873	0.297	0	c8	CD8B
0	2.33374851909427	0.598	0.126	0	c8	XCL2
0	1.87844012364931	0.808	0.345	0	c8	CCL4
0	1.36449418668811	0.716	0.258	0	c8	KLRD1
0	1.47788195691751	0.825	0.383	0	c8	CTSW
0	2.38883357710226	0.531	0.113	0	c8	XCL1
0	2.34381634265825	0.551	0.16	0	c8	CCL4L2
0	1.77862012048969	0.481	0.127	0	c8	CD160
1.4229804987909e-302	0.945309920877105	0.995	0.634	4.77239199684493e-298	c8	CCL5
4.09362199420354e-299	1.23748229869832	0.821	0.375	1.37291894441598e-294	c8	HOPX
7.39574609536745e-250	0.557980401243321	0.952	0.453	2.48038532546433e-245	c8	NKG7
1.36585845940185e-232	1.35307145381985	0.685	0.333	4.58081610114191e-228	c8	ITM2C
6.85993257410964e-182	1.39399902116378	0.594	0.283	2.30068418670489e-177	c8	CAPG
3.3177176380389e-180	3.20004795304918	0.121	0.014	1.11269614144549e-175	c8	CD8B2
6.7722721909977e-176	0.996545801794061	0.5	0.192	2.27128464741681e-171	c8	LINC02446
1.04702285802927e-174	1.00857181613609	0.628	0.297	3.51150526125856e-170	c8	AOAH
4.58170253372106e-163	1.98285540354226	0.262	0.072	1.53661139575937e-158	c8	CD248
1.27592787983351e-148	1.81376737971284	0.282	0.086	4.27920692338564e-144	c8	SPINK2
1.12687601040239e-141	1.38336451744598	0.467	0.208	3.77931676368754e-137	c8	SPRY1
2.90758134689535e-136	0.80945566772296	0.804	0.541	9.75144632121761e-132	c8	GZMM
3.42517360328066e-132	1.50588829112922	0.359	0.143	1.14873472306827e-127	c8	PECAM1
3.25734643446925e-130	1.39171953788616	0.306	0.107	1.0924488471923e-125	c8	CRTAM
5.69460296978702e-126	2.2807084592892	0.164	0.037	1.90985594400717e-121	c8	TRBV27
1.18788037259778e-122	0.658833338591193	0.849	0.599	3.98391319361843e-118	c8	ALOX5AP
1.02531766631912e-115	0.560636342547191	0.99	0.86	3.43871038930107e-111	c8	VIM
1.21360125481097e-113	1.75894668261638	0.191	0.052	4.07017588838504e-109	c8	TRGV8
1.7590142071818e-110	1.06463439707144	0.469	0.231	5.89938184804634e-106	c8	TMIGD2
4.95873812320792e-110	0.671914674952594	0.843	0.633	1.66306159176147e-105	c8	PDCD4
7.71795742140459e-109	2.00488207721666	0.22	0.07	2.58844855999067e-104	c8	CCL3L1
2.51140995032316e-106	0.543549815512118	0.939	0.747	8.42276669139381e-102	c8	S100A10
3.00882902914148e-106	0.514874447705794	0.973	0.807	1.00910107979347e-101	c8	HCST
4.22269479913683e-102	1.52520965476106	0.269	0.102	1.41620738173451e-97	c8	KLRK1
7.34785872971015e-101	0.762067603984609	0.639	0.389	2.46432486077019e-96	c8	ITGAE
5.43048329480843e-100	0.478390838801161	0.962	0.787	1.82127548741285e-95	c8	S100A6
1.06904981860146e-99	0.840876607725928	0.426	0.203	3.58537928162559e-95	c8	MYBL1
5.10257603359609e-99	0.712128704120513	0.714	0.442	1.71130195014746e-94	c8	LINC01871
9.07296952513698e-99	0.443302358728362	0.998	0.896	3.04289251934044e-94	c8	SH3BGRL3
2.6011371337051e-93	0.850099143952316	0.545	0.312	8.72369371902015e-89	c8	MATK
1.8851304063503e-90	0.319158567921296	0.999	0.96	6.32235035681765e-86	c8	HLA-C
1.19323020934533e-89	1.41358430923232	0.246	0.093	4.00185547610236e-85	c8	CD101
1.85034917097616e-89	0.640521403824776	0.838	0.659	6.20570104961984e-85	c8	OSTF1
3.06651910515662e-89	0.676731567497266	0.84	0.651	1.02844917748743e-84	c8	CKLF
1.28139478516147e-86	0.545626632763543	0.611	0.363	4.29754183047452e-82	c8	ITGA1
1.88965701875994e-85	1.1925169124846	0.316	0.142	6.3375317095171e-81	c8	CD244
9.0800721346925e-85	0.482557501728779	0.884	0.696	3.04527459253317e-80	c8	CD96
1.23277424436277e-84	1.11268835747123	0.265	0.106	4.13447826074387e-80	c8	ZNF683
8.28399504467975e-84	0.626353215945799	0.684	0.454	2.77828625808469e-79	c8	CD63
2.46072446639451e-83	1.36480508653513	0.229	0.087	8.25277771539392e-79	c8	CD9
3.94921149986574e-83	0.394289188621732	0.99	0.886	1.32448655282497e-78	c8	MYL12A
5.37195088005267e-83	1.82738119656307	0.141	0.039	1.80164488615206e-78	c8	NT5E
2.10366257757323e-82	0.694206512958627	0.679	0.464	7.05526355266509e-78	c8	THEMIS
3.1424285118537e-81	0.696729462433404	0.694	0.467	1.05390767430549e-76	c8	STOM
5.09820283286818e-80	0.422034147153974	0.971	0.768	1.70983526608733e-75	c8	S100A4
4.49831146870129e-79	1.73546875852522	0.404	0.218	1.50864370037304e-74	c8	IFNG
5.3703336490361e-79	0.721949308361554	0.639	0.428	1.80110249921373e-74	c8	FKBP11
3.10988378485612e-78	0.423398817112719	0.948	0.832	1.04299282376504e-73	c8	FOS
4.75438789797167e-77	0.711868320834295	0.564	0.339	1.59452661322174e-72	c8	PTGER2
1.96573165946615e-76	0.584841315651529	0.853	0.679	6.59267083951759e-72	c8	PTGER4
6.14773988724102e-76	0.969828537872507	0.365	0.184	2.06182900338289e-71	c8	AUTS2
6.12691257131324e-74	0.618317074724819	0.702	0.494	2.05484393816703e-69	c8	MYADM
6.64287989386965e-74	1.24155557779963	0.287	0.129	2.227889058806e-69	c8	SMIM3
8.64341142557202e-74	0.614597112212182	0.593	0.374	2.89882732390834e-69	c8	JAML
1.46320211272775e-72	0.954952844970629	0.354	0.178	4.90728724566632e-68	c8	SLAMF7
7.92639948132727e-71	0.794522329118135	0.57	0.38	2.65835585804754e-66	c8	GYG1
1.12227630883279e-68	0.439328126721214	0.977	0.888	3.76389028456342e-64	c8	ZFP36
3.7759119467521e-68	0.485868850259447	0.861	0.697	1.26636534870172e-63	c8	SEPT7
1.94586821794349e-67	0.246365781523641	0.978	0.831	6.52605282933889e-63	c8	CD7
9.64551516344501e-67	0.382162298388376	0.967	0.819	3.23491287551619e-62	c8	CD99
7.26893298141609e-66	0.286939944958198	0.891	0.628	2.43785474330733e-61	c8	CST7
4.04241870575147e-65	0.600123350069536	0.706	0.521	1.35574638553493e-60	c8	DHRS7
1.42536277528297e-63	0.380717008830993	0.96	0.834	4.78038167574402e-59	c8	CD2
1.09940326160943e-62	0.566862559066685	0.727	0.516	3.68717865878569e-58	c8	KLRB1
5.17873390792538e-61	0.600409143189737	0.591	0.385	1.73684377804001e-56	c8	CXCR3
8.57182438034179e-61	0.338288894554198	0.864	0.592	2.87481846067903e-56	c8	ANXA1
2.00733738461539e-60	0.848713393338508	0.378	0.21	6.7322081205231e-56	c8	PERP
2.23630622318169e-60	0.296489363795144	0.989	0.883	7.50012381130675e-56	c8	ITM2B
5.03924846105233e-60	0.825885451659493	0.427	0.253	1.69006314886773e-55	c8	GABARAPL1
2.22975890599257e-59	0.326770033980051	0.842	0.64	7.47816541891787e-55	c8	FOSB
2.94862420323651e-59	0.314654166589786	0.99	0.887	9.88909585281462e-55	c8	CD52
2.95861750625649e-59	1.08085662648379	0.386	0.222	9.92261139248301e-55	c8	TNFSF9
4.32057417904428e-59	0.195356454183548	1	0.969	1.44903416816787e-54	c8	B2M
1.68263776834404e-58	0.428033966123951	0.865	0.717	5.64323054747224e-54	c8	TXNIP
2.09418840416724e-58	0.475961316734176	0.688	0.513	7.0234890698961e-54	c8	PARP8
1.44636916509757e-57	0.439327417615134	0.773	0.582	4.85083290590422e-53	c8	SCML4
5.35745728198319e-57	0.918222320031954	0.268	0.131	1.79678402323152e-52	c8	TRGC2
7.47572696064957e-57	0.272399172593147	0.999	0.908	2.50720930806265e-52	c8	CD3E
8.83253533940096e-57	0.539743372249228	0.687	0.484	2.96225570212829e-52	c8	ABI3
4.19202460550313e-56	0.799121269184911	0.368	0.203	1.40592121219364e-51	c8	CISH
1.74570121211881e-54	1.10611775638406	0.252	0.124	5.85473272520407e-50	c8	DAPK2
2.27461296463792e-54	0.262754811058239	1	0.953	7.62859696080265e-50	c8	TMSB4X
3.60125252639245e-53	0.814734790402184	0.321	0.174	1.2077880723015e-48	c8	ABCB1
9.30160940425512e-53	0.415973440061262	0.91	0.771	3.11957376199908e-48	c8	PGK1
8.14808670882504e-52	1.18486155220127	0.178	0.074	2.73270532040574e-47	c8	CHN2
8.59341051032842e-52	0.871030247654722	0.266	0.131	2.88205801695394e-47	c8	LRRN3
1.75350560564806e-51	0.34457783137719	0.952	0.83	5.88090710022245e-47	c8	MYL12B
3.38615999807817e-50	1.5214270301342	0.109	0.035	1.13565034015546e-45	c8	TPRG1
4.02586343567096e-49	0.50586392520982	0.617	0.431	1.35019407905532e-44	c8	ANXA2
4.79017793248592e-49	0.425893037720348	0.899	0.783	1.60652987499713e-44	c8	NR4A2
2.56152763349288e-48	0.890223458651702	0.269	0.139	8.5908513772084e-44	c8	PPP2R2B
3.36525945804018e-48	1.55797983015087	0.133	0.049	1.12864071703751e-43	c8	KLRC1
4.61349479257871e-48	0.424893180442408	0.575	0.392	1.54727388353505e-43	c8	MAP3K8
5.76340101177721e-48	0.459558130702812	0.751	0.6	1.93292943132984e-43	c8	TUBA1A
1.05297354525924e-47	0.461452439419866	0.613	0.433	3.53146267609044e-43	c8	RUNX3
1.50022531073841e-47	0.525465075775308	0.556	0.378	5.03145564715448e-43	c8	LGALS1
7.65645718102223e-47	0.618415278082924	0.402	0.244	2.56782260937123e-42	c8	GPR15
8.29008251938711e-47	1.36804938343238	0.12	0.042	2.78032787535205e-42	c8	CA10
9.51298320883409e-47	0.1787227500912	0.999	0.906	3.19046430857878e-42	c8	FTL
1.13645278014468e-46	0.385495147514363	0.895	0.764	3.81143533404921e-42	c8	CD3G
1.58262299424372e-46	1.45050176431884	0.221	0.11	5.3078009980946e-42	c8	TRGV2
2.83945140708712e-46	0.723845223211492	0.314	0.173	9.52295212908877e-42	c8	AC020571.1
3.1114044488764e-46	1.01701525488146	0.218	0.106	1.04350282406417e-41	c8	MVB12B
3.41162206622677e-46	0.578382182990179	0.448	0.292	1.14418980857113e-41	c8	NR4A3
3.59168409363109e-46	0.489417542302453	0.508	0.326	1.20457901132199e-41	c8	RHOC
7.46951220325455e-46	1.4718486069708	0.137	0.053	2.50512500272751e-41	c8	KLRC4
1.04201999813929e-44	0.430456104167561	0.766	0.613	3.49472666975956e-40	c8	RABAC1
2.72226571404279e-44	1.10478242692251	0.265	0.144	9.12993475175669e-40	c8	TRGV3
6.10727627276517e-43	0.489575166645916	0.542	0.386	2.04825831635998e-38	c8	GRAP2
7.00442652738679e-43	0.327045911047888	0.814	0.645	2.34914456875498e-38	c8	CLDND1
3.0093050399833e-42	0.566248535069942	0.533	0.384	1.0092607243096e-37	c8	MFSD10
1.0539382010565e-41	0.753536617015357	0.409	0.262	3.53469793870329e-37	c8	FASLG
2.41425202569975e-40	0.314790292247843	0.759	0.568	8.09691844379181e-36	c8	ID2
3.80848189694356e-40	0.443654189992214	0.654	0.496	1.27728865859693e-35	c8	NR4A1
6.37282461654653e-40	0.247840750257682	0.988	0.893	2.13731791989738e-35	c8	CYBA
7.95438877246109e-40	0.261889937058065	0.988	0.892	2.667742906508e-35	c8	CALM1
9.4209070283949e-40	0.442401880283382	0.729	0.594	3.15958379918308e-35	c8	CITED2
1.13501049185044e-39	0.597045473093482	0.613	0.481	3.80659818756801e-35	c8	GADD45B
1.62235043666259e-39	0.295765009845876	0.967	0.854	5.44103889447898e-35	c8	PPDPF
4.32924691745301e-39	0.101156950608703	0.928	0.779	1.45194283117539e-34	c8	COTL1
5.94131694964293e-39	0.45840790203972	0.599	0.445	1.99259887857125e-34	c8	ITGB7
8.44079832661574e-39	0.247811574491238	0.985	0.9	2.83087494278039e-34	c8	CD69
1.74816694963252e-38	2.10448247446205	0.072	0.021	5.86300231567756e-34	c8	REG4
2.66622899070367e-38	0.417617296503917	0.724	0.576	8.94199878902196e-34	c8	CSRNP1
7.70498535332168e-38	0.458132538285576	0.631	0.496	2.58409798779702e-33	c8	ATP1A1
9.16504498732299e-38	0.522270538773705	0.469	0.319	3.07377278784839e-33	c8	LAIR1
1.05399935602136e-37	0.411688308170995	0.765	0.622	3.53490304022445e-33	c8	ZYX
1.50574369449226e-37	0.245798321677545	0.854	0.723	5.04996320258814e-33	c8	PAXX
1.53103160209344e-37	0.324339313610856	0.579	0.431	5.13477378710097e-33	c8	AC020916.1
5.40170314903543e-37	0.309503712441247	0.894	0.766	1.8116232021235e-32	c8	ARL6IP5
8.43112805990143e-37	0.203919400408122	1	0.926	2.82763172872974e-32	c8	RPLP2
9.99979790016205e-37	1.23341988077959	0.137	0.059	3.35373221975635e-32	c8	GPR55
1.04616477203581e-36	0.308442855875177	0.908	0.782	3.50862741245369e-32	c8	CD48
1.35654472833856e-36	1.41474654480502	0.107	0.041	4.54957970990185e-32	c8	AC103702.2
2.28560555526821e-36	0.541342635618631	0.35	0.222	7.66546391125851e-32	c8	ANKRD28
4.82655036168176e-36	0.266807873002846	0.684	0.517	1.61872846030083e-31	c8	PTPN22
5.0243666428594e-36	0.603945323583241	0.478	0.342	1.68507208468218e-31	c8	GLIPR2
5.03771101352279e-36	2.11438215965331	0.055	0.014	1.68954751971527e-31	c8	FXYD2
5.39868966887357e-36	0.40748897167906	0.613	0.464	1.81061254114682e-31	c8	RBMS1
7.34666920988741e-36	0.753824431497418	0.331	0.208	2.46392591961204e-31	c8	BCAS4
7.4416930162292e-36	0.320903926917611	0.708	0.584	2.49579500378295e-31	c8	IDS
8.45251487559603e-36	0.77685563768291	0.314	0.192	2.8348044389774e-31	c8	TNFSF14
1.95382308540243e-35	1.06810424366752	0.102	0.038	6.55273186382268e-31	c8	GFPT2
2.04600492801424e-35	0.565476579769584	0.453	0.315	6.86189132757415e-31	c8	STN1
2.75851128151962e-35	0.457081277436244	0.649	0.508	9.25149513596049e-31	c8	GPI
3.94292016942162e-35	0.262765349749225	0.959	0.862	1.32237656642062e-30	c8	KLF6
1.97069898585912e-34	0.853928017905411	0.255	0.146	6.60933025877431e-30	c8	TRGV10
3.67734736967753e-34	1.01618818464385	0.238	0.136	1.23330876084245e-29	c8	SPNS3
4.06489105734714e-34	0.609764900582027	0.434	0.3	1.36328316281309e-29	c8	LYAR
4.4766695707363e-34	0.259909521113483	0.712	0.567	1.50138544063354e-29	c8	ADGRE5
5.90762525069865e-34	0.270083354176639	0.988	0.927	1.98129935657931e-29	c8	ZFP36L2
7.05088029290291e-34	0.339408738028215	0.799	0.666	2.36472423263378e-29	c8	DRAP1
2.03469352514287e-33	0.270642310692196	0.956	0.821	6.82395514462415e-29	c8	CLIC1
4.08740333552534e-33	0.550762029085317	0.36	0.234	1.37083333066849e-28	c8	TNF
4.19513018259397e-33	0.277716741328229	0.931	0.798	1.40696276063837e-28	c8	TAGLN2
4.65722495618743e-33	0.335230217840717	0.841	0.712	1.56194010580614e-28	c8	CAP1
5.89056050850047e-33	1.51464853106313	0.07	0.022	1.97557618334089e-28	c8	AC243829.1
7.00520765963988e-33	0.409631157352448	0.646	0.507	2.34940654489002e-28	c8	CHCHD10
8.12905597922614e-33	1.98440288976832	0.059	0.017	2.72632279431286e-28	c8	TRBV4-1
2.4773259914121e-32	0.296950343409759	0.846	0.703	8.3084559099979e-28	c8	SLC9A3R1
6.91359696338302e-32	0.280696859636551	0.893	0.772	2.3186821495794e-27	c8	LCP1
9.62649306143394e-32	0.260613755314699	0.899	0.757	3.22853324294372e-27	c8	STK17A
1.09864646101333e-31	0.193274938933587	1	0.934	3.68464050094652e-27	c8	RPS19
1.97023298072263e-31	0.282913528266134	0.867	0.727	6.60776737074755e-27	c8	CXCR4
2.64261365861259e-31	0.721602363426326	0.151	0.072	8.86279768825492e-27	c8	APBA2
3.2910028590713e-31	0.230041292737948	0.949	0.842	1.10373653887533e-26	c8	HSP90AB1
9.37503563420132e-31	0.67132279619689	0.181	0.092	3.14419945099844e-26	c8	PTGDR
1.48186845890372e-30	0.373572438856913	0.664	0.535	4.96989043747131e-26	c8	TRAM1
1.6605208475619e-30	0.350372900863632	0.765	0.632	5.56905481855311e-26	c8	ARF6
2.24574311596479e-30	0.257651668530052	0.394	0.263	7.53177326232271e-26	c8	EGR1
2.46668955551489e-30	0.976059180778127	0.149	0.072	8.27278343128585e-26	c8	TRGV7
2.54094592286797e-30	0.515528202960963	0.511	0.386	8.52182443611459e-26	c8	DSTN
4.49146989621121e-30	0.252886099540845	0.592	0.448	1.50634917379131e-25	c8	STAT4
6.46353372751085e-30	0.345556356511963	0.69	0.551	2.16773994153259e-25	c8	PTPN6
6.63870450586369e-30	0.346163361029896	0.539	0.406	2.22648871717656e-25	c8	TSEN54
1.01125200366657e-29	0.539980773377638	0.383	0.259	3.39153696989693e-25	c8	DYNLT3
1.02165597188015e-29	0.557523182881174	0.44	0.317	3.42642979849166e-25	c8	GLO1
1.61007788187761e-29	0.577734755531082	0.34	0.223	5.39987920024112e-25	c8	RASGEF1B
1.84189610608828e-29	0.442938719486604	0.43	0.304	6.17735116059888e-25	c8	LDLRAD4
2.17246375613523e-29	1.40199657163336	0.099	0.041	7.28600894532635e-25	c8	NUGGC
2.68121422329484e-29	0.425353434014225	0.547	0.41	8.99225626208624e-25	c8	MGST3
3.28868342437878e-29	0.463452367370005	0.468	0.34	1.10295864686815e-24	c8	CDC42EP3
3.87485344555442e-29	0.210881153417792	0.877	0.757	1.29954834857004e-24	c8	JUN
6.52201026084672e-29	0.465684135894708	0.547	0.417	2.18735180128277e-24	c8	PLP2
9.09989483414718e-29	0.327916301435949	0.757	0.623	3.05192272947628e-24	c8	HSPA5
1.21572160447648e-28	0.221095324795225	0.957	0.817	4.07728711709321e-24	c8	LSP1
1.28317071308056e-28	0.550930516186854	0.283	0.176	4.30349793752958e-24	c8	FAM3C
2.20077675075434e-28	0.484758589338288	0.339	0.223	7.38096506667991e-24	c8	GNPTAB
5.72721434852776e-28	0.724972797352273	0.209	0.119	1.92079314820924e-23	c8	TNIP3
6.13063509852148e-28	1.0548602872848	0.14	0.069	2.05609239934213e-23	c8	NMUR1
9.83367436644435e-28	0.525957793606974	0.391	0.278	3.29801770901811e-23	c8	MAP4
1.1191373303209e-27	0.267992008589893	0.918	0.786	3.75336277843025e-23	c8	TPM3
2.01474883146972e-27	0.708227926966543	0.327	0.222	6.75706463098315e-23	c8	ARL2
2.80879479406816e-27	0.432754414005779	0.602	0.479	9.42013598034578e-23	c8	VASP
3.58453730789819e-27	0.437013638493789	0.523	0.397	1.20218212232289e-22	c8	NUCB2
3.6909633634267e-27	0.195882966974973	0.821	0.683	1.23787529282605e-22	c8	FYN
4.78416665458762e-27	0.344631871334326	0.716	0.586	1.60451381261559e-22	c8	CCDC85B
5.45861097995981e-27	0.146596301302915	1	0.933	1.83070895045892e-22	c8	RPS12
6.00726386360795e-27	1.50944221534248	0.128	0.062	2.01471615457683e-22	c8	TRAV13-2
9.80030855522111e-27	0.268026871284331	0.669	0.534	3.28682748325006e-22	c8	SYTL3
1.29110307387888e-26	0.17325788403515	1	0.93	4.33010148917499e-22	c8	RPS18
1.61362481154643e-26	0.625245436291142	0.15	0.076	5.41177489296441e-22	c8	PLXDC1
1.88848971950354e-26	0.377319143991311	0.533	0.411	6.33361682127099e-22	c8	GPR174
3.50599428897974e-26	0.454559841328222	0.368	0.257	1.17584036463803e-21	c8	USP11
6.99212331664331e-26	0.162466779701326	0.995	0.906	2.34501831793583e-21	c8	CFL1
7.41968910223333e-26	0.286593620038154	0.827	0.691	2.48841533110701e-21	c8	PDIA3
1.64437971623834e-25	0.394809123929063	0.594	0.484	5.51492069232015e-21	c8	PYURF
1.86568340151252e-25	0.339896144075421	0.639	0.523	6.25712899199268e-21	c8	C9orf78
1.89584884190877e-25	0.354836711499228	0.661	0.537	6.35829784599362e-21	c8	BZW1
2.02311287037807e-25	0.221821016342603	0.702	0.544	6.78511594467397e-21	c8	GSTP1
3.04512102332836e-25	0.310673498615713	0.649	0.542	1.02127268880387e-20	c8	RBL2
3.14068875345808e-25	0.39891815694927	0.457	0.339	1.05332419413477e-20	c8	RASSF1
4.71549768878966e-25	1.13357392685001	0.131	0.066	1.58148361486627e-20	c8	SLC25A4
5.67398923655004e-25	1.47128464442454	0.063	0.022	1.90294251015415e-20	c8	WNT1
6.74601914721715e-25	0.128179733538853	0.994	0.887	2.26247990159369e-20	c8	PTPRCAP
6.97892700224921e-25	0.968375689957304	0.102	0.045	2.34059253801434e-20	c8	JAKMIP2
8.0496118238923e-25	1.01444837570556	0.113	0.053	2.699678813497e-20	c8	TRAV14DV4
1.13360235216125e-24	0.325227065053569	0.515	0.396	3.80187556867842e-20	c8	PSTPIP1
1.58402980457067e-24	0.20610432322469	0.96	0.842	5.3125191585691e-20	c8	MIF
1.81436787715282e-24	0.642735100709084	0.209	0.121	6.08502698639513e-20	c8	SKAP2
2.31871221474351e-24	0.428433364122348	0.458	0.346	7.77649702580677e-20	c8	CAPN2
2.98694429672178e-24	0.380601704194566	0.508	0.395	1.00176137823455e-19	c8	HERPUD2
3.03075598140253e-24	0.555752902003708	0.346	0.243	1.01645494104278e-19	c8	ZBTB7A
3.13638081790648e-24	0.813252207364815	0.151	0.079	1.05187939870947e-19	c8	TP53I11
3.92836164551211e-24	0.172050769574525	1	0.958	1.31749392867185e-19	c8	EEF1A1
4.120907479559e-24	0.27526109482249	0.62	0.5	1.3820699504945e-19	c8	CAST
4.26255610674592e-24	0.972066851248595	0.143	0.074	1.42957606708045e-19	c8	IGFBP3
6.78818117675824e-24	1.81276358102683	0.057	0.02	2.27662020306118e-19	c8	KLRC4-KLRK1
6.9121378542428e-24	0.164128885377125	0.665	0.535	2.31819279355595e-19	c8	REL
8.35310818917805e-24	0.208388844053605	0.952	0.829	2.80146542448653e-19	c8	YBX1
9.47911517449457e-24	0.414058045184081	0.519	0.412	3.17910564722199e-19	c8	PRKACB
1.14703118568076e-23	0.324957566502913	0.566	0.448	3.84691319053614e-19	c8	UBAC2
1.62342487070497e-23	0.359309931316384	0.548	0.43	5.44464233137033e-19	c8	SSBP4
1.73238464008789e-23	0.2385070801705	0.746	0.628	5.81007160592678e-19	c8	GNG2
1.74719289384949e-23	0.311086254154738	0.564	0.45	5.85973552739242e-19	c8	CYFIP2
1.84551080473992e-23	0.342755000286556	0.515	0.394	6.18947413693674e-19	c8	PITPNC1
2.26674606533327e-23	0.247906199938433	0.786	0.675	7.60221295391471e-19	c8	SUN2
2.8377876861727e-23	0.498510353366544	0.394	0.287	9.517372341886e-19	c8	MAGED2
5.46000726247229e-23	0.377774770112474	0.445	0.333	1.83117723568796e-18	c8	PTPN4
7.60031413633719e-23	0.732428678834103	0.196	0.116	2.54899335504477e-18	c8	AAED1
1.14756778633252e-22	0.218930465277704	0.842	0.718	3.84871284180199e-18	c8	CD53
1.53440698148851e-22	0.370885693924992	0.561	0.452	5.14609413451615e-18	c8	SPN
4.08678201715335e-22	0.147745944570251	1	0.95	1.37062495291289e-17	c8	RPLP1
4.10844090883417e-22	0.528415241977554	0.355	0.252	1.3778889120048e-17	c8	CALHM2
4.44589259053451e-22	0.743153660202419	0.2	0.122	1.49106345701347e-17	c8	SLC25A24
4.55932968991521e-22	0.879189523944589	0.085	0.037	1.52910799140376e-17	c8	SPEF2
5.2386419715122e-22	0.579557078364691	0.28	0.187	1.75693574440576e-17	c8	PLA2G16
5.61960272283849e-22	0.154873718265762	1	0.943	1.88470236118557e-17	c8	TPT1
6.49787605452752e-22	0.734005826557402	0.205	0.124	2.17925767116744e-17	c8	TMEM273
7.62079990423402e-22	0.612106107165399	0.333	0.238	2.55586387188201e-17	c8	DNAAF2
1.08609378070478e-21	0.182068066956826	0.891	0.749	3.64254132172768e-17	c8	TPI1
1.16528169841832e-21	0.207768286887263	0.764	0.622	3.90812176015536e-17	c8	EMP3
1.22656499590587e-21	0.349948032718722	0.512	0.401	4.11365368326909e-17	c8	PDLIM2
1.27004672798962e-21	0.515672108750838	0.348	0.25	4.25948271633159e-17	c8	FAM173A
1.86909850093735e-21	0.336357563573461	0.634	0.538	6.26858255244367e-17	c8	CMPK1
2.78763089648233e-21	0.705939071830329	0.18	0.107	9.34915650062244e-17	c8	PDE4A
4.08150547562637e-21	0.986750336591218	0.136	0.074	1.36885530641557e-16	c8	FCRL6
4.85884367319379e-21	0.263632468695411	0.744	0.635	1.62955899111573e-16	c8	VAMP8
4.95048100161497e-21	0.224922337383171	0.857	0.741	1.66029231832163e-16	c8	GUK1
5.07737144782571e-21	0.655284807018245	0.15	0.083	1.70284883617179e-16	c8	EPHA1
5.24517691865011e-21	0.451455630108329	0.567	0.461	1.75912743497687e-16	c8	HSPA1B
9.18430892865606e-21	0.64810487515092	0.234	0.152	3.08023352849267e-16	c8	MSH3
9.46034439463062e-21	0.202718733770718	0.966	0.873	3.17281030307122e-16	c8	YWHAZ
9.74025242743863e-21	0.779645969744858	0.212	0.135	3.26668585911437e-16	c8	GPR34
1.08653363074065e-20	0.519055728625485	0.41	0.312	3.64401649077799e-16	c8	PLEKHF1
1.53275225012161e-20	0.19928225034214	0.882	0.772	5.14054449645785e-16	c8	CALM2
1.61524034613858e-20	0.667691077299002	0.182	0.108	5.41719307287956e-16	c8	THRA
1.67172302062339e-20	0.247011456077959	0.797	0.678	5.60662466656672e-16	c8	ARHGDIA
2.13623290285922e-20	0.4242100718719	0.401	0.295	7.16449790960925e-16	c8	LIX1L
2.5876678764544e-20	0.814655253347145	0.213	0.137	8.67852052405277e-16	c8	RRAS2
2.78865805971272e-20	0.225736313328982	0.752	0.621	9.35260140066451e-16	c8	NME2
2.96424971677397e-20	0.239209825711685	0.803	0.697	9.94150070011652e-16	c8	KRTCAP2
3.13149508709177e-20	0.659776919780221	0.136	0.073	1.05024082230884e-15	c8	MZF1-AS1
5.3361738286262e-20	0.200141497642257	0.867	0.757	1.78964597864466e-15	c8	LCP2
5.45073389929374e-20	0.390288571880668	0.535	0.431	1.82806713514513e-15	c8	EVI2A
6.22190446162547e-20	0.581389117496815	0.303	0.215	2.08670231833995e-15	c8	TRG-AS1
7.6504060109845e-20	0.746055173223492	0.128	0.068	2.56579316796398e-15	c8	HIP1
7.92489608485291e-20	0.830259592974174	0.119	0.062	2.65785164893797e-15	c8	SLC25A43
8.08022731536181e-20	0.195110431257288	0.852	0.749	2.70994663702605e-15	c8	STK17B
8.12822103383072e-20	0.11752894690987	1	0.97	2.72604277032615e-15	c8	HLA-B
8.79071455839182e-20	0.182881738434635	0.883	0.763	2.94822984859345e-15	c8	NCL
8.81371490805202e-20	0.73710005647248	0.165	0.097	2.95594370586249e-15	c8	CAPN12
1.13357525669914e-19	0.310643252117047	0.521	0.408	3.80178469591758e-15	c8	GPR65
1.21597222596921e-19	0.206328570997352	0.892	0.781	4.07812765145554e-15	c8	SSR4
1.22676616651124e-19	0.129065248696878	0.978	0.908	4.11432836924539e-15	c8	EVL
1.23863026881151e-19	0.846247217851044	0.11	0.056	4.15411819554005e-15	c8	IER5L
1.51688361657504e-19	0.206233008607573	0.803	0.698	5.08732427326937e-15	c8	APBB1IP
1.54483074400955e-19	0.583255230001668	0.202	0.124	5.18105334925923e-15	c8	SORBS3
1.64790199546242e-19	0.316048300639858	0.441	0.334	5.52673371238187e-15	c8	GPR171
2.05464309924469e-19	0.834170743306634	0.121	0.064	6.89086202624685e-15	c8	SMIM14
2.19428935081703e-19	0.402636312112194	0.215	0.133	7.35920762477015e-15	c8	RNF144A
2.96108035754226e-19	0.841315789041098	0.119	0.063	9.93087130312523e-15	c8	MGLL
3.23232369431205e-19	0.569977899924088	0.296	0.21	1.08405672059838e-14	c8	A1BG
4.01275577301841e-19	0.372685621050862	0.393	0.291	1.34579803115491e-14	c8	ADAM8
4.0585242338895e-19	0.127121200332643	0.977	0.932	1.36114785756186e-14	c8	DDX5
4.92662868007796e-19	0.275170225782335	0.66	0.554	1.65229272672455e-14	c8	LPXN
5.03191417341323e-19	0.403134739552559	0.249	0.163	1.68760337547933e-14	c8	ENO2
6.20248714952241e-19	0.291651296138135	0.605	0.483	2.08019014020683e-14	c8	ANAPC11
7.29472564823968e-19	0.22251051351596	0.725	0.606	2.44650508790663e-14	c8	BUB3
1.10237548465239e-18	0.652113288293087	0.224	0.147	3.6971469004272e-14	c8	HIC1
1.18137517223983e-18	0.666905215853965	0.229	0.153	3.96209605265794e-14	c8	DDAH2
1.19440208585961e-18	0.18547378859301	0.97	0.865	4.00578571555595e-14	c8	PCBP1
1.37167423663814e-18	1.32775310066991	0.049	0.018	4.600321054837e-14	c8	ENPP5
1.40863689826597e-18	0.256467844912001	0.713	0.601	4.72428642940441e-14	c8	ANXA6
1.52171560588901e-18	0.298721556406979	0.617	0.526	5.10352979903056e-14	c8	LAMP1
1.8483010434444e-18	0.335532076116831	0.612	0.51	6.19883203950382e-14	c8	PTP4A2
2.15326523849024e-18	0.326712307929115	0.501	0.4	7.22162095684856e-14	c8	SERINC1
2.61874072215495e-18	0.16843622280155	0.829	0.723	8.78273263396327e-14	c8	PPP1R15A
2.77952092182644e-18	1.40484916389564	0.056	0.022	9.32195726762151e-14	c8	SLC7A4
3.06292496845792e-18	0.297159946311331	0.581	0.481	1.02724377592142e-13	c8	STUB1
3.79266211663545e-18	0.516907772976805	0.229	0.152	1.2719830206772e-13	c8	DZIP3
3.83991450170012e-18	0.177170259554495	0.978	0.907	1.28783052558019e-13	c8	PNRC1
3.86445171667335e-18	0.263413286016672	0.653	0.544	1.29605981673791e-13	c8	PA2G4
4.50912933245146e-18	0.482186513049456	0.25	0.169	1.51227179551757e-13	c8	PPP3CA
4.79040471238875e-18	0.137679264644017	0.998	0.907	1.60660593244094e-13	c8	RPL21
5.40591725313719e-18	0.807361349578576	0.148	0.087	1.81303652835715e-13	c8	DBN1
5.49983104395422e-18	0.329832255948438	0.428	0.332	1.84453333552137e-13	c8	MAPK1
5.5254529079781e-18	0.105846705086051	0.962	0.886	1.85312639627769e-13	c8	DUSP1
5.74925208083273e-18	0.522420935919516	0.192	0.12	1.92818416286968e-13	c8	TGFBR1
6.17683989950766e-18	0.335763682827824	0.575	0.472	2.07158856549688e-13	c8	SOCS1
7.30522370468767e-18	0.275352746355998	0.621	0.515	2.45002592607815e-13	c8	ARRB2
9.94046012577862e-18	0.277328646512232	0.588	0.49	3.33383151698363e-13	c8	FGFR1OP2
1.26464004493105e-17	0.923069479393615	0.123	0.069	4.24134978268976e-13	c8	PIK3AP1
1.41186725475339e-17	0.654706536638637	0.247	0.172	4.73512039899191e-13	c8	ARHGAP18
1.62396698617451e-17	0.453014424505994	0.368	0.28	5.44646047823206e-13	c8	PQLC3
1.97236309913139e-17	0.162769344454318	0.723	0.606	6.61491136186684e-13	c8	PRKCH
2.09724546528761e-17	0.168853889612949	0.927	0.828	7.03374184148158e-13	c8	RPS20
2.4321398385593e-17	0.250530378628995	0.518	0.41	8.15691059056018e-13	c8	CD55
2.55235833051904e-17	0.189279914386315	0.849	0.75	8.56009936889475e-13	c8	TRBC2
3.21927308810481e-17	0.211518680404554	0.526	0.427	1.07967980828859e-12	c8	DOCK10
3.58767908535833e-17	2.34348486301033	0.017	0.003	1.20323581164748e-12	c8	DYSF
4.04408975570984e-17	0.148822003084193	0.98	0.879	1.35630682226997e-12	c8	LAPTM5
4.08680178115407e-17	0.4328015018886	0.262	0.184	1.37063158136345e-12	c8	TBCD
4.09397198584811e-17	0.45477345072622	0.248	0.169	1.37303632461374e-12	c8	F2R
5.707788488363e-17	0.548973407609931	0.161	0.097	1.91427810322718e-12	c8	NLRP6
5.97504406157283e-17	0.831647625911536	0.181	0.116	2.00391027737029e-12	c8	AC022706.1
6.38838341492271e-17	0.305444724414246	0.594	0.497	2.14253602969678e-12	c8	RAB1B
8.36844418539071e-17	0.233607154503726	0.56	0.459	2.80660881089634e-12	c8	MGAT4A
8.6353103873949e-17	0.173665040171779	0.956	0.864	2.8961103977245e-12	c8	RPL27A
1.15777725483215e-16	0.126192127449204	0.782	0.628	3.88295335725607e-12	c8	CLEC2B
1.19643642504089e-16	0.792373463642293	0.162	0.101	4.01260848230214e-12	c8	LPAR5
1.22533361033719e-16	1.18483220526597	0.045	0.017	4.10952386234885e-12	c8	ZNF80
1.23670534364954e-16	0.192298882307818	0.817	0.685	4.14766238153181e-12	c8	MSN
1.32189767617836e-16	0.229733298418271	0.361	0.266	4.43338042636698e-12	c8	SYTL2
1.44765027294211e-16	0.658814330806018	0.16	0.098	4.85512948539327e-12	c8	EGR2
1.50831079026187e-16	0.289541712370315	0.599	0.501	5.05857272838025e-12	c8	CMTM3
1.52072138088001e-16	0.154572844233158	0.995	0.908	5.10019536719537e-12	c8	RPL35
1.56365764386647e-16	0.879188054662726	0.082	0.04	5.24419500599938e-12	c8	TRAV1-2
1.59082253247429e-16	0.457137501763703	0.242	0.166	5.33530060941226e-12	c8	CLSTN3
1.73218012283073e-16	0.250029742812172	0.732	0.63	5.80938569594971e-12	c8	POLR2L
1.77649073937904e-16	0.152593128178382	0.987	0.879	5.95799464172944e-12	c8	CD3D
1.8010974452889e-16	0.420928478140922	0.257	0.18	6.04052061200991e-12	c8	CRY1
2.19566604944802e-16	0.428853159744901	0.379	0.292	7.36382479663876e-12	c8	TNFRSF1A
3.35711171323946e-16	0.791474189941056	0.097	0.05	1.12590812638625e-11	c8	CALHM6
3.54012357489396e-16	0.600630698434455	0.126	0.072	1.18728664454793e-11	c8	COL18A1
4.49464133079252e-16	0.743470817906047	0.122	0.069	1.5074128095212e-11	c8	MAP9
4.73829925703562e-16	0.217437225307707	0.796	0.691	1.58913080482461e-11	c8	DAD1
5.01426660417751e-16	0.21003495428708	0.663	0.559	1.68168473370905e-11	c8	TBCB
5.29380737692041e-16	0.120108794143242	0.745	0.627	1.77543711807157e-11	c8	HSP90B1
5.59636542693596e-16	0.132207977690384	0.903	0.822	1.87690903688578e-11	c8	MCL1
6.03511950819307e-16	0.246376324969091	0.584	0.484	2.02405838065779e-11	c8	PIK3R1
6.13448585866289e-16	0.341688264259702	0.497	0.407	2.05738386727836e-11	c8	HMGN4
6.62731384518501e-16	0.244243192708263	0.656	0.55	2.22266851739815e-11	c8	REEP5
6.73801318415264e-16	0.272237720423942	0.617	0.514	2.25979486170111e-11	c8	SRI
6.82679408370429e-16	0.318002287644564	0.37	0.282	2.28957019979274e-11	c8	FOSL2
6.97384660717729e-16	0.243126330472093	0.692	0.596	2.33888867511512e-11	c8	BCAP31
9.10233267524339e-16	0.292727123174985	0.614	0.523	3.05274033262313e-11	c8	TMED2
9.63695056531075e-16	2.11549053496007	0.022	0.005	3.23204048059392e-11	c8	KLHL4
1.05987001340183e-15	0.262803336187465	0.488	0.393	3.55459205094707e-11	c8	ARHGEF3
1.06112093482783e-15	0.252456493932612	0.56	0.473	3.55878739122556e-11	c8	HSPA9
1.18713031481522e-15	0.147352201971042	1	0.921	3.98139764982728e-11	c8	RPL39
1.21806986567698e-15	0.251639455781798	0.618	0.514	4.08516271550745e-11	c8	GTF3A
1.23284627012157e-15	0.627932865907178	0.134	0.079	4.13471982073373e-11	c8	DSE
1.27411792687825e-15	0.230148712124099	0.598	0.507	4.27313670316429e-11	c8	IQGAP1
1.4369573492309e-15	0.233662355984944	0.592	0.502	4.81926755785059e-11	c8	TAF7
1.44423545565138e-15	0.1656779960557	0.975	0.851	4.8436768711636e-11	c8	RHOA
1.4766730857207e-15	1.32051720441738	0.045	0.018	4.95246619489007e-11	c8	CYP4F22
1.57947782941801e-15	0.526975279232727	0.138	0.082	5.29725274430212e-11	c8	C20orf204
1.67445868185101e-15	0.175469260792261	0.854	0.749	5.61579952719191e-11	c8	PTGES3
1.97035979225387e-15	0.365224560464265	0.471	0.38	6.60819267126104e-11	c8	MRPS6
2.12099111863093e-15	0.279682949364975	0.46	0.366	7.11338001366442e-11	c8	FLOT1
2.53801894889944e-15	0.375357856195207	0.425	0.339	8.51200795081895e-11	c8	LYSMD2
3.50664183184785e-15	1.19503474438401	0.109	0.061	1.17605753756513e-10	c8	TRAV19
3.57548127964438e-15	0.245067952934665	0.685	0.573	1.19914491156713e-10	c8	PRDX5
3.80715100124723e-15	1.02227489569691	0.053	0.022	1.2768423027983e-10	c8	FER
4.11218527944627e-15	0.96468805678479	0.051	0.021	1.37914469902069e-10	c8	HDAC9
4.21719848231879e-15	0.466325913028777	0.275	0.2	1.41436402700008e-10	c8	UBL3
5.43072563542023e-15	0.125697296958275	1	0.955	1.82135676360724e-10	c8	RPL10
5.60552369093605e-15	0.200891745293136	0.733	0.625	1.87998053546613e-10	c8	RBM8A
6.10489842762863e-15	0.397320368561888	0.372	0.292	2.04746083465809e-10	c8	AMZ2
6.55134172225719e-15	0.126159486646145	0.968	0.874	2.19718898681062e-10	c8	RPL38
7.19086796632712e-15	0.192610488661633	0.831	0.735	2.41167329854679e-10	c8	APRT
7.42121911301389e-15	0.13848468397221	0.907	0.851	2.4889284661226e-10	c8	TSC22D3
9.24718369000365e-15	0.119613575841037	0.714	0.607	3.10132046595342e-10	c8	ARHGAP9
9.30374076435611e-15	0.151736982908882	0.985	0.883	3.12028857754975e-10	c8	OAZ1
9.87198567252778e-15	0.209791878814462	0.435	0.345	3.31086655485237e-10	c8	MYO1G
1.01280296884272e-14	0.46534035705682	0.218	0.15	3.39673859690473e-10	c8	ZFYVE28
1.08839460765252e-14	0.779301316517652	0.121	0.07	3.65025783514502e-10	c8	TMEM200A
1.10532983342284e-14	0.347545668032153	0.359	0.27	3.70705519533353e-10	c8	ARL4A
1.22341012049334e-14	1.04130853419272	0.061	0.028	4.10307286211055e-10	c8	LINC02084
1.2349673523601e-14	0.254789983059374	0.473	0.375	4.1418335063453e-10	c8	RAB27A
1.8093904709528e-14	0.182473530238423	0.829	0.721	6.06833376148152e-10	c8	ABRACL
1.81272255557812e-14	0.278006477706343	0.328	0.248	6.07950890689789e-10	c8	PFKFB3
1.85672142790138e-14	0.130395974822872	1	0.921	6.22707232489566e-10	c8	RPL8
1.93473185984961e-14	0.538426897230248	0.114	0.065	6.48870371156364e-10	c8	SPON1
2.01967172962718e-14	0.388268141196445	0.28	0.2	6.77357504682364e-10	c8	RETREG1
2.37825230599249e-14	0.268335868974227	0.477	0.383	7.97618258383761e-10	c8	HNRNPAB
2.56845072856482e-14	0.227571001076635	0.652	0.546	8.61407005346068e-10	c8	RNF167
2.72620123579783e-14	0.150169734948125	0.832	0.735	9.14313370461875e-10	c8	MYH9
2.76390442395266e-14	0.206907013474539	0.706	0.616	9.26958265705244e-10	c8	SHISA5
2.90913786731219e-14	0.152525218305541	0.715	0.613	9.75666657939162e-10	c8	REX1BD
2.91601825625871e-14	0.921081822957287	0.069	0.033	9.77974202784045e-10	c8	NPM2
3.02913086453661e-14	1.21715204013431	0.062	0.029	1.01590990934829e-09	c8	SCUBE1
3.09124850271867e-14	0.181441845245473	0.896	0.776	1.03674292284179e-09	c8	ALDOA
3.28163074249151e-14	0.284257443823729	0.404	0.31	1.1005933184168e-09	c8	SYPL1
3.35216261096076e-14	0.149551619295917	0.999	0.928	1.12424829646402e-09	c8	RPS4X
3.53049723426568e-14	0.700638279122164	0.084	0.043	1.18405816242802e-09	c8	AZIN2
3.73185583922602e-14	0.376790334419579	0.328	0.253	1.25158981135962e-09	c8	JMJD6
4.15926856537728e-14	0.555939433902987	0.21	0.146	1.39493549145623e-09	c8	IL12RB2
4.20547400469987e-14	0.281934961736078	0.282	0.208	1.41043187169624e-09	c8	UBXN11
4.36511757554375e-14	1.31624982473533	0.033	0.011	1.46397313248586e-09	c8	SLC4A4
6.82775408420783e-14	0.163599331715334	0.79	0.683	2.28989216476162e-09	c8	HSPE1
7.34011248869191e-14	0.21444836555157	0.762	0.663	2.46172692645749e-09	c8	CDC42
7.41654383975966e-14	0.130472057515745	0.85	0.768	2.48736047297859e-09	c8	EIF4A2
7.60234731701822e-14	0.943687295164089	0.094	0.051	2.54967524318157e-09	c8	PGLYRP2
8.25617754839839e-14	0.136884938754526	0.999	0.929	2.76895682618185e-09	c8	RPS3
8.73589368423842e-14	0.195405554320297	0.447	0.354	2.92984402381988e-09	c8	SLA2
1.10899137748672e-13	0.584159241487613	0.194	0.132	3.71933528181497e-09	c8	CYSTM1
1.15472541040562e-13	0.149605331505782	0.927	0.819	3.87271808141838e-09	c8	COMMD6
1.22989563578191e-13	0.646194569161705	0.133	0.081	4.12482398328536e-09	c8	BAIAP2
1.4386460224249e-13	0.308564757095774	0.489	0.401	4.82493103000864e-09	c8	NCF1
1.72707793358562e-13	1.09139670267381	0.031	0.011	5.79227397365947e-09	c8	TRBV5-5
2.14158378702304e-13	0.411405708933843	0.245	0.177	7.18244370491786e-09	c8	ELL
2.33805248408556e-13	0.14150741647982	0.775	0.652	7.84136042112615e-09	c8	PGAM1
2.35213179384459e-13	0.52374016580789	0.153	0.098	7.88857961019599e-09	c8	HAGHL
2.48167127730538e-13	0.10983319465132	0.46	0.375	8.32302912982678e-09	c8	ODF2L
2.53430294678399e-13	0.304365829638887	0.549	0.473	8.49954522292414e-09	c8	METTL9
2.67716534713625e-13	0.316555613809665	0.422	0.341	8.97867714122554e-09	c8	APMAP
2.9208142556968e-13	0.478115475593788	0.179	0.119	9.79582685075591e-09	c8	GALNT6
3.00258908389442e-13	0.271915285653345	0.492	0.411	1.00700832695651e-08	c8	RTN4
3.09649608011845e-13	0.288194502104637	0.482	0.401	1.03850285535012e-08	c8	FKBP2
3.25861982056354e-13	0.174276050876232	0.911	0.799	1.0928759154206e-08	c8	IFITM2
3.32670489404323e-13	0.108467636661095	0.997	0.903	1.11571028736422e-08	c8	RPS5
3.85799857155693e-13	0.27878462216541	0.487	0.406	1.29389556092876e-08	c8	TMEM160
4.44753590213026e-13	0.133098136354925	0.994	0.924	1.49161459085645e-08	c8	PABPC1
4.83977035909355e-13	0.141943514300254	0.989	0.892	1.62316218303279e-08	c8	RPL27
4.85926654427108e-13	0.236821564186209	0.316	0.24	1.62970081361763e-08	c8	USP20
5.07447828409459e-13	0.522728339611313	0.239	0.172	1.70187852691964e-08	c8	ZNF32
5.39822965951512e-13	0.218140500798145	0.603	0.511	1.81045826320818e-08	c8	RAD23A
6.05301596494199e-13	0.149824536164443	0.942	0.828	2.03006049432225e-08	c8	PSME1
6.5984290115415e-13	0.112263700815268	1	0.942	2.21298112189079e-08	c8	RPL13
6.8725946861782e-13	0.270109934103097	0.536	0.447	2.30493080585045e-08	c8	MAGOH
7.16585291157292e-13	0.783541468249352	0.136	0.086	2.40328374948333e-08	c8	MAP3K13
7.31355548153355e-13	0.228018554146119	0.58	0.5	2.45282023739672e-08	c8	HMOX2
7.33658778502415e-13	0.63536703318015	0.162	0.108	2.4605448113414e-08	c8	GTDC1
7.43998342036169e-13	0.155042747280822	0.754	0.675	2.4952216395209e-08	c8	TAPBP
7.89080421738138e-13	0.670974312526282	0.129	0.08	2.64641791842537e-08	c8	GCNT1
8.21095157447775e-13	0.152602383509534	0.493	0.397	2.75378893904835e-08	c8	CHST12
8.4505864140092e-13	0.707231754803909	0.087	0.048	2.83415767153041e-08	c8	TRAV16
8.72884483017981e-13	0.155397550529451	0.986	0.884	2.9274799791457e-08	c8	ATP5F1E
8.79217288570608e-13	0.635878179354809	0.143	0.091	2.9487189424081e-08	c8	FAM117A
1.16707449677391e-12	0.159617847744869	0.84	0.733	3.91413444728035e-08	c8	ATP6V0E1
1.18501104716193e-12	0.128845166670532	0.887	0.784	3.97429004997168e-08	c8	LEPROTL1
1.44101947570459e-12	0.197153307188375	0.351	0.271	4.83289111761806e-08	c8	PRMT9
1.48127813068548e-12	0.153744070267877	0.924	0.826	4.96791059469297e-08	c8	CNBP
1.52296541288008e-12	0.179858914113308	0.666	0.574	5.10772140171722e-08	c8	RPL22L1
1.52370641518718e-12	0.182452363880326	0.54	0.451	5.11020657525477e-08	c8	TLN1
1.69338402301445e-12	0.336373259349775	0.426	0.349	5.67927133638585e-08	c8	ARL2BP
1.73397793511845e-12	0.118727831061429	0.702	0.615	5.81541519880027e-08	c8	DDX24
1.77497368879379e-12	0.325340908054118	0.439	0.365	5.95290675747661e-08	c8	PCMT1
1.77503259812122e-12	0.445678297121387	0.292	0.225	5.95310432757896e-08	c8	SLC10A3
2.04478070194999e-12	0.235084370175312	0.471	0.386	6.85778551819988e-08	c8	CCDC69
2.09263947181577e-12	0.480390638999351	0.282	0.214	7.01829426057571e-08	c8	AGTRAP
2.1180792489276e-12	0.85824414047307	0.058	0.028	7.10361418505339e-08	c8	ZDHHC14
2.20181105780283e-12	0.435529212870162	0.13	0.081	7.38443392565914e-08	c8	BAZ2B
2.47995241349068e-12	0.337305823153192	0.36	0.286	8.31726440436503e-08	c8	ARL6IP6
2.99379894977238e-12	0.277666839575468	0.444	0.369	1.00406029177466e-07	c8	CYB5R3
3.07001317586475e-12	0.246493325728864	0.518	0.432	1.02962101892152e-07	c8	EIF1AX
3.12739331764094e-12	0.267232583663021	0.512	0.43	1.04886517087042e-07	c8	SH3BP1
3.39652247447195e-12	0.165781410077852	0.955	0.853	1.1391257074884e-07	c8	PCBP2
3.77987920043447e-12	0.210836743271307	0.369	0.296	1.26769588624171e-07	c8	PSD4
4.46334781918582e-12	0.249602318568187	0.475	0.392	1.49691759159854e-07	c8	NUDC
4.63467896651429e-12	0.480989230841495	0.183	0.124	1.55437863178956e-07	c8	SERPINB6
4.98556688663082e-12	0.787273363790664	0.125	0.079	1.67205942243824e-07	c8	YBX3
5.00862765394995e-12	0.668573354970936	0.179	0.122	1.67979354258174e-07	c8	CCL3
5.19318138718341e-12	0.636160293348738	0.17	0.117	1.74168917363357e-07	c8	SLC43A3
5.6726868716208e-12	0.149210195149918	0.804	0.705	1.90250572300418e-07	c8	CALR
5.70964108230474e-12	0.476452131584669	0.249	0.185	1.91489942618336e-07	c8	NBL1
5.84896593835300e-12	1.35461491803232	0.021	0.006	1.96162619640483e-07	c8	ASIC1
6.1255475531526e-12	0.386528259707139	0.28	0.212	2.05438613837632e-07	c8	TBX21
6.22806810166896e-12	0.164823398404927	0.584	0.493	2.08876947993774e-07	c8	HNRNPL
6.31950663497463e-12	1.33732887789114	0.048	0.022	2.11943613523779e-07	c8	WWTR1
6.51753803191115e-12	0.152709690571737	0.484	0.403	2.18585190514236e-07	c8	STK10
6.87898202757839e-12	0.111331029401088	0.776	0.687	2.30707299240924e-07	c8	SKAP1
7.32999492452804e-12	0.152680485494399	0.608	0.514	2.45833369778822e-07	c8	BIN2
7.77618212013964e-12	2.27029462692397	0.016	0.004	2.60797595945243e-07	c8	FEZ1
7.9186820587129e-12	0.33309894771022	0.288	0.217	2.65576758885113e-07	c8	TPD52
9.09132001183868e-12	0.409026207037854	0.217	0.157	3.04904690557046e-07	c8	YES1
9.79753106385522e-12	0.18988940536124	0.628	0.531	3.28589596819576e-07	c8	BIN1
1.04708281867254e-11	0.223503538096249	0.511	0.43	3.51170635726397e-07	c8	SPCS3
1.07490910108728e-11	0.145462073217031	0.847	0.751	3.60503014322652e-07	c8	RPL36A
1.09142838716387e-11	0.132979197613266	0.69	0.606	3.66043252487019e-07	c8	GNAS
1.11755236222454e-11	0.1641219326185	0.849	0.753	3.74804711242867e-07	c8	ARF1
1.2352253978452e-11	0.143623772118387	0.985	0.875	4.14269893929322e-07	c8	IFITM1
1.25815794598542e-11	0.632860320408064	0.219	0.163	4.2196101192459e-07	c8	HENMT1
1.29336043438651e-11	0.123661919570285	0.921	0.825	4.33767222484549e-07	c8	CRIP1
1.41487853201153e-11	0.311304057905881	0.334	0.265	4.74521962066026e-07	c8	LPCAT4
1.49649471858589e-11	0.112678507479907	0.686	0.597	5.01894398719334e-07	c8	CAMK4
1.5583178608379e-11	0.14656799943809	0.787	0.679	5.22628644167813e-07	c8	RAP1B
1.65303093695225e-11	0.119648394855818	0.982	0.902	5.54393515635046e-07	c8	PFDN5
1.97004694215887e-11	0.684606104549912	0.133	0.086	6.60714343461241e-07	c8	ACSL6
2.20294692639996e-11	0.272897512163677	0.289	0.222	7.38824340176019e-07	c8	SLF1
2.23746192845738e-11	0.245946336702411	0.487	0.41	7.50399981566037e-07	c8	TMX4
2.26579319820774e-11	0.432241753683857	0.187	0.13	7.59901722814912e-07	c8	BLVRB
2.30731161397416e-11	0.284925150989479	0.386	0.313	7.73826169094652e-07	c8	EPS15
2.44374909238846e-11	0.387287028973464	0.381	0.312	8.19584570605242e-07	c8	ASF1A
2.71699436872529e-11	0.262109395747246	0.51	0.441	9.11225571383087e-07	c8	SNX17
2.73604443421809e-11	0.167043186530852	0.602	0.522	9.17614582348063e-07	c8	G3BP2
2.98935138946594e-11	0.192953719112887	0.709	0.619	1.00256866899909e-06	c8	EIF5A
2.99288406037342e-11	0.924230307450447	0.051	0.024	1.00375345616804e-06	c8	MMP25
3.23066556896888e-11	0.370938378747317	0.539	0.471	1.08350061852078e-06	c8	HSPA1A
3.55602088534177e-11	0.521684124986235	0.209	0.151	1.19261828452592e-06	c8	SCOC
3.66996180721618e-11	0.161055003348079	0.326	0.255	1.23083179090416e-06	c8	SLFN12L
3.74201885239321e-11	0.165412193001163	0.619	0.532	1.25499828271564e-06	c8	TSC22D4
3.88789193824394e-11	0.869405097557427	0.098	0.06	1.30392119824825e-06	c8	SEMA7A
4.09093435626621e-11	0.132679065008881	0.314	0.246	1.37201756440456e-06	c8	AP1G2
4.20400474621988e-11	1.00658951664085	0.072	0.039	1.40993911178722e-06	c8	MXRA7
4.21316709225583e-11	0.333856099092973	0.368	0.303	1.41301197940076e-06	c8	AP3S1
4.80731233033589e-11	0.518867955138012	0.22	0.164	1.61227640934805e-06	c8	SEPT11
4.81112050340586e-11	0.233022550040672	0.579	0.499	1.61355359443226e-06	c8	TMEM230
5.61020391976788e-11	0.260217973950928	0.391	0.32	1.88155019061175e-06	c8	PARVG
5.69926255293553e-11	0.422757902125855	0.174	0.116	1.91141867500352e-06	c8	IL2
5.87718150139072e-11	0.202786625226443	0.642	0.54	1.97108913193642e-06	c8	CDK2AP2
6.20150610977018e-11	0.163814451826662	0.74	0.647	2.07986111909472e-06	c8	SELENOK
6.59721422736545e-11	0.306232586148977	0.383	0.311	2.21257370757383e-06	c8	TRAPPC6A
6.91813936097333e-11	0.343441061738465	0.281	0.218	2.32020557888323e-06	c8	FAM129A
7.29029636698753e-11	0.158272314709576	0.748	0.652	2.44501959556028e-06	c8	ANXA11
7.531486723127e-11	0.170169379760633	0.797	0.707	2.52591001720233e-06	c8	CIB1
7.59481370911904e-11	0.791825505621904	0.105	0.065	2.54714862176434e-06	c8	LIMK1
7.90914319660040e-11	0.491520675850268	0.227	0.17	2.65256844527584e-06	c8	AGFG2
8.34246904885034e-11	0.15696932602339	0.751	0.668	2.79789726960343e-06	c8	MORF4L1
8.49931864759912e-11	0.411424781343397	0.226	0.168	2.85050148803179e-06	c8	VGLL4
9.4822996049737e-11	0.159857025477527	0.599	0.499	3.18017364151608e-06	c8	SIT1
1.11652961218818e-10	0.22361717351714	0.55	0.476	3.74461701335671e-06	c8	RAB5C
1.17219693863136e-10	1.30261839823424	0.017	0.005	3.93131409278185e-06	c8	L1CAM
1.19478772215906e-10	0.369956764381661	0.321	0.257	4.00707906257705e-06	c8	C7orf50
1.20303720101842e-10	0.178999058339368	0.896	0.824	4.03474616477559e-06	c8	ZFP36L1
1.34984970526339e-10	0.302458685742754	0.398	0.331	4.52712594151235e-06	c8	TMEM109
1.40708209689867e-10	1.08976208555927	0.041	0.018	4.71907193657875e-06	c8	LINC00092
1.51966519111553e-10	0.515097753423466	0.158	0.109	5.09665311796327e-06	c8	MAP2K6
1.65820579140458e-10	0.388970718637867	0.25	0.193	5.56129058321268e-06	c8	NMRAL1
1.69407829211394e-10	0.173281908787271	0.842	0.747	5.68159977609173e-06	c8	UQCR11
1.70011087064295e-10	0.199141878579842	0.627	0.539	5.70183183796232e-06	c8	NDUFB10
1.79254059727665e-10	1.52931859306692	0.03	0.012	6.01182265514643e-06	c8	GSTA4
1.80362538253881e-10	0.223394193163704	0.564	0.477	6.04899880795867e-06	c8	TOMM5
1.94094705226433e-10	0.845916619569206	0.041	0.019	6.50954822388411e-06	c8	COLGALT2
1.95976736974556e-10	0.130581044895584	0.512	0.433	6.57266780465268e-06	c8	ST3GAL1
1.97680522637079e-10	0.51903043035849	0.199	0.144	6.62980936820236e-06	c8	AP002387.2
2.05074329077236e-10	0.324166160895145	0.384	0.316	6.87778284859234e-06	c8	ITGB1BP1
2.13216850164265e-10	0.191321933402117	0.427	0.361	7.15086672080911e-06	c8	ZNF800
2.23440659952499e-10	0.207813346036235	0.694	0.626	7.49375285348691e-06	c8	SELENOH
2.30706806800598e-10	0.135349517120706	0.802	0.706	7.73744488647847e-06	c8	HNRNPA0
2.38636110897492e-10	0.381761441189031	0.266	0.205	8.00337788728007e-06	c8	CHD9
2.52856787103772e-10	0.340096755482951	0.272	0.21	8.4803109258863e-06	c8	OSTM1
2.5974459615348e-10	0.132981873906604	0.723	0.65	8.71131426579542e-06	c8	YPEL5
2.60508131458483e-10	0.251184691057935	0.363	0.301	8.7369217128546e-06	c8	NIN
2.63644115817995e-10	0.182556443211758	0.668	0.581	8.84209635630391e-06	c8	SNX3
2.66647559486307e-10	0.449569205394362	0.125	0.081	8.94282585005177e-06	c8	SNTB1
2.72556110670626e-10	0.579173513710458	0.093	0.055	9.14098683967145e-06	c8	ADRB2
2.82141549592379e-10	0.164536421668533	0.524	0.444	9.46246329022919e-06	c8	RGS14
2.96771105875399e-10	0.125121676933023	0.999	0.925	9.95310934884912e-06	c8	RPS7
3.22815760570583e-10	0.208427460187434	0.437	0.354	1.08265949780162e-05	c8	IFI27L2
3.22851432106834e-10	0.56258501730054	0.158	0.11	1.0827791329999e-05	c8	HLTF
3.30566928488872e-10	0.765989835072721	0.101	0.063	1.10865536476598e-05	c8	GPR35
3.6062357645781e-10	0.230684853892286	0.446	0.373	1.2094593507242e-05	c8	PNP
3.74402274295005e-10	0.316018950838539	0.142	0.094	1.25567034753059e-05	c8	DUSP6
3.80966648595354e-10	0.210009782350582	0.492	0.419	1.2776859460591e-05	c8	CALCOCO2
3.86857329711497e-10	0.124462819891457	0.375	0.297	1.29744211238642e-05	c8	BCL2
3.93333199346116e-10	0.186344198530084	0.553	0.476	1.31916088396701e-05	c8	SLC3A2
4.24500544822311e-10	0.782937568130293	0.062	0.033	1.42368992722507e-05	c8	ANO10
4.33122183975786e-10	0.752065162180021	0.099	0.061	1.45260518061799e-05	c8	IL9R
4.35283476190092e-10	0.27766180595181	0.474	0.411	1.45985372244633e-05	c8	TMEM9B
4.58516285758712e-10	0.521687743505912	0.196	0.144	1.53777191917757e-05	c8	MMGT1
4.7716699382661e-10	0.133243204603021	0.48	0.41	1.60032266389568e-05	c8	ATF7IP
4.85374105939535e-10	0.284287194395023	0.437	0.37	1.62784767650001e-05	c8	ZNF428
5.22952012255067e-10	0.115846649317419	0.952	0.855	1.75387645870104e-05	c8	UBB
5.23916699489382e-10	0.54349944784264	0.129	0.085	1.75711182674749e-05	c8	TRGV9
5.43769351132604e-10	0.105821031173194	0.798	0.708	1.82369364982853e-05	c8	EIF4G2
5.88074535714975e-10	0.191695179051005	0.582	0.5	1.97228437788088e-05	c8	RAB7A
6.02358567877257e-10	0.187673941071674	0.709	0.622	2.02019016494674e-05	c8	ATP5MD
6.21345949086285e-10	0.168680509312992	0.677	0.589	2.08387004404558e-05	c8	PAIP2
6.22877174802746e-10	0.22211777100405	0.409	0.336	2.08900546885345e-05	c8	TPST2
6.5311642431331e-10	0.122123209393212	0.991	0.901	2.19042186386198e-05	c8	RPS29
6.83207155514565e-10	0.751537153056289	0.044	0.021	2.29134015816475e-05	c8	DKK3
7.35913951557036e-10	0.148696304722509	0.787	0.694	2.46810821073199e-05	c8	TRMT112
7.80094658891387e-10	0.103182418468307	1	0.933	2.61628146698993e-05	c8	RPS2
7.80551473970509e-10	0.356669261982093	0.097	0.059	2.61781353340229e-05	c8	TRAV17
7.89198137842516e-10	0.963531655878011	0.113	0.074	2.64681271469623e-05	c8	PPP1R14B
8.00138718633078e-10	0.336241320319128	0.229	0.171	2.68350523455162e-05	c8	LIPA
8.09053505428686e-10	0.135446687735205	0.918	0.827	2.71340364650673e-05	c8	CYTIP
8.5388408469381e-10	0.884975766513689	0.069	0.039	2.8637564432461e-05	c8	VNN2
8.58044576670909e-10	0.987330051696477	0.066	0.037	2.87770990123889e-05	c8	F8
9.1444530966145e-10	0.534995511734146	0.213	0.157	3.06686667954257e-05	c8	ATF3
9.67949671411045e-10	0.219665850040436	0.457	0.382	3.24630960797836e-05	c8	GIMAP6
9.74031182965214e-10	0.360093851201307	0.306	0.247	3.26670578142873e-05	c8	ZNF22
9.93040182391711e-10	0.152539344372271	0.644	0.556	3.33045816370532e-05	c8	SELENOF
1.00443586438457e-09	0.114202906715972	0.804	0.719	3.36867700197297e-05	c8	EIF4B
1.00555159969475e-09	0.298917550933659	0.412	0.347	3.37241895505624e-05	c8	HSD17B11
1.04846004682292e-09	0.419099488889318	0.142	0.096	3.5163253050347e-05	c8	SMURF2
1.12451480115222e-09	0.952353315534022	0.067	0.037	3.77139774010433e-05	c8	SYNGR3
1.29125361118916e-09	0.264568066989894	0.469	0.406	4.3306063612062e-05	c8	C19orf70
1.39398863614687e-09	0.409713968070926	0.22	0.164	4.67515908790937e-05	c8	MID1IP1
1.42736600205116e-09	0.129838038889119	0.818	0.7	4.7871000976792e-05	c8	PPP1CA
1.55045167551057e-09	0.160739275801627	0.655	0.575	5.19990482932734e-05	c8	BSG
1.65924594718378e-09	0.221587446696803	0.525	0.457	5.56477905766495e-05	c8	RGS19
1.88274775094225e-09	1.02826812565714	0.051	0.026	6.3143594071101e-05	c8	MMP23B
1.91074082151011e-09	0.260687037329848	0.45	0.379	6.40824256718061e-05	c8	TMEM14C
2.0859317663508e-09	0.105651762501092	0.998	0.917	6.99579795798732e-05	c8	RPL17
2.1860148656489e-09	0.297780340393013	0.338	0.276	7.33145665641329e-05	c8	CPNE3
2.47526357385795e-09	0.379969788553342	0.335	0.278	8.30153897400479e-05	c8	COMMD8
2.7287406889785e-09	0.191907640253521	0.568	0.491	9.15165052269609e-05	c8	PRDX6
2.73836609346823e-09	0.293945927731325	0.361	0.301	9.18393220427374e-05	c8	ZFAND6
2.88825710341098e-09	0.338015040325911	0.34	0.282	9.68663667341975e-05	c8	NUDT4
2.91990280158851e-09	0.223018717181183	0.416	0.351	9.79277001596754e-05	c8	DERL1
2.95940567945763e-09	0.167981988898911	0.498	0.431	9.925254767765e-05	c8	RNH1
2.96171437276712e-09	0.306098553879477	0.405	0.345	9.93299766338637e-05	c8	CDC26
2.99982063095035e-09	0.536171570265366	0.093	0.057	0.000100607984320813	c8	EOMES
3.12434958291883e-09	0.325679811280964	0.141	0.097	0.000104784436311932	c8	ZNF609
3.17308962129118e-09	0.151373579075874	0.543	0.468	0.000106419079718863	c8	ROCK1
3.22922513174355e-09	0.313888887884534	0.39	0.332	0.000108301752468415	c8	FDX1
3.27450861509300e-09	0.647444956249547	0.072	0.042	0.000109820469932989	c8	NLRP3
3.35743521754956e-09	0.395412388031354	0.263	0.208	0.000112601662326177	c8	TMEM14A
3.58099296437477e-09	0.226302082499876	0.472	0.406	0.000120099342039201	c8	PSMB8-AS1
3.61465002907334e-09	0.195249674219267	0.608	0.529	0.000121228132675062	c8	GHITM
4.11305282273571e-09	0.241664472757281	0.455	0.39	0.00013794356556891	c8	MGAT1
4.14235741439189e-09	0.268548821036829	0.423	0.366	0.000138926382963875	c8	DEGS1
4.15369489862874e-09	0.180424814654086	0.321	0.254	0.000139306619510211	c8	IFNGR1
4.16231714129248e-09	0.753354427793572	0.047	0.023	0.000139595792284667	c8	LRP12
4.21643113093682e-09	0.204330822525597	0.526	0.456	0.000141410667269359	c8	MRPL41
4.36130022043967e-09	0.737088459445925	0.039	0.018	0.000146269286793106	c8	TRBV29-1
4.36949069198542e-09	0.163423922751512	0.767	0.679	0.000146543978827807	c8	SAP18
4.61578881942786e-09	0.740818810864728	0.055	0.029	0.000154804325425972	c8	GNAO1
4.62533571448579e-09	0.522341047505014	0.159	0.114	0.000155124509192424	c8	NME7
4.64708593315106e-09	1.16373654495555	0.136	0.095	0.00015585396802602	c8	NCR3
4.96887455162404e-09	0.211397094093834	0.515	0.444	0.000166646114712367	c8	POLR3GL
5.02100300605535e-09	0.501031124139609	0.181	0.133	0.000168394398817084	c8	KIF21A
5.26855770378296e-09	0.137424739559103	0.921	0.809	0.000176696888269473	c8	OST4
5.33459446083547e-09	0.153293080698751	0.58	0.509	0.0001789116290275	c8	PRKAR1A
5.77239832628513e-09	1.03366435929177	0.038	0.018	0.000193594695066951	c8	AC021028.1
5.82827897782987e-09	0.293103764688174	0.349	0.29	0.000195468820358458	c8	CD58
6.24154713530364e-09	0.137040457762171	0.563	0.479	0.000209329007823813	c8	ODC1
6.29898331852519e-09	0.14353971220743	0.686	0.608	0.000211255302536698	c8	TMEM50A
6.90221827918998e-09	0.255083713885771	0.199	0.148	0.000231486596647473	c8	IL18RAP
7.00994333057496e-09	0.971033681627045	0.038	0.018	0.000235099479420823	c8	CCDC65
7.30275233422152e-09	0.366829273113484	0.312	0.255	0.000244919707785121	c8	CDV3
7.62600738081311e-09	0.36953266742331	0.285	0.229	0.00025576103553771	c8	TVP23B
7.97621274397616e-09	1.92322612086369	0.013	0.003	0.000267506223007472	c8	FAM131B
8.32440657031559e-09	0.42303313636788	0.15	0.105	0.000279183947555244	c8	CERS4
8.93009561964374e-09	0.114422818087567	0.999	0.915	0.000299497546891612	c8	RPL23A
9.00557193834137e-09	0.123819559033937	0.616	0.535	0.000302028871668093	c8	CCT4
9.08384160550586e-09	0.108704970530649	0.926	0.823	0.000304653879765456	c8	PPIB
9.3497764043867e-09	0.291895121747755	0.311	0.253	0.000313572801050321	c8	MAPKAPK3
9.69744694232362e-09	0.147463573175392	0.397	0.334	0.000325232975551649	c8	PTK2B
1.01219564329899e-08	0.996254479054073	0.035	0.016	0.000339470174849614	c8	ANKRD34A
1.03329182836898e-08	0.328363533724912	0.28	0.221	0.000346545413398387	c8	CDIP1
1.07476680297647e-08	0.183383590598863	0.165	0.117	0.00036045529038225	c8	AKT3
1.11609586461624e-08	0.120786451258761	0.754	0.679	0.000374316231074993	c8	TMEM59
1.12186586980625e-08	0.107735698939255	0.595	0.519	0.00037625137541562	c8	EMB
1.13627849380536e-08	0.382795475080408	0.202	0.153	0.000381085081252443	c8	AGA
1.13839069893613e-08	0.166134603344139	0.349	0.288	0.0003817934726092	c8	RAB24
1.17075940141488e-08	0.357581166298943	0.209	0.158	0.000392649288046524	c8	ELMSAN1
1.18927537028481e-08	0.293447509535485	0.362	0.305	0.000398859173686119	c8	METTL5
1.19227585802981e-08	0.686718485334551	0.052	0.028	0.000399865477266039	c8	C3orf18
1.20988476278043e-08	0.497782990211329	0.15	0.106	0.000405771151741301	c8	NUDT14
1.22012956887676e-08	0.346207050042281	0.327	0.271	0.000409207054809887	c8	MPC1
1.22218146910879e-08	1.20080917045112	0.051	0.027	0.000409895221109706	c8	SCD5
1.22908457537181e-08	0.205941474745694	0.147	0.103	0.000412210384888198	c8	TRGV5
1.29186638159466e-08	0.385192788024532	0.25	0.198	0.000433266147059216	c8	RTL8C
1.3304834247499e-08	1.60706297412803	0.023	0.009	0.000446217530992622	c8	TRBV6-4
1.39370138226791e-08	0.10173020467911	0.444	0.378	0.000467419569585011	c8	PCM1
1.40637870187016e-08	0.34129224370526	0.326	0.272	0.000471671289033214	c8	SMIM37
1.4641094113858e-08	0.783566864460671	0.07	0.041	0.000491033014390568	c8	LINC02132
1.46936472406793e-08	0.606957131815206	0.142	0.102	0.000492795541157902	c8	SLC27A3
1.47705689054595e-08	0.124017919115921	0.663	0.594	0.000495375339951301	c8	CDC42SE2
1.5106854828783e-08	0.123927147223464	0.89	0.794	0.000506653697247724	c8	SKP1
1.57546154381232e-08	0.15575582634779	0.706	0.616	0.000528378292563777	c8	NDUFB2
1.72369981792003e-08	0.156803232551493	0.754	0.669	0.00057809444493402	c8	CSTB
1.72488579725779e-08	0.136662358125905	0.373	0.3	0.000578492198684317	c8	ASB2
1.84728881872909e-08	0.504926705143109	0.076	0.046	0.000619543724025363	c8	TMOD2
1.85698735313803e-08	1.81366880698918	0.017	0.006	0.000622796418495433	c8	ICAM4
1.86515989916372e-08	0.189524885817735	0.356	0.294	0.000625537326981527	c8	SERTAD1
1.92245766945535e-08	0.193963152052091	0.381	0.32	0.000644753853181936	c8	NMRK1
1.95732242140037e-08	0.596747567120958	0.12	0.082	0.000656446793689257	c8	EFL1
1.99286825465339e-08	0.232227082719805	0.49	0.432	0.000668368155245655	c8	SSB
2.00127125429585e-08	0.172293335809742	0.298	0.237	0.000671186353265743	c8	SLC16A7
2.1669465681363e-08	0.633666451892705	0.122	0.084	0.000726750540021551	c8	PHYH
2.28258335371836e-08	0.304371215004715	0.285	0.231	0.000765532805170064	c8	VPS26A
2.30745579896543e-08	0.265385749651712	0.038	0.018	0.000773874525857027	c8	TRBV11-3
2.33546510948568e-08	0.235685240749501	0.478	0.418	0.000783268288419306	c8	ATRAID
2.40368744718361e-08	0.206353180873908	0.277	0.219	0.000806148696036439	c8	RIN3
2.59752606939176e-08	0.575282126096339	0.087	0.055	0.000871158293152608	c8	CTSO
2.62914003945777e-08	0.126879510373328	0.802	0.715	0.000881760986433345	c8	RNASEK
2.65838038582776e-08	1.12819516183776	0.026	0.011	0.000891567613798915	c8	CALY
2.9404552673208e-08	0.274063313028182	0.25	0.197	0.000986169887554049	c8	FAM53C
2.98730709440159e-08	0.558456169999242	0.058	0.033	0.0010018830533204	c8	THBS1
2.98795364801235e-08	0.265206373522587	0.4	0.344	0.00100209989447038	c8	MAPRE1
3.22037971031327e-08	0.351540208757886	0.263	0.21	0.00108005094724486	c8	NDUFAF4
3.26920148101201e-08	1.03145794841489	0.044	0.023	0.00109642479270181	c8	STYK1
3.34926411267426e-08	0.551611223423687	0.119	0.081	0.00112327619810869	c8	TUBB2A
3.50599919335268e-08	0.205391762621485	0.623	0.55	0.00117584200946662	c8	COX7A2L
3.51313086549809e-08	0.235450796067446	0.365	0.306	0.00117823382967075	c8	SELENOS
3.60914251174848e-08	1.08189704717687	0.029	0.012	0.00121043421559021	c8	WDR63
3.66823930884379e-08	1.11405244313057	0.027	0.011	0.00123025409940003	c8	DPY19L2
3.71914736420439e-08	0.801802894274851	0.052	0.029	0.00124732764300687	c8	STX3
3.88007749010607e-08	0.22044133113534	0.314	0.255	0.00130130038863177	c8	COMMD7
3.94607928760617e-08	0.189857102784381	0.545	0.485	0.00132343607147736	c8	TSTD1
3.96963772379739e-08	0.287506472315162	0.384	0.328	0.00133133709980717	c8	C19orf24
4.06054718693477e-08	0.263862613864532	0.383	0.329	0.00136182631555418	c8	ADSS
4.09087919335065e-08	0.247432940898893	0.206	0.153	0.00137199906386594	c8	LSR
4.12418027050359e-08	0.786137129350465	0.05	0.027	0.00138316757912149	c8	CRYBG2
4.29551690037829e-08	0.445110854063872	0.024	0.01	0.00144063045804887	c8	MS4A1
4.62210141608466e-08	0.270093607230246	0.402	0.347	0.00155016037292647	c8	TINF2
4.84091566900352e-08	0.228879030720344	0.366	0.308	0.0016235462970704	c8	WBP11
5.56648175587593e-08	0.19997586139388	0.511	0.442	0.00186688665128567	c8	MOB1A
5.8338932895178e-08	0.280508141678493	0.334	0.274	0.00195657113143848	c8	BCL2A1
5.83841290233176e-08	0.38412269835051	0.204	0.156	0.00195808691918402	c8	STK26
5.96956084122563e-08	0.75236941723957	0.038	0.019	0.00200207131493025	c8	BMP1
5.98777742408199e-08	0.373104902565975	0.118	0.081	0.00200818079248862	c8	SMAD5
6.09000807338496e-08	0.23168649305867	0.363	0.307	0.00204246690765185	c8	ZFAND2B
6.11350135473575e-08	0.395612832616985	0.168	0.124	0.00205034608435128	c8	GALNT11
6.26064967344051e-08	0.14060587455759	0.743	0.668	0.00209969668747848	c8	DNAJA1
6.37730133740724e-08	0.371321882617033	0.314	0.264	0.00213881932253964	c8	RALBP1
6.67057101555805e-08	0.322095780624001	0.151	0.108	0.00223717610719786	c8	SGK3
6.86956350551689e-08	0.124402152646145	0.551	0.484	0.00230391420848025	c8	PAPOLA
6.92501733348271e-08	0.200907541866754	0.468	0.398	0.00232251231330343	c8	CCT2
7.56209915149822e-08	0.288157647987598	0.351	0.296	0.00253617681342947	c8	ESD
7.96623985555069e-08	0.184987232705152	0.411	0.349	0.00267171752275459	c8	PRMT1
8.09062828680789e-08	0.156455553278164	0.674	0.583	0.00271343491482963	c8	PRELID1
8.1989941322749e-08	0.332572817395957	0.303	0.253	0.00274977865208235	c8	UBLCP1
8.55750031597862e-08	1.54011632349895	0.017	0.006	0.00287001445597291	c8	S1PR5
9.1706981078379e-08	1.08508438627382	0.098	0.066	0.00307566873140667	c8	TRAV29DV5
9.84026226410305e-08	0.664883189528197	0.048	0.026	0.00330022715813488	c8	STARD9
1.00556050229759e-07	0.109948628511791	0.699	0.614	0.00337244881260567	c8	XRCC6
1.02704376299069e-07	0.650962689295961	0.068	0.041	0.00344449937231816	c8	CLU
1.05114780038046e-07	1.6887418981286	0.012	0.004	0.00352533949291598	c8	MARCH10
1.05596837734116e-07	0.245512578344702	0.218	0.169	0.00354150674392677	c8	MPZL3
1.07047653649518e-07	1.01312447001644	0.027	0.012	0.00359016420809755	c8	HTRA1
1.09785050567416e-07	0.172538679044444	0.215	0.164	0.00368197102593001	c8	TMEM71
1.17292682584169e-07	0.649610831577305	0.083	0.053	0.00393376198850787	c8	AC004817.3
1.1955597905294e-07	0.498996007672814	0.14	0.102	0.0040096684254775	c8	TBC1D25
1.20159428688305e-07	0.332912961078066	0.33	0.28	0.00402990691934836	c8	SMIM29
1.20367349763038e-07	0.479177781155598	0.109	0.074	0.00403688017635276	c8	ABHD15
1.21213024271068e-07	0.134033385297307	0.571	0.51	0.00406524240800308	c8	SEC62
1.21375990933526e-07	0.283271751871452	0.333	0.281	0.00407070798392859	c8	VPS35
1.28772808857911e-07	0.180590401238151	0.499	0.44	0.00431878246347662	c8	ATP6AP2
1.28979126477408e-07	0.451048582324263	0.22	0.176	0.0043257019437993	c8	GPN1
1.29158936031795e-07	0.288765377927628	0.158	0.114	0.00433173239663433	c8	DHRS3
1.31440487059554e-07	0.450620010956031	0.136	0.097	0.00440825105500333	c8	ICAM1
1.35001810524102e-07	0.123522581510935	0.964	0.865	0.00452769072135732	c8	TMA7
1.3740085319163e-07	0.131326816368485	0.666	0.588	0.00460814981434089	c8	SASH3
1.41498603915091e-07	0.239214670597003	0.453	0.401	0.00474558017810433	c8	PCNP
1.4150670871303e-07	0.391961049538391	0.087	0.056	0.0047458519968176	c8	ATP1B1
1.44531057872942e-07	0.341136888382437	0.189	0.145	0.00484728261894274	c8	SLK
1.46678501468337e-07	0.16100443338573	0.511	0.451	0.00491930358224508	c8	CANX
1.48883615401862e-07	0.140678820246519	0.626	0.551	0.00499325869334764	c8	RAC1
1.52779418993557e-07	0.117500472452937	0.461	0.391	0.00512391615420592	c8	LY9
1.55304408619019e-07	0.306891296854297	0.179	0.135	0.00520859925626467	c8	DGKD
1.59097860921755e-07	0.194013849344355	0.313	0.259	0.00533582405959383	c8	DENND1B
1.61524540607144e-07	0.700750475232794	0.059	0.035	0.00541721004288239	c8	TJP3
1.63602927197727e-07	0.35869386772686	0.209	0.163	0.00548691497235737	c8	SMYD2
1.68398106065897e-07	0.14949802028429	0.494	0.436	0.00564773568123806	c8	PNPLA2
1.72012968339387e-07	0.398905521110073	0.07	0.042	0.00576897093216635	c8	SETD7
1.83225517377676e-07	0.603127051720043	0.037	0.018	0.00614501740181251	c8	ROBO3
1.86694524232951e-07	0.844737090493603	0.019	0.007	0.0062613609537247	c8	DNAJC6
1.87231314129961e-07	0.979929748031013	0.046	0.025	0.00627936381329064	c8	SERPINI1
1.90311821519038e-07	0.102393482998478	0.937	0.832	0.00638267787010549	c8	LCK
1.93864117402969e-07	0.277611632477849	0.302	0.247	0.00650181476946078	c8	SVIP
1.95206954921389e-07	0.395361440610564	0.169	0.127	0.00654685085415356	c8	KIF3A
2.00986638817626e-07	0.159317913177289	0.59	0.509	0.00674068989266553	c8	RBX1
2.03319388615698e-07	0.139811674147879	0.328	0.273	0.00681892565539327	c8	ANXA2R
2.0387382080428e-07	0.167342570481843	0.496	0.438	0.00683752020213395	c8	NAA10
2.0400150124376e-07	0.302986802897476	0.281	0.234	0.00684180234871323	c8	DLST
2.05633672648008e-07	0.321578513078495	0.241	0.193	0.0068965421132689	c8	COMTD1
2.0722128112641e-07	0.177740564198551	0.415	0.359	0.00694978732641753	c8	RAB6A
2.09785109208897e-07	0.805859964584343	0.063	0.038	0.007035772992648	c8	TWSG1
2.1997160301845e-07	0.183037884561078	0.503	0.445	0.00737740762203278	c8	KDELR1
2.23786628853133e-07	0.123874819551203	0.737	0.651	0.00750535595847638	c8	FKBP8
2.24355970930591e-07	1.9073257626452	0.02	0.008	0.00752445055307017	c8	PINLYP
2.29290982898738e-07	1.37425729405006	0.024	0.01	0.00768996098445788	c8	TEPP
2.29746842353667e-07	0.308348792843491	0.344	0.294	0.00770524959885727	c8	CISD3
2.30829649189048e-07	1.20392169874769	0.021	0.008	0.00774156477450229	c8	AC104958.1
2.35594575681257e-07	0.200369235865115	0.286	0.235	0.007901370879198	c8	URI1
2.46447879114567e-07	0.175709914371982	0.552	0.493	0.00826536896974436	c8	MEAF6
2.61049212646527e-07	0.860773863776862	0.029	0.014	0.00875506849373923	c8	AHRR
2.62078508430954e-07	0.394737538262353	0.177	0.136	0.00878958901575733	c8	VPS33A
2.71954392427423e-07	0.12508766977534	0.515	0.453	0.00912080641323093	c8	SRPRA
2.83564497807588e-07	0.700535040052931	0.04	0.021	0.00951018612747088	c8	NCAM1
2.84447201082178e-07	0.305513359317566	0.309	0.261	0.00953979022989409	c8	RECQL
2.89573462277866e-07	0.142152539275871	0.425	0.361	0.00971171477787509	c8	AC243960.1
2.96106621502393e-07	0.222522114489573	0.405	0.347	0.00993082387194727	c8	SDF2L1
3.05727252075434e-07	0.379886797106786	0.224	0.179	0.0102534805801059	c8	AGPAT2
3.1309848792541e-07	0.348290074387689	0.19	0.147	0.0105006970880424	c8	NAA15
3.23632997598532e-07	0.129632479905045	0.573	0.508	0.0108540034734596	c8	SURF4
3.26215130280148e-07	1.0936898849591	0.021	0.008	0.0109406030393356	c8	TRIM7
3.41147388128315e-07	0.11511164616697	0.27	0.217	0.0114414011030474	c8	ANKRD37
3.43637322528963e-07	0.250358015868844	0.381	0.329	0.0115249085229764	c8	DAXX
3.4833623073767e-07	0.136329671387547	0.609	0.529	0.01168250050648	c8	SET
3.91764132527955e-07	0.185093821992468	0.361	0.306	0.0131389854767226	c8	MAP2K2
3.96166344161403e-07	0.385585487172765	0.178	0.136	0.0132866268504851	c8	MCRIP2
3.96494190390115e-07	0.132981247787625	0.482	0.418	0.0132976221573037	c8	LASP1
3.99610385443565e-07	0.277874509361828	0.294	0.247	0.0134021331070063	c8	USP14
4.28759788123105e-07	0.258510654476114	0.299	0.248	0.0143797457740727	c8	APPL1
4.38096258557187e-07	0.293224278346326	0.376	0.326	0.0146928723194909	c8	FAM162A
4.42897990581053e-07	0.372061805181616	0.198	0.154	0.0148539128081073	c8	GCLM
4.54977511292388e-07	0.149516386768322	0.284	0.234	0.0152590357737241	c8	ARHGEF7
4.55678121734755e-07	0.104277199895159	0.633	0.55	0.0152825328467402	c8	GIMAP1
4.64143197617022e-07	0.209554676770873	0.248	0.198	0.0155664345616797	c8	STX4
4.70330795073535e-07	0.695446161562061	0.04	0.021	0.0157739542051762	c8	TRBV11-2
4.70419090896412e-07	0.240028715623897	0.299	0.248	0.0157769154704839	c8	MORF4L2
4.9517085651802e-07	0.179432050270285	0.474	0.415	0.0166070401859013	c8	CTDSP1
5.00588629875211e-07	0.116737098306069	0.634	0.564	0.0167887414687548	c8	SRRM1
5.12394517692532e-07	0.490968464995794	0.253	0.206	0.0171846873343722	c8	MYC
5.24363104774436e-07	0.105970171236555	0.545	0.476	0.017586089807925	c8	HERPUD1
5.27026420218473e-07	0.198660408840739	0.386	0.333	0.0176754120812872	c8	CNPPD1
5.38441223139673e-07	0.182152548097838	0.526	0.47	0.0180582417416583	c8	SCP2
5.3869511838642e-07	0.245546469294231	0.231	0.186	0.0180667568804437	c8	SEL1L3
5.6029061495211e-07	0.234669776596055	0.358	0.306	0.0187910266442638	c8	HSPB11
5.77304749859425e-07	0.235444293968828	0.363	0.314	0.0193616467007854	c8	FLOT2
5.85738471921342e-07	0.200591142499766	0.469	0.409	0.019644496871298	c8	COX17
5.92114488452268e-07	0.10397272058873	0.849	0.759	0.0198583357137121	c8	UBL5
5.94509008941224e-07	0.158066925467578	0.263	0.215	0.0199386431418708	c8	ARNTL
6.04213870463019e-07	1.69517826895875	0.017	0.006	0.0202641247875887	c8	LINC02086
6.24323150878922e-07	0.253289284752206	0.357	0.306	0.0209385498341773	c8	EPRS
6.26831040643218e-07	0.847519526879839	0.023	0.01	0.0210226594410923	c8	S100B
6.331023528928e-07	0.747597058068233	0.03	0.014	0.0212329867113187	c8	HIF1A-AS2
6.43228470855776e-07	0.61660303675951	0.082	0.054	0.021572596455561	c8	TRGC1
6.44535284835327e-07	0.42635462363714	0.117	0.083	0.0216164243828072	c8	ABCD2
6.46684566611751e-07	0.217901391012929	0.33	0.279	0.0216885069950249	c8	EHD1
6.46762664930656e-07	0.176103950696499	0.64	0.567	0.0216911262564443	c8	COX7B
6.95210592360215e-07	0.196697044079271	0.414	0.358	0.0233159728465769	c8	DCK
7.03117066732259e-07	0.275817879690712	0.218	0.173	0.0235811401840665	c8	REPS1
7.47905714354035e-07	0.305151409937095	0.174	0.132	0.0250832618480056	c8	GPR132
8.21724825080164e-07	0.746134276558924	0.033	0.017	0.0275590071835385	c8	AL445472.1
8.33563516173824e-07	0.613110718072868	0.096	0.066	0.0279560532054377	c8	GPR82
8.56659438342105e-07	0.129427158733882	0.612	0.545	0.0287306442431175	c8	MAT2B
8.64917537208983e-07	0.313624097215426	0.182	0.141	0.0290076043629149	c8	RAP2C
9.02674866742936e-07	0.104879166724955	0.728	0.656	0.0302739096808246	c8	CUTA
9.07393811286922e-07	1.1614312683697	0.048	0.027	0.0304321736429408	c8	TRAV8-1
9.14650987479929e-07	0.110141788714012	0.539	0.473	0.0306755648181019	c8	METTL26
9.79868676759515e-07	0.113043750716749	0.573	0.512	0.0328628356811606	c8	MATR3.1
9.84973257911627e-07	0.689409229399688	0.05	0.028	0.0330340331238401	c8	CAMK2N1
1.02068211426282e-06	0.268301582376504	0.232	0.187	0.0342316367481464	c8	MNAT1
1.02076055993732e-06	0.149263278201499	0.51	0.454	0.0342342676591779	c8	IMP3
1.06588695472007e-06	0.356292391134698	0.227	0.184	0.0357477166874019	c8	GPR18
1.07140837462655e-06	0.306473581169322	0.302	0.253	0.0359328940682252	c8	RNF11
1.09044831180387e-06	0.186832680688194	0.531	0.475	0.0365714554812782	c8	RWDD1
1.1216117905003e-06	0.201030970805965	0.457	0.405	0.0376166162297992	c8	RNF187
1.14707121019308e-06	0.250647369738784	0.326	0.277	0.0384704742474557	c8	COX20
1.19994876829107e-06	0.845967451403946	0.045	0.025	0.0402438817909459	c8	SLC16A6
1.21191615669223e-06	0.319818521453052	0.105	0.073	0.0406452440631441	c8	ZNF699
1.24620133191353e-06	0.354400149918324	0.151	0.114	0.041795100269716	c8	POC1B
1.27156879546905e-06	0.336401845546445	0.304	0.261	0.0426458742624409	c8	TSEN15
1.31013148087022e-06	0.389707966575176	0.227	0.185	0.0439391896054255	c8	DTD1
1.32614243333489e-06	0.113436870892244	0.73	0.65	0.0444761649291856	c8	C4orf3
1.37799782133585e-06	0.138180507523462	0.303	0.256	0.0462152909319618	c8	NEU1
1.40050111129815e-06	0.109243308566988	0.505	0.446	0.0469700062707175	c8	TGFB1
1.41518482085033e-06	0.129695393281124	0.411	0.357	0.0474624685216783	c8	LUC7L2
1.4488756612769e-06	0.120725130879182	0.642	0.565	0.0485923919279047	c8	SEC61G
