p_val	avg_log2FC	pct.1	pct.2	p_val_adj	cluster	gene
0	1.33341981206084	0.993	0.88	0	0	IL7R
0	1.23634224680112	0.935	0.886	0	0	SELL
0	1.05032408724537	0.869	0.787	0	0	CCR7
0	0.935748186826402	0.877	0.773	0	0	NOSIP
0	0.807097671014704	0.961	0.897	0	0	LTB
0	0.762134409574709	0.849	0.722	0	0	LEF1
0	0.757909261845559	0.932	0.766	0	0	TOB1
0	0.752464731194277	0.867	0.868	0	0	MAL
0	0.75025363097859	0.77	0.595	0	0	TCF7
0	0.744914566323509	0.905	0.793	0	0	GADD45B
0	0.706828198484058	0.994	0.975	0	0	FOS
0	0.69483241184915	0.812	0.708	0	0	SOCS3
0	0.693451071515474	0.84	0.691	0	0	S1PR1
0	0.678384010141752	0.832	0.768	0	0	AQP3
0	0.65516177933483	0.995	0.984	0	0	PABPC1
0	0.653330821237618	1	0.999	0	0	RPS12
0	0.634369346710005	0.819	0.809	0	0	PASK
0	0.617437431480906	0.938	0.909	0	0	BTG2
0	0.61483998194532	1	0.997	0	0	RPS18
0	0.614288072549946	0.997	0.981	0	0	JUNB
0	0.600795171030717	0.992	0.968	0	0	NFKBIA
0	0.592690640814237	0.817	0.717	0	0	ICAM2
0	0.582956205254821	0.985	0.969	0	0	LDHB
0	0.572998672809242	0.721	0.586	0	0	PRKCQ-AS1
0	0.568123088607611	1	1	0	0	EEF1A1
0	0.557178469050246	0.819	0.776	0	0	LOC102724246
0	0.538094714552853	0.998	0.993	0	0	RPLP0
0	0.535706840780292	0.696	0.549	0	0	CD40LG
0	0.531294330328992	0.735	0.67	0	0	MYC
0	0.525503842738364	0.876	0.759	0	0	BIRC3
0	0.498423059920436	0.844	0.773	0	0	SLC2A3
0	0.488638521578588	0.825	0.722	0	0	FOSB
0	0.485068885623962	0.839	0.726	0	0	PTGER2
0	0.483967453945268	0.808	0.737	0	0	CCR6
0	0.474723427617382	0.994	0.982	0	0	ZFP36
0	0.466647802422615	0.718	0.556	0	0	FXYD7
0	0.464154650502749	0.777	0.692	0	0	FLT3LG
0	0.462296079604479	0.736	0.621	0	0	CDKN1A
0	0.459991093489662	0.938	0.887	0	0	IER2
0	0.458955933077897	0.982	0.961	0	0	CD69
0	0.45069084187555	0.999	0.998	0	0	RPS8
0	0.448073968710159	0.802	0.732	0	0	SGK1
0	0.446602227869865	0.751	0.698	0	0	TESPA1
0	0.431710998991598	0.807	0.666	0	0	PLAC8
0	0.430866215247005	0.882	0.79	0	0	IMPDH2
0	0.42545082310481	0.894	0.824	0	0	RNASET2
0	0.41169750539291	0.961	0.936	0	0	DNAJB1
0	0.406616343370396	0.731	0.614	0	0	LOC100996286
0	0.406283272476297	0.658	0.55	0	0	FXYD1
0	0.401817300059471	1	1	0	0	RPLP1
0	0.397883014220595	0.782	0.605	0	0	TNFSF8
0	0.386665875804289	0.874	0.793	0	0	C10orf54
0	0.385127279103066	0.921	0.822	0	0	CDO1
0	0.382642315732359	0.797	0.748	0	0	THEM4
0	0.377761117015044	0.733	0.58	0	0	TAF4B
0	0.377264451852679	0.816	0.723	0	0	UPP1
0	0.360138208412353	0.819	0.746	0	0	TIMP1
0	0.358213083576365	0.742	0.666	0	0	SESN3
0	0.357037861466168	0.788	0.725	0	0	SATB1
0	0.349570483653777	0.986	0.976	0	0	JUN
0	0.343747859848732	0.942	0.931	0	0	TNFSF13B
0	0.336048524631382	0.78	0.784	0	0	FAAH2
0	0.32597450622179	0.939	0.884	0	0	DUSP1
0	0.316088162313405	0.852	0.863	0	0	TXK
0	0.311397779725169	0.81	0.696	0	0	NME2
0	0.304886767242412	0.957	0.906	0	0	HIST1H4C
0	0.285951615969778	0.776	0.695	0	0	RIPK2
0	0.27878410177814	0.698	0.536	0	0	RAPGEF6
0	0.276997350600797	0.871	0.773	0	0	NPC2
0	0.274737804084089	0.736	0.62	0	0	ILF3-AS1
0	0.252800334703027	0.77	0.724	0	0	CH25H
0	0.252750641233647	0.825	0.724	0	0	LY96
0	0.251120050047657	0.642	0.571	0	0	SLC40A1
0	-0.253737382857672	0.543	0.734	0	0	SUPT16H
0	-0.254594821712998	0.795	0.779	0	0	MZB1
0	-0.25729415941922	0.579	0.859	0	0	CD38
0	-0.260566771443471	0.512	0.618	0	0	PECAM1
0	-0.260945891140952	0.564	0.806	0	0	GBP4
0	-0.26238989937598	0.876	0.73	0	0	LOC100293211
0	-0.266782641750068	0.448	0.653	0	0	CPNE7
0	-0.267071983996975	0.742	0.741	0	0	ARHGAP18
0	-0.268242703132785	0.538	0.642	0	0	DTHD1
0	-0.272064266564939	0.618	0.759	0	0	MAP1LC3A
0	-0.27573391815624	0.831	0.857	0	0	OAS1
0	-0.279466750060397	0.581	0.759	0	0	ASB2
0	-0.282445212745009	0.656	0.835	0	0	LAYN
0	-0.291452184723962	0.741	0.785	0	0	PLSCR1
0	-0.291734910277502	0.585	0.679	0	0	MPST
0	-0.299560687541058	0.651	0.734	0	0	GALNT2
0	-0.315295022216732	0.454	0.64	0	0	PLEK
0	-0.317074708262127	0.454	0.594	0	0	FASLG
0	-0.317840013009754	0.55	0.715	0	0	CDK6
0	-0.3211904833829	0.549	0.679	0	0	HSH2D
0	-0.322493632378354	0.602	0.733	0	0	IL21R
0	-0.326106036373093	0.551	0.751	0	0	SKA2
0	-0.331814035761827	0.611	0.739	0	0	CD70
0	-0.340829622564672	0.818	0.9	0	0	RTKN2
0	-0.345205555664825	0.662	0.763	0	0	HSBP1
0	-0.346459616443135	0.677	0.768	0	0	EIF4EBP1
0	-0.34740468666679	0.561	0.74	0	0	USP11
0	-0.350014185023925	0.771	0.859	0	0	CD82
0	-0.350938384680413	0.999	0.999	0	0	COX2
0	-0.351346331435483	0.716	0.796	0	0	LAIR2
0	-0.353478248109106	0.721	0.832	0	0	SNRPE
0	-0.359490532416719	0.46	0.717	0	0	KIR2DL4
0	-0.360264141435898	0.641	0.788	0	0	TNFRSF9
0	-0.36262504129893	0.803	0.897	0	0	ARID5B
0	-0.366164405169925	0.722	0.777	0	0	IKZF2
0	-0.36733635449767	0.679	0.795	0	0	COMT
0	-0.368087608645307	0.755	0.813	0	0	ATOX1
0	-0.370886023355406	0.358	0.693	0	0	LOC102724850
0	-0.375675942040719	0.569	0.687	0	0	STARD3NL
0	-0.375775394586434	0.473	0.599	0	0	CRTAM
0	-0.376496977899877	0.712	0.819	0	0	LAP3
0	-0.381469795532021	0.766	0.842	0	0	KDELR2
0	-0.383404104349391	0.758	0.822	0	0	ATP6V0D1
0	-0.40633677108181	0.83	0.878	0	0	TALDO1
0	-0.406519433368793	0.746	0.786	0	0	JAKMIP1
0	-0.407391308871659	0.694	0.81	0	0	SMS
0	-0.412409988364501	0.501	0.712	0	0	APOBEC3H
0	-0.414376855479027	0.398	0.729	0	0	TNIP3
0	-0.416287452087967	0.847	0.907	0	0	EPSTI1
0	-0.416869476275402	0.705	0.811	0	0	PSMA4
0	-0.430996769265109	0.654	0.765	0	0	VASP
0	-0.431307235914251	0.652	0.802	0	0	APOBEC3C
0	-0.438578642664488	0.553	0.706	0	0	SRRT
0	-0.442944664985691	0.687	0.821	0	0	HAVCR2
0	-0.45195744855787	0.699	0.802	0	0	PHPT1
0	-0.456440238381196	0.83	0.889	0	0	VDAC1
0	-0.459965727356206	0.825	0.868	0	0	MT1E
0	-0.460026389155392	0.686	0.813	0	0	GBP2
0	-0.466803214636437	0.811	0.869	0	0	ATP6V1F
0	-0.467200998602086	0.999	0.999	0	0	COX1
0	-0.481523484937354	0.523	0.649	0	0	PLA2G16
0	-0.487754260313687	0.732	0.821	0	0	BTG3
0	-0.488552626518948	0.99	0.989	0	0	ACTG1
0	-0.499662300769775	0.79	0.832	0	0	IFI6
0	-0.503754489372449	0.9	0.933	0	0	MT2A
0	-0.516018005442287	0.77	0.859	0	0	RNF19A
0	-0.519892228874342	0.732	0.821	0	0	TPM4
0	-0.524086968562092	0.807	0.916	0	0	DNPH1
0	-0.526303556795285	0.836	0.914	0	0	PMAIP1
0	-0.528572683405759	0.531	0.67	0	0	MAP3K8
0	-0.535649648693504	0.708	0.831	0	0	AP2S1
0	-0.538068095590167	0.74	0.841	0	0	ARL6IP1
0	-0.544038970356953	0.608	0.76	0	0	TYMP
0	-0.553887998479357	0.999	0.999	0	0	TMSB4X
0	-0.555034414824463	0.593	0.742	0	0	CLIC3
0	-0.558206129824148	0.761	0.85	0	0	PRDX5
0	-0.558333093442616	0.943	0.957	0	0	HMGB1
0	-0.558989240776837	0.77	0.835	0	0	LGALS3
0	-0.56414094178867	0.822	0.887	0	0	PDIA6
0	-0.564933062744576	0.738	0.84	0	0	HN1
0	-0.565393395008322	0.643	0.788	0	0	IGFLR1
0	-0.571251293734811	0.705	0.801	0	0	CDK2AP2
0	-0.574581730051649	0.889	0.927	0	0	GABARAP
0	-0.574921869248195	0.961	0.97	0	0	UBC
0	-0.579384027432698	0.729	0.829	0	0	ISG15
0	-0.583462189842298	0.672	0.775	0	0	TOX
0	-0.584190064779259	0.829	0.881	0	0	TXN
0	-0.592862215054061	0.604	0.711	0	0	HLA-DMA
0	-0.599164512179988	0.654	0.741	0	0	IL2RB
0	-0.599229978795918	0.888	0.922	0	0	GNG5
0	-0.600454967987205	0.544	0.64	0	0	KLRC3
0	-0.61273007775431	0.675	0.772	0	0	STMN1
0	-0.616529121070492	0.442	0.643	0	0	TPST2
0	-0.639532986687274	0.797	0.847	0	0	ANXA5
0	-0.641439350204903	0.641	0.759	0	0	PTTG1
0	-0.645402697955515	0.645	0.699	0	0	PTPN22
0	-0.64699820238021	0.749	0.786	0	0	TNFRSF1B
0	-0.648007693788569	0.823	0.896	0	0	CD27
0	-0.654296574765697	0.728	0.8	0	0	CD97
0	-0.657449431197386	0.957	0.966	0	0	S100A4
0	-0.657716761745507	0.975	0.981	0	0	SH3BGRL3
0	-0.660548336605901	0.947	0.964	0	0	CORO1A
0	-0.666625969810234	0.872	0.91	0	0	PGAM1
0	-0.670800329937795	0.808	0.859	0	0	SH2D2A
0	-0.676431717448815	0.574	0.718	0	0	RUNX3
0	-0.679433339841105	0.805	0.858	0	0	ANXA2
0	-0.680217185678612	0.896	0.936	0	0	ATP5G3
0	-0.689812024650963	0.724	0.79	0	0	FABP5
0	-0.692558945467927	0.892	0.902	0	0	ENTPD1
0	-0.700813704812287	0.509	0.729	0	0	ABI3
0	-0.706638557111086	0.72	0.826	0	0	RBPJ
0	-0.720403848441128	0.596	0.704	0	0	LOC101928173
0	-0.720932225737173	0.583	0.72	0	0	LYST
0	-0.722273957336642	0.761	0.87	0	0	CALM3
0	-0.727938197244093	0.838	0.922	0	0	COX5A
0	-0.736179901628629	0.676	0.864	0	0	ACP5
0	-0.737572066396684	0.608	0.758	0	0	RAB27A
0	-0.73868076265585	0.696	0.827	0	0	ITGAE
0	-0.751940603520702	0.625	0.743	0	0	C12orf75
0	-0.756997997109159	0.758	0.851	0	0	CARD16
0	-0.757128421410629	0.866	0.913	0	0	LY6E
0	-0.758481263342011	0.976	0.984	0	0	CFL1
0	-0.759687558586598	0.788	0.904	0	0	POMP
0	-0.759827284340571	0.768	0.836	0	0	PDCD1
0	-0.767437949353065	0.853	0.858	0	0	ALOX5AP
0	-0.78021452410984	0.634	0.726	0	0	CKLF
0	-0.784815282561021	0.61	0.788	0	0	CXCR3
0	-0.786655434795488	0.873	0.935	0	0	PSME2
0	-0.806450986703881	0.898	0.944	0	0	TPI1
0	-0.807281187064352	0.729	0.899	0	0	SIRPG
0	-0.814821514879955	0.796	0.886	0	0	BST2
0	-0.817570286612093	0.995	0.994	0	0	GAPDH
0	-0.875377304714286	0.606	0.708	0	0	KLRC2
0	-0.87945019120919	0.813	0.898	0	0	DBI
0	-0.884501643308712	0.788	0.908	0	0	FKBP1A
0	-0.884656367384122	0.666	0.75	0	0	MIR4435-1HG
0	-0.886268660018654	0.78	0.876	0	0	GSTP1
0	-0.894221244194418	0.971	0.978	0	0	IL32
0	-0.911302218701125	0.762	0.841	0	0	CLDND1
0	-0.912309785658407	0.691	0.768	0	0	CD63
0	-0.920046302386869	0.803	0.86	0	0	CLEC2B
0	-0.924952914544073	0.999	0.998	0	0	ACTB
0	-0.927843407972207	0.967	0.985	0	0	MYL6
0	-0.932615054447308	0.833	0.933	0	0	UCP2
0	-0.951248252560434	0.984	0.993	0	0	SRGN
0	-0.964745753413943	0.406	0.732	0	0	CMC1
0	-0.976106989811519	0.466	0.663	0	0	AOAH
0	-0.99666346973587	0.978	0.987	0	0	PFN1
0	-1.02243922222193	0.619	0.84	0	0	CXCR6
0	-1.03164075825712	0.418	0.623	0	0	KLRC1
0	-1.03752794986975	0.745	0.753	0	0	CD8B
0	-1.05288423568668	0.746	0.825	0	0	LOC100996809
0	-1.06227796748669	0.712	0.916	0	0	CTLA4
0	-1.07998912283163	0.782	0.798	0	0	LINC00152
0	-1.08804648040712	0.888	0.943	0	0	LSP1
0	-1.11043885398945	0.913	0.952	0	0	CD7
0	-1.11371520969701	0.781	0.869	0	0	CTSC
0	-1.12834846629837	0.66	0.833	0	0	HLA-DRB4
0	-1.14154442831148	0.774	0.897	0	0	CTSD
0	-1.16322198672411	0.403	0.635	0	0	XCL1
0	-1.17939312916736	0.478	0.614	0	0	KLRD1
0	-1.18471718829008	0.798	0.884	0	0	TIGIT
0	-1.20664118323362	0.595	0.813	0	0	APOBEC3G
0	-1.29330204376459	0.464	0.797	0	0	LAG3
0	-1.30564710145357	0.669	0.807	0	0	LGALS1
0	-1.35080494551785	0.863	0.954	0	0	RGS1
0	-1.36181754272562	0.551	0.854	0	0	DUSP4
0	-1.48292432212201	0.673	0.738	0	0	CD8A
0	-1.54655735271195	0.466	0.702	0	0	IFNG
0	-1.61393425993065	0.743	0.813	0	0	CTSW
0	-1.6593394525865	0.96	0.986	0	0	CD74
0	-1.71564333050594	0.395	0.655	0	0	CCL3
0	-1.7383292729526	0.544	0.762	0	0	GZMK
0	-2.00214136013057	0.553	0.831	0	0	PRF1
0	-2.14510235403782	0.301	0.721	0	0	GZMH
0	-2.3148349194764	0.387	0.687	0	0	GNLY
0	-2.38315232188085	0.704	0.911	0	0	CST7
0	-2.70924077826724	0.601	0.855	0	0	GZMA
0	-2.75699990909415	0.607	0.747	0	0	CXCL13
0	-2.93599260533333	0.505	0.8	0	0	GZMB
0	-3.0984860357334	0.588	0.877	0	0	CCL5
0	-3.42899892792453	0.596	0.832	0	0	NKG7
0	-3.51670056081872	0.405	0.751	0	0	CCL4
4.55616361968107e-307	-0.371255449119634	0.532	0.655	1.36684908590432e-303	0	CARHSP1
2.19854217085186e-306	-0.607163977712639	0.938	0.954	6.59562651255559e-303	0	ARPC1B
2.46829576867598e-305	-0.493884992623866	0.722	0.773	7.40488730602794e-302	0	IDH2
4.45452619886168e-302	-0.593540521208586	0.837	0.883	1.3363578596585e-298	0	YWHAQ
9.21997571561597e-299	-0.5544489671843	0.93	0.943	2.76599271468479e-295	0	S100A6
2.52865157275843e-296	-0.529034654787786	0.557	0.651	7.58595471827529e-293	0	ITM2C
2.86411103365034e-295	-0.41997669794134	0.607	0.666	8.59233310095103e-292	0	HLA-DQB1
3.85014545713493e-292	-0.533989663670929	0.845	0.903	1.15504363714048e-288	0	PRDX1
5.13722160725358e-289	0.25744224043184	0.688	0.593	1.54116648217607e-285	0	LOC101929065
2.54535435093398e-288	-0.53365340408165	0.727	0.77	7.63606305280195e-285	0	GBP5
5.52043306228647e-288	0.275085628642016	0.909	0.812	1.65612991868594e-284	0	ANXA1
1.26838670919541e-287	-0.590748772831075	0.915	0.942	3.80516012758623e-284	0	CRIP1
1.28041947498525e-285	0.258421275282369	0.919	0.874	3.84125842495574e-282	0	PPA1
4.29062107132001e-281	-0.268054472031007	0.636	0.667	1.287186321396e-277	0	TESC
1.70568398249925e-280	-0.633714681831504	0.833	0.878	5.11705194749774e-277	0	PKM
6.92717194777908e-278	0.34341704381395	0.786	0.714	2.07815158433372e-274	0	FAM65B
3.53837513536678e-277	-0.632565337630016	1	1	1.06151254061003e-273	0	RNR1
1.03143725302905e-269	-0.263158190809841	0.526	0.632	3.09431175908715e-266	0	SPON2
3.65994512066066e-267	-0.472462120818936	0.626	0.728	1.0979835361982e-263	0	FLNA
4.50920962733197e-265	-0.254202918217223	0.612	0.695	1.35276288819959e-261	0	RIN3
5.21795767475823e-263	-0.504226739422014	0.765	0.833	1.56538730242747e-259	0	ITM2A
2.13407777726639e-262	-0.559685276501067	0.765	0.83	6.40223333179918e-259	0	HMGB2
2.27076268115872e-262	-0.414661146972905	0.732	0.752	6.81228804347617e-259	0	NMB
8.69456697187997e-262	-0.520930359256476	0.709	0.754	2.60837009156399e-258	0	SH2D1A
9.56672259438905e-259	-0.767556011383443	0.601	0.662	2.87001677831671e-255	0	HOPX
3.95122712949885e-257	-0.447128633669172	0.811	0.878	1.18536813884965e-253	0	HSP90B1
2.36507500080647e-251	-0.388365901348173	0.744	0.807	7.0952250024194e-248	0	BANF1
1.08046290493594e-249	-0.306993126058798	0.716	0.773	3.24138871480783e-246	0	MX1
2.04494547055802e-247	-0.843088838120133	0.638	0.681	6.13483641167407e-244	0	LOC101929531
2.20408790860594e-245	-0.485915915111228	0.935	0.947	6.61226372581783e-242	0	SUB1
2.68695563548106e-245	0.323333471815789	0.882	0.792	8.06086690644319e-242	0	GPX4
2.07359921366974e-244	-0.440447289014897	0.664	0.735	6.22079764100923e-241	0	GLIPR2
5.60380483952787e-244	-0.521393259501306	0.621	0.711	1.68114145185836e-240	0	RHOB
3.53240580865893e-241	-0.47892060878569	0.878	0.892	1.05972174259768e-237	0	HERPUD1
3.20783709445027e-240	0.271553199185532	0.787	0.701	9.62351128335081e-237	0	XBP1
1.79996985915379e-238	0.338521795014984	0.617	0.507	5.39990957746137e-235	0	C1orf162
5.20547385212816e-238	-0.449101740125434	0.785	0.851	1.56164215563845e-234	0	CSTB
2.51887392302904e-237	-0.546178048282014	0.752	0.786	7.55662176908711e-234	0	ID2
9.245665793195e-237	-0.422851683631214	0.985	0.986	2.7736997379585e-233	0	PPIA
6.96551820363115e-236	-0.318441728455292	0.686	0.75	2.08965546108934e-232	0	PDCL3
2.8487116121911e-229	0.338559642930578	0.957	0.926	8.5461348365733e-226	0	DDIT4
2.55545453608295e-226	-0.394850295751598	0.686	0.773	7.66636360824884e-223	0	RGS2
5.37969953569783e-224	-0.283884258397591	0.68	0.76	1.61390986070935e-220	0	H2AFY
3.12539499631626e-223	-0.488304829015134	0.774	0.818	9.37618498894877e-220	0	ITGB2
1.6950336296686e-222	-0.25654874817464	0.589	0.67	5.08510088900579e-219	0	LOC101927902
4.67863619479208e-219	-0.345523509756844	0.416	0.584	1.40359085843763e-215	0	SPRY1
2.59624605635572e-217	-0.467997953124598	0.569	0.644	7.78873816906715e-214	0	PELO
6.11413949837746e-213	0.296377469814731	0.694	0.684	1.83424184951324e-209	0	SERINC5
1.07773296949338e-211	-0.430348894819668	0.542	0.619	3.23319890848013e-208	0	HLA-DRB1
2.47693989144852e-201	0.376482373343296	0.792	0.783	7.43081967434557e-198	0	GPR183
3.27526381206963e-200	-0.42616908138124	0.794	0.84	9.82579143620889e-197	0	RPS27L
1.09112690601208e-199	-0.44657430736883	0.832	0.861	3.27338071803623e-196	0	DYNLL1
1.41549360850136e-198	-0.458961620185193	0.6	0.667	4.24648082550408e-195	0	GABARAPL1
4.86504759660415e-197	-0.520559875959641	0.836	0.876	1.45951427898125e-193	0	LITAF
3.0607884116323e-196	-0.290924030665387	0.687	0.769	9.18236523489691e-193	0	HNRNPLL
1.87854656336834e-194	-0.432435380287861	0.827	0.882	5.63563969010502e-191	0	PRDM1
5.66209743012822e-193	-0.274588423065935	0.756	0.803	1.69862922903847e-189	0	GSTO1
6.4194706598807e-192	-0.258551708675507	0.766	0.806	1.92584119796421e-188	0	LDLRAD4
1.09803431611514e-190	-0.386000463370539	0.649	0.681	3.29410294834543e-187	0	AGTRAP
1.40721939196312e-189	0.281700690173001	0.674	0.641	4.22165817588935e-186	0	ZBTB10
1.67512087618446e-189	0.258572018778964	0.754	0.679	5.02536262855338e-186	0	PIM1
2.38259179136596e-188	0.278218125466675	0.961	0.943	7.14777537409789e-185	0	TNFAIP3
2.43674327735888e-183	-0.311185611532392	0.84	0.829	7.31022983207665e-180	0	TNFRSF4
2.66504565511617e-181	-0.385470150917939	0.414	0.547	7.99513696534852e-178	0	FGFBP2
1.10440188961712e-180	-0.422249731856255	0.821	0.86	3.31320566885137e-177	0	ATP6V0C
2.03876902312152e-178	-0.374351311672555	0.683	0.76	6.11630706936455e-175	0	HMGN3
2.33404271581422e-178	-0.434944339251233	0.676	0.733	7.00212814744266e-175	0	BAX
6.04970620104672e-178	0.357158284632222	0.777	0.717	1.81491186031402e-174	0	NR4A1
9.96000273178085e-176	0.377874443376701	0.709	0.681	2.98800081953425e-172	0	LPAR6
1.43838518193267e-174	-0.306205834515864	0.777	0.804	4.31515554579802e-171	0	PYCARD
2.2360633892451e-173	-0.266992914193049	0.535	0.618	6.7081901677353e-170	0	NEDD9
1.01314224796696e-171	-0.394152011224498	0.788	0.82	3.03942674390087e-168	0	SLA
8.25166802388981e-166	-0.376053898370527	0.675	0.755	2.47550040716694e-162	0	NR3C1
3.03204325199377e-165	-0.254201697545329	0.473	0.571	9.09612975598131e-162	0	DDAH2
8.1402059578092e-165	-0.445193830352936	0.875	0.89	2.44206178734276e-161	0	CALR
2.41591143879074e-164	0.257596650039184	0.648	0.616	7.24773431637222e-161	0	BEX2
7.79576401404729e-160	-0.375406744349296	0.758	0.825	2.33872920421419e-156	0	SYNGR2
2.68363818402326e-156	-0.431289490953012	0.903	0.913	8.05091455206978e-153	0	CALM2
1.58182021850646e-155	0.277949342921373	0.679	0.618	4.74546065551937e-152	0	LINC00861
1.67662244118116e-155	-0.454913102522225	0.908	0.925	5.02986732354347e-152	0	ENO1
6.22563448608654e-154	-0.626816010549563	0.502	0.56	1.86769034582596e-150	0	KLRK1
1.36346809893023e-150	-0.30829696954701	0.691	0.75	4.0904042967907e-147	0	TMEM2
5.73123039687237e-150	0.35980661601622	0.677	0.647	1.71936911906171e-146	0	KLF2
6.19103467209515e-150	-0.273535308960598	0.789	0.848	1.85731040162854e-146	0	CACYBP
5.00736098720431e-149	-0.314784933795614	0.628	0.659	1.50220829616129e-145	0	NCR3
7.30184484703514e-137	-0.27765346722149	0.757	0.798	2.19055345411054e-133	0	PRDX3
7.65448122545734e-137	-0.622404130447157	0.818	0.874	2.2963443676372e-133	0	FOXP3
4.78990087506726e-135	-0.375356217750125	0.348	0.521	1.43697026252018e-131	0	GPR56
5.05367224774545e-134	-0.302763960312687	1	1	1.51610167432364e-130	0	RNR2
9.85731356602713e-134	-0.29361090019091	0.8	0.834	2.95719406980814e-130	0	VAMP5
3.21952215383517e-133	-1.1926001500387	0.619	0.626	9.6585664615055e-130	0	LOC101060038
3.93081943544547e-132	-0.253714772881957	0.735	0.74	1.17924583063364e-128	0	ATP1B3
4.41851305491691e-131	-0.332404662355086	0.827	0.868	1.32555391647507e-127	0	SNRPG
1.0986463373939e-127	-0.313165892629144	0.495	0.562	3.29593901218171e-124	0	HLA-DRB3
3.0008850088501e-126	-0.300077572172484	0.731	0.786	9.00265502655029e-123	0	LRRFIP1
4.63550901739734e-126	-0.259390674551177	0.772	0.818	1.3906527052192e-122	0	PSAP
5.97434441640071e-125	-0.271353831070579	0.632	0.67	1.79230332492021e-121	0	MT1F
5.8181369494487e-122	-0.385459406584152	0.66	0.718	1.74544108483461e-118	0	LYAR
1.84545527370746e-121	-0.366053086188658	0.793	0.851	5.53636582112237e-118	0	GPX1
1.17219515020301e-120	-0.285938664731731	0.788	0.84	3.51658545060902e-117	0	MTHFD2
1.95651059136097e-120	-0.431310231018982	0.798	0.849	5.8695317740829e-117	0	HSPA1A
1.60092422812819e-119	-0.270148623786169	0.73	0.772	4.80277268438458e-116	0	RPA3
9.70380281917511e-112	-0.25485861596262	0.694	0.729	2.91114084575253e-108	0	VIMP
3.6457535164658e-111	-0.271940699339845	0.369	0.504	1.09372605493974e-107	0	TARP
3.90779961270713e-111	-0.269507083392073	0.676	0.689	1.17233988381214e-107	0	SYTL2
6.7392245826307e-105	-0.536787094962412	0.527	0.566	2.02176737478921e-101	0	MATK
9.55939715007723e-104	-0.327779623876576	0.81	0.852	2.86781914502317e-100	0	HSPA5
3.39239206626301e-103	-0.472353019667632	0.695	0.657	1.0177176198789e-99	0	KLRC4
3.20615358696435e-99	-0.976455487674007	0.48	0.534	9.61846076089304e-96	0	XCL2
1.44939229050659e-98	-0.296468090864009	0.73	0.752	4.34817687151976e-95	0	PTPN6
2.45251143166044e-97	-0.720568983336981	0.358	0.485	7.35753429498133e-94	0	ZNF683
8.73292707770696e-96	-0.335098303496577	0.821	0.86	2.61987812331209e-92	0	CORO1B
1.69424084218727e-95	-0.364210769504378	0.623	0.678	5.08272252656181e-92	0	PHLDA1
2.37357862268354e-93	-0.280387439300241	0.735	0.732	7.12073586805063e-90	0	IFI35
9.47370231147383e-91	-0.424112118525083	0.695	0.708	2.84211069344215e-87	0	AMICA1
8.47332805478036e-90	-0.343033947650403	0.629	0.616	2.54199841643411e-86	0	OASL
6.40130625095279e-89	-0.282794582487065	0.997	0.995	1.92039187528584e-85	0	TMSB10
1.17554419555691e-86	-0.279409030156883	0.411	0.512	3.52663258667072e-83	0	EOMES
2.04133998695076e-75	0.272297962075575	0.677	0.627	6.12401996085227e-72	0	EGR1
2.4055508882825e-72	-0.260461689160985	0.743	0.787	7.2166526648475e-69	0	SNX3
8.38084068820904e-72	-0.285194323175028	0.757	0.781	2.51425220646271e-68	0	ATP6V0B
8.80708345883655e-69	-0.322334193815176	0.938	0.939	2.64212503765096e-65	0	IFITM2
1.1225556560659e-68	-0.349558413579483	0.716	0.741	3.3676669681977e-65	0	MGST3
1.27136426962425e-68	-0.251534527283101	0.778	0.832	3.81409280887276e-65	0	CYCS
6.7758788016607e-65	-0.26593348241017	0.519	0.594	2.03276364049821e-61	0	COTL1
3.08271796693118e-64	-0.279662366880512	0.737	0.761	9.24815390079355e-61	0	SNRPD1
3.40240169987303e-64	-0.255009075983354	0.688	0.707	1.02072050996191e-60	0	CCND2
2.09091978077983e-63	-0.48543061033591	0.506	0.547	6.2727593423395e-60	0	ZEB2
1.36622220404344e-62	-0.273061497941496	0.518	0.585	4.09866661213031e-59	0	BMS1P20
1.69866841173965e-57	-0.420902295916898	0.766	0.765	5.09600523521896e-54	0	MAGEH1
1.64112184839755e-56	-0.381561234161706	0.847	0.851	4.92336554519266e-53	0	HMGN2
2.25193988508367e-56	-0.614720169270564	0.817	0.842	6.755819655251e-53	0	TNFRSF18
1.75497400919371e-55	-0.270025208534725	0.995	0.993	5.26492202758114e-52	0	PTMA
4.07214263792133e-45	0.253489277559511	0.678	0.716	1.2216427913764e-41	0	TNFRSF25
4.44544605301413e-43	-0.263530382753877	0.611	0.65	1.33363381590424e-39	0	MAPRE2
6.20939767619255e-42	-0.258020454134646	0.921	0.928	1.86281930285777e-38	0	SLC25A5
7.01814469482452e-41	-0.256950936830275	0.742	0.757	2.10544340844736e-37	0	RANBP1
1.77784661268855e-38	-0.340438512207422	0.825	0.826	5.33353983806565e-35	0	H2AFZ
3.67445291184883e-31	-0.375621960635076	0.628	0.622	1.10233587355465e-27	0	GLUL
2.70127906416047e-29	-0.991789477807562	0.356	0.476	8.10383719248142e-26	0	CCL4L2
4.23851023594216e-28	-0.43320246271802	0.59	0.605	1.27155307078265e-24	0	ANKRD28
4.29756815431269e-27	-0.32077239376557	0.379	0.478	1.28927044629381e-23	0	PTMS
6.93589032067547e-22	-0.385772028159942	0.803	0.804	2.08076709620264e-18	0	BATF
2.58119963743674e-19	-0.361678587086144	0.364	0.434	7.74359891231021e-16	0	FCGR3A
2.75726360990738e-11	-0.322838700356269	0.512	0.479	8.27179082972214e-08	0	LOC100996919
2.58026181476413e-10	-0.276611097370409	0.589	0.592	7.7407854442924e-07	0	TYROBP
6.90422220720672e-07	-0.928206926314217	0.337	0.434	0.00207126666216202	0	CCL4L1
