p_val	avg_log2FC	pct.1	pct.2	p_val_adj	cluster	gene
3.24180084743768e-200	4.13205343796519	0.331	0.029	1.08723516821365e-195	c13	CD200
1.06454564775392e-170	3.65546343791222	0.568	0.116	3.5702731934371e-166	c13	TOX2
7.05005854254288e-167	4.03642486851769	0.222	0.014	2.36444863399803e-162	c13	LINC01281
1.43483529818219e-156	4.83624316152268	0.163	0.007	4.81215062304341e-152	c13	CPM
1.44968668215308e-151	3.21301717342069	0.413	0.064	4.861959194605e-147	c13	ICA1
1.09666352754921e-142	2.9596755827612	0.424	0.068	3.67799013869455e-138	c13	CXCR5
1.58890704703248e-139	5.67944005964506	0.101	0.002	5.32887645433752e-135	c13	KSR2
8.0856274498606e-139	3.676484865906	0.274	0.029	2.71175773413425e-134	c13	AC004585.1
3.72984202823362e-129	2.77930973633197	0.439	0.081	1.25091441942899e-124	c13	TIAM1
7.46176208870444e-106	3.2984301236757	0.243	0.03	2.5025257693097e-101	c13	IGFBP4
2.89317968663991e-103	2.34241757085069	0.597	0.187	9.70314603305292e-99	c13	TOX
2.32123923257415e-101	4.58003713341467	0.124	0.007	7.78497213820719e-97	c13	DRAIC
1.50868525063366e-99	2.49083215093573	0.63	0.217	5.05982859357516e-95	c13	PASK
1.61136345615677e-99	7.67535018558066	0.052	0	5.40419075925856e-95	c13	PVALB
9.37577861018965e-97	3.16358735952989	0.333	0.062	3.14444863028541e-92	c13	AC012645.3
6.02506921585926e-95	2.30563674753236	0.385	0.079	2.02068771361488e-90	c13	ACTN1
3.07515848238449e-94	2.35304332074598	0.517	0.149	1.03134665182211e-89	c13	SESN3
4.1608717705039e-92	2.36221044958671	0.439	0.109	1.3954731743916e-87	c13	TBC1D4
9.52332304854595e-88	2.1475077597377	0.69	0.291	3.19393208402134e-83	c13	IL6ST
4.44387475350974e-82	2.91797318510825	0.183	0.022	1.4903867148321e-77	c13	IL21
1.13733210633136e-81	3.18394267371104	0.204	0.027	3.8143844182141e-77	c13	POU2AF1
2.61061458116629e-80	2.58344574466039	0.424	0.118	8.75547918231549e-76	c13	MAGEH1
5.09760641723548e-79	5.61940698825194	0.067	0.002	1.70963524021243e-74	c13	CTTN
3.16161233964714e-73	1.81213071156916	0.478	0.143	1.06034154647086e-68	c13	IL6R
1.7924061372741e-72	4.13635241262404	0.088	0.005	6.01137170318987e-68	c13	HSPA12A
1.26486849606355e-70	3.62300088654951	0.15	0.017	4.24211596209792e-66	c13	XXYLT1-AS2
1.71583006330976e-70	5.73861013412122	0.049	0.001	5.75455086632826e-66	c13	CA8
2.41356361314488e-69	3.50114068280229	0.168	0.022	8.09460964576531e-65	c13	LINC01480
2.92195987143943e-68	1.70342791069961	0.682	0.315	9.79966901683357e-64	c13	TCF7
5.57619807072359e-68	1.97187029840952	0.377	0.098	1.87014530895928e-63	c13	FAAH2
1.82415132753329e-67	2.21645733274173	0.473	0.16	6.11783872228116e-63	c13	ARMH1
7.43729211857631e-66	1.37271763105277	0.773	0.389	2.49431903072812e-61	c13	CTLA4
1.20933253266151e-64	2.22397284301103	0.388	0.113	4.05585944804016e-60	c13	GK
9.76404611544268e-64	2.72333533807587	0.23	0.043	3.27466578619717e-59	c13	ST8SIA1
5.49465612552955e-62	4.0511934149617	0.08	0.005	1.8427977713801e-57	c13	LINC01727
1.12809900390939e-60	2.22092232065887	0.271	0.059	3.78341843931131e-56	c13	TSHZ2
1.98343594485105e-60	1.58666510857619	0.718	0.395	6.65204747184144e-56	c13	TIGIT
2.60437317769491e-60	1.78605138752751	0.483	0.169	8.73454676335319e-56	c13	SPINT2
1.38374453600262e-59	0.475487373268516	1	0.999	4.64080242484559e-55	c13	RPS8
4.4293677712456e-58	1.92868249639864	0.442	0.151	1.48552136312035e-53	c13	FBLN7
1.12537989688882e-57	3.52430236776937	0.109	0.011	3.77429909818572e-53	c13	MAP7
3.80469518474166e-57	4.04144651858341	0.08	0.006	1.27601867105866e-52	c13	AL121820.1
4.67185223015825e-57	4.79821716601784	0.059	0.003	1.56684580095047e-52	c13	HEYL
1.65689153106687e-56	2.37242885570283	0.253	0.056	5.55688281689207e-52	c13	LY96
2.27030987714089e-55	2.84326690374666	0.194	0.035	7.61416526595511e-51	c13	LIMS2
1.94671885058586e-53	2.10697399314888	0.413	0.143	6.52890568109484e-49	c13	ITGB2-AS1
5.70060484387452e-53	2.75622554987577	0.176	0.03	1.91186885253864e-48	c13	AFF3
1.25742150444602e-52	3.32153283551064	0.072	0.005	4.21714024161105e-48	c13	CXCL13
4.84490505188892e-52	1.43760112360941	0.553	0.225	1.62488425630251e-47	c13	CCR7
6.35436906760846e-52	1.88244096753892	0.452	0.171	2.13112829789452e-47	c13	MAF
2.59601585569979e-49	1.39999616363044	0.581	0.26	8.70651797684594e-45	c13	LEF1
7.14502927215989e-49	4.01903996077359	0.07	0.005	2.39629991729698e-44	c13	SCGB3A1
1.01158673192324e-48	2.72349378937858	0.15	0.024	3.39265958152416e-44	c13	ANKRD55
2.68357301932846e-45	2.09939129465589	0.54	0.27	9.0001671922238e-41	c13	PDCD1
2.9432941831141e-45	6.10004783321018	0.034	0.001	9.87122003132806e-41	c13	CHGB
3.25605968749431e-45	3.13698234570215	0.134	0.021	1.09201729799184e-40	c13	FGFR1
1.46583774949884e-43	4.98287050126019	0.052	0.003	4.91612664426922e-39	c13	LHFPL6
4.10083946576258e-43	1.99741536034713	0.289	0.086	1.37533954002745e-38	c13	PIP4P2
1.14954117615881e-41	0.437538927650128	1	0.994	3.85533119660143e-37	c13	RPL22
5.81940259113049e-41	6.65982652343511	0.023	0	1.95171124101334e-36	c13	NTRK3
1.17834061535551e-39	1.34415915301281	0.716	0.487	3.95191875577931e-35	c13	CORO1B
1.47608737796201e-39	3.67250807738238	0.062	0.005	4.95050184820898e-35	c13	AL109914.1
1.90014540083406e-38	5.88399399864953	0.031	0.001	6.37270764531728e-34	c13	LINC01503
4.82009305775229e-38	3.8906670994402	0.049	0.003	1.61656280970896e-33	c13	AC062028.1
7.33387522510624e-38	1.1467230400608	0.685	0.436	2.45963507299613e-33	c13	DGKA
1.03281119307849e-37	4.92592765735929	0.034	0.001	3.46384217934662e-33	c13	KCNK15
1.98515200113813e-37	2.79107091226596	0.121	0.02	6.65780278141707e-33	c13	HACD1
2.08994492373433e-37	0.919033029240711	0.912	0.721	7.00925728522019e-33	c13	LTB
6.69026568504491e-36	0.343999081216762	1	0.998	2.24378130545036e-31	c13	RPS13
9.24345178119266e-36	1.0595352800997	0.853	0.71	3.10006885837639e-31	c13	ITM2A
1.19658510474034e-35	1.87827338989555	0.346	0.135	4.01310712427816e-31	c13	SLC9A9
5.99642838085779e-35	5.29742708099289	0.031	0.001	2.01108215037209e-30	c13	PTPN14
8.76951190953924e-35	5.50150971264545	0.034	0.001	2.94111890422127e-30	c13	TSPAN12
4.51346169058876e-34	1.07949244334493	0.685	0.459	1.51372478178966e-29	c13	TMEM243
4.70258318101629e-34	2.07053251899159	0.302	0.11	1.57715234724924e-29	c13	BTLA
1.45084939527708e-33	1.81147043520471	0.447	0.22	4.86585870188026e-29	c13	NFATC1
2.32891512729435e-33	0.339033406779929	0.997	0.997	7.81071555391979e-29	c13	RPL15
3.56216587856543e-33	1.75956367247171	0.15	0.033	1.19467919235327e-28	c13	LGMN
4.10267646259247e-33	0.968049088428192	0.817	0.635	1.37595563202426e-28	c13	FCMR
7.1804313241455e-33	3.81661549677181	0.049	0.004	2.40817305749192e-28	c13	SLC7A10
1.06881256363494e-32	2.75047807509111	0.111	0.019	3.58458357591885e-28	c13	SMAD1
2.01016665013287e-32	0.858986875195548	0.829	0.695	6.74169691121562e-28	c13	IL16
2.13914585716422e-32	2.35600295471091	0.173	0.043	7.17426737575735e-28	c13	KIAA1324
5.48177879933257e-32	4.70820740718852	0.031	0.001	1.83847897372016e-27	c13	MME
1.75115624420535e-31	7.96520850166203	0.013	0	5.8730278118159e-27	c13	CDH2
1.0583723575454e-30	1.13354133209164	0.63	0.398	3.54956921273577e-26	c13	CEMIP2
1.30897378302007e-30	4.41375980185709	0.028	0.001	4.39003627349271e-26	c13	AL359979.2
1.59590581383416e-30	3.35826241288967	0.08	0.011	5.35234891843701e-26	c13	TSHR
3.22602402516913e-30	2.2784310797019	0.168	0.043	1.08194393756122e-25	c13	CD79A
4.13720264715202e-30	1.64530016890122	0.297	0.111	1.38753502380184e-25	c13	LINC00402
4.9287895119029e-30	0.3169313088637	1	0.997	1.65301742650199e-25	c13	RACK1
8.94186533665714e-30	0.573657875399935	0.984	0.95	2.99892279660807e-25	c13	FXYD5
1.01348738356498e-29	2.83227308010166	0.096	0.016	3.39903398700024e-25	c13	MEOX1
1.08075927290182e-29	0.643819260473646	0.928	0.829	3.62465044945814e-25	c13	C12orf57
1.46503401622012e-29	0.29475087814593	1	0.998	4.91343108359906e-25	c13	RPS23
1.74930707924944e-29	4.65445465367111	0.031	0.002	5.86682608238678e-25	c13	PTHLH
4.19101765540949e-29	1.69604329409474	0.264	0.093	1.40558350127123e-24	c13	EPHX2
4.9411410541834e-29	2.41185294837895	0.15	0.037	1.65715988675203e-24	c13	CPA5
5.80235217035779e-29	4.74884796165185	0.034	0.002	1.9459928708946e-24	c13	ITGB8
7.81423576904922e-29	0.302388626230806	0.997	0.997	2.62073839222373e-24	c13	RPS3A
1.25548544950878e-28	0.973399194278261	0.667	0.446	4.21064710056255e-24	c13	CD28
2.34160142219708e-28	0.283999946144706	1	0.998	7.85326284976455e-24	c13	RPL30
6.70039066473889e-28	0.600117311987995	0.891	0.789	2.24717702114013e-23	c13	ANP32B
1.0486546920662e-27	2.15910023019573	0.165	0.045	3.51697810625162e-23	c13	BCL6
3.18171843372784e-27	0.253390526503019	0.997	0.998	1.06708472830364e-22	c13	RPL11
3.93098369122719e-27	0.278664914996342	1	0.998	1.31837331036378e-22	c13	RPL6
6.21671529742148e-27	0.261549917892955	1	0.998	2.08496197644922e-22	c13	RPL19
1.15924396147392e-26	3.91467070818439	0.039	0.003	3.88787239799125e-22	c13	LHFPL2
1.09552303399632e-25	4.27112292684802	0.036	0.003	3.67416515141684e-21	c13	FILIP1L
1.60129273861595e-25	5.07180625083872	0.021	0.001	5.37041558677016e-21	c13	CCDC81
2.29651724978192e-25	0.917457953436512	0.801	0.717	7.70205955231861e-21	c13	C9orf16
2.87694671646683e-25	0.429056230822249	1	0.999	9.64870389768645e-21	c13	MALAT1
3.27240544588503e-25	4.2951441615281	0.026	0.001	1.09749933844092e-20	c13	AC022239.1
3.32997372333212e-25	4.03786109986623	0.075	0.012	1.11680658733113e-20	c13	GNG4
6.93135570384297e-25	0.292385700924913	1	0.998	2.32463807595485e-20	c13	RPS28
8.51782797086332e-25	1.52465045370309	0.287	0.117	2.85670914486814e-20	c13	ID3
8.61055457898081e-25	1.70489486343199	0.163	0.046	2.88780779469858e-20	c13	ADTRP
1.2133843259659e-24	4.47277717931918	0.028	0.002	4.06944835242443e-20	c13	TPD52L1
1.42679447493883e-24	0.319971800330248	0.997	0.995	4.78518331004985e-20	c13	RPL36
1.61028051964284e-24	0.273710170479847	0.997	0.998	5.40055880677814e-20	c13	RPL37
2.67271637988163e-24	4.01601281855117	0.036	0.003	8.96375619484702e-20	c13	FGFR2
2.70856087677747e-24	0.260610882803593	1	0.998	9.08397146853628e-20	c13	RPL26
3.69372332571923e-24	1.51175470121434	0.238	0.086	1.23880092897972e-19	c13	CCR4
4.06206035320359e-24	2.48815824197721	0.093	0.018	1.36233380125742e-19	c13	BFSP2
9.8001625853903e-24	0.969445653895621	0.597	0.377	3.2867785278882e-19	c13	ARID5B
1.29477730851728e-23	0.280076070877051	0.997	0.996	4.34242413730526e-19	c13	RPL24
2.87359525120894e-23	3.49088771637229	0.08	0.015	9.63746375350454e-19	c13	RTP5
1.06853607387891e-22	0.821327420730351	0.879	0.823	3.5836562845751e-18	c13	LAT
1.12197213327217e-22	0.417858850314668	0.956	0.951	3.76287014056821e-18	c13	COX7C
1.37498894758932e-22	1.0047519295255	0.636	0.456	4.61143793242507e-18	c13	RNF19A
1.66667878828985e-22	1.62626654754614	0.243	0.096	5.5897073201665e-18	c13	IFNGR2
1.71283076463568e-22	4.78527828306478	0.023	0.001	5.74449181843513e-18	c13	ZCCHC12
1.75474818176509e-22	0.929676262574736	0.553	0.325	5.88507445200374e-18	c13	CD4
1.92418862486332e-22	0.301137280329725	0.997	0.996	6.4533438100666e-18	c13	RPL5
2.45131851258815e-22	5.25158932909162	0.021	0.001	8.22123202751813e-18	c13	DRP2
2.51578962796844e-22	5.2521938164953	0.021	0.001	8.43745525428054e-18	c13	APBB2
2.606417024154e-22	4.05344171772206	0.021	0.001	8.74140141560769e-18	c13	ERICH5
2.81879349843779e-22	1.75314912392577	0.331	0.165	9.45366963506067e-18	c13	SMCO4
2.83762502231797e-22	0.795539569727638	0.757	0.619	9.51682679985001e-18	c13	TNFAIP8
3.31953667282251e-22	1.10347825742768	0.496	0.304	1.11330620933121e-17	c13	TNIK
4.15444407961594e-22	6.14749609652343	0.016	0	1.39331745542159e-17	c13	P3H2
4.15444407961594e-22	5.86967510628405	0.016	0	1.39331745542159e-17	c13	CRMP1
4.28132177960532e-22	0.554973841397289	0.437	0.22	1.43586969844403e-17	c13	TNFRSF4
5.03279944964679e-22	0.753218224739475	0.747	0.551	1.68790027942254e-17	c13	ICOS
5.25833843225735e-22	0.952842767337463	0.703	0.535	1.76354154341047e-17	c13	PIM2
6.74056370846772e-22	0.956920637797415	0.605	0.425	2.2606502565459e-17	c13	CNIH1
1.58014385601811e-21	1.01673714918874	0.649	0.486	5.29948646431353e-17	c13	LIMS1
2.00289052108516e-21	4.14457011011177	0.034	0.003	6.71729422961539e-17	c13	CAV1
4.23650952386039e-21	0.239559058302961	1	0.998	1.4208405641123e-16	c13	RPL29
4.83563325134929e-21	4.81037800617023	0.018	0.001	1.62177467983752e-16	c13	AC009121.2
5.22047296399307e-21	1.32570682995003	0.354	0.175	1.750842222664e-16	c13	TNFSF8
1.03551792756845e-20	0.902755016900938	0.708	0.573	3.47292002547908e-16	c13	NR3C1
1.1675719863288e-20	0.441436893435052	0.982	0.978	3.91580292774954e-16	c13	PTPRC
1.46391674673845e-20	2.98898809977329	0.047	0.006	4.90968398521141e-16	c13	AC112721.2
2.17153513653159e-20	6.74514317849897	0.01	0	7.28289454089964e-16	c13	AC108879.1
2.32054378946157e-20	0.551671058781054	0.86	0.67	7.78263976109621e-16	c13	CD27
2.790458734301e-20	0.885003206670579	0.571	0.375	9.35864050309868e-16	c13	ARID5A
2.85318306280707e-20	0.240877369869922	1	0.998	9.56900535604235e-16	c13	RPL35A
3.31201359678178e-20	0.337124763220638	0.99	0.983	1.11078312008867e-15	c13	RPL7
3.44284563149438e-20	0.695657634268255	0.786	0.646	1.15466156789059e-15	c13	NDUFV2
5.01179490117652e-20	2.33967302110831	0.14	0.042	1.68085577395658e-15	c13	NMB
5.23410838651135e-20	4.61996981674037	0.016	0	1.75541527066818e-15	c13	TUBA3D
5.69185010371557e-20	0.72531241796831	0.736	0.595	1.90893268778413e-15	c13	RNASET2
6.28566664081762e-20	1.45131126772545	0.307	0.149	2.10808687799741e-15	c13	ETV6
9.09740847546484e-20	4.16057116107571	0.021	0.001	3.0510888545014e-15	c13	AC079336.5
9.28933711088958e-20	1.55967886581055	0.233	0.097	3.11545788025015e-15	c13	SH3TC1
1.24192307668149e-19	0.29513966060166	1	0.994	4.1651616145744e-15	c13	RPL9
2.04123157623709e-19	4.03859689449104	0.023	0.001	6.84588246038394e-15	c13	FBXO27
4.34926967973914e-19	1.06552108975738	0.672	0.562	1.45865806519091e-14	c13	PPP1CC
4.95948070490462e-19	0.836521096937933	0.429	0.229	1.66331063881091e-14	c13	SELL
6.97718062024316e-19	0.24435428741053	0.997	0.998	2.34000683641715e-14	c13	RPL32
1.93176076937637e-18	2.11527455635761	0.049	0.007	6.47873926833446e-14	c13	LIF
2.13778977021924e-18	1.24213356089233	0.341	0.18	7.16971933136128e-14	c13	STAM
3.04064856962225e-18	4.04066192608204	0.016	0.001	1.01977271727991e-13	c13	CLDN1
5.24254550475702e-18	0.623898940593512	0.796	0.704	1.75824491138541e-13	c13	ISCU
9.39407306572144e-18	3.61462290868611	0.023	0.002	3.15058422478166e-13	c13	KCNC3
9.77395809486972e-18	0.229344627796691	1	0.998	3.27799006585741e-13	c13	RPL8
1.16321776766678e-17	2.24638323895085	0.114	0.033	3.90119974920083e-13	c13	SGPP2
1.30746455704248e-17	1.99042188910214	0.127	0.039	4.38497463140907e-13	c13	CDK5R1
1.46369321031432e-17	0.686197835576802	0.698	0.541	4.90893428875218e-13	c13	MCUB
1.94202708151062e-17	0.220712773248315	1	0.998	6.51317042597032e-13	c13	RPL18A
2.50009198532544e-17	1.57748716503011	0.178	0.067	8.38480850038444e-13	c13	NAB2
2.85243157764538e-17	0.231814973206197	1	0.999	9.56648502510707e-13	c13	EEF1A1
3.57133974288769e-17	0.451185658629842	0.93	0.866	1.19775592296967e-12	c13	LIMD2
3.72158349306179e-17	0.252558521282064	1	0.999	1.24814467190306e-12	c13	RPS27
3.82376445465383e-17	0.296295417870889	0.995	0.995	1.2824141228018e-12	c13	EEF1D
4.76904619417228e-17	0.23818299778681	1	0.997	1.5994427126015e-12	c13	NACA
5.78873386562956e-17	6.05008473338234	0.01	0	1.94142556385484e-12	c13	AP000487.1
6.83821079536012e-17	1.38148006454962	0.191	0.074	2.29339913654788e-12	c13	ZBTB10
9.0565008626313e-17	4.43700686821041	0.016	0.001	3.03736925930929e-12	c13	GDF7
1.08772354110023e-16	1.81606862684343	0.248	0.117	3.64800721214194e-12	c13	THADA
1.16719164616813e-16	2.46199673681488	0.096	0.026	3.91452734291867e-12	c13	AZIN1-AS1
1.24089680646063e-16	1.65181592959369	0.101	0.027	4.16171970950765e-12	c13	F5
1.94102373049771e-16	1.29886408018541	0.274	0.134	6.50980538734322e-12	c13	PHACTR2
2.73541824247106e-16	0.183610645704799	1	0.999	9.17404570159945e-12	c13	RPS15A
3.28946421045816e-16	0.223311547258669	1	0.999	1.10322050690346e-11	c13	RPL34
3.88153291564228e-16	1.7425341272722	0.052	0.009	1.30178850924811e-11	c13	IGHM
4.55004447963769e-16	4.61974403575492	0.021	0.001	1.52599391758089e-11	c13	SH2D4A
4.95306488157695e-16	0.886931958534933	0.527	0.365	1.66115889998328e-11	c13	CTSA
5.58752203399585e-16	0.452299305189066	0.902	0.856	1.87394313976153e-11	c13	CIRBP
6.27005519111682e-16	1.06461116668049	0.382	0.216	2.10285110999676e-11	c13	MAL
6.65148273047655e-16	0.195571922072114	0.997	0.998	2.23077427814723e-11	c13	RPL18
7.780624496312e-16	0.205563200856052	1	0.999	2.60946584357312e-11	c13	RPLP1
7.88198695069354e-16	0.179512174249822	1	0.998	2.6434607835236e-11	c13	RPS15
8.21986842989353e-16	0.772155312124371	0.584	0.425	2.75677947401769e-11	c13	INPP4B
9.90022327022352e-16	1.57245649614214	0.152	0.055	3.32033688036757e-11	c13	MAGEF1
1.0695516635551e-15	2.03139309146917	0.098	0.028	3.58706236923108e-11	c13	DCBLD1
1.14415180805429e-15	1.21435384889153	0.331	0.182	3.83725633385249e-11	c13	HIVEP2
1.20275295077352e-15	0.37589384591642	0.956	0.927	4.03379284630424e-11	c13	COMMD6
1.27811196613535e-15	0.666801989080303	0.734	0.638	4.28653191202472e-11	c13	STAT3
1.40519159531435e-15	1.89003146685678	0.183	0.077	4.71273157236527e-11	c13	PGM2L1
1.42183819791973e-15	0.236817119129483	1	0.997	4.76856094818319e-11	c13	RPS6
1.59647446347925e-15	5.58706491324548	0.016	0.001	5.35425605561671e-11	c13	ROR1
1.7968153090884e-15	5.69527605529676	0.013	0	6.02615918362068e-11	c13	AL034345.2
1.9609714257228e-15	0.23037835313317	1	0.998	6.57670596758914e-11	c13	RPS4X
2.37063574246974e-15	0.19778388998274	1	0.999	7.95063815309501e-11	c13	RPL13
2.5273396971432e-15	1.31869604342843	0.248	0.118	8.47619187627885e-11	c13	AC090152.1
2.54876120434258e-15	1.31228129179247	0.196	0.082	8.54803532712416e-11	c13	AC093010.2
2.54927992379848e-15	1.61121356199861	0.137	0.048	8.54977500843534e-11	c13	FAM184A
2.61983680618094e-15	2.14864723887275	0.067	0.015	8.78640868056964e-11	c13	MTUS1
2.76075964559582e-15	1.57259828990164	0.181	0.073	9.25903569939925e-11	c13	MARCH3
3.42720863523755e-15	1.24176533471268	0.297	0.158	1.14941723208597e-10	c13	LIMA1
3.5596529059509e-15	0.809412574610422	0.667	0.516	1.19383639159781e-10	c13	PIK3IP1
4.01903372578213e-15	1.29546656697729	0.235	0.109	1.34790353095281e-10	c13	RIC3
4.4257410524132e-15	0.512738945501017	0.77	0.678	1.48430503415834e-10	c13	ST13
4.49661375610113e-15	1.64150916764951	0.152	0.057	1.5080743215212e-10	c13	LINC00239
4.91524551518479e-15	1.95497062268717	0.098	0.028	1.64847504088267e-10	c13	MGST2
5.31356634023958e-15	2.19776563427644	0.07	0.016	1.78206387918955e-10	c13	CLEC7A
6.99494591268947e-15	2.29541048515825	0.067	0.015	2.34596496019779e-10	c13	AC010616.1
1.19849711754627e-14	0.491142524029784	0.832	0.776	4.01951963282668e-10	c13	SEPT6
1.26705186395056e-14	3.70105975509213	0.021	0.002	4.2494385413174e-10	c13	SH3RF3
1.31341747893719e-14	0.627634273511277	0.736	0.642	4.40493954085956e-10	c13	RAP1A
1.48072427707863e-14	3.3015778858411	0.023	0.002	4.96605308046629e-10	c13	ST14
1.63938722149223e-14	5.36216614550624	0.01	0	5.49817686344064e-10	c13	AC087318.1
2.01491469994338e-14	3.36615882761884	0.031	0.004	6.7576209206701e-10	c13	SMPDL3A
2.06442395688021e-14	1.68238758960031	0.041	0.007	6.92366506658486e-10	c13	MS4A6A
2.1196018945856e-14	1.07364979229223	0.346	0.201	7.10872083406118e-10	c13	LINC01550
2.43533616486674e-14	1.68973501142257	0.098	0.029	8.16763042973007e-10	c13	SELENON
2.69909333869596e-14	1.85603778514947	0.129	0.046	9.05221923931851e-10	c13	AGMAT
2.82801546392383e-14	0.775303260115331	0.548	0.392	9.48459826290774e-10	c13	CTSB
3.02005610800576e-14	2.90917210968564	0.047	0.008	1.01286641750297e-09	c13	ZNF703
3.10668709811128e-14	0.26772778203665	0.987	0.985	1.04192071896456e-09	c13	PFDN5
3.79793616314494e-14	1.49763049015193	0.168	0.069	1.27375183039555e-09	c13	TRIB1
4.47019241491297e-14	4.00984194849372	0.023	0.002	1.49921313211351e-09	c13	RBMS3
4.5260764295038e-14	2.79898520399139	0.062	0.014	1.51795551292699e-09	c13	ANKS1B
4.67597706652916e-14	1.22209306286304	0.256	0.129	1.56822918857255e-09	c13	SREBF2
4.75196490190609e-14	1.29504153866682	0.225	0.107	1.59371398880126e-09	c13	PTPRN2
4.92704408943363e-14	1.30304857977114	0.251	0.124	1.65243204671425e-09	c13	LTA
5.25988111531909e-14	1.27664003352049	0.292	0.16	1.76405892845572e-09	c13	PDE4DIP
5.29205683901162e-14	1.22562655016181	0.535	0.404	1.77485002266772e-09	c13	FKBP5
5.42471071163636e-14	2.54640301344127	0.039	0.006	1.8193394784686e-09	c13	DNAH8
7.55367704742821e-14	0.243954790961706	0.997	0.998	2.53335220816647e-09	c13	RPL12
7.59800283363963e-14	0.460077999023111	0.858	0.826	2.54821819034606e-09	c13	EIF3L
7.73199364841951e-14	1.45819346415409	0.359	0.215	2.59315602980694e-09	c13	SESN1
9.15584743717309e-14	3.14094030472938	0.034	0.005	3.07068811347911e-09	c13	FCGBP
1.19755845291659e-13	0.437785972745995	0.863	0.814	4.01637153939165e-09	c13	EIF4B
1.21107909582108e-13	1.67499133804904	0.186	0.083	4.06171707156473e-09	c13	SPSB1
1.39772516214007e-13	0.959849917342521	0.382	0.232	4.68769064878535e-09	c13	ZNF831
1.42053187133925e-13	0.180797637138373	1	0.998	4.76417979009758e-09	c13	RPS7
1.49472857596498e-13	1.57079060952518	0.127	0.045	5.01302069807134e-09	c13	ZC2HC1A
1.60127032184047e-13	0.369384863819469	0.938	0.945	5.37034040538857e-09	c13	HINT1
1.99921813374828e-13	0.246810496195336	0.992	0.978	6.70497777696498e-09	c13	EEF1G
2.08888671841051e-13	0.215757338573051	1	0.994	7.00570827620517e-09	c13	RPS21
2.46084714751973e-13	2.71151024183207	0.036	0.006	8.25318916335166e-09	c13	LINC00937
2.72109506033149e-13	0.575493888801407	0.987	0.979	9.12600861333976e-09	c13	SRGN
2.78647990530903e-13	0.239087187654925	0.99	0.989	9.34529630642543e-09	c13	PABPC1
3.20313447217306e-13	0.706614138340701	0.537	0.347	1.0742672392774e-08	c13	CD40LG
3.85335251511235e-13	0.52604872653415	0.76	0.692	1.29233736651838e-08	c13	PEBP1
3.89280331611508e-13	0.819706662565205	0.522	0.38	1.30556837615868e-08	c13	TLK1
3.89629598732076e-13	0.362018563197377	0.881	0.865	1.30673974822764e-08	c13	RPL23
4.33493181956101e-13	0.557257330939269	0.742	0.616	1.45384943364437e-08	c13	TMEM123
4.75589719442166e-13	2.0354579913906	0.057	0.013	1.59503280106513e-08	c13	CLNK
4.79506568846124e-13	1.15154929708485	0.238	0.118	1.60816913059613e-08	c13	CD79B
7.18173925601437e-13	3.06086302028119	0.031	0.004	2.4086117116821e-08	c13	STAC
7.80296201027221e-13	0.314238246499094	0.992	0.983	2.61695739900509e-08	c13	HNRNPA1
7.93378069822571e-13	2.03610499080154	0.083	0.024	2.66083137057094e-08	c13	SUSD4
9.65329858045135e-13	1.06196731001221	0.398	0.265	3.23752327791177e-08	c13	IPCEF1
1.61338849720487e-12	1.25501740790088	0.189	0.086	5.41098234192569e-08	c13	FBLN5
2.3783898598767e-12	0.508018936124068	0.863	0.844	7.97664391205449e-08	c13	SOD1
2.69978322396343e-12	1.38417944726548	0.186	0.085	9.05453297652857e-08	c13	DUSP6
2.81418548189092e-12	3.63487286082496	0.018	0.002	9.43821526916577e-08	c13	AP002954.1
2.88693567614112e-12	1.6502907342692	0.142	0.057	9.68220487064209e-08	c13	EPHB6
2.89377928553171e-12	2.44588237657652	0.028	0.004	9.70515696781626e-08	c13	MRC1
2.91641849836402e-12	3.3813892127311	0.023	0.003	9.78108435981325e-08	c13	KCNJ15
5.28686299603105e-12	1.80830129053508	0.088	0.027	1.77310811160889e-07	c13	FRMD4A
5.55189012856668e-12	0.788567204273769	0.501	0.362	1.86199291131869e-07	c13	SSH2
5.58265899271711e-12	1.51359081898417	0.145	0.06	1.87231217297746e-07	c13	NDUFV2-AS1
5.90188095684866e-12	0.38723908688558	0.873	0.825	1.9793728353079e-07	c13	EIF3E
6.91541767456575e-12	0.79129566642577	0.574	0.446	2.31929277969586e-07	c13	CMTM7
7.21346840104448e-12	0.777771867641317	0.496	0.351	2.4192530323423e-07	c13	SFXN1
1.19981217683922e-11	2.66178167702755	0.049	0.011	4.02393007868339e-07	c13	TLR5
1.20742219724524e-11	1.75692714929386	0.101	0.035	4.04945256512109e-07	c13	LMO7
1.72525969429159e-11	1.08496689218508	0.271	0.15	5.78617596271512e-07	c13	UGCG
1.79483381485117e-11	2.68257852148041	0.044	0.009	6.01951364824786e-07	c13	EVI5
2.10796857977276e-11	1.2917319327118	0.173	0.08	7.06970502284187e-07	c13	CCDC50
2.37579582047786e-11	1.8659008165865	0.034	0.006	7.96794402271865e-07	c13	CH25H
2.70541674184243e-11	1.25814825810923	0.202	0.101	9.07342666879116e-07	c13	TRPS1
2.81222939260806e-11	0.893330827370258	0.403	0.276	9.4316549369289e-07	c13	ELMO1
3.15279614908386e-11	0.934003187425086	0.351	0.227	1.05738477247975e-06	c13	MSL3
3.26826085709472e-11	1.46482333179151	0.132	0.053	1.09610932625243e-06	c13	TMEM64
3.76505239831707e-11	1.10317233011158	0.163	0.072	1.26272327334758e-06	c13	LINC02256
3.97435062759437e-11	0.828326393416644	0.432	0.305	1.3329177134826e-06	c13	PHTF2
4.1915177092398e-11	0.506357046279644	0.525	0.38	1.40575120932484e-06	c13	BATF
4.6262504927495e-11	1.32161693429802	0.202	0.1	1.55155189025833e-06	c13	CCNG2
4.74826258479428e-11	0.222923005034592	0.992	0.988	1.59247230568831e-06	c13	EEF2
4.78191975525253e-11	1.06244908927554	0.243	0.13	1.60376024751659e-06	c13	RERE
4.87565968119386e-11	2.96829883417377	0.021	0.002	1.6351987438788e-06	c13	MAFTRR
4.88329261952148e-11	2.18489492966671	0.049	0.011	1.63775867873511e-06	c13	USP51
5.11911702735049e-11	0.519406744596427	0.93	0.908	1.71684946863281e-06	c13	FYB1
5.13011984246869e-11	0.289204519174537	0.974	0.959	1.72053959276715e-06	c13	JUNB
5.17062625120328e-11	0.686516793788963	0.633	0.541	1.73412463212855e-06	c13	SNX6
5.25412643525119e-11	0.1800318612326	1	0.997	1.76212892385454e-06	c13	RPS25
5.80840178166439e-11	0.628624628934667	0.687	0.588	1.9480217895346e-06	c13	PBXIP1
6.12899544637749e-11	0.924396437003465	0.302	0.177	2.05554249280608e-06	c13	CMTM8
6.40178130337324e-11	0.195111113914985	0.995	0.995	2.14702941352532e-06	c13	RPS5
6.44127092023276e-11	0.962692364978885	0.395	0.27	2.16027344122766e-06	c13	NUP58
6.70431316858729e-11	2.05821956128255	0.075	0.023	2.2484925504808e-06	c13	PTPN13
7.11976094394945e-11	3.66470591973159	0.013	0.001	2.38782542538177e-06	c13	NEBL
7.17971057202289e-11	1.2854325004146	0.101	0.036	2.40793133164504e-06	c13	FAM117B
7.19277099676199e-11	1.48464355158023	0.119	0.046	2.41231153689404e-06	c13	PCBP3
7.5394093400549e-11	3.55598390911952	0.023	0.003	2.52856710446761e-06	c13	TMCC2
7.72258355116764e-11	2.90578076648679	0.023	0.003	2.5900000713906e-06	c13	MERTK
8.14441379274357e-11	2.89147566885525	0.023	0.003	2.73147349781034e-06	c13	CYP7B1
9.80353545699052e-11	1.08863286066044	0.225	0.117	3.28790972156548e-06	c13	APP
1.01418343610352e-10	2.4935262371356	0.065	0.018	3.40136840800397e-06	c13	MYB
1.01810099160822e-10	1.37523322054499	0.176	0.084	3.41450710565564e-06	c13	PKIA
1.06020813775174e-10	1.35006208592932	0.121	0.048	3.55572605239177e-06	c13	SLC25A13
1.09444674510804e-10	1.71909219246849	0.085	0.028	3.67055549374336e-06	c13	PRR34-AS1
1.13770638332791e-10	0.819727082634716	0.491	0.36	3.81563966840514e-06	c13	CD82
1.21149444745605e-10	0.784635127651833	0.23	0.117	4.06311007787809e-06	c13	C1orf162
1.26974854558232e-10	1.11207210838624	0.152	0.066	4.258482672174e-06	c13	GGT7
1.43310094200586e-10	4.05737296019338	0.016	0.001	4.80633393929925e-06	c13	EMID1
1.50721386238149e-10	2.78903366983816	0.026	0.004	5.05489385165504e-06	c13	B3GNT5
1.61873014824849e-10	1.1738931621084	0.238	0.13	5.42889717119579e-06	c13	TSPOAP1-AS1
1.66427318968395e-10	2.97305283225623	0.023	0.003	5.58163942356203e-06	c13	AC119428.2
1.69096000859257e-10	2.38617324111207	0.072	0.022	5.67114167681778e-06	c13	ASCL2
1.74037671329513e-10	0.292703637316216	0.922	0.904	5.8368754210492e-06	c13	EIF3F
1.79047646203015e-10	0.844481986312189	0.372	0.237	6.00489995835673e-06	c13	ST6GAL1
1.88703304008516e-10	0.436875792247391	0.176	0.081	6.32873140983762e-06	c13	FOXP3
2.21636359407204e-10	0.185031759107416	1	0.996	7.4332402217988e-06	c13	RPL3
2.41857059340845e-10	2.26874717042711	0.044	0.01	8.11140205617325e-06	c13	NIPAL2
2.54327630370063e-10	1.89983129793336	0.059	0.016	8.52964006735117e-06	c13	CDKL2
2.59765993442578e-10	2.27127254529318	0.065	0.019	8.7120318880772e-06	c13	FZD3
2.70559567091558e-10	1.31917749502934	0.15	0.067	9.07402676111667e-06	c13	RMND5B
3.10784069810635e-10	1.12338540289843	0.23	0.125	1.04230761333091e-05	c13	PVT1
3.46551630908311e-10	2.06947091517396	0.023	0.003	1.16226485974029e-05	c13	FFAR3
3.7717956143489e-10	0.486801696654215	0.915	0.886	1.26498481314033e-05	c13	ZFP36L1
3.85388226938831e-10	0.217508988151701	0.997	0.994	1.29251503550745e-05	c13	RPL10A
4.16033002647673e-10	2.78834837090378	0.034	0.006	1.39529148427977e-05	c13	PAWR
4.26046364673259e-10	3.17133489064734	0.013	0.001	1.42887429784118e-05	c13	ARG1
4.30271855660812e-10	5.34152691640675	0.01	0.001	1.44304574951523e-05	c13	AC126696.1
4.30271855660812e-10	4.75825570215593	0.01	0.001	1.44304574951523e-05	c13	GTSF1L
4.31999154808338e-10	4.64287784936829	0.01	0.001	1.4488387653962e-05	c13	AFF2
4.40737684424331e-10	3.81272182574974	0.01	0.001	1.47814604602232e-05	c13	ZMIZ1-AS1
4.5315398059045e-10	0.501173796321895	0.667	0.547	1.51978782010425e-05	c13	SIRPG
5.06660133604117e-10	1.19256021837699	0.178	0.087	1.69923675608149e-05	c13	IKZF2
5.87102213985009e-10	0.339910793063051	0.873	0.83	1.96902340526292e-05	c13	EIF3H
7.25485028946932e-10	0.236984787190311	0.987	0.975	2.43313169008222e-05	c13	NPM1
7.28308766854274e-10	1.76431380988173	0.08	0.027	2.44260194227587e-05	c13	WNT10A
7.55819765104147e-10	0.79332828540933	0.37	0.243	2.53486832820629e-05	c13	KAT6B
7.7913221386583e-10	3.29596804297673	0.026	0.004	2.61305361886322e-05	c13	MYH10
8.23128147117859e-10	1.19845944693929	0.137	0.06	2.76060717980388e-05	c13	LYPD3
8.97907878378316e-10	0.125931949684714	1	0.999	3.0114034425052e-05	c13	RPL28
9.93039843620563e-10	0.155262726893068	0.997	0.998	3.33045702753464e-05	c13	RPLP2
9.99829684884436e-10	2.05762816599719	0.054	0.015	3.35322879716542e-05	c13	FAM43A
1.01414165902431e-09	1.09505890836387	0.178	0.088	3.40122829603574e-05	c13	SGK1
1.03900320197283e-09	0.204993289334727	0.997	0.993	3.48460893877646e-05	c13	RPS9
1.08359827673578e-09	0.847570085304202	0.274	0.162	3.63417190051645e-05	c13	ZC3H12D
1.18064997594903e-09	0.282088281456629	0.928	0.949	3.95966388933784e-05	c13	PCBP2
1.18091554941646e-09	0.260436426533627	1	0.981	3.96055456963294e-05	c13	EEF1B2
1.21775767971459e-09	0.911646340467625	0.276	0.164	4.08411570622678e-05	c13	SH3YL1
1.29456182844047e-09	2.14973969079238	0.047	0.011	4.34170146022364e-05	c13	EBI3
1.66439782279732e-09	1.69684905950189	0.098	0.038	5.58205741809765e-05	c13	LYL1
1.70882313785982e-09	2.06772212836993	0.036	0.007	5.73105103975426e-05	c13	VIPR2
1.75504330964784e-09	0.973860567026762	0.408	0.298	5.88606425189694e-05	c13	CHMP7
1.81846624931609e-09	0.650521566285729	0.452	0.33	6.09877210695629e-05	c13	TRAF1
1.92848268207358e-09	1.64666093798434	0.059	0.017	6.46774521913836e-05	c13	SIRPB1
2.16339710944226e-09	1.81787929494108	0.047	0.012	7.25560122564744e-05	c13	NEK3
2.231589816332e-09	1.78104283668037	0.065	0.02	7.48430592601426e-05	c13	MICU3
2.30998766396171e-09	0.284261386657061	0.953	0.96	7.74723662739477e-05	c13	CCNI
2.53193576982151e-09	1.69937999985125	0.111	0.046	8.49160618482738e-05	c13	SARDH
2.64520227617584e-09	0.717664557175766	0.53	0.431	8.87147939383852e-05	c13	MYCBP2
2.88114821066499e-09	0.831440868168501	0.416	0.309	9.66279486892825e-05	c13	DCP2
2.96264858547653e-09	1.51807621920376	0.165	0.083	9.93613082597117e-05	c13	INPP5F
3.19837320357508e-09	0.471911376237256	0.7	0.601	0.000107267040501501	c13	ZNF706
3.28698830114084e-09	0.533241451929842	0.599	0.48	0.000110239013643661	c13	HSPB1
3.44147449360345e-09	3.84564709286406	0.026	0.004	0.000115420171566473	c13	AC004130.1
3.59485431902273e-09	0.723808284536377	0.478	0.365	0.000120564224151384	c13	ADD3
3.62629428935305e-09	2.56454633926796	0.065	0.02	0.000121618657876323	c13	HDAC9
3.76283257104732e-09	3.93138841345962	0.01	0.001	0.000126197878767785	c13	IGFL2
3.82120721552862e-09	2.60034865572347	0.041	0.01	0.000128155647594399	c13	TBC1D8
3.94800543287325e-09	2.54237207036361	0.034	0.007	0.000132408206207703	c13	GNG8
3.95634756704819e-09	0.966388965577345	0.297	0.186	0.000132687984703662	c13	CD84
4.08869488631843e-09	0.681963870850017	0.628	0.547	0.000137126649097347	c13	TPR
4.26718265766537e-09	2.73068525654292	0.018	0.002	0.000143112771972781	c13	ZG16B
4.98648917982832e-09	0.222763080554298	0.995	0.988	0.000167236874113082	c13	RPL4
5.29176603484444e-09	0.281554769039558	0.953	0.939	0.000177475249276613	c13	CD37
5.44199731117538e-09	2.27549859471914	0.036	0.008	0.0001825137058222	c13	ST6GALNAC3
5.67860580562658e-09	0.143405567711256	1	0.999	0.000190449081509104	c13	RPL10
5.82486887077179e-09	0.182148279135233	0.99	0.995	0.000195354452187944	c13	RPL21
6.67754827579598e-09	0.514534441937523	0.677	0.587	0.000223951614073646	c13	EIF2S3
7.86609719130561e-09	0.150283378799894	1	0.997	0.000263813167602008	c13	RPL39
8.2962790181083e-09	0.582781725881947	0.599	0.493	0.000278240605709316	c13	ZNF331
9.8570086536019e-09	2.37508852451893	0.062	0.02	0.0003305843562245	c13	HECW2
9.87930308011279e-09	1.36376486124443	0.119	0.052	0.000331332066700823	c13	TBXAS1
1.01614677708037e-08	1.18210713531172	0.124	0.055	0.000340795306097216	c13	TRIM32
1.04957202587608e-08	1.53082822043308	0.08	0.029	0.00035200546603832	c13	UBXN10-AS1
1.15693626337414e-08	1.11052572939762	0.194	0.105	0.000388013284010419	c13	LPAR6
1.23256847944389e-08	0.345291706078516	0.894	0.797	0.000413378816635892	c13	SPOCK2
1.34508110365756e-08	0.842375445012451	0.362	0.247	0.000451113300544671	c13	CNST
1.34856144817673e-08	1.86423997222324	0.049	0.014	0.000452280538489513	c13	HSF5
1.41304529006749e-08	1.13920435384906	0.093	0.036	0.000473907129382833	c13	MDS2
1.48136722291213e-08	2.64944617742811	0.044	0.011	0.00049682093922027	c13	AC243960.3
1.57681948343428e-08	1.56454618339826	0.111	0.048	0.00052883371835419	c13	PBX3
1.60996418515019e-08	1.47429485113126	0.15	0.076	0.00053994978841567	c13	ENOX2
1.70936545197834e-08	0.480698018700987	0.695	0.599	0.000573286985284496	c13	ARGLU1
1.9302184054798e-08	1.10906834654063	0.24	0.145	0.000647356648829815	c13	METTL8
1.94109345418689e-08	1.2621938173687	0.168	0.088	0.000651003922665199	c13	BCAS3
1.97109650149052e-08	0.825057352815274	0.235	0.135	0.000661066344669889	c13	DBNDD2
2.27073280956563e-08	4.78163186071631	0.01	0.001	0.00076155836967212	c13	AC004540.1
2.30463271149969e-08	4.00854516800256	0.01	0.001	0.000772927718782765	c13	SLC25A27
2.31604145644152e-08	3.72562614801793	0.01	0.001	0.000776753983661358	c13	CDRT4
2.36610430632638e-08	0.142627150099071	1	0.998	0.000793544062255742	c13	RPS24
2.40217634458485e-08	0.53056294018687	0.649	0.569	0.000805641902446868	c13	SH3KBP1
2.53917910631832e-08	0.331103638164171	0.793	0.73	0.00085158988867704	c13	CUTA
2.93221164647282e-08	1.26707146103036	0.106	0.045	0.000983405141994053	c13	MKL2
3.04979721641109e-08	0.740673858425766	0.264	0.158	0.00102284099043995	c13	MAML2
3.07911353642935e-08	2.54513574196245	0.028	0.006	0.00103267309784768	c13	MAPT
3.19433225477489e-08	0.779023431686911	0.326	0.219	0.0010713151516064	c13	PELI1
3.30436831736304e-08	2.67693957472162	0.026	0.005	0.00110821904627722	c13	HYKK
3.41160432717571e-08	0.485813587584829	0.682	0.607	0.00114418385924819	c13	NDFIP1
3.4966093537055e-08	0.523443917204914	0.401	0.281	0.00117269284504575	c13	LDLRAD4
3.5769783719636e-08	2.5261960578489	0.041	0.011	0.00119964700638915	c13	C16orf45
3.61870382869514e-08	0.5661424358689	0.576	0.465	0.00121364089006778	c13	YPEL3
3.64929982069598e-08	0.925710157457177	0.227	0.132	0.00122390217386502	c13	BEX2
4.64864614093311e-08	0.651428717493799	0.535	0.438	0.00155906294274615	c13	SMAP2
4.68869452883382e-08	2.12884676012535	0.034	0.008	0.00157249437108029	c13	GCNT4
4.76072400869112e-08	0.140643078863294	0.997	0.998	0.00159665161803483	c13	RPS14
4.89744106775139e-08	0.735456411847442	0.494	0.395	0.00164250378530246	c13	VOPP1
4.90781504029966e-08	1.19558290191722	0.137	0.066	0.0016459830082157	c13	XXYLT1
5.00372595477983e-08	1.76097921792868	0.052	0.015	0.00167814961071406	c13	CNKSR2
5.157349099932e-08	0.386671050074743	0.773	0.689	0.00172967174113519	c13	PNISR
5.63081170941072e-08	1.67003148219997	0.127	0.061	0.00188846163110217	c13	TRBV5-1
5.99141308296185e-08	0.336279689265307	0.796	0.751	0.00200940011976374	c13	SPCS1
6.49817014434011e-08	0.313162792313315	0.829	0.762	0.00217935630300879	c13	UBXN1
6.79436492877e-08	2.99028945336041	0.016	0.002	0.00227869410981088	c13	CMBL
7.56443383791802e-08	0.139995426694693	0.997	0.997	0.00253695982056094	c13	RPL14
7.79080074374599e-08	0.93250116267325	0.274	0.178	0.00261287875343753	c13	GLCCI1
8.61524186005672e-08	0.932443305485131	0.264	0.168	0.00288937981502582	c13	ZBED5
8.6621053411231e-08	0.209410168239014	0.959	0.965	0.00290509688930587	c13	ATP5MC2
8.69180094016234e-08	1.38106092458207	0.085	0.034	0.00291505619931164	c13	FCRL3
8.87611495884977e-08	0.955867919579995	0.253	0.161	0.00297687143489904	c13	LRMP
9.1713882568132e-08	1.32135979939126	0.085	0.034	0.00307590019357001	c13	HRH2
9.39060170206228e-08	2.01066099749344	0.062	0.021	0.00314941999883765	c13	LINC00891
1.09381656353104e-07	2.42156875052003	0.026	0.005	0.0036684419907704	c13	AP003472.2
1.10688408693371e-07	1.70290464035899	0.067	0.024	0.00371226785075829	c13	SPECC1
1.14339999876354e-07	0.715159640341402	0.53	0.453	0.00383473491585315	c13	IKZF3
1.1625090718977e-07	0.292155093963266	0.966	0.946	0.0038988229253305	c13	IFITM1
1.16343560441828e-07	0.616230526029142	0.574	0.473	0.00390193033009804	c13	FAM107B
1.16816146817123e-07	1.61169906418674	0.052	0.016	0.00391777993195267	c13	ASTN2
1.23889359476053e-07	1.90801975613452	0.041	0.011	0.00415500133810788	c13	AP003716.1
1.32219846519621e-07	0.892797456262486	0.289	0.19	0.00443438921257505	c13	NPAT
1.33726821114112e-07	0.940661557813396	0.287	0.189	0.00448493012652508	c13	TOM1
1.42012955757919e-07	1.39036312088049	0.14	0.071	0.0047628305102091	c13	STK39
1.49412722754214e-07	0.364983457177629	0.773	0.646	0.00501100389573083	c13	ITGB2
1.51977951566254e-07	0.157620851190639	0.997	0.998	0.00509703653962901	c13	RPS18
1.56564575619377e-07	0.975649890109618	0.217	0.129	0.00525086273712268	c13	NTPCR
1.61312566847082e-07	0.40748769941449	0.806	0.774	0.00541010086691744	c13	GYPC
1.75058546028736e-07	0.763444600077027	0.354	0.255	0.00587111351671175	c13	SINHCAF
1.80446189671116e-07	0.587539824002805	0.452	0.333	0.00605180430918988	c13	SYPL1
1.8965748940585e-07	1.12604104540542	0.111	0.051	0.00636073287969339	c13	LINC00954
1.91629969576903e-07	1.16734922356115	0.124	0.06	0.00642688591967017	c13	CAMK1
1.93781240418601e-07	1.28040583014178	0.083	0.033	0.00649903524115905	c13	NUAK2
1.94107021543198e-07	1.41865938683785	0.142	0.074	0.00650996128851579	c13	ASAP1
1.99662636828865e-07	0.628485616541085	0.537	0.433	0.00669628551396648	c13	CYTH1
2.06159732109942e-07	0.620659278000943	0.406	0.295	0.00691418509550324	c13	OFD1
2.07938917885183e-07	0.121800198507631	1	0.998	0.00697385542803325	c13	FAU
2.08451747336236e-07	0.360885856133567	0.739	0.675	0.00699105470216269	c13	CSK
2.10270148932736e-07	0.275075869200313	0.863	0.832	0.0070520402549061	c13	HMGN1
2.17411145296309e-07	1.99759225299018	0.039	0.01	0.00729153499094762	c13	TNS4
2.26683197970959e-07	0.971055455175469	0.129	0.063	0.00760250109355003	c13	BEX3
2.26894512347889e-07	1.44046045789081	0.057	0.019	0.00760958815512352	c13	NCKAP5L
2.43449188692472e-07	0.497089099018668	0.718	0.685	0.00816479889036813	c13	LBH
2.45952538406704e-07	0.377045135273209	0.752	0.683	0.00824875623308405	c13	N4BP2L2
2.46221056165894e-07	1.01822408707798	0.251	0.164	0.00825776178169175	c13	MYL6B
2.49361503535185e-07	2.51391437797704	0.023	0.004	0.00836308610556303	c13	CYP2D6
2.52845818321835e-07	0.316464079792026	0.806	0.796	0.0084799430548777	c13	ZFAS1
2.76679319264463e-07	1.30378279634156	0.155	0.084	0.00927927100949156	c13	AP3S2
2.85568816504236e-07	1.00296197399936	0.116	0.055	0.00957740696791908	c13	SNN
3.18301774507094e-07	1.84942032735944	0.049	0.015	0.0106752049134189	c13	CEBPA
3.34514803912352e-07	3.03369594410542	0.021	0.004	0.0112189574936125	c13	ZNF433
3.50307898899055e-07	0.706526110085103	0.393	0.296	0.0117486263132765	c13	TSPAN5
3.59075419039788e-07	0.289396710160743	0.853	0.788	0.0120426714037564	c13	SRSF5
3.75572142011631e-07	0.405800000246082	0.762	0.735	0.0125959384987861	c13	GPX4
3.89221985608509e-07	1.78096672807688	0.041	0.012	0.0130537269533382	c13	ATP8A2
3.95830161403232e-07	3.42423594675949	0.01	0.001	0.0132753519531416	c13	DUPD1
3.96933211018772e-07	3.43138516907069	0.01	0.001	0.0133123460311476	c13	AC025219.1
4.08864709398359e-07	0.949703174247213	0.264	0.172	0.0137125046238022	c13	MSI2
4.17934594691179e-07	0.120804799456773	1	0.999	0.0140166904367527	c13	RPS27A
4.9267972923844e-07	0.915430081088472	0.266	0.176	0.0165234927591988	c13	SFI1
5.04157365530543e-07	0.486955889883612	0.755	0.72	0.0169084297251633	c13	ANKRD12
5.0816961537917e-07	0.935673643247379	0.209	0.125	0.0170429925605866	c13	ZMAT3
5.25215719412535e-07	2.7951158885984	0.026	0.006	0.0176146847976576	c13	IL21-AS1
5.46574396906076e-07	0.816468634178549	0.248	0.158	0.018331012123436	c13	ANKH
5.55719248945685e-07	3.15649207660697	0.016	0.002	0.0186377121711404	c13	SERP2
5.70103342340825e-07	0.194464240434129	0.99	0.989	0.0191201258954266	c13	RPS29
5.71462411996137e-07	1.38382006676351	0.085	0.036	0.0191657063735265	c13	AC004865.2
5.94367282588245e-07	0.560811647720227	0.483	0.386	0.0199338899234445	c13	ATM
5.95266499755892e-07	0.309204200887457	0.744	0.679	0.0199640478688131	c13	SH3BGRL
6.23838955274704e-07	2.38729355639606	0.036	0.01	0.020922310882003	c13	DNAJB5
6.40386500319517e-07	0.776016529522692	0.336	0.24	0.021477282447716	c13	IRF2BP2
7.5043615413399e-07	2.34497148869758	0.023	0.005	0.0251681277373458	c13	AC234772.2
7.54721075962262e-07	2.0317077600564	0.039	0.011	0.0253118354456223	c13	COL9A2
8.32413710325207e-07	0.789822819032556	0.212	0.128	0.0279174910168868	c13	GADD45A
8.45704418215809e-07	1.0740023294338	0.137	0.072	0.0283632347781218	c13	FHL3
8.9102725527235e-07	0.191117537000604	0.982	0.979	0.0298832720873241	c13	PNRC1
9.21182264086476e-07	1.14450572238847	0.101	0.047	0.0308946107729322	c13	RTKN2
9.58383008011816e-07	0.181690175040647	0.99	0.988	0.0321422493227003	c13	BTF3
1.03477876408085e-06	0.796355947157953	0.261	0.172	0.0347044101897435	c13	ING5
1.08287814800432e-06	2.8211194188949	0.013	0.002	0.0363175673277689	c13	VASH2
1.10054583552312e-06	1.06413065161309	0.212	0.133	0.0369101062317744	c13	MYO5A
1.21725389135399e-06	0.353481430891488	0.755	0.704	0.0408242610082301	c13	DDX17
1.35458386779945e-06	0.674015468399559	0.403	0.31	0.045430033758258	c13	CLINT1
1.37434411394458e-06	0.899450756384643	0.305	0.22	0.0460927528934732	c13	SLC25A46
1.40985600486656e-06	0.440566643572571	0.563	0.465	0.0472837506912147	c13	ANXA7
1.41926506782432e-06	1.97466101889283	0.036	0.01	0.0475993118446921	c13	PHEX
1.42460658611231e-06	0.932335058901937	0.214	0.134	0.0477784556850345	c13	TP53INP1
1.42509727630119e-06	2.25222510946045	0.026	0.006	0.0477949124525895	c13	SSTR3
1.43657851331609e-06	0.915735341803138	0.31	0.217	0.0481799701795951	c13	NABP1
