p_val	avg_log2FC	pct.1	pct.2	p_val_adj	cluster	gene
0	1.08055764697253	0.845	0.727	0	8	CH25H
0	1.00811978814218	0.958	0.877	0	8	SELL
0	0.901652167296469	0.847	0.723	0	8	LEF1
0	0.826189058106345	0.865	0.786	0	8	CCR7
0	0.774562447513639	0.879	0.853	0	8	MAL
0	0.770386872195706	0.898	0.765	0	8	BIRC3
0	0.69528498856754	0.796	0.667	0	8	SESN3
0	0.675580245752498	0.81	0.622	0	8	TNFSF8
0	0.575962157657012	0.826	0.757	0	8	FAAH2
0	0.538313382506036	0.848	0.856	0	8	ICA1
0	0.426774675383651	0.825	0.733	0	8	LY96
0	0.404046078746049	0.775	0.661	0	8	TIAM1
0	0.388155265077359	0.854	0.711	0	8	ANKRD55
0	0.373135975980827	0.871	0.783	0	8	STAM
0	0.34421904592144	0.872	0.82	0	8	NGFRAP1
0	0.322249429658834	0.865	0.75	0	8	MAGEH1
0	0.264792963589608	1	1	0	8	EEF1A1
0	-0.305583462623353	0.45	0.651	0	8	KIR2DL4
0	-0.716046895616789	0.684	0.78	0	8	CXCR6
0	-1.55658095546393	0.586	0.804	0	8	LGALS1
0	-1.71114976478844	0.622	0.771	0	8	PRF1
0	-1.84219028089886	0.449	0.637	0	8	GZMH
0	-1.90166900020584	0.606	0.79	0	8	CTSW
0	-2.40408677172651	0.611	0.806	0	8	GZMA
0	-2.69379673787517	0.521	0.74	0	8	GZMB
0	-3.05967717928284	0.431	0.693	0	8	CCL4
0	-3.16522293381974	0.536	0.822	0	8	CCL5
0	-3.25130935155712	0.53	0.794	0	8	NKG7
2.52941818594668e-305	0.477123116156684	0.86	0.813	7.58825455784003e-302	8	TNFRSF4
3.44210694050437e-293	0.410330643050491	0.822	0.725	1.03263208215131e-289	8	CCR6
5.18932498426791e-293	-0.784738091622206	0.549	0.671	1.55679749528037e-289	8	KLRC2
1.84926217646748e-292	-0.931540730626685	0.758	0.869	5.54778652940243e-289	8	GSTP1
3.40010804616701e-292	-0.883458902771354	0.657	0.772	1.0200324138501e-288	8	APOBEC3G
8.24848112481505e-290	-0.897476013203828	0.78	0.858	2.47454433744452e-286	8	ANXA2
4.54880926139695e-287	0.553476434772637	0.782	0.741	1.36464277841909e-283	8	FBLN7
9.58289389176417e-285	-2.26434226823218	0.418	0.634	2.87486816752925e-281	8	GNLY
7.41266665802036e-280	-1.02604514662985	0.627	0.728	2.22379999740611e-276	8	LAG3
1.17484815541835e-275	-1.47043359680617	0.834	0.862	3.52454446625505e-272	8	CST7
3.80569194179633e-275	-0.286023597773237	0.459	0.629	1.1417075825389e-271	8	LINC01272
4.03796321428262e-270	0.58757885120126	0.89	0.867	1.21138896428479e-266	8	RTKN2
6.24786359156613e-269	-1.65802340559823	0.618	0.718	1.87435907746984e-265	8	CD8A
6.14489244704208e-248	0.424089309290519	0.99	0.984	1.84346773411262e-244	8	JUNB
3.03240026939918e-242	-0.79098947780261	0.899	0.945	9.09720080819754e-239	8	S100A6
5.98226119177581e-230	-1.11147338781875	0.376	0.576	1.79467835753274e-226	8	FCER1G
1.32010724380548e-214	0.288508973977482	0.868	0.835	3.96032173141643e-211	8	TXK
1.01745098544414e-213	-1.36186368599134	0.686	0.733	3.05235295633243e-210	8	CD8B
3.69830105963712e-211	0.473104618802327	0.92	0.841	1.10949031789113e-207	8	SAMHD1
1.22378509816329e-210	0.748154524328877	0.804	0.782	3.67135529448986e-207	8	PASK
1.97942568120238e-208	-0.909152374307157	0.69	0.765	5.93827704360714e-205	8	CD63
9.27733391911887e-208	0.262694656650406	1	1	2.78320017573566e-204	8	RPLP1
4.35820852953891e-207	-0.334548570141468	0.671	0.757	1.30746255886167e-203	8	EIF4EBP1
3.32752023757797e-201	0.758613917203188	0.845	0.79	9.98256071273393e-198	8	IL6ST
2.86597108384649e-200	-1.51571334519271	0.473	0.621	8.59791325153947e-197	8	CCL3
2.98312060359423e-193	0.295839088823989	0.774	0.639	8.94936181078269e-190	8	GADD45A
3.5829378101049e-192	0.420482628766348	0.897	0.824	1.07488134303147e-188	8	MTHFD2
3.34057365890667e-190	-0.564444844083108	0.637	0.699	1.002172097672e-186	8	CLIC3
1.80353607700509e-187	-0.829094468040498	0.518	0.639	5.41060823101528e-184	8	AOAH
3.56961976663769e-187	0.7829072006528	0.865	0.785	1.07088592999131e-183	8	BATF
6.44667851155228e-185	0.654910667562123	0.943	0.891	1.93400355346568e-181	8	LTB
1.10042774807376e-184	0.286422098215963	0.891	0.863	3.30128324422127e-181	8	CTLA4
6.66868869541413e-183	-0.765177469680928	0.767	0.832	2.00060660862424e-179	8	LGALS3
2.14483798149895e-179	0.562184446257537	0.901	0.809	6.43451394449684e-176	8	C10orf54
7.24716176756594e-179	-0.359448564051597	0.966	0.981	2.17414853026978e-175	8	SH3BGRL3
4.99425077451873e-177	0.301785974266005	0.786	0.776	1.49827523235562e-173	8	CCR4
2.54818702606368e-175	-0.266417747807773	0.619	0.714	7.64456107819104e-172	8	MNDA
1.21355901364301e-174	-0.67967381059834	0.697	0.791	3.64067704092904e-171	8	CD97
1.88181287190295e-173	-0.407002127803797	0.556	0.673	5.64543861570884e-170	8	SYTL2
1.8202028682158e-172	0.435243951172615	0.895	0.81	5.4606086046474e-169	8	CNIH1
7.87277590426733e-169	-0.674578759169442	0.805	0.874	2.3618327712802e-165	8	LITAF
2.92372178554983e-167	-0.651699318312068	0.801	0.871	8.7711653566495e-164	8	HSP90B1
1.40469307913399e-164	-0.644787438783415	0.717	0.812	4.21407923740196e-161	8	ATF3
1.72066213643651e-164	0.480525674494952	0.805	0.731	5.16198640930954e-161	8	NMB
1.60984805537742e-157	-0.635183745288265	0.551	0.674	4.82954416613226e-154	8	CMC1
1.63877631596694e-157	-0.90203075682297	0.539	0.646	4.91632894790081e-154	8	HOPX
5.91293144770767e-156	-1.05701705308176	0.624	0.454	1.7738794343123e-152	8	S100A9
1.48158221636425e-155	-0.66222866784737	0.592	0.691	4.44474664909276e-152	8	RUNX3
6.36891867665448e-152	0.616574283564418	0.709	0.552	1.91067560299634e-148	8	CD40LG
1.54376080753456e-151	-0.622389313896224	0.617	0.75	4.63128242260369e-148	8	TYMP
1.99683976680714e-146	-0.517891379013189	0.52	0.603	5.99051930042142e-143	8	KLRC3
8.94332261834589e-142	0.479632869256119	0.711	0.579	2.68299678550377e-138	8	SESN1
3.68379001683347e-141	-1.08894999457493	0.44	0.58	1.10513700505004e-137	8	KLRD1
1.40558344705014e-140	0.49782117655557	0.772	0.706	4.21675034115042e-137	8	CD28
2.44714433001467e-140	0.542617303653155	0.981	0.963	7.34143299004401e-137	8	LDHB
5.66037374332215e-138	0.388611419474189	0.965	0.881	1.69811212299665e-134	8	IL7R
8.39080224967512e-137	0.355415179352721	0.701	0.647	2.51724067490254e-133	8	LOC101928152
1.00320385680752e-136	-1.13645443104212	0.54	0.651	3.00961157042256e-133	8	IFNG
3.45421838857732e-136	-0.537168614498037	0.973	0.983	1.0362655165732e-132	8	VIM
3.79233865745893e-135	0.495472372519877	0.708	0.557	1.13770159723768e-131	8	RAPGEF6
1.81258347512339e-134	0.530403587104989	0.868	0.812	5.43775042537017e-131	8	PIM2
1.62441795504668e-133	-1.03776783164777	0.463	0.573	4.87325386514005e-130	8	XCL1
1.70530424459108e-133	-0.758090723887905	0.519	0.642	5.11591273377325e-130	8	GLUL
8.11626177128411e-130	-0.532883806497156	0.642	0.69	2.43487853138523e-126	8	ABI3
6.10146426186788e-129	-0.755259102534427	0.814	0.851	1.83043927856036e-125	8	CLEC2B
2.48282976987308e-127	-0.347080160538012	0.486	0.617	7.44848930961925e-124	8	PLEK
1.53587223064375e-125	-0.437930919172883	0.812	0.877	4.60761669193126e-122	8	BST2
7.72509586826363e-125	-0.507958620362711	0.884	0.929	2.31752876047909e-121	8	PSME2
3.55648189110498e-121	0.360156130939103	0.77	0.686	1.0669445673315e-117	8	TNFRSF25
4.18865117392245e-121	-0.45763711943236	0.63	0.725	1.25659535217674e-117	8	RAB27A
6.90810284778119e-121	-0.492563927990208	0.713	0.787	2.07243085433436e-117	8	CDK2AP2
4.62083020434523e-118	0.429008769103349	0.745	0.675	1.38624906130357e-114	8	LPAR6
7.45797982632829e-117	0.374345688468547	0.93	0.885	2.23739394789849e-113	8	PMAIP1
1.01153754037724e-116	-0.410773184163848	0.7	0.771	3.03461262113171e-113	8	FKBP2
1.5131625568788e-115	-0.549963832872866	0.885	0.938	4.53948767063639e-112	8	CRIP1
8.41776209022723e-114	0.564668005246354	0.896	0.842	2.52532862706817e-110	8	RNASET2
4.43579351427841e-113	-0.855124259272894	0.795	0.806	1.33073805428352e-109	8	HLA-DRB4
2.46195449421799e-112	-0.864216490582132	0.568	0.664	7.38586348265397e-109	8	LOC101929531
5.10061199524553e-112	0.444272091261711	0.988	0.972	1.53018359857366e-108	8	NFKBIA
5.68232329744855e-112	-0.427964238598719	0.845	0.888	1.70469698923456e-108	8	POMP
1.50506895557413e-111	-0.359800520253418	0.58	0.676	4.51520686672239e-108	8	SPI1
1.71216695355576e-111	0.468248706934562	0.993	0.986	5.13650086066729e-108	8	PABPC1
2.59997296774391e-111	-0.433910355984536	0.648	0.725	7.79991890323174e-108	8	GLIPR2
3.10708010304593e-110	-0.264888092181662	0.744	0.759	9.32124030913778e-107	8	APOBEC3C
1.93063543249758e-109	-0.621463887255575	0.675	0.715	5.79190629749273e-106	8	C12orf75
3.31644300729226e-109	-0.565201330301865	0.733	0.783	9.94932902187678e-106	8	ID2
2.50438091544958e-108	-0.755656837829358	0.779	0.831	7.51314274634873e-105	8	ANXA1
5.86223198493006e-108	-0.258288769220194	0.822	0.852	1.75866959547902e-104	8	MT1E
2.29916214180876e-107	0.434447001356514	0.957	0.939	6.89748642542628e-104	8	DNAJB1
1.59777947193789e-104	-0.772004387074291	0.65	0.759	4.79333841581366e-101	8	AIF1
3.83237214517654e-99	-0.343375288222449	0.954	0.963	1.14971164355296e-95	8	S100A4
3.62192859374591e-98	-1.37912096956836	0.651	0.713	1.08657857812377e-94	8	GZMK
1.22180959525927e-97	-0.476661087232353	0.779	0.848	3.6654287857778e-94	8	EMP3
4.44857847138689e-97	-0.251610654294759	0.614	0.665	1.33457354141607e-93	8	APOBEC3H
6.89680633092667e-96	-0.583042315193092	0.651	0.705	2.069041899278e-92	8	LYAR
1.12509729668869e-95	0.363746451173279	0.775	0.76	3.37529189006607e-92	8	CD4
9.92515562893892e-95	-0.473761188224674	0.912	0.935	2.97754668868168e-91	8	LSP1
1.18147579869275e-94	0.37048414139243	0.675	0.65	3.54442739607825e-91	8	CYSLTR1
1.67705034616486e-94	0.287766178285086	0.69	0.616	5.03115103849458e-91	8	CHN1
2.0743094953844e-94	-0.526598462705049	0.54	0.63	6.2229284861532e-91	8	ITM2C
3.86182386384719e-94	-1.23988870497021	0.553	0.606	1.15854715915416e-90	8	LOC101060038
2.91665782536159e-93	0.556697918033637	0.891	0.846	8.74997347608477e-90	8	CORO1B
6.25994841778346e-92	-0.366879507663241	0.704	0.781	1.87798452533504e-88	8	LRRFIP1
3.3992016138598e-91	-0.269889015845915	0.719	0.621	1.01976048415794e-87	8	MS4A6A
1.51513993458091e-90	-0.284617857724663	0.602	0.615	4.54541980374274e-87	8	LOC102724850
1.77981626515389e-90	-0.330713135519008	0.675	0.746	5.33944879546167e-87	8	PDE4D
1.48266312303396e-88	-0.321043434720479	0.709	0.78	4.44798936910187e-85	8	FABP5
1.37672193940218e-87	-0.580977950829058	0.455	0.558	4.13016581820654e-84	8	MATK
2.56002483642565e-87	-0.324250832387931	0.453	0.573	7.68007450927696e-84	8	CRTAM
4.66221108296943e-87	-0.257537145365871	0.573	0.676	1.39866332489083e-83	8	SRRT
5.19428051722968e-87	-0.910025072761634	0.519	0.574	1.5582841551689e-83	8	KLRC1
2.45059028161229e-86	0.390199507584909	0.909	0.874	7.35177084483686e-83	8	CD27
2.70980141153841e-86	0.373805628580232	0.895	0.872	8.12940423461524e-83	8	ARID5B
7.35224075050018e-86	-0.397652921969675	0.845	0.888	2.20567222515005e-82	8	DBI
8.89606382392805e-86	0.320832635353247	0.872	0.809	2.66881914717842e-82	8	TMEM173
1.10088073711625e-85	0.396103344424851	0.898	0.832	3.30264221134875e-82	8	NAP1L1
7.14074212156626e-84	-0.281596219375603	0.977	0.984	2.14222263646988e-80	8	MYL6
3.46580213522068e-83	-0.313617970952266	0.592	0.672	1.0397406405662e-79	8	PERP
8.24758319247258e-83	-0.4300792467419	0.305	0.446	2.47427495774177e-79	8	FCGR3A
3.55758515579603e-82	-0.826410678347293	0.665	0.71	1.06727554673881e-78	8	RHOB
1.05924822094153e-81	-0.257510364108352	0.986	0.986	3.17774466282459e-78	8	PFN1
3.17731610328545e-81	-0.363991920830365	1	0.998	9.53194830985635e-78	8	ACTB
5.1949394670563e-80	-0.304959662135687	0.698	0.748	1.55848184011689e-76	8	NUCB2
1.82329196574322e-77	0.285396049874089	0.721	0.726	5.46987589722967e-74	8	TBC1D4
2.65684808075642e-77	-0.286346183188376	0.734	0.798	7.97054424226927e-74	8	PSMA4
3.44722544798358e-77	-0.588436066777291	0.866	0.876	1.03416763439507e-73	8	CTSD
8.88434636268131e-77	-0.443780815719381	0.648	0.712	2.66530390880439e-73	8	AMICA1
2.72366043771327e-75	0.392062839607433	0.938	0.908	8.17098131313981e-72	8	BTG2
2.67405716022569e-73	-0.30132712510913	0.79	0.839	8.02217148067708e-70	8	PRDX5
3.40586486982286e-73	-0.497032949510264	0.604	0.655	1.02175946094686e-69	8	GABARAPL1
4.91784673481241e-73	-0.279163841072612	0.781	0.831	1.47535402044372e-69	8	KDELR2
5.62209369213008e-71	-0.864388439094658	0.98	0.982	1.68662810763902e-67	8	CD74
1.04630906726041e-70	-0.316903453024963	0.834	0.782	3.13892720178123e-67	8	HAVCR2
1.402103184143e-70	0.308945390421732	0.849	0.762	4.20630955242899e-67	8	TSPYL2
5.35356545304514e-69	0.308452438854026	0.725	0.694	1.60606963591354e-65	8	TESPA1
2.80231225277289e-67	-0.408034286723413	0.7	0.537	8.40693675831866e-64	8	LST1
2.83932996558435e-67	-0.363743417294219	0.839	0.876	8.51798989675305e-64	8	PDIA6
4.21075821381687e-67	-0.458868347254475	0.578	0.662	1.26322746414506e-63	8	CAPG
1.75411881775663e-65	-0.490720465475055	0.821	0.844	5.2623564532699e-62	8	ANXA5
5.32719435450495e-65	-0.524066781719598	0.856	0.853	1.59815830635148e-61	8	CTSC
1.11776638919763e-64	-0.255381190518448	0.478	0.585	3.35329916759288e-61	8	CPVL
3.12755482290044e-64	-0.358931471812478	0.864	0.892	9.38266446870131e-61	8	CALR
5.06603585380138e-64	-0.348516056408237	0.644	0.722	1.51981075614041e-60	8	DSTN
5.63501353165604e-64	0.450411834254348	0.764	0.725	1.69050405949681e-60	8	SOCS3
1.52356947596765e-62	-0.420723397499474	0.619	0.678	4.57070842790296e-59	8	PTPN22
6.73196027786982e-62	-0.327682429408538	0.77	0.813	2.01958808336095e-58	8	AP2S1
2.21032395443088e-61	-0.689323145603184	0.333	0.459	6.63097186329264e-58	8	ZNF683
2.71497387785182e-60	0.266649396814641	0.777	0.741	8.14492163355546e-57	8	THEM4
5.59208960091067e-59	0.342640740960841	0.832	0.778	1.6776268802732e-55	8	SLC2A3
1.02730001872624e-58	-0.317181819692863	0.379	0.527	3.08190005617871e-55	8	FGFBP2
1.48952401326423e-58	0.323332877012709	0.684	0.61	4.46857203979268e-55	8	TCF7
2.09666390207773e-58	-0.40729726779202	0.493	0.576	6.28999170623319e-55	8	C1QB
1.14921212697352e-57	-0.345257295886172	0.687	0.744	3.44763638092055e-54	8	CXCR3
4.56927751141031e-57	0.457756944867873	0.706	0.656	1.37078325342309e-53	8	ICOS
8.42812006385016e-57	-0.265199383149372	0.603	0.677	2.52843601915505e-53	8	SMIM3
1.53771456508984e-56	0.253598410212831	0.702	0.629	4.61314369526952e-53	8	NABP1
2.80787902729507e-56	0.312603609098836	0.834	0.807	8.42363708188521e-53	8	UGP2
5.98292578365332e-56	-0.453503604078629	0.685	0.628	1.794877735096e-52	8	KLRC4
8.08753144285804e-56	-0.58377388487122	0.603	0.639	2.42625943285741e-52	8	KLRG1
3.41703012067533e-55	-0.332476332265981	0.876	0.912	1.0251090362026e-51	8	COX5A
9.1966210359235e-55	-0.304486593549789	0.716	0.652	2.75898631077705e-51	8	TNIP3
4.81786738376074e-54	-2.2192253062905	0.902	0.827	1.44536021512822e-50	8	IGJ
8.14821344481045e-54	-0.276641259508279	0.941	0.96	2.44446403344313e-50	8	CORO1A
2.29255380234081e-53	-0.77006534555119	0.616	0.67	6.87766140702243e-50	8	HLA-DQB1
7.65114302041944e-53	-0.304455424592377	0.778	0.812	2.29534290612583e-49	8	TPM4
5.87768209985941e-52	-0.271196566648286	0.879	0.907	1.76330462995782e-48	8	LY6E
9.4329882814909e-52	-0.475910029238412	0.728	0.746	2.82989648444727e-48	8	STMN1
2.16394723259812e-51	-1.90972950552502	0.514	0.572	6.49184169779436e-48	8	LYZ
2.73246597457913e-50	-0.34344295846929	0.812	0.844	8.1973979237374e-47	8	HSPA5
6.99117960691807e-50	-0.320717650952742	0.302	0.38	2.09735388207542e-46	8	MS4A7
8.92118596905574e-50	0.307153138077346	0.87	0.818	2.67635579071672e-46	8	TPR
3.13516139040911e-49	0.27922631142658	0.624	0.55	9.40548417122733e-46	8	BTLA
3.21327410791882e-49	0.274679881768938	0.662	0.616	9.63982232375647e-46	8	BEX2
1.2877728768482e-48	-0.270914806881337	0.641	0.714	3.86331863054461e-45	8	CKLF
5.06901230376478e-48	-0.317312688467293	0.819	0.828	1.52070369112944e-44	8	IFI6
6.43698537010458e-48	-0.444130990718919	0.633	0.655	1.93109561103137e-44	8	MAP3K8
8.35812644587653e-47	0.338174720792196	0.821	0.746	2.50743793376296e-43	8	KLRB1
1.10267487129387e-46	-0.321593475287308	0.802	0.805	3.30802461388162e-43	8	LAP3
2.46387872165224e-46	0.309805277693781	0.766	0.701	7.39163616495672e-43	8	TGIF1
3.9964828968781e-46	-0.262558658605011	0.497	0.554	1.19894486906343e-42	8	FASLG
5.7876013188418e-45	-0.256097155566555	0.831	0.865	1.73628039565254e-41	8	CD55
5.29512281093962e-44	-0.326987330120224	0.685	0.711	1.58853684328189e-40	8	FLNA
2.06352725259896e-43	-0.402699542942036	0.76	0.784	6.19058175779688e-40	8	TNFRSF1B
4.37493817929417e-41	-0.265710883792126	0.906	0.929	1.31248145378825e-37	8	ATP5G3
5.59625266262574e-41	-0.295054749008744	0.793	0.802	1.67887579878772e-37	8	PYCARD
4.26067482848607e-40	-0.45594849908671	0.577	0.606	1.27820244854582e-36	8	TPST2
5.64452936411231e-40	0.32316071065288	0.858	0.819	1.69335880923369e-36	8	RNF19A
9.56329616945334e-39	-1.45934988301766	0.53	0.592	2.868988850836e-35	8	LOC102725018
1.12522302664753e-38	-0.301972561518599	0.715	0.751	3.37566907994259e-35	8	HMGN3
3.91570741723888e-38	-0.503614782835412	0.713	0.702	1.17471222517166e-34	8	HLA-DMA
1.35822599222496e-37	-0.426832275983073	0.931	0.928	4.07467797667487e-34	8	CD7
6.26358005096377e-37	-0.298607050243266	0.862	0.891	1.87907401528913e-33	8	FKBP1A
2.05841109814268e-36	0.259651904402117	0.777	0.768	6.17523329442804e-33	8	AQP3
2.40416689534373e-36	-1.76026162817278	0.518	0.576	7.21250068603118e-33	8	CST3
7.273845891293e-36	-0.313997548061314	0.812	0.841	2.1821537673879e-32	8	SERPINB1
1.5289542345775e-35	0.278463445517444	0.854	0.806	4.58686270373249e-32	8	SLA
7.8642931034253e-35	-0.637941295158341	0.834	0.813	2.35928793102759e-31	8	LOC100996809
1.33951029871677e-33	-0.266695757488472	1	1	4.0185308961503e-30	8	RNR1
1.08644119031966e-32	-0.361891723849419	0.777	0.784	3.25932357095899e-29	8	FKBP11
1.65510892973966e-32	-0.359907648667743	0.872	0.872	4.96532678921897e-29	8	TXN
2.4610682029574e-32	-0.296643488867367	0.728	0.771	7.38320460887219e-29	8	RGS2
7.28738170922674e-32	-0.279868580875634	0.658	0.677	2.18621451276802e-28	8	AGTRAP
7.70034340732103e-32	-0.279083885556727	0.751	0.768	2.31010302219631e-28	8	SDF2L1
2.9032924706525e-31	-0.339084051880612	0.745	0.633	8.70987741195751e-28	8	C1QA
5.09120562927667e-31	0.31480121557655	0.865	0.856	1.527361688783e-27	8	FAIM3
9.03206915916587e-31	-0.366415174108609	0.612	0.625	2.70962074774976e-27	8	PELO
9.62356660785214e-31	-0.867493777099958	0.437	0.506	2.88706998235564e-27	8	XCL2
3.24871112064519e-30	-0.418042584275779	0.561	0.601	9.74613336193556e-27	8	ANKRD28
6.95556553637652e-30	-0.251696798874956	0.649	0.688	2.08666966091296e-26	8	AHNAK
8.5989639461509e-30	-0.352973171119061	0.682	0.722	2.57968918384527e-26	8	XBP1
9.47188856729999e-30	-0.291583307472298	0.697	0.712	2.84156657019e-26	8	IL2RB
1.94088499524172e-29	0.345930651180097	0.803	0.76	5.82265498572515e-26	8	CSRNP1
3.32198370314829e-29	-0.634883155184046	0.311	0.287	9.96595110944487e-26	8	LOC102723407
5.28627892765232e-29	0.255054227578063	0.792	0.736	1.5858836782957e-25	8	NFKBIZ
4.12971744436421e-28	-0.317193377703972	0.548	0.448	1.23891523330926e-24	8	C1QC
1.82142671530083e-27	-0.331151812103925	0.601	0.656	5.46428014590249e-24	8	MYADM
2.31145356002037e-27	-0.671406467969252	0.695	0.598	6.93436068006111e-24	8	SERPINA1
6.05393087045367e-27	0.345047266885535	0.988	0.985	1.8161792611361e-23	8	ZFP36
7.88343821659305e-27	0.292462527097561	0.934	0.93	2.36503146497792e-23	8	DDIT4
1.23177885368536e-26	-0.270210866676115	0.589	0.629	3.69533656105607e-23	8	IFNGR1
2.63499973123318e-26	-0.281464188606389	0.658	0.61	7.90499919369954e-23	8	PECAM1
6.84589809120049e-26	0.343687321813969	0.965	0.942	2.05376942736015e-22	8	RAN
9.6795460306709e-26	-0.633811642709435	0.535	0.529	2.90386380920127e-22	8	KLRK1
1.53009592602647e-25	-0.253822950697368	0.661	0.661	4.5902877780794e-22	8	STARD3NL
2.11101328211473e-25	-0.312523534956162	0.365	0.473	6.3330398463442e-22	8	FGR
4.96407265350877e-24	-0.479736363031541	0.52	0.555	1.48922179605263e-20	8	ZEB2
1.37985065368164e-22	-0.28141636774991	0.838	0.834	4.13955196104493e-19	8	SH2D2A
3.97733083846929e-21	0.261045278194728	0.542	0.462	1.19319925154079e-17	8	ITGB2-AS1
6.23299961397787e-21	-0.312221661672311	0.701	0.693	1.86989988419336e-17	8	LYST
2.45514043070071e-20	0.32387873535094	0.821	0.805	7.36542129210212e-17	8	ITM2A
3.85504379236786e-20	0.476431813783974	0.754	0.731	1.15651313771036e-16	8	NR3C1
4.50549031502451e-20	-0.277217245583474	0.935	0.933	1.35164709450735e-16	8	S100A11
5.60387613734961e-20	-0.310239490268559	0.921	0.929	1.68116284120488e-16	8	SSR4
1.15764783185819e-19	-0.445160630446118	0.805	0.819	3.47294349557458e-16	8	CLDND1
1.16522197778895e-19	-0.265893544558238	0.636	0.612	3.49566593336686e-16	8	PLA2G16
7.08801216485943e-19	-0.60358357053592	0.809	0.771	2.12640364945783e-15	8	MZB1
8.59717615543565e-19	0.276456756788888	0.949	0.942	2.57915284663069e-15	8	TNFAIP3
1.62628256635466e-18	-0.262093341860155	0.553	0.566	4.87884769906398e-15	8	HLA-DRB3
1.91393353772745e-17	-0.876644039889508	0.361	0.46	5.74180061318236e-14	8	CCL4L2
2.8172908236296e-15	-0.336127719308943	0.855	0.846	8.45187247088879e-12	8	ALOX5AP
8.62519347113549e-15	-2.1327138730673	0.77	0.738	2.58755804134065e-11	8	LOC100293211
6.04090833888077e-14	0.27049337637565	0.676	0.715	1.81227250166423e-10	8	METTL8
1.424891299283e-13	-0.551128361638611	0.646	0.62	4.274673897849e-10	8	HLA-DRB1
1.01666028659393e-12	-0.30641571185384	0.661	0.649	3.0499808597818e-09	8	APOE
3.30283160464615e-12	0.347994530985008	0.844	0.815	9.90849481393844e-09	8	GPX4
5.1914533710092e-12	-0.254056828185588	0.569	0.495	1.55743601130276e-08	8	CYBB
3.90909736444677e-11	0.285750942130721	0.841	0.826	1.17272920933403e-07	8	CYCS
7.09608248222336e-11	-0.389027554637356	0.159	0.19	2.12882474466701e-07	8	FCN1
1.36985250060239e-10	0.255526577299568	0.637	0.617	4.10955750180717e-07	8	LINC00861
1.95317452307857e-10	-0.35553389409538	0.703	0.62	5.85952356923572e-07	8	DERL3
1.68579488229573e-08	-0.336839933948543	0.626	0.577	5.05738464688718e-05	8	LOC102725101
3.24017760841877e-07	-0.293451275215517	0.475	0.483	0.00097205328252563	8	GPR56
6.6417378094666e-07	-0.400773581009444	0.783	0.775	0.00199252134283998	8	CTSS
2.41797790064324e-06	-0.255697169047062	0.663	0.6	0.00725393370192973	8	HLA-DMB
3.49648428258246e-06	-0.805556097991551	0.294	0.415	0.0104894528477474	8	CCL4L1
3.63122085258514e-06	-0.442433834012031	0.651	0.671	0.0108936625577554	8	AREG
6.67613213820218e-06	0.267212699102999	0.553	0.557	0.0200283964146065	8	FXYD1
8.42106912978889e-06	-0.462774793325006	0.762	0.711	0.0252632073893667	8	CD68
1.37568902698799e-05	-0.284091966020618	0.814	0.837	0.0412706708096398	8	IFITM3
1.54447746534222e-05	-0.595968586837619	0.893	0.847	0.0463343239602665	8	IGLL5
