p_val	avg_log2FC	pct.1	pct.2	p_val_adj	cluster	gene
0	2.13871809864032	0.985	0.764	0	4	GZMA
0	2.02170073824607	0.965	0.695	0	4	GZMB
0	1.94483501522115	0.872	0.592	0	4	GNLY
0	1.92088263013484	0.954	0.681	0	4	CD8A
0	1.47572987475874	0.907	0.692	0	4	LAG3
0	1.41696241935441	0.926	0.7	0	4	CD8B
0	1.27711320811462	0.854	0.631	0	4	LOC101929531
0	1.26369998571313	0.831	0.615	0	4	IFNG
0	1.21074669728397	0.953	0.731	0	4	PRF1
0	1.18092727979184	0.954	0.838	0	4	ALOX5AP
0	1.18081856528972	0.836	0.539	0	4	KLRD1
0	1.17498547225594	0.809	0.572	0	4	LOC101060038
0	1.16683756713847	0.986	0.781	0	4	CCL5
0	1.16369756716749	0.926	0.747	0	4	CXCR6
0	1.09644212702179	0.98	0.753	0	4	NKG7
0	1.07866826821706	0.973	0.913	0	4	CD7
0	1.026624768839	0.784	0.587	0	4	CCL3
0	0.974725540342326	0.835	0.541	0	4	KLRC1
0	0.953575963601021	0.905	0.841	0	4	TIGIT
0	0.9452543499583	0.894	0.744	0	4	APOBEC3G
0	0.915142022323679	0.852	0.634	0	4	KLRC2
0	0.910122930024438	0.842	0.764	0	4	HAVCR2
0	0.906782791544077	0.916	0.825	0	4	SIRPG
0	0.894834752991727	0.879	0.595	0	4	GZMH
0	0.880441532678635	0.947	0.872	0	4	ENTPD1
0	0.870744019836895	0.889	0.783	0	4	PDCD1
0	0.865784944338602	0.948	0.863	0	4	CTSD
0	0.864843366149445	0.973	0.928	0	4	RGS1
0	0.851333119296952	0.949	0.878	0	4	FKBP1A
0	0.838440472661909	0.869	0.703	0	4	RAB27A
0	0.830163280845375	0.977	0.932	0	4	TPI1
0	0.823064325379778	0.8	0.611	0	4	KIR2DL4
0	0.82274684128294	0.883	0.827	0	4	ACP5
0	0.805664964064264	0.978	0.931	0	4	LSP1
0	0.802635068546263	0.86	0.748	0	4	CD63
0	0.793048672213509	0.772	0.573	0	4	ANKRD28
0	0.781241113421107	0.8	0.599	0	4	PELO
0	0.767376411277181	0.816	0.688	0	4	AMICA1
0	0.766026529746759	0.861	0.772	0	4	ITGAE
0	0.736551004577878	0.766	0.688	0	4	CLIC3
0	0.730000459309673	0.922	0.84	0	4	CLEC2B
0	0.72911837047737	0.823	0.673	0	4	ABI3
0	0.709363262042815	0.785	0.568	0	4	KLRC3
0	0.694390839570346	0.958	0.898	0	4	PGAM1
0	0.693753566318329	0.862	0.774	0	4	DUSP4
0	0.69173680013728	0.812	0.678	0	4	RUNX3
0	0.689568308876708	0.789	0.626	0	4	HOPX
0	0.689197109252263	0.927	0.869	0	4	BST2
0	0.68498441196812	0.88	0.784	0	4	RBPJ
0	0.682930122128716	0.919	0.842	0	4	CTLA4
0	0.680927267142735	0.927	0.763	0	4	CTSW
0	0.678452988325982	0.888	0.803	0	4	ISG15
0	0.645682349124787	0.716	0.522	0	4	FASLG
0	0.640056669563595	0.837	0.686	0	4	CXCL13
0	0.634324608295902	0.769	0.7	0	4	GALNT2
0	0.609185674001806	0.74	0.608	0	4	KLRC4
0	0.596336259758109	0.948	0.879	0	4	POMP
0	0.595626291059805	0.763	0.638	0	4	FAM3C
0	0.594197251787458	0.857	0.756	0	4	IDH2
0	0.566287042991714	0.984	0.964	0	4	IFITM1
0	0.563856028207689	0.998	0.995	0	4	GAPDH
0	0.5558426479865	0.784	0.63	0	4	GABARAPL1
0	0.551106036765877	0.796	0.768	0	4	LAYN
0	0.536584526299289	0.911	0.829	0	4	ANXA5
0	0.535887335059425	0.699	0.532	0	4	IFITM10
0	0.535598421725499	0.981	0.957	0	4	CORO1A
0	0.520271552675064	0.834	0.632	0	4	APOBEC3H
0	0.508260403959814	0.928	0.824	0	4	MT1E
0	0.502818015449765	0.798	0.628	0	4	TNIP3
0	0.495939147200702	0.826	0.686	0	4	ASB2
0	0.491261467771119	0.989	0.942	0	4	IL32
0	0.43845586342353	0.791	0.649	0	4	MT1F
0	0.412144426178298	0.997	0.984	0	4	PFN1
0	0.406478415010808	1	0.998	0	4	ACTB
0	0.405241989820423	0.894	0.65	0	4	CCL4
0	0.395583255075986	0.917	0.725	0	4	STMN1
0	0.379635835729688	0.698	0.531	0	4	ATP8B4
0	0.375752941739997	0.994	0.979	0	4	SH3BGRL3
0	0.373016525931929	0.693	0.438	0	4	ITGA1
0	0.369128666809863	0.754	0.637	0	4	TNS3
0	0.358438840680665	1	0.999	0	4	TMSB4X
0	0.340953716086247	0.796	0.642	0	4	SYTL2
0	0.339332618783315	0.966	0.919	0	4	MT2A
0	0.320135930033238	0.734	0.507	0	4	CASS4
0	0.319074933820294	0.853	0.77	0	4	CD38
0	0.307083796403639	0.811	0.632	0	4	PON2
0	0.290100953071706	0.758	0.59	0	4	GFOD1
0	0.287662358249602	0.828	0.651	0	4	CDCA7
0	0.255523437402183	0.779	0.541	0	4	GTF3C1
0	0.252791315462904	0.861	0.726	0	4	NUCB2
0	-0.281205781130652	0.57	0.72	0	4	RIPK2
0	-0.298849934014358	0.711	0.746	0	4	FAAH2
0	-0.339919700468037	0.199	0.463	0	4	C1QC
0	-0.340037504629892	0.58	0.746	0	4	LY96
0	-0.361280374410459	0.569	0.738	0	4	FBLN7
0	-0.379377042828744	0.998	0.998	0	4	RPS8
0	-0.512119820206007	0.999	0.999	0	4	RPS12
0	-0.513621272682409	0.998	0.998	0	4	RPS18
0	-0.534189524566806	0.559	0.771	0	4	CD79A
0	-0.571965147612898	1	1	0	4	EEF1A1
0	-0.595883526921073	0.599	0.703	0	4	PLAC8
0	-0.669701017575691	0.678	0.859	0	4	IGLL5
0	-0.764246486956136	0.828	0.913	0	4	HIST1H4C
0	-0.783139775946902	0.729	0.789	0	4	CCR7
0	-0.889541857982741	0.969	0.986	0	4	JUNB
0	-1.00733405071813	0.827	0.899	0	4	LTB
0	-1.06113949862076	0.957	0.982	0	4	FOS
0	-1.11420236578252	0.872	0.879	0	4	SELL
0	-1.93716032661516	0.287	0.577	0	4	LYZ
7.39974379725859e-304	0.601148043964743	0.859	0.785	2.21992313917758e-300	4	LINC00152
6.03435781331227e-303	0.583563770366504	0.945	0.899	1.81030734399368e-299	4	LY6E
4.88356927895953e-302	0.460971758776622	0.872	0.769	1.46507078368786e-298	4	GBP2
5.15695681907483e-300	-0.46981063827796	0.64	0.746	1.54708704572245e-296	4	THEM4
1.00233426033548e-297	0.451031759725888	0.992	0.982	3.00700278100644e-294	4	MYL6
1.13683084194019e-297	0.524343819428749	0.851	0.747	3.41049252582056e-294	4	GBP5
6.13348295374067e-297	-0.627999127129768	0.457	0.275	1.8400448861222e-293	4	LOC102723407
1.33668246176071e-296	-1.26546189726623	0.894	0.868	4.01004738528213e-293	4	IL7R
1.47770983528103e-292	0.484429034924706	0.924	0.857	4.4331295058431e-289	4	GSTP1
1.52743175686125e-291	-0.391345416941897	0.548	0.686	4.58229527058375e-288	4	SPI1
5.82683272639003e-290	-0.36123371248862	1	0.999	1.74804981791701e-286	4	MALAT1
2.31408285243492e-289	-2.16045858335068	0.671	0.739	6.94224855730475e-286	4	LOC100293211
7.59905120065841e-288	0.881963551574932	0.659	0.43	2.27971536019752e-284	4	ZNF683
5.89961770211144e-287	0.58365590036286	0.827	0.771	1.76988531063343e-283	4	FABP5
1.3166114239202e-285	0.497850850872652	0.892	0.822	3.9498342717606e-282	4	IFI6
4.0718516758508e-284	0.582107133680877	0.804	0.69	1.22155550275524e-280	4	IL2RB
6.29969260702851e-282	0.649580602444019	0.779	0.66	1.88990778210855e-278	4	PTPN22
1.64132506698638e-275	0.514073959231701	0.925	0.872	4.92397520095915e-272	4	PDIA6
2.12806428310835e-272	-0.884845549390099	0.852	0.905	6.38419284932504e-269	4	IER2
9.62455466316418e-272	0.352956079836711	0.819	0.673	2.88736639894926e-268	4	TXNDC17
4.51467247815522e-269	-1.09485809220117	0.285	0.465	1.35440174344657e-265	4	S100A9
1.03828379403718e-267	0.271070424445215	0.842	0.807	3.11485138211154e-264	4	HLA-DRB4
1.92561354135698e-267	0.403294808451249	0.88	0.788	5.77684062407095e-264	4	GPR171
3.3957445060015e-265	0.628326570838558	0.91	0.849	1.01872335180045e-261	4	DYNLL1
1.63228850901882e-264	0.561175103808624	0.865	0.769	4.89686552705647e-261	4	CDK2AP2
2.35054404580907e-258	0.534344198441746	0.861	0.803	7.05163213742721e-255	4	TPM4
2.64776584356501e-258	-0.542778090689139	0.595	0.738	7.94329753069503e-255	4	SOCS3
3.06239164372611e-258	0.322311441880484	0.996	0.989	9.18717493117832e-255	4	ACTG1
8.39159896671811e-258	0.320002404797021	0.91	0.889	2.51747969001543e-254	4	EPSTI1
3.92538148595669e-255	0.410448630468457	0.969	0.932	1.17761444578701e-251	4	CRIP1
3.44621779359717e-254	-0.431519095132114	0.74	0.774	1.03386533807915e-250	4	PASK
3.42211150946183e-253	-0.396919799915573	0.626	0.726	1.02663345283855e-249	4	CCR6
4.30392871172976e-253	0.490347161298586	0.979	0.941	1.29117861351893e-249	4	LDHA
1.36394730369194e-251	0.295261681191169	0.692	0.559	4.09184191107583e-248	4	GCNT1
8.85783524188293e-249	0.32521891777445	0.792	0.741	2.65735057256488e-245	4	JAKMIP1
5.37464819350579e-247	0.52699523267842	0.905	0.848	1.61239445805174e-243	4	CTSC
5.56352870957923e-247	0.876536973400403	0.899	0.78	1.66905861287377e-243	4	LGALS1
6.97585647549515e-242	-0.507145472672627	0.592	0.726	2.09275694264855e-238	4	FAM65B
8.54532943754031e-241	0.514338632372341	0.804	0.7	2.56359883126209e-237	4	RHOB
8.4156594847659e-239	0.412764435184311	0.73	0.638	2.52469784542977e-235	4	MPST
1.02432222999734e-237	-0.260298865180871	0.197	0.199	3.07296668999202e-234	4	VCAN
4.64662443541691e-235	0.362985171169576	0.737	0.642	1.39398733062507e-231	4	ARL3
2.71470570771429e-234	-0.37461118726262	0.994	0.994	8.14411712314288e-231	4	RPLP0
6.26794668530995e-234	0.509758106482817	0.938	0.883	1.88038400559298e-230	4	DBI
6.39670406638548e-233	-0.470396755805064	0.617	0.737	1.91901121991564e-229	4	UPP1
8.7601998792925e-233	0.376071315056515	0.804	0.743	2.62805996378775e-229	4	APOBEC3C
3.38435387888482e-232	0.535667757390961	0.947	0.906	1.01530616366545e-228	4	COX5A
4.00182368895551e-231	0.342362509925607	0.882	0.814	1.20054710668665e-227	4	MTHFD2
1.42326398145552e-228	0.34560539088779	0.991	0.982	4.26979194436656e-225	4	CFL1
2.04614170259412e-228	0.258058993632308	0.809	0.686	6.13842510778236e-225	4	SEPHS2
1.41982984395988e-227	0.495922717073749	0.79	0.712	4.25948953187965e-224	4	PTTG1
1.50502169773469e-227	0.442804248455306	0.979	0.954	4.51506509320407e-224	4	HMGB1
4.62033671796674e-226	-0.962795799188352	0.737	0.823	1.38610101539002e-222	4	GADD45B
1.85466460125218e-225	-0.335006660971689	0.39	0.514	5.56399380375653e-222	4	CYBB
2.26549557896443e-223	0.454836039927872	0.987	0.955	6.79648673689328e-220	4	S100A4
6.822201226622e-222	0.448218167365816	0.729	0.545	2.0466603679866e-218	4	XCL1
1.76733096748443e-221	0.525960320933606	0.832	0.749	5.3019929024533e-218	4	PTPN6
6.55205610782597e-219	0.400035288996349	0.85	0.79	1.96561683234779e-215	4	PSMA4
1.03680059789524e-218	-0.604101474267259	0.7	0.731	3.11040179368573e-215	4	ICAM2
2.36043046040898e-218	0.53983650978365	0.885	0.833	7.08129138122693e-215	4	PRDX5
6.16926410772705e-216	-2.3170167036454	0.784	0.833	1.85077923231812e-212	4	IGJ
3.19912760257233e-212	0.263616781562056	0.779	0.689	9.59738280771698e-209	4	SKA2
2.00009288328748e-211	0.412185676880841	0.855	0.734	6.00027864986244e-208	4	G3BP2
2.00087744131002e-211	-0.41486587846657	0.782	0.834	6.00263232393005e-208	4	SAMHD1
2.10389617867092e-211	0.38400115840761	0.856	0.752	6.31168853601275e-208	4	RPA3
1.50200435152115e-210	0.543734265835326	0.917	0.845	4.50601305456345e-207	4	HMGN2
1.13484622764567e-207	0.422965448997357	0.824	0.733	3.404538682937e-204	4	VASP
1.20352350507889e-207	0.511445656996262	0.944	0.924	3.61057051523667e-204	4	PSME2
2.21634445566528e-207	0.554275887216549	0.794	0.705	6.64903336699584e-204	4	C12orf75
2.11147250543313e-202	0.445983487033529	0.735	0.736	6.33441751629938e-199	4	GPR25
5.21172947112951e-202	-0.428034668617699	0.282	0.439	1.56351884133885e-198	4	FCGR3A
7.80191214625127e-200	0.25840400232489	0.815	0.692	2.34057364387538e-196	4	ABLIM1
2.45610720604296e-199	0.515282609308136	0.934	0.889	7.36832161812887e-196	4	CALR
4.51452269134189e-199	-0.713498577628478	0.757	0.804	1.35435680740257e-195	4	NPC2
2.86957417004196e-198	-0.668602070355452	0.832	0.733	8.60872251012589e-195	4	AIF1
3.15187036227653e-198	-0.516825350031861	0.974	0.987	9.4556110868296e-195	4	PABPC1
1.84249721414568e-196	-0.427100643952551	0.479	0.612	5.52749164243704e-193	4	TCF7
2.91668621199345e-196	0.485575326323924	0.811	0.731	8.75005863598034e-193	4	CXCR3
3.2564118375625e-194	-0.288047132529957	0.759	0.777	9.76923551268751e-191	4	CTSL
1.26743004370104e-193	-0.540854030338454	0.671	0.717	3.80229013110312e-190	4	LEF1
1.91440525983761e-193	0.418149692695076	0.912	0.869	5.74321577951282e-190	4	VDAC1
2.94956727909836e-193	0.356225292070506	0.847	0.804	8.84870183729509e-190	4	TMEM14C
5.37700149641502e-193	0.486959464401052	0.904	0.842	1.61310044892451e-189	4	CALM3
3.18651453257901e-191	-0.299818119912961	0.566	0.674	9.55954359773702e-188	4	SESN3
1.65537798118025e-190	0.44215245080761	0.952	0.917	4.96613394354075e-187	4	ENO1
2.80976756832449e-190	0.467132665902086	0.687	0.603	8.42930270497347e-187	4	PPAP2A
4.2960725428712e-190	-1.3609149072258	0.461	0.618	1.28882176286136e-186	4	TYROBP
7.25198900080438e-190	0.466838427866825	0.785	0.697	2.17559670024131e-186	4	CKLF
1.1629016311616e-188	-0.35484268744596	0.478	0.64	3.4887048934848e-185	4	C1QA
3.22044447002454e-186	0.432362477673986	0.907	0.848	9.66133341007361e-183	4	ANXA2
4.48559313256703e-186	-0.408477150728091	0.673	0.727	1.34567793977011e-182	4	CH25H
6.46870185736841e-185	0.391919901750601	0.803	0.724	1.94061055721052e-181	4	PDE4D
9.38045493653503e-184	-0.542338621398423	0.51	0.636	2.81413648096051e-180	4	KLRG1
4.69941803078589e-183	0.488706487998466	0.812	0.712	1.40982540923577e-179	4	BAX
1.98576126761272e-179	0.320901012966572	0.714	0.696	5.95728380283816e-176	4	SCCPDH
4.25973057660815e-178	0.260523255826422	0.841	0.762	1.27791917298245e-174	4	RALA
5.59417507888088e-177	0.382923516448359	0.872	0.814	1.67825252366427e-173	4	CKS2
1.01157970424497e-176	-0.340616130690026	0.603	0.724	3.0347391127349e-173	4	NMB
3.90176713841017e-176	0.423415117725889	0.973	0.951	1.17053014152305e-172	4	ARPC1B
1.35425520011685e-174	-0.60057639274423	0.98	0.986	4.06276560035054e-171	4	ZFP36
3.30175178802848e-173	0.604525151193239	0.751	0.732	9.90525536408544e-170	4	TNFRSF9
3.56659951827116e-170	-0.277538178900206	0.466	0.575	1.06997985548135e-166	4	FXYD7
5.05693369188072e-168	0.380034055430561	0.998	0.988	1.51708010756422e-164	4	SRGN
1.05033426034908e-167	0.498765770696072	0.895	0.827	3.15100278104725e-164	4	CNN2
3.28144859191451e-167	-0.597589694486381	0.991	0.99	9.84434577574352e-164	4	FTH1
2.36788245047853e-166	0.46924015813151	0.78	0.736	7.10364735143558e-163	4	TOX
1.46215033832656e-165	0.282739044949547	0.845	0.76	4.38645101497968e-162	4	XAF1
2.93555879617503e-165	0.536149220898828	0.614	0.435	8.8066763885251e-162	4	LOC100996919
1.02944938590713e-164	0.474773486167167	0.95	0.922	3.0883481577214e-161	4	ATP5G3
7.14842261419181e-163	-0.530578976326422	0.526	0.667	2.14452678425754e-159	4	CDKN1A
3.02631048421114e-157	0.388788865181788	0.813	0.757	9.07893145263343e-154	4	MX1
1.40818212246007e-156	0.40942753962959	0.97	0.942	4.22454636738022e-153	4	SUB1
1.59255624462735e-156	0.377412043894735	0.96	0.909	4.77766873388206e-153	4	UCP2
9.16804283293246e-154	0.372761155129299	0.783	0.681	2.75041284987974e-150	4	LYST
4.72036991380262e-152	0.396208674068516	0.866	0.819	1.41611097414079e-148	4	HN1
8.49269879354436e-152	0.351748906107951	0.731	0.62	2.54780963806331e-148	4	GLUL
3.8147497138716e-151	0.297241673702523	0.858	0.8	1.14442491416148e-147	4	SNRPE
6.24438417246559e-151	0.395618846235273	0.792	0.724	1.87331525173968e-147	4	IFI35
1.519378397922e-150	-0.546600084847948	0.406	0.552	4.55813519376601e-147	4	C1orf162
7.20666827874164e-150	0.347867586326583	0.858	0.783	2.16200048362249e-146	4	BTG3
1.77572251233448e-149	0.265444330984498	0.893	0.803	5.32716753700345e-146	4	RNF19A
1.78922556305228e-148	0.364784837887203	0.918	0.858	5.36767668915684e-145	4	ATP6V1F
2.61679922066713e-148	0.479632920464634	0.838	0.774	7.85039766200138e-145	4	CD97
8.34468144493504e-148	0.420425900434891	0.825	0.74	2.50340443348051e-144	4	SNRPD1
1.24607057303217e-147	0.300826249953599	0.852	0.786	3.73821171909652e-144	4	PRDX3
6.29436832256662e-146	-0.654340256349651	0.516	0.648	1.88831049676999e-142	4	EGR1
2.84352257933836e-143	0.311171208616072	0.906	0.829	8.53056773801509e-140	4	P4HB
8.72749953797723e-143	0.317096545214235	0.758	0.671	2.61824986139317e-139	4	CCL20
1.08663255536421e-142	0.320381643451815	0.833	0.764	3.25989766609264e-139	4	ID2
1.41680524461913e-141	-0.393877439253008	0.437	0.568	4.25041573385739e-138	4	C1QB
1.34577308059619e-140	-0.534687978517351	0.635	0.745	4.03731924178857e-137	4	NR4A1
2.84048763544658e-140	0.481677973498429	0.662	0.591	8.52146290633974e-137	4	OASL
1.9230595070966e-137	0.424167742706586	0.851	0.809	5.76917852128981e-134	4	HM13
6.30147078081318e-137	-0.418393556832494	0.736	0.687	1.89044123424395e-133	4	S1PR1
6.40273766969188e-137	0.332563005263349	0.639	0.51	1.92082130090757e-133	4	PRKAR1B
1.4858082100249e-134	0.334470002508592	0.852	0.83	4.45742463007471e-131	4	CD82
3.99674247816727e-134	-0.576066046467732	0.841	0.856	1.19902274345018e-130	4	FAIM3
5.00174906764934e-133	0.545248268795171	0.576	0.294	1.5005247202948e-129	4	KRT86
2.23573640513982e-132	-0.46655970758178	0.765	0.807	6.70720921541946e-129	4	APOC1
2.60286909698691e-132	0.345977755517543	0.971	0.938	7.80860729096072e-129	4	IFITM2
1.94216926184713e-131	0.293885713071095	0.895	0.887	5.82650778554139e-128	4	DNPH1
4.67965540977219e-130	-0.449391042085533	0.869	0.898	1.40389662293166e-126	4	DUSP1
4.61830794563843e-129	-1.07134462265391	0.222	0.457	1.38549238369153e-125	4	S100A8
1.5926748228185e-126	0.317808619183547	0.983	0.969	4.7780244684555e-123	4	UBC
2.37480988877874e-124	0.466724432909157	0.833	0.768	7.12442966633621e-121	4	IGFLR1
1.46591055419921e-123	0.270562635632425	0.875	0.803	4.39773166259764e-120	4	AP2S1
3.48948052876545e-123	-0.25101668521237	0.45	0.564	1.04684415862964e-119	4	PPP1R2P9
1.08854854224147e-122	0.366327773919617	0.688	0.602	3.26564562672442e-119	4	PLA2G16
1.66132617237122e-122	0.3665431154642	0.627	0.497	4.98397851711367e-119	4	SLC7A5
5.82285307432773e-122	0.353936608517708	0.756	0.723	1.74685592229832e-118	4	MIR4435-1HG
2.34784017738384e-119	0.257729528276324	0.636	0.577	7.04352053215151e-116	4	LOC101927369
1.46376832258845e-118	0.382120943204833	0.902	0.869	4.39130496776534e-115	4	TXN
1.29637318543576e-117	0.301333451123371	0.867	0.786	3.88911955630729e-114	4	ITM2A
7.22685870203464e-115	0.368343036103713	0.852	0.775	2.16805761061039e-111	4	CREM
8.44930674290963e-115	0.312851766250342	0.905	0.871	2.53479202287289e-111	4	TALDO1
7.15101586778627e-114	0.346569400225205	0.904	0.856	2.14530476033588e-110	4	SNRPG
1.10238785399456e-112	-0.680958175948966	0.699	0.75	3.30716356198367e-109	4	FOSB
9.87672065807688e-112	0.279839375794059	0.598	0.465	2.96301619742307e-108	4	CD244
3.25575796969761e-111	0.299739512118482	0.691	0.612	9.76727390909282e-108	4	MAST4
5.3762743914792e-111	0.262630291785213	0.91	0.861	1.61288231744376e-107	4	YWHAQ
7.37812552298122e-111	0.384764055174469	0.961	0.939	2.21343765689437e-107	4	S100A6
5.49410296601899e-110	-0.55301144717634	0.974	0.972	1.6482308898057e-106	4	NFKBIA
1.6414187221817e-109	0.337769108177232	0.725	0.685	4.92425616654509e-106	4	FUT8
8.61744029640967e-109	0.287903328947854	0.686	0.572	2.5852320889229e-105	4	PAG1
4.74301467450507e-108	0.31147020066963	0.831	0.745	1.42290440235152e-104	4	HMGN3
8.04994749665687e-107	0.347729851676065	0.906	0.868	2.41498424899706e-103	4	PKM
1.87956715267832e-106	-1.82184879466843	0.544	0.664	5.63870145803497e-103	4	IFI30
2.01732884700893e-106	-0.497727257443183	0.847	0.835	6.0519865410268e-103	4	MAL
3.56937301987816e-102	-0.526972293695688	0.463	0.552	1.07081190596345e-98	4	LST1
8.19237954484523e-100	-0.468740809218802	0.743	0.771	2.45771386345357e-96	4	BIRC3
3.33347315157508e-99	-0.435858800672879	0.774	0.812	1.00004194547252e-95	4	C10orf54
4.72951735415835e-98	0.407335992418386	0.849	0.799	1.4188552062475e-94	4	SLA
8.12237876647204e-98	0.271287811616222	0.719	0.678	2.43671362994161e-94	4	CD70
8.20502259383435e-97	0.324203954711754	0.942	0.912	2.46150677815031e-93	4	CALM2
4.25222240404769e-96	-0.338337979399132	0.64	0.671	1.27566672121431e-92	4	MYC
1.77372999134608e-94	-0.447873269105304	0.685	0.761	5.32118997403824e-91	4	NR4A2
2.3634762869857e-93	-0.274707441861077	0.764	0.703	7.0904288609571e-90	4	MNDA
5.84671661819946e-93	0.298871733681836	0.823	0.802	1.75401498545984e-89	4	ATF3
2.13672122497728e-90	-0.474936171486007	0.465	0.56	6.41016367493183e-87	4	MS4A1
5.67429118039011e-90	-0.350805522334615	0.884	0.852	1.70228735411703e-86	4	RTKN2
1.63468448531689e-89	0.281747756942697	0.981	0.968	4.90405345595068e-86	4	MIF
3.58650957929431e-86	-0.429423414675441	0.742	0.815	1.07595287378829e-82	4	CTSH
2.20895757638841e-84	-0.295830457673747	0.586	0.628	6.62687272916522e-81	4	SPINT2
6.27439736967406e-84	0.28120065945606	0.918	0.892	1.88231921090222e-80	4	PRDX1
8.55624140358286e-84	0.384484448996202	0.633	0.511	2.56687242107486e-80	4	KLRK1
4.08095520276766e-83	-0.30611104340722	0.479	0.537	1.2242865608303e-79	4	PLAUR
4.13398197915294e-82	0.253111548686903	0.705	0.652	1.24019459374588e-78	4	STARD3NL
9.8346614493514e-80	-0.551128793362707	0.62	0.648	2.95039843480542e-76	4	KLF2
1.89567600832722e-78	0.404785128803529	0.621	0.527	5.68702802498166e-75	4	TRG-AS1
2.30720500787295e-78	-0.405957699519236	0.758	0.815	6.92161502361884e-75	4	PIM2
3.15491256735955e-76	0.269645685851453	0.8	0.768	9.46473770207864e-73	4	RGS2
7.12250869247767e-76	0.275299270525172	0.887	0.851	2.1367526077433e-72	4	TSPO
2.91974913364216e-75	0.315706504095122	0.764	0.717	8.75924740092648e-72	4	GLIPR2
5.17984921616498e-75	0.370741638674422	0.803	0.818	1.55395476484949e-71	4	LGALS3
6.36633579873297e-75	-0.720824322907826	0.744	0.77	1.90990073961989e-71	4	TIMP1
2.76391306961889e-74	-0.689583837442723	0.804	0.851	8.29173920885668e-71	4	GPX1
6.21326578477808e-74	-0.584338908710701	0.585	0.68	1.86397973543342e-70	4	TNF
6.74695334419681e-74	-0.277646178388265	0.72	0.714	2.02408600325904e-70	4	SATB1
1.71605225538067e-72	0.268145653363065	0.889	0.823	5.148156766142e-69	4	CYCS
3.02771108749517e-70	-0.604792357151377	0.905	0.909	9.08313326248551e-67	4	BTG2
2.40614881052235e-67	0.433645859689352	0.605	0.536	7.21844643156705e-64	4	MIR155HG
4.24745687022556e-64	-0.506059398062055	0.783	0.832	1.27423706106767e-60	4	FOXP3
8.82190198586931e-64	-0.798290981262543	0.841	0.798	2.64657059576079e-60	4	TNFRSF4
3.27009775648912e-63	0.47257568099283	0.595	0.529	9.81029326946735e-60	4	SPRY1
2.32384846557617e-62	-0.372867487354528	0.648	0.727	6.97154539672852e-59	4	XBP1
3.55241311679705e-62	-0.346975975743617	0.545	0.589	1.06572393503911e-58	4	SESN1
3.49197456438439e-61	0.478699890592942	0.627	0.598	1.04759236931532e-57	4	LOC102724850
9.22717814591505e-61	-0.489291279075604	0.934	0.936	2.76815344377452e-57	4	DNAJB1
1.88501734834155e-59	-0.622298439458728	0.914	0.911	5.65505204502466e-56	4	SAT1
2.04156740440408e-58	-0.511357092445322	0.603	0.67	6.12470221321224e-55	4	AREG
1.49265084066613e-57	0.338732825179835	0.794	0.785	4.47795252199838e-54	4	PHPT1
4.02145941381083e-56	0.280775128051448	0.693	0.65	1.20643782414325e-52	4	PHLDA1
6.70563130731677e-56	-0.541418627018587	0.533	0.553	2.01168939219503e-52	4	CD40LG
7.5638757952575e-56	-0.316341010849063	0.715	0.759	2.26916273857725e-52	4	AQP3
3.55226250848512e-54	0.296368936180219	0.555	0.481	1.06567875254554e-50	4	DAPK2
5.55024951948189e-54	-0.365883612387203	0.751	0.78	1.66507485584457e-50	4	SLC2A3
2.94924592202328e-53	0.352936922145449	0.598	0.554	8.84773776606984e-50	4	SRGAP3
2.47117355466955e-52	0.444230535856632	0.68	0.634	7.41352066400864e-49	4	TMIGD2
9.72044122975691e-52	-0.273189022294785	0.378	0.466	2.91613236892707e-48	4	ITGB2-AS1
1.37120868660094e-51	-1.76477977874786	0.489	0.57	4.11362605980283e-48	4	CST3
3.4600333703403e-51	0.2652165365877	0.525	0.36	1.03801001110209e-47	4	ETV1
8.40456321889368e-48	-0.276743548158822	0.632	0.686	2.5213689656681e-44	4	SNHG15
7.10963276880862e-47	0.333832095913596	0.679	0.662	2.13288983064259e-43	4	CARS
5.7806857131092e-45	0.314868868118045	0.682	0.664	1.73420571393276e-41	4	CAPG
1.65546278393766e-44	-1.0687800661248	0.703	0.549	4.96638835181299e-41	4	FCER1G
2.411223002258e-44	-0.453355910500144	0.835	0.737	7.233669006774e-41	4	CD4
2.48647596770413e-42	0.2530038181975	0.767	0.755	7.45942790311239e-39	4	SDF2L1
9.74926182846661e-39	-0.412680388174432	0.629	0.638	2.92477854853998e-35	4	CD83
1.51977589502206e-38	-0.387943895196709	0.204	0.181	4.55932768506619e-35	4	FCN1
7.69699097470991e-37	-0.610983028222932	0.595	0.681	2.30909729241297e-33	4	HLA-DQB1
1.52866850459728e-36	0.325258276928852	0.598	0.534	4.58600551379183e-33	4	CISH
1.67167598820427e-36	-0.302790069519282	0.751	0.777	5.01502796461281e-33	4	NEAT1
2.32208290737804e-36	-0.300894360795637	0.63	0.622	6.96624872213412e-33	4	TNFSF8
2.92289448273157e-36	-0.328448778242738	0.556	0.616	8.76868344819472e-33	4	MS4A6A
2.27549792348517e-35	0.379650500006705	0.67	0.72	6.8264937704555e-32	4	NDFIP2
2.43152686112898e-35	-0.691642175374897	0.677	0.58	7.29458058338693e-32	4	SERPINA1
3.04814196534139e-34	-0.272708444042939	0.729	0.74	9.14442589602416e-31	4	SGK1
3.10658593630777e-34	-0.323495610622162	0.418	0.375	9.31975780892331e-31	4	MS4A7
3.27220020842637e-34	-0.314741050068394	0.832	0.847	9.81660062527911e-31	4	RNASET2
1.49159286311988e-33	-0.366622718644907	0.587	0.629	4.47477858935965e-30	4	BCL2A1
1.10894310612805e-31	0.256303705253906	0.684	0.661	3.32682931838414e-28	4	AGTRAP
2.15307833491497e-31	0.25086601288658	0.629	0.593	6.4592350047449e-28	4	NEDD9
2.23575294986353e-29	0.266764880688927	0.648	0.65	6.70725884959058e-26	4	GEM
1.72996106528577e-28	-0.260637676684948	0.749	0.779	5.1898831958573e-25	4	TAGAP
3.88644657368948e-28	-0.310812724554964	0.54	0.59	1.16593397210684e-24	4	LMNA
7.49461654372849e-27	-0.339628335086445	0.622	0.616	2.24838496311855e-23	4	IER3
5.60159840314767e-26	-0.258158608096241	0.685	0.659	1.6804795209443e-22	4	LPAR6
1.14051845788015e-24	-0.271616666021315	0.747	0.741	3.42155537364045e-21	4	TRAT1
1.28194522431827e-23	-0.30789076449433	0.777	0.784	3.84583567295482e-20	4	NOSIP
7.84755455283686e-23	0.273985091925391	0.555	0.464	2.35426636585106e-19	4	GPR56
2.42688923795245e-22	-0.271201113484212	0.725	0.722	7.28066771385736e-19	4	PTGER2
7.02163052202331e-18	0.452886902180536	0.555	0.485	2.10648915660699e-14	4	XCL2
9.43510927180143e-17	-0.340405478951762	0.59	0.572	2.83053278154043e-13	4	LOC102725101
4.34702435568789e-16	-0.691098800253523	0.783	0.687	1.30410730670637e-12	4	GZMK
1.78464849101085e-15	-0.458130794389301	0.801	0.818	5.35394547303256e-12	4	PSAP
2.05162264393752e-10	-0.257024251110005	0.98	0.973	6.15486793181255e-07	4	JUN
2.32174290814148e-10	-0.393689544520775	0.441	0.392	6.96522872442444e-07	4	C15orf48
2.62521472551698e-09	-0.492401728843601	0.689	0.676	7.87564417655093e-06	4	GRN
3.04425470455214e-08	-0.259102917592376	0.833	0.683	9.13276411365641e-05	4	CD28
1.7265243548198e-06	-0.283765887020964	0.692	0.596	0.0051795730644594	4	LINC01272
