p_val	avg_log2FC	pct.1	pct.2	p_val_adj	cluster	gene
5.62725776589133e-240	5.58212517710093	0.945	0.571	1.6881773297674e-236	18	CST3
1.01062801786182e-223	1.89522493273352	0.907	0.492	3.03188405358546e-220	18	ALDH2
8.13996688702136e-215	2.13700712097123	0.933	0.567	2.44199006610641e-211	18	LYZ
2.31860810678166e-208	1.59916936102738	0.915	0.67	6.95582432034497e-205	18	SPI1
5.28594815194062e-206	0.327894555776024	0.477	0.015	1.58578444558219e-202	18	CYYR1
1.87196355285055e-205	2.35383900337682	0.937	0.654	5.61589065855164e-202	18	IFI30
1.56331865801162e-198	1.68135825223974	0.952	0.671	4.68995597403486e-195	18	GRN
1.40572259483299e-192	1.87927317674314	0.851	0.354	4.21716778449896e-189	18	LOC100509457
7.29238945328193e-188	2.94729796185243	0.711	0.103	2.18771683598458e-184	18	WFDC21P
2.14956453280566e-186	3.07808876787587	0.903	0.532	6.44869359841699e-183	18	NAPSB
2.39327710514949e-177	1.93574469000924	0.869	0.559	7.17983131544846e-174	18	GSN
1.05279167163646e-172	1.67880479336084	0.984	0.849	3.15837501490937e-169	18	GPX1
4.24091153046283e-172	3.57555085031896	0.891	0.666	1.27227345913885e-168	18	HLA-DQB1
3.65152937742297e-166	3.22084985060667	0.863	0.578	1.09545881322689e-162	18	CPVL
6.9718232578273e-165	1.37829373136763	0.903	0.603	2.09154697734819e-161	18	TYROBP
8.62839821136382e-164	1.8628649097441	0.913	0.701	2.58851946340914e-160	18	HLA-DMA
2.30022439491863e-161	3.24289033146171	0.992	0.982	6.90067318475588e-158	18	CD74
8.90280590455504e-155	2.33621996472084	0.889	0.632	2.67084177136651e-151	18	CD83
2.63509912818772e-154	2.77494303859347	0.919	0.805	7.90529738456316e-151	18	HLA-DRB4
4.95814284924713e-152	1.69307027096603	0.842	0.553	1.48744285477414e-148	18	CXCL16
8.56378034717709e-152	2.68456017923942	0.913	0.814	2.56913410415313e-148	18	LOC100996809
7.23273710639015e-148	0.973950245468902	0.832	0.424	2.16982113191705e-144	18	RAB31
2.10706470637587e-143	-2.14747635312239	0.832	0.959	6.3211941191276e-140	18	IL32
4.47473252986037e-143	1.93071288508116	0.871	0.62	1.34241975895811e-139	18	HLA-DRB1
6.05818245039129e-141	1.03116065366509	0.762	0.162	1.81745473511739e-137	18	CSF2RA
1.47196817273781e-139	1.05790637430191	0.78	0.42	4.41590451821343e-136	18	PPP1R14A
1.55287951193367e-138	0.780401657055126	0.826	0.529	4.658638535801e-135	18	NME4
7.96947797690692e-138	1.41899399734015	0.863	0.626	2.39084339307208e-134	18	SPINT2
2.48998015431696e-137	1.76296976286565	0.966	0.863	7.46994046295087e-134	18	GSTP1
1.28565585744618e-131	2.14904156187753	0.917	0.668	3.85696757233855e-128	18	AREG
3.43377157814001e-131	1.49406253113616	0.814	0.602	1.030131473442e-127	18	HLA-DMB
4.91166537895304e-130	2.14829589213185	0.715	0.341	1.47349961368591e-126	18	LGALS2
8.42495551209272e-130	1.76254148491444	0.737	0.403	2.52748665362782e-126	18	C15orf48
1.30742361339904e-126	0.598680707372398	0.493	0.075	3.92227084019711e-123	18	RAB7B
1.3972082081287e-126	1.57429771198685	0.887	0.549	4.19162462438609e-123	18	C1orf162
8.43589828054246e-126	1.72091864792331	0.626	0.184	2.53076948416274e-122	18	CLEC9A
8.46146008148155e-124	0.281924883858274	0.685	0.208	2.53843802444447e-120	18	UPK3A
2.15028220226738e-122	0.461958893129694	0.679	0.291	6.45084660680213e-119	18	PALD1
2.22823567328309e-122	0.659154885689357	0.79	0.465	6.68470701984928e-119	18	ZNF385A
2.74162446403009e-121	1.54797361294634	0.867	0.716	8.22487339209026e-118	18	RNASE6
3.06449128789678e-121	0.999674187894291	0.85	0.753	9.19347386369033e-118	18	AIF1
7.99093861792341e-121	1.16603104802202	0.846	0.563	2.39728158537702e-117	18	HLA-DRB3
1.60958890572935e-120	0.759702742136736	0.851	0.674	4.82876671718804e-117	18	GNA15
4.07259825173681e-119	0.761056025254605	0.806	0.639	1.22177947552104e-115	18	SIGLEC10
2.50882371169338e-117	1.62985688905833	0.731	0.452	7.52647113508015e-114	18	C1orf54
7.4246502914358e-117	1.08720151139144	0.863	0.61	2.22739508743074e-113	18	NR4A3
1.71596818317142e-115	-1.52325371642831	0.939	0.967	5.14790454951426e-112	18	IFITM1
3.28009027834773e-115	1.42465310228379	0.927	0.822	9.84027083504318e-112	18	SYNGR2
1.20833818352994e-114	1.44968299003754	0.873	0.651	3.62501455058983e-111	18	MARCKSL1
3.9806087466156e-114	0.458951695200009	0.778	0.534	1.19418262398468e-110	18	FAM26F
2.91053678661041e-113	0.961983300302389	0.921	0.802	8.73161035983124e-110	18	NPC2
1.01511799529135e-112	1.51321636902253	0.905	0.773	3.04535398587405e-109	18	PPT1
2.76736866672656e-112	0.957874232252382	0.935	0.742	8.30210600017967e-109	18	TYMP
2.08351412283793e-111	1.06112851878487	0.752	0.537	6.2505423685138e-108	18	HCK
7.41050522016744e-111	0.678490023910684	0.79	0.466	2.22315156605023e-107	18	FGR
1.2151683022602e-110	1.68736420890392	0.733	0.503	3.64550490678059e-107	18	IDO1
1.21944587150863e-109	0.296227050705431	0.648	0.212	3.6583376145259e-106	18	CD33
5.60349666689164e-109	0.350978195667788	0.711	0.221	1.68104900006749e-105	18	DAPK1
7.19539938555588e-108	1.12439435537738	0.992	0.983	2.15861981566676e-104	18	VIM
3.5160853392692e-107	0.899644598180165	0.792	0.562	1.05482560178076e-103	18	CCDC88A
1.43336808973476e-106	1.06101637574811	0.711	0.493	4.30010426920428e-103	18	HLA-DOB
2.53457210147109e-106	0.60983360602257	0.81	0.544	7.60371630441328e-103	18	PLAUR
3.49972832471815e-106	-1.7900583578077	0.844	0.929	1.04991849741544e-102	18	CD7
4.87673447832269e-106	1.12373712145025	0.588	0.295	1.46302034349681e-102	18	C1orf186
2.96015480140848e-105	0.252000963507591	0.479	0.044	8.88046440422544e-102	18	CEACAM3
1.42853339254419e-104	-0.446388980926548	0.325	0.84	4.28560017763257e-101	18	TXK
1.97480249858265e-104	0.365165894636624	0.762	0.374	5.92440749574796e-101	18	MS4A7
3.51137722255715e-104	-0.8432891521898	0.386	0.851	1.05341316676714e-100	18	SIRPG
8.83890745927404e-104	2.16919337674276	0.749	0.573	2.65167223778221e-100	18	IRF8
1.89943306886285e-102	0.863326114492233	0.984	0.924	5.69829920658856e-99	18	GABARAP
1.59590779637921e-101	1.29728216150729	0.889	0.651	4.78772338913764e-98	18	CDKN1A
7.74623511949087e-101	1.76929961076109	0.905	0.788	2.32387053584726e-97	18	SNX3
4.90095090411682e-100	0.485152755344779	0.204	0.016	1.47028527123505e-96	18	LAD1
1.13834476788871e-99	1.10000636488801	0.915	0.808	3.41503430366612e-96	18	CTSH
3.81994529953077e-99	0.608918309680526	0.812	0.713	1.14598358985923e-95	18	CD68
5.54908009250546e-99	0.946667818647618	1	0.99	1.66472402775164e-95	18	FTH1
1.80456331648072e-98	1.69315860870984	0.766	0.535	5.41368994944215e-95	18	SERPINF1
4.2576319412356e-98	0.900400280322752	0.792	0.575	1.27728958237068e-94	18	LGMN
2.23064896497125e-97	2.52238308434359	0.935	0.872	6.69194689491374e-94	18	TXN
2.35996903289727e-97	0.623583382530414	0.82	0.543	7.07990709869181e-94	18	LST1
3.34484141372438e-97	0.825808628768375	0.976	0.91	1.00345242411731e-93	18	SAT1
7.0555519347418e-96	1.00694398439219	0.935	0.818	2.11666558042254e-92	18	PSAP
4.49345943948323e-95	1.26731468355538	0.743	0.428	1.34803783184497e-91	18	FGL2
2.81117477454556e-94	0.751196865884564	0.745	0.439	8.43352432363668e-91	18	SERPINB6
9.29140736353866e-94	0.694184381455133	0.832	0.521	2.7874222090616e-90	18	GRINA
1.42566563538442e-93	0.279432975268222	0.6	0.175	4.27699690615326e-90	18	ST14
5.602808538222e-93	0.902303076816399	0.83	0.672	1.6808425614666e-89	18	GCA
1.6339881557444e-92	0.571203496041014	0.804	0.565	4.90196446723319e-89	18	FCER1G
1.89644318480209e-92	0.947118756271249	0.83	0.628	5.68932955440628e-89	18	FCGRT
3.00665209530078e-92	1.00232511781912	0.121	0.045	9.01995628590234e-89	18	MS4A2
3.05767678741601e-92	0.459399139176453	0.602	0.25	9.17303036224803e-89	18	THBD
9.64183754247386e-92	-0.610026335661754	0.36	0.786	2.89255126274216e-88	18	PASK
1.73366910292473e-91	1.27530473103247	0.915	0.839	5.2010073087742e-88	18	SERPINB1
2.10663789027857e-91	1.2181090739279	0.808	0.61	6.31991367083571e-88	18	PLEK
2.21033169742858e-91	1.49920133703822	0.828	0.621	6.63099509228574e-88	18	BCL2A1
3.93617943882377e-91	1.12739270791055	0.683	0.294	1.18085383164713e-87	18	KIAA1598
6.66982779953589e-91	1.3206399389166	0.653	0.388	2.00094833986077e-87	18	WDFY4
7.84914309602108e-91	0.821092231780504	0.735	0.598	2.35474292880632e-87	18	CD86
8.69219484482598e-90	0.45316106836986	0.735	0.6	2.60765845344779e-86	18	PVRL2
1.28333403262898e-89	1.02568348444524	0.873	0.804	3.85000209788694e-86	18	LAP3
1.9543779521924e-89	0.958073598024014	0.885	0.857	5.8631338565772e-86	18	LGALS9
5.25557885948114e-89	0.620509559858327	0.729	0.417	1.57667365784434e-85	18	KLF4
8.32592073283157e-89	1.16600035891621	0.826	0.66	2.49777621984947e-85	18	WARS
1.46242836994788e-88	-1.3903936737266	0.78	0.963	4.38728510984364e-85	18	S100A4
8.93964904293228e-88	0.928909999686727	0.667	0.433	2.68189471287968e-84	18	CLIC2
3.33465169098285e-86	0.750043544595704	0.85	0.736	1.00039550729486e-82	18	MGST2
9.26521103158193e-86	1.56362451007601	0.562	0.262	2.77956330947458e-82	18	TACSTD2
3.0584621352287e-85	1.96751053546081	0.786	0.571	9.17538640568611e-82	18	NAAA
4.47982188830953e-85	1.0769190118088	0.784	0.609	1.34394656649286e-81	18	C12orf45
4.97537553533735e-85	0.806712117086272	0.76	0.707	1.49261266060121e-81	18	HLA-DOA
2.36020494823213e-84	1.01307304648845	0.697	0.457	7.08061484469639e-81	18	HLA-DQB2
4.42130592942768e-84	-1.61351598314587	0.851	0.952	1.32639177882831e-80	18	CD69
5.19822896391454e-84	0.623530808241424	0.701	0.489	1.55946868917436e-80	18	SLC31A2
3.82464074886951e-82	0.257310359635087	0.735	0.554	1.14739222466085e-78	18	PLBD1
2.50291511526861e-81	0.833406564054238	0.857	0.724	7.50874534580582e-78	18	SMCO4
9.7309278563549e-81	0.925154028779274	0.651	0.382	2.91927835690647e-77	18	SERPINF2
1.27847038703526e-80	1.19812727930985	0.745	0.652	3.83541116110578e-77	18	NET1
7.37715874252703e-80	0.344759443183838	0.648	0.451	2.21314762275811e-76	18	C1QC
2.9060519561063e-79	0.93447430494167	0.867	0.656	8.7181558683189e-76	18	REL
6.07423091747699e-79	0.970774141402869	0.844	0.652	1.8222692752431e-75	18	MAP3K8
6.07976996707415e-79	0.622511681212341	0.752	0.65	1.82393099012224e-75	18	MIR181A1HG
1.19930193390908e-78	-1.06124591358126	0.772	0.857	3.59790580172723e-75	18	FAIM3
1.13654695708517e-77	0.696598261351779	0.626	0.228	3.40964087125552e-74	18	RAB32
6.77342873885513e-77	0.858752163662354	0.939	0.844	2.03202862165654e-73	18	CSTB
1.04305640612093e-76	0.627287561022226	0.83	0.687	3.12916921836279e-73	18	SLC16A3
1.30944297129319e-76	-0.250509319104206	0.317	0.759	3.92832891387957e-73	18	RIC3
2.50507954927364e-76	0.967394411944913	0.75	0.533	7.51523864782091e-73	18	ASAP1
3.40448397005321e-76	2.84567562023629	0.622	0.381	1.02134519101596e-72	18	S100B
3.43952488460254e-76	0.80732193860793	0.739	0.606	1.03185746538076e-72	18	P2RY14
4.49237139645922e-76	0.50164916818939	0.667	0.34	1.34771141893777e-72	18	IGFBP7
9.54798889922373e-76	0.70796117973158	0.972	0.926	2.86439666976712e-72	18	TAGLN2
3.47597078909875e-74	1.57206136607471	0.685	0.556	1.04279123672962e-70	18	DNASE1L3
4.05645224416056e-74	0.587542567964299	0.937	0.783	1.21693567324817e-70	18	ATP6V0B
4.06923391418442e-74	1.67510278497123	0.636	0.431	1.22077017425532e-70	18	CXCL9
4.14096970514441e-74	0.756355468478296	0.846	0.704	1.24229091154332e-70	18	HMGA1
6.46064135673646e-74	0.901170218875645	0.81	0.68	1.93819240702094e-70	18	BID
8.29201642823572e-74	0.598388607014534	0.709	0.486	2.48760492847072e-70	18	F11R
7.26035360747896e-73	1.32158698144131	0.921	0.882	2.17810608224369e-69	18	PPA1
9.60111735033467e-73	0.34866157384848	0.711	0.638	2.8803352051004e-69	18	C1QA
1.1175637091482e-72	-1.28307742665059	0.752	0.876	3.35269112744459e-69	18	CD27
1.11987154843399e-72	0.673381714667892	0.84	0.589	3.35961464530197e-69	18	CHMP1B
1.70255929084054e-72	0.50635473881457	0.899	0.767	5.10767787252163e-69	18	FKBP2
4.20543511951465e-72	-1.02846012412686	0.665	0.859	1.2616305358544e-68	18	PRDM1
4.33947552523532e-72	0.58836947703692	0.77	0.622	1.3018426575706e-68	18	MARCH1
6.85273998712921e-72	-0.318066768338275	0.337	0.746	2.05582199613876e-68	18	FBLN7
1.21442639337957e-71	0.682202002533192	0.915	0.811	3.6432791801387e-68	18	AP2S1
4.5126146531159e-71	0.556389935006852	0.808	0.681	1.35378439593477e-67	18	CYSTM1
1.25982687604889e-70	-0.873918154056587	0.4	0.754	3.77948062814666e-67	18	TRAT1
6.44461223068294e-70	0.758109450669327	0.715	0.543	1.93338366920488e-66	18	BASP1
2.32713002418073e-69	-0.539828747388921	1	1	6.98139007254219e-66	18	RPLP1
3.88054243074816e-69	0.559501893326873	0.808	0.654	1.16416272922445e-65	18	MFSD1
4.68173359061738e-69	0.755731848773131	0.683	0.545	1.40452007718521e-65	18	TSPAN13
5.21128129517817e-68	0.763883343900895	0.741	0.625	1.56338438855345e-64	18	PAK1
7.94173979647126e-68	0.69865579192512	0.687	0.469	2.38252193894138e-64	18	DSE
9.84111750455319e-68	0.366789061412638	0.655	0.384	2.95233525136596e-64	18	KIAA0226L
6.01617864463248e-67	0.965923552886982	0.703	0.537	1.80485359338974e-63	18	PTPRE
7.76968989179806e-67	-0.458260376803151	0.459	0.847	2.33090696753942e-63	18	FOXP3
1.94809198733465e-66	0.60438688567558	0.818	0.65	5.84427596200396e-63	18	THEMIS2
2.57266279291286e-66	0.650309319633306	1	0.995	7.71798837873859e-63	18	TMSB10
5.73816457071465e-66	0.90676819135786	0.83	0.642	1.72144937121439e-62	18	BHLHE40
7.89357680419233e-66	0.391587243938599	0.503	0.129	2.3680730412577e-62	18	P2RY6
1.3033507570026e-65	0.658143794449657	0.885	0.716	3.91005227100781e-62	18	RNH1
1.7803042251321e-65	1.21476423044223	0.679	0.464	5.34091267539629e-62	18	VMO1
8.41298239038004e-65	-1.0860878780123	0.81	0.854	2.52389471711401e-61	18	TIGIT
2.26383894540887e-64	1.16001781972817	0.75	0.77	6.79151683622661e-61	18	HMOX1
3.70374259915865e-64	0.81144506648978	0.911	0.828	1.11112277974759e-60	18	TUBA1B
7.81925202127196e-64	0.662892490037376	0.687	0.583	2.34577560638159e-60	18	LY86
1.1811948675826e-63	-1.0403376488969	0.782	0.835	3.54358460274781e-60	18	SH2D2A
2.64362026298041e-63	0.415058417759621	0.648	0.407	7.93086078894124e-60	18	SEMA7A
4.23206196836338e-63	1.03725812314394	0.954	0.937	1.26961859050901e-59	18	S100A10
8.16333364617109e-63	0.654458105482278	0.776	0.609	2.44900009385133e-59	18	PTTG1IP
1.06727292796436e-62	-0.579843373268402	1	0.999	3.20181878389309e-59	18	RPS12
1.38689039211393e-62	0.299959872006043	0.711	0.59	4.16067117634178e-59	18	BTK
2.06209008007614e-62	0.530268402412575	0.737	0.65	6.18627024022843e-59	18	TSPAN3
2.40412582194298e-62	0.37012171029242	0.64	0.538	7.21237746582893e-59	18	KRT8
6.16110836162934e-62	0.538688046762641	0.687	0.617	1.8483325084888e-58	18	TUBB6
1.111866395963e-61	1.21931666240259	0.907	0.784	3.33559918788899e-58	18	GPR183
1.64233269609429e-61	-0.40952691240227	0.511	0.852	4.92699808828287e-58	18	MT1E
8.46873122435507e-61	0.295840766854058	0.745	0.562	2.54061936730652e-57	18	MAFF
1.43901903266542e-60	-0.303144029211895	0.315	0.763	4.31705709799626e-57	18	FAAH2
1.92277751225079e-60	0.446980301437765	0.683	0.584	5.76833253675236e-57	18	PTGS1
1.97078228627597e-60	0.563739830477067	0.737	0.595	5.91234685882792e-57	18	PHLDA2
2.40846617297406e-60	0.627183579135301	0.949	0.919	7.22539851892217e-57	18	GNG5
2.44024691124043e-60	0.325509677759089	0.889	0.722	7.32074073372128e-57	18	MANF
2.98495192377482e-60	1.52434880696957	0.663	0.589	8.95485577132447e-57	18	G0S2
5.297975658778e-60	0.732237880227229	0.731	0.625	1.5893926976334e-56	18	MS4A6A
1.20424984426821e-59	0.446740547167766	0.628	0.48	3.61274953280463e-56	18	CD1C
1.48345754770404e-59	0.9667994162516	0.699	0.7	4.45037264311212e-56	18	CLEC7A
3.35126892564871e-59	-0.930734410706807	0.39	0.815	1.00538067769461e-55	18	TMEM173
3.52104360454116e-59	0.611489407681574	0.717	0.709	1.05631308136235e-55	18	MNDA
4.66432082266103e-59	0.503830143437885	0.687	0.569	1.39929624679831e-55	18	SPIB
4.83788416483522e-59	1.13976888540067	0.81	0.657	1.45136524945057e-55	18	CAPG
2.3029302188352e-58	0.733353732970453	0.915	0.76	6.9087906565056e-55	18	CD63
4.26681622490304e-58	0.630873692067673	0.687	0.573	1.28004486747091e-54	18	PDLIM7
1.0312492621129e-57	0.368803761494929	0.604	0.413	3.09374778633871e-54	18	NBPF14
1.24477800761892e-57	0.420790834651015	0.727	0.63	3.73433402285675e-54	18	GM2A
1.5920037916252e-57	0.564063631088837	0.903	0.807	4.77601137487559e-54	18	TMEM14C
1.74075311889566e-57	0.907649908079952	0.824	0.743	5.22225935668697e-54	18	SGK1
3.90355621326403e-57	0.611252125976939	0.743	0.56	1.17106686397921e-53	18	DDAH2
7.29446241622822e-57	-1.18159349949953	0.626	0.807	2.18833872486846e-53	18	ITM2A
2.76094641293833e-56	0.558541047915974	0.691	0.537	8.28283923881499e-53	18	IL18
3.42710905994878e-56	-0.251960080267215	0.315	0.748	1.02813271798463e-52	18	LOC102724246
3.44294804550566e-56	0.367361046330325	0.667	0.619	1.0328844136517e-52	18	PKP2
3.48351384252942e-56	0.658574033613759	0.653	0.534	1.04505415275883e-52	18	PKIB
3.71487245561049e-56	0.265221932290603	0.648	0.511	1.11446173668315e-52	18	AGPAT9
4.11238268194008e-56	0.662809836134332	0.786	0.578	1.23371480458202e-52	18	C20orf27
6.23077042547714e-56	0.372239575637029	0.663	0.514	1.86923112764314e-52	18	SLC8A1
1.97710047632952e-55	0.653293375505722	0.725	0.599	5.93130142898857e-52	18	HPS5
2.18070145997029e-55	0.64388844818922	0.703	0.655	6.54210437991087e-52	18	CTSZ
2.48004538958174e-55	-0.597640859613835	0.806	0.855	7.44013616874523e-52	18	MAL
3.14859066018191e-55	0.777802774870655	0.766	0.628	9.44577198054572e-52	18	RAB11FIP1
3.51081979800463e-55	0.500108007680077	0.62	0.365	1.05324593940139e-51	18	GNB4
9.00799746388567e-55	-0.878558006863644	0.244	0.732	2.7023992391657e-51	18	SH2D1A
1.08005219427007e-54	0.8477793261603	0.877	0.78	3.24015658281022e-51	18	ID2
3.11602183029565e-54	0.667300323314919	0.96	0.815	9.34806549088695e-51	18	GPX4
8.94884305384979e-54	-0.338805161938681	0.378	0.752	2.68465291615494e-50	18	GPR25
8.95803089394205e-53	0.553716859509047	0.693	0.523	2.68740926818262e-49	18	NFKBID
1.48753494572281e-52	0.481248290515969	0.648	0.572	4.46260483716842e-49	18	C1QB
3.87250126157783e-52	0.661319811851048	0.58	0.281	1.16175037847335e-48	18	FLT3
4.38954175912196e-52	0.607568809802984	0.899	0.834	1.31686252773659e-48	18	NAP1L1
4.46469331812088e-52	0.654874332802684	0.622	0.473	1.33940799543627e-48	18	UBE2E2
4.6342802574046e-52	0.444274784972225	0.648	0.446	1.39028407722138e-48	18	SPG21
4.96905416264635e-52	0.614865304947177	0.584	0.402	1.4907162487939e-48	18	SLAMF8
1.25136037927908e-51	1.38067287740342	0.525	0.266	3.75408113783725e-48	18	CCL17
3.68972407864341e-51	-1.18765150477215	0.384	0.752	1.10691722359302e-47	18	KLRB1
5.1518915811023e-51	0.678647743807651	0.683	0.582	1.54556747433069e-47	18	ACER3
1.11551736377679e-50	-0.308732379096576	0.442	0.76	3.34655209133037e-47	18	JAKMIP1
1.33090927523268e-50	0.772162796459379	0.867	0.803	3.99272782569805e-47	18	ATOX1
1.8199992125039e-50	0.499124475968045	0.844	0.662	5.4599976375117e-47	18	MAT2A
2.92558174228941e-50	1.76838141447085	0.81	0.783	8.77674522686824e-47	18	CPNE3
4.10702918468424e-50	0.492187125245871	0.79	0.626	1.23210875540527e-46	18	IFNGR1
4.325230887566e-50	0.692995870163854	0.796	0.713	1.2975692662698e-46	18	MYD88
5.65391453348013e-50	0.388079243039774	0.545	0.224	1.69617436004404e-46	18	LILRB4
1.97312542741824e-49	0.638792732417418	0.636	0.371	5.91937628225471e-46	18	LPCAT2
2.56986147178537e-49	0.512552130439769	0.917	0.792	7.70958441535612e-46	18	LGALS1
2.66736696652605e-49	-1.88321462157203	0.313	0.711	8.00210089957815e-46	18	CXCL13
4.07036546228297e-49	0.545549166085664	0.885	0.81	1.22110963868489e-45	18	TPM4
4.42691463585709e-49	0.679115408355094	0.774	0.681	1.32807439075713e-45	18	PEA15
5.2322040969484e-49	0.697451876907483	0.935	0.854	1.56966122908452e-45	18	ANXA2
7.56876207926585e-49	0.299535724939945	0.788	0.673	2.27062862377976e-45	18	ISOC2
1.44006616393109e-48	0.383126536130099	0.863	0.718	4.32019849179327e-45	18	NME2
2.88268469122318e-48	0.283054603143425	0.737	0.626	8.64805407366954e-45	18	PPIF
3.57202914801269e-48	-0.80196043687058	0.541	0.81	1.07160874440381e-44	18	SLA
3.82530129762701e-48	0.522279886528466	0.947	0.872	1.1475903892881e-44	18	PKM
4.02557945313926e-48	0.347442884714005	0.822	0.634	1.20767383594178e-44	18	TUBA1C
6.7965950672021e-48	0.651485477190264	0.865	0.776	2.03897852016063e-44	18	FABP5
8.30672026266524e-48	-1.32425599832102	0.788	0.885	2.49201607879957e-44	18	IL7R
9.03501233217446e-48	0.353555635890339	0.661	0.523	2.71050369965234e-44	18	ADAP2
1.08508043304175e-47	-0.662970408351989	0.398	0.751	3.25524129912524e-44	18	GATA3
1.25136356430316e-47	0.523314107233668	0.909	0.843	3.75409069290948e-44	18	ANXA5
2.24045925864085e-47	0.493889033358059	0.857	0.75	6.72137777592256e-44	18	H2AFY
4.98193432665384e-47	0.555185373539706	0.745	0.599	1.49458029799615e-43	18	FAM49A
5.54105336955004e-47	0.459538278640607	0.863	0.779	1.66231601086501e-43	18	YWHAE
8.19986814486204e-47	0.465009835762281	0.903	0.794	2.45996044345861e-43	18	PSMA4
1.09014170001428e-46	-0.912759479110668	0.964	0.983	3.27042510004284e-43	18	TSC22D3
2.43576411184918e-46	0.37814837198025	0.6	0.444	7.30729233554754e-43	18	TVP23A
4.43495457148579e-46	0.266481633230131	0.675	0.657	1.33048637144574e-42	18	SCIMP
7.42306353929732e-46	0.42290367387349	0.952	0.873	2.2269190617892e-42	18	BST2
1.23284237013074e-45	0.454136955917389	0.949	0.858	3.69852711039222e-42	18	DYNLL1
4.23928779489874e-45	0.373342814086048	0.812	0.849	1.27178633846962e-41	18	IGLL5
4.29179236045077e-45	0.402679447926938	0.901	0.77	1.28753770813523e-41	18	IGFLR1
4.438291097523e-45	-0.577810176995969	0.545	0.743	1.3314873292569e-41	18	PDE4D
5.15336109998454e-45	0.357254510527847	0.685	0.627	1.54600832999536e-41	18	SYK
5.23013259855155e-45	0.610052030260417	0.717	0.745	1.56903977956547e-41	18	TBC1D8
5.2735701346304e-45	-1.1795811386168	0.762	0.832	1.58207104038912e-41	18	TUBA4A
5.62113300738032e-45	0.458866479857637	0.792	0.747	1.6863399022141e-41	18	DCTPP1
1.42338797300551e-44	0.33310991814958	0.665	0.534	4.27016391901654e-41	18	FAM46A
2.86505988376133e-44	0.355245212058576	0.673	0.56	8.59517965128398e-41	18	C1orf21
3.2606475696686e-44	0.461540025358808	0.873	0.788	9.78194270900581e-41	18	RTN4
3.82035360246595e-44	0.451735219751331	0.673	0.585	1.14610608073979e-40	18	ALCAM
5.51936608717615e-44	0.434969049706265	0.968	0.86	1.65580982615284e-40	18	EIF5A
6.44220351750803e-44	0.406308086629148	0.709	0.571	1.93266105525241e-40	18	IL18BP
7.52004139761887e-44	0.326147506067354	0.651	0.567	2.25601241928566e-40	18	SLC43A2
1.56268661991243e-43	0.496203680196329	0.842	0.775	4.6880598597373e-40	18	COMT
1.8194625678451e-43	0.490813199743068	0.63	0.508	5.45838770353529e-40	18	RNF144B
2.08400563852885e-43	0.418996789519275	0.721	0.614	6.25201691558654e-40	18	DBNDD2
2.23839374399644e-43	-0.310648595663331	0.792	0.869	6.71518123198931e-40	18	RTKN2
2.26680461681425e-43	0.295362288516123	0.636	0.55	6.80041385044276e-40	18	RAB13
2.3121746385502e-43	0.839781041635601	0.842	0.747	6.9365239156506e-40	18	SERPINB9
4.57196411175481e-43	0.337917779170793	0.618	0.461	1.37158923352644e-39	18	ABCA1
5.54220657053116e-43	0.775501273145135	0.707	0.6	1.66266197115935e-39	18	CD40
6.24274684199178e-43	0.426196862657784	0.677	0.642	1.87282405259754e-39	18	IFNGR2
9.53848774029631e-43	0.581111193626691	0.642	0.481	2.86154632208889e-39	18	RASSF2
1.03570640543858e-42	0.815289262041346	0.733	0.591	3.10711921631573e-39	18	LMNA
1.36198210375807e-42	0.376855701435224	0.958	0.886	4.08594631127421e-39	18	DBI
1.40077746468537e-42	0.372634000778846	0.986	0.933	4.2023323940561e-39	18	S100A11
2.44502925712978e-42	-0.57788305287332	0.251	0.679	7.33508777138934e-39	18	NELL2
2.83973249054747e-42	0.540470374840048	0.624	0.505	8.51919747164242e-39	18	MEF2C
3.59451065486155e-42	-2.06154474888051	0.743	0.809	1.07835319645846e-38	18	CCL5
4.58018683565193e-42	0.923443375284693	0.834	0.772	1.37405605069558e-38	18	TIMP1
6.16190966070333e-42	0.480064704054914	0.768	0.621	1.848572898211e-38	18	MCM5
6.5868478159393e-42	0.552117070062002	0.747	0.623	1.97605434478179e-38	18	APPL1
1.41337686712647e-41	-0.253305872144764	0.404	0.754	4.24013060137941e-38	18	IKZF2
1.43782809983309e-41	0.609937686896128	0.812	0.717	4.31348429949927e-38	18	MAN2B1
1.94924471660738e-41	0.498568274031566	0.653	0.613	5.84773414982214e-38	18	SEMA4A
3.09086890408125e-41	0.254263134430556	0.832	0.775	9.27260671224376e-38	18	CTSS
5.55297998557412e-41	1.0687120733958	0.988	0.979	1.66589399567224e-37	18	FTL
6.87374186355817e-41	0.421703936035147	0.709	0.626	2.06212255906745e-37	18	C10orf128
2.86148579910526e-40	0.547046148904928	0.794	0.773	8.58445739731579e-37	18	PLSCR1
3.15108266582078e-40	1.42254574845733	0.622	0.537	9.45324799746234e-37	18	FSCN1
3.42412318450879e-40	0.866495576116629	0.919	0.819	1.02723695535264e-36	18	GADD45B
1.49078444986946e-39	0.419539888324565	0.891	0.822	4.47235334960838e-36	18	HN1
1.52917946049773e-39	0.39238172000306	0.824	0.704	4.58753838149319e-36	18	SEPHS2
1.89404043322704e-39	0.436492097639721	0.754	0.557	5.68212129968113e-36	18	TSC22D1
1.94320724136074e-39	0.307421464872027	0.911	0.81	5.82962172408221e-36	18	CTSB
1.94938439648892e-39	0.449048106463454	0.622	0.536	5.84815318946677e-36	18	HLA-DPB2
2.4368752573807e-39	0.449018146117573	0.632	0.48	7.31062577214209e-36	18	TGFBI
2.72747082838291e-39	0.451367538036549	0.78	0.666	8.18241248514874e-36	18	CD59
3.17073212417254e-39	0.266633674824092	0.584	0.374	9.51219637251762e-36	18	BMP2K
3.74982679266201e-39	0.337854070054811	0.842	0.736	1.1249480377986e-35	18	PDIA4
5.59072916324103e-39	0.336782005142213	0.966	0.928	1.67721874897231e-35	18	SLC25A5
5.8617110410089e-39	0.502631796147462	0.505	0.21	1.75851331230267e-35	18	ANPEP
1.1509635909929e-38	0.361901777942475	0.794	0.631	3.4528907729787e-35	18	NINJ1
1.91846425958231e-38	0.333629450950198	0.778	0.681	5.75539277874694e-35	18	AP1S2
3.95067409627518e-38	0.32785599962364	0.541	0.38	1.18520222888255e-34	18	TNFRSF21
1.31671629853319e-37	-0.492197396166811	0.323	0.711	3.95014889559955e-34	18	CD28
1.56817845468743e-37	0.387289444532688	0.677	0.505	4.70453536406229e-34	18	GPR137B
1.71719226182051e-37	0.588653674502972	0.739	0.722	5.15157678546154e-34	18	PRCP
1.76249385606658e-37	-0.718059521815005	0.64	0.822	5.28748156819975e-34	18	RNF19A
2.54375467049615e-37	-0.68382056171129	0.812	0.873	7.63126401148845e-34	18	ARID5B
7.03301463400385e-37	0.404349416164533	0.644	0.583	2.10990439020116e-33	18	ADAM28
8.91401225119024e-37	-1.21332178037595	0.513	0.732	2.67420367535707e-33	18	CD8B
1.24773048519216e-36	-0.782951750753921	0.701	0.776	3.74319145557648e-33	18	CXCR6
2.25299393535428e-36	0.376219672956262	0.796	0.7	6.75898180606283e-33	18	UBE2D1
2.28466751891617e-36	0.58757893535958	0.875	0.801	6.85400255674852e-33	18	PYCARD
2.58141112986862e-36	0.739964090840353	0.711	0.613	7.74423338960585e-33	18	DAPP1
5.57963994850824e-36	0.456903225804975	0.77	0.695	1.67389198455247e-32	18	KLF10
8.54778892358982e-36	-0.943062440659666	0.919	0.94	2.56433667707695e-32	18	DNAJB1
9.54796054757877e-36	0.413723834482235	0.822	0.747	2.86438816427363e-32	18	PTRHD1
9.97093803551705e-36	-0.994007276975008	0.901	0.96	2.99128141065512e-32	18	CORO1A
1.06924127631208e-35	0.368768343428654	0.931	0.876	3.20772382893624e-32	18	VDAC1
1.15213654110845e-35	0.587887245337099	0.584	0.494	3.45640962332534e-32	18	BCL6
1.51677083917589e-35	0.259956334604442	0.552	0.346	4.55031251752768e-32	18	ENPP2
2.23157131928247e-35	0.565043877113334	0.899	0.864	6.69471395784742e-32	18	CD55
2.36864874269081e-35	0.578812864173977	0.941	0.867	7.10594622807242e-32	18	HSP90B1
3.07216012043806e-35	0.488994663987418	0.558	0.498	9.21648036131418e-32	18	CXCL10
5.71659141090537e-35	0.624605832299376	1	0.999	1.71497742327161e-31	18	ACTB
6.40047700881325e-35	0.289482934353974	0.624	0.691	1.92014310264398e-31	18	SDPR
7.42631923096249e-35	0.454138034008694	0.865	0.748	2.22789576928875e-31	18	HMGN3
9.48025717640015e-35	-0.603637304973342	0.632	0.805	2.84407715292004e-31	18	GPR171
9.96609390249662e-35	0.364740215775356	0.824	0.717	2.98982817074899e-31	18	MGAT1
1.02025685614617e-34	-0.947632448313641	0.911	0.964	3.06077056843851e-31	18	LDHB
1.31612136793391e-34	0.27814012658069	0.634	0.493	3.94836410380172e-31	18	ENPP4
1.78892277229916e-34	0.356022184333378	0.802	0.841	5.36676831689749e-31	18	IL1R2
3.67333624650724e-34	-0.411678340812104	0.333	0.697	1.10200087395217e-30	18	S1PR1
5.25964661159482e-34	0.417367879053251	0.984	0.947	1.57789398347845e-30	18	YBX1
7.29570983738786e-34	0.314745357646313	0.891	0.807	2.18871295121636e-30	18	ATF3
9.89103728251718e-34	0.347490551758661	0.731	0.669	2.96731118475515e-30	18	ANXA4
1.16677746558621e-33	0.616076449448803	0.63	0.593	3.50033239675863e-30	18	ACTN1
1.2587889368196e-33	0.376045485725908	0.869	0.769	3.7763668104588e-30	18	RALA
1.51142289091505e-33	0.341951035827074	0.804	0.69	4.53426867274515e-30	18	TXNDC17
4.06241620067286e-33	-0.311315445965422	0.19	0.582	1.21872486020186e-29	18	LOC102725101
4.1798381215108e-33	0.318197407408697	0.905	0.872	1.25395143645324e-29	18	TALDO1
5.31406526622112e-33	-1.9662332811228	0.78	0.797	1.59421957986634e-29	18	GZMA
5.33953135725297e-33	0.405353570615425	0.848	0.742	1.60185940717589e-29	18	VASP
5.40348161382739e-33	0.910314510275366	0.632	0.657	1.62104448414822e-29	18	RAMP1
7.26492140949364e-33	-0.686077188689228	0.459	0.817	2.17947642284809e-29	18	TNFRSF4
3.1200834543715e-32	0.43836727194533	0.778	0.653	9.3602503631145e-29	18	MYADM
4.06178043318574e-32	0.37911393126789	0.655	0.637	1.21853412995572e-28	18	GRASP
4.40279927301469e-32	0.39927666342505	0.721	0.587	1.32083978190441e-28	18	INSIG1
5.2961592710112e-32	-0.588621788199793	0.754	0.806	1.58884778130336e-28	18	PDCD1
6.55134561157925e-32	0.510182326813899	0.899	0.934	1.96540368347377e-28	18	LSP1
6.80262002958905e-32	0.660806966546221	0.572	0.482	2.04078600887672e-28	18	RASSF4
6.87316747303523e-32	0.437426770356119	0.689	0.649	2.06195024191057e-28	18	NAGA
7.74678936532155e-32	0.26255653387866	0.956	0.946	2.32403680959646e-28	18	SUB1
1.23205409797678e-31	0.531570869124021	0.628	0.581	3.69616229393035e-28	18	IL4I1
1.29804350128211e-31	0.402961956980189	0.598	0.465	3.89413050384633e-28	18	HLA-DRB6
1.96229439610881e-31	0.338062973216385	0.883	0.731	5.88688318832642e-28	18	NR4A1
2.29576804557318e-31	-0.285326466783199	0.673	0.868	6.88730413671955e-28	18	HIST1H1D
2.97635838860268e-31	-1.20120304217264	0.687	0.79	8.92907516580803e-28	18	BATF
5.40907854917266e-31	0.362763803357082	0.956	0.91	1.6227235647518e-27	18	COX5A
5.46763418702139e-31	-0.76491042566409	0.671	0.759	1.64029025610642e-27	18	GBP5
6.64266049337719e-31	0.432932205403533	0.952	0.87	1.99279814801316e-27	18	LITAF
7.57532443491681e-31	-0.627721955476673	0.578	0.73	2.27259733047504e-27	18	LEF1
8.89589387636138e-31	0.829321381572595	0.693	0.74	2.66876816290841e-27	18	LOC100293211
9.02646630407627e-31	0.440410384275485	0.842	0.744	2.70793989122288e-27	18	STMN1
1.06182341766643e-30	0.259870005210777	0.848	0.727	3.18547025299928e-27	18	LSM4
1.08358966330199e-30	0.406882100888773	0.665	0.586	3.25076898990596e-27	18	TPMT
1.51041480975671e-30	0.483210693394321	0.909	0.87	4.53124442927013e-27	18	TUBB
1.70040211289405e-30	0.445996735081601	0.584	0.447	5.10120633868216e-27	18	CYP2S1
2.85198887988379e-30	0.294038192086501	0.638	0.521	8.55596663965138e-27	18	CORO1C
3.11898434600871e-30	-0.448669607848102	0.36	0.68	9.35695303802612e-27	18	LPAR6
3.37351231923802e-30	-0.828173803022153	0.968	0.976	1.0120536957714e-26	18	JUN
7.83383692428425e-30	0.390217136626458	0.598	0.471	2.35015107728528e-26	18	SPECC1
1.10790447358271e-29	0.427324249815604	0.612	0.543	3.32371342074813e-26	18	KCNK6
1.18226682400617e-29	0.312356460016213	0.764	0.655	3.5468004720185e-26	18	CD151
1.36659200195425e-29	0.408451995546887	0.947	0.891	4.09977600586276e-26	18	CALR
2.10680024621571e-29	0.312170298166012	0.79	0.674	6.32040073864712e-26	18	ATP6AP1
2.18197135832812e-29	-0.472982514363673	0.349	0.692	6.54591407498435e-26	18	TNFRSF25
2.26067938013272e-29	-0.441033103495282	0.242	0.648	6.78203814039817e-26	18	MAF
3.36124492745407e-29	0.362441171962849	0.691	0.622	1.00837347823622e-25	18	CTNNA1
8.36209250877429e-29	-1.12176225470872	0.822	0.782	2.50862775263229e-25	18	TAGAP
8.95390098468984e-29	-0.792908417907633	0.412	0.7	2.68617029540695e-25	18	FLT3LG
1.23551988744835e-28	0.688839389872709	0.606	0.535	3.70655966234505e-25	18	RNF130
1.36933783161238e-28	-1.27528437236882	0.747	0.764	4.10801349483714e-25	18	PRF1
1.90593461060943e-28	0.277255316913638	0.909	0.861	5.7178038318283e-25	18	ATP6V1F
1.99149635143018e-28	0.429203105759557	0.659	0.562	5.97448905429053e-25	18	CUX1
3.73070065622899e-28	-0.429791990656829	0.998	0.998	1.1192101968687e-24	18	RPS18
3.76786008881022e-28	0.481244147233758	0.655	0.553	1.13035802664307e-24	18	SMIM14
3.88140241751811e-28	0.287243283130927	0.592	0.498	1.16442072525543e-24	18	RAB20
4.46554558452707e-28	0.289680479119331	0.648	0.523	1.33966367535812e-24	18	ETS2
9.10468799123291e-28	0.311643289589463	0.388	0.359	2.73140639736987e-24	18	MDK
1.0438811528431e-27	0.706324472149201	0.663	0.655	3.13164345852931e-24	18	ALOX5
1.83579027253269e-27	0.36421125424486	0.764	0.742	5.50737081759807e-24	18	ATP1B3
1.92210811128217e-27	0.717983798734073	0.58	0.486	5.76632433384652e-24	18	MGLL
2.49646974338052e-27	0.57822230419795	0.63	0.601	7.48940923014156e-24	18	FUCA1
2.69330403761146e-27	-0.602540173881277	0.64	0.727	8.07991211283439e-24	18	TMEM2
2.77650812380579e-27	0.264129252432254	0.556	0.42	8.32952437141736e-24	18	CLEC4A
3.50962659932627e-27	0.418151055501121	0.786	0.685	1.05288797979788e-23	18	AHNAK
4.3541793272832e-27	0.383943392732933	0.747	0.664	1.30625379818496e-23	18	NUDT16
4.52687410897712e-27	0.425251402431734	0.897	0.831	1.35806223269313e-23	18	H2AFZ
6.20346331123594e-27	-0.589241012773922	0.762	0.847	1.86103899337078e-23	18	ALOX5AP
1.08092479324621e-26	0.272188945548002	0.758	0.687	3.24277437973863e-23	18	BEX4
1.08825923884994e-26	0.31724531974256	0.796	0.72	3.26477771654983e-23	18	SOD2
1.80188250652118e-26	-0.683070125874399	0.713	0.865	5.40564751956353e-23	18	CTLA4
1.82475547106303e-26	0.522105136507088	0.719	0.662	5.47426641318908e-23	18	AHR
2.3417715573295e-26	0.38881571266751	0.572	0.479	7.02531467198851e-23	18	NLRP3
3.60483386224552e-26	0.526568878089985	0.608	0.586	1.08145015867366e-22	18	ATF5
3.84875537651459e-26	0.271932828076278	0.82	0.75	1.15462661295438e-22	18	HSBP1
7.67326486031548e-26	-0.776498168619442	0.665	0.784	2.30197945809464e-22	18	TNFRSF1B
1.03520406796594e-25	0.520743800511496	0.509	0.442	3.10561220389781e-22	18	CCND1
1.33384433666128e-25	-0.259630822086655	0.604	0.789	4.00153300998384e-22	18	STAM
1.66872495499721e-25	0.593636301856942	0.527	0.393	5.00617486499162e-22	18	HS3ST1
2.018323623648e-25	0.491922250428679	0.76	0.753	6.05497087094399e-22	18	EIF4EBP1
2.64121259099297e-25	0.368968778202816	0.774	0.718	7.9236377729789e-22	18	DSTN
3.0411993023444e-25	-0.628417494929063	0.663	0.711	9.12359790703319e-22	18	IL2RB
3.84099093473849e-25	0.710876814203641	0.386	0.766	1.15229728042155e-21	18	IFI27
4.9547230193927e-25	0.256521683465686	0.487	0.22	1.48641690581781e-21	18	FMNL2
7.66323795736755e-25	0.730430276165787	0.848	0.634	2.29897138721027e-21	18	GLUL
1.13470575464478e-24	0.366886551539429	0.731	0.682	3.40411726393434e-21	18	GNG10
2.01121295462194e-24	0.731964643675647	0.618	0.509	6.03363886386583e-21	18	LTC4S
2.32359452303341e-24	0.36122087005927	0.903	0.845	6.97078356910024e-21	18	RNASET2
3.11691196746889e-24	0.388191735908746	0.855	0.798	9.35073590240668e-21	18	BANF1
5.81134475478553e-24	-0.539224987236247	0.325	0.667	1.74340342643566e-20	18	KLRC2
8.78767198437374e-24	-0.943382131245106	0.966	0.961	2.63630159531212e-20	18	CXCR4
1.07224663959722e-23	0.272945567373167	0.881	0.818	3.21673991879165e-20	18	C19orf10
1.08792179041713e-23	0.360283057849009	0.562	0.449	3.26376537125139e-20	18	NDRG2
1.54838138402205e-23	0.295547249456268	0.6	0.628	4.64514415206614e-20	18	LTBR
1.66837085476966e-23	-0.419885951850402	0.186	0.616	5.00511256430897e-20	18	TCF7
1.75148519490437e-23	-0.499361835889665	0.558	0.794	5.25445558471311e-20	18	IL6ST
2.08975061512038e-23	0.4153227189524	0.754	0.785	6.26925184536115e-20	18	HAVCR2
2.34361923272502e-23	0.413289018953195	0.693	0.609	7.03085769817506e-20	18	KDM6B
2.49755732889217e-23	0.319151802371356	0.713	0.651	7.4926719866765e-20	18	HSH2D
5.96855655091524e-23	0.436453899352813	0.576	0.463	1.79056696527457e-19	18	NFKB1
7.2055078745706e-23	-0.919664232011369	0.735	0.781	2.16165236237118e-19	18	CTSW
7.26837128143485e-23	0.398280209560647	0.63	0.671	2.18051138443045e-19	18	CSF2RB
8.95641366725066e-23	-0.399855609490202	0.204	0.633	2.6869241001752e-19	18	KLRC4
8.96951439057412e-23	0.36302147166387	0.606	0.584	2.69085431717224e-19	18	LOC101929219
1.14948984559546e-22	0.343673272127359	0.814	0.74	3.44846953678637e-19	18	ASAH1
1.15483130259762e-22	0.266053553018444	0.885	0.886	3.46449390779287e-19	18	POMP
1.36393098061113e-22	-0.266667514396721	0.313	0.666	4.09179294183339e-19	18	DUSP16
1.53752048215397e-22	0.333057739802632	0.659	0.553	4.61256144646191e-19	18	BTLA
2.59854651707576e-22	0.310794013682892	0.701	0.606	7.79563955122729e-19	18	FUOM
2.71746973658245e-22	1.27259479988647	0.497	0.621	8.15240920974736e-19	18	TMEM176B
2.79619034112987e-22	0.691337546479	0.636	0.605	8.38857102338962e-19	18	ICAM1
5.46646813576112e-22	-0.757703986835587	0.956	0.981	1.63994044072834e-18	18	HSPA8
7.10616107564957e-22	0.371190832504218	0.865	0.855	2.13184832269487e-18	18	LIMS1
8.41009351831745e-22	0.342311293995299	0.566	0.563	2.52302805549524e-18	18	TSPAN15
6.39130070317835e-21	-0.302956324725839	0.216	0.188	1.91739021095351e-17	18	FCN1
6.7771257912567e-21	0.415149284988863	0.158	0.529	2.03313773737701e-17	18	FABP4
8.18558607335392e-21	0.304981259762147	0.832	0.761	2.45567582200617e-17	18	CMTM6
1.18542418756536e-20	-0.912363129450453	0.657	0.792	3.55627256269608e-17	18	LINC00152
1.24950849896413e-20	0.361286740689799	0.497	0.376	3.7485254968924e-17	18	LRRK2
1.97590328021058e-20	0.382189173063479	0.998	0.999	5.92770984063175e-17	18	TMSB4X
2.04046030034272e-20	-0.314848120143858	0.41	0.734	6.12138090102815e-17	18	CH25H
2.49122264485548e-20	0.363037145083132	0.895	0.912	7.47366793456645e-17	18	UCP2
3.94218913971502e-20	0.477670958876611	0.562	0.546	1.18265674191451e-16	18	CIITA
4.30443140439876e-20	-1.15385179820178	0.592	0.659	1.29132942131963e-16	18	LOC101929531
4.73647348339736e-20	-0.260561042684081	0.584	0.759	1.42094204501921e-16	18	APOBEC3C
1.07714781535706e-19	0.352568940944576	0.529	0.505	3.23144344607119e-16	18	FNIP2
1.46857001298079e-19	0.299554843844339	0.653	0.594	4.40571003894236e-16	18	TBXAS1
2.33143185165356e-19	-0.254064124154254	0.479	0.729	6.99429555496067e-16	18	SATB1
2.52693622887643e-19	-0.919831479157434	0.786	0.819	7.58080868662929e-16	18	CLDND1
3.1122670091127e-19	-1.97138132625938	0.792	0.781	9.33680102733809e-16	18	NKG7
4.41929303579412e-19	0.263088041932075	0.523	0.481	1.32578791073824e-15	18	SPINT1
4.46558327722035e-19	0.371452196726172	0.602	0.511	1.33967498316611e-15	18	KYNU
4.81148430303201e-19	0.349258985281718	0.644	0.592	1.4434452909096e-15	18	EIF2AK4
4.90642659220212e-19	0.814628600366662	0.529	0.546	1.47192797766064e-15	18	EGLN3
7.83717352586395e-19	0.261327079010027	0.812	0.778	2.35115205775919e-15	18	SMS
8.28520430026701e-19	-1.28015280230814	0.624	0.713	2.4855612900801e-15	18	CD8A
1.32614214203307e-18	-0.256772046135841	0.618	0.686	3.97842642609921e-15	18	CD70
2.49029410045637e-18	-0.473201166247385	0.63	0.77	7.4708823013691e-15	18	AQP3
2.53668487980484e-18	-0.439932683620119	0.952	0.94	7.61005463941452e-15	18	IFITM2
2.6813324843832e-18	-0.827795886083898	0.257	0.62	8.04399745314961e-15	18	LINC00861
6.14447631044079e-18	-0.369927784480792	1	1	1.84334289313224e-14	18	EEF1A1
6.91595036366073e-18	0.428657779649955	0.814	0.768	2.07478510909822e-14	18	RGS2
1.7782362908191e-17	-0.411391291250344	0.507	0.668	5.3347088724573e-14	18	S1PR4
2.07211853931004e-17	0.673138161401936	0.646	0.636	6.21635561793011e-14	18	ACOT7
2.07702583171024e-17	-0.376170386319542	0.244	0.601	6.23107749513071e-14	18	KLRC3
2.27577409958633e-17	0.775850226223635	0.6	0.541	6.827322298759e-14	18	CD9
2.61752597283588e-17	0.33180327543676	0.679	0.558	7.85257791850763e-14	18	VAT1
2.68633892410196e-17	1.1440122426145	0.612	0.6	8.05901677230588e-14	18	VWA5A
3.04531602787584e-17	0.479417952018611	0.527	0.495	9.13594808362751e-14	18	MPEG1
3.25477119746219e-17	-0.417540461920469	0.701	0.788	9.76431359238656e-14	18	GBP2
6.13083806840036e-17	0.367796296333044	0.659	0.592	1.83925142052011e-13	18	ZFAND5
7.63998585777471e-17	0.379924078008655	0.558	0.459	2.29199575733241e-13	18	ITGAX
8.1912242180209e-17	-0.270421117533165	0.22	0.596	2.45736726540627e-13	18	CPNE7
9.16100358378291e-17	0.5974508732092	0.614	0.619	2.74830107513487e-13	18	PPAP2A
9.30905928994937e-17	0.252520725365579	0.76	0.741	2.79271778698481e-13	18	PRDX4
1.05592769741195e-16	0.348318398499271	0.655	0.636	3.16778309223584e-13	18	LAT2
1.12407860120349e-16	-0.399145110751318	0.63	0.809	3.37223580361048e-13	18	UGP2
1.54209213315161e-16	1.30218053772803	0.139	0.057	4.62627639945483e-13	18	TPSD1
1.96118927893789e-16	0.262455111023792	0.723	0.63	5.88356783681368e-13	18	HEXA
2.00067049243727e-16	0.366578161152849	0.889	0.764	6.00201147731181e-13	18	HSPB1
3.25311017671566e-16	-0.682779132136659	0.81	0.837	9.75933053014698e-13	18	CARD16
3.29073012193923e-16	-0.604408759716598	0.65	0.721	9.87219036581768e-13	18	RAB27A
5.09403839674858e-16	-0.266482173631603	0.442	0.673	1.52821151902457e-12	18	MRPS31
5.44163379311499e-16	-0.604504763149852	0.499	0.651	1.6324901379345e-12	18	KLF2
6.70004387947003e-16	0.340463258177783	0.323	0.357	2.01001316384101e-12	18	HAMP
7.09036122765438e-16	0.267813429484565	0.62	0.624	2.12710836829631e-12	18	GAA
8.70044233017299e-16	-0.58410509815252	0.663	0.735	2.6101326990519e-12	18	ICAM2
9.01644490125066e-16	0.333721941950573	0.846	0.786	2.7049334703752e-12	18	DEK
1.13315431523549e-15	-0.850364603971675	0.895	0.906	3.39946294570646e-12	18	LY6E
1.33421596745775e-15	-0.503511559716926	0.901	0.943	4.00264790237324e-12	18	TNFAIP3
1.61405509250872e-15	0.401075737916653	0.566	0.596	4.84216527752615e-12	18	IL13RA1
1.88825162008819e-15	1.14732488979292	0.505	0.393	5.66475486026457e-12	18	TMEM176A
2.76225098589881e-15	-0.381896290728316	0.586	0.738	8.28675295769643e-12	18	PTGER2
2.90599348220473e-15	0.334734612705636	0.628	0.659	8.7179804466142e-12	18	PON2
3.10308485649305e-15	-0.778604850775427	0.65	0.767	9.30925456947915e-12	18	APOBEC3G
3.72180192735173e-15	0.307090480456204	0.741	0.691	1.11654057820552e-11	18	ATP2B1
4.85144448314006e-15	0.30392614188288	0.608	0.574	1.45543334494202e-11	18	GNAQ
5.30449887606154e-15	0.461855641137686	0.172	0.088	1.59134966281846e-11	18	CNRIP1
5.35400237727898e-15	1.12168753615891	0.81	0.771	1.60620071318369e-11	18	BIRC3
6.37204041773463e-15	0.531727953456197	0.596	0.653	1.91161212532039e-11	18	QPCT
6.41285801718084e-15	-0.309174155375239	0.741	0.769	1.92385740515425e-11	18	HOXB2
6.42173486805027e-15	-0.415115716965055	0.741	0.801	1.92652046041508e-11	18	GCHFR
1.02514754083614e-14	0.272898830017121	0.683	0.667	3.07544262250841e-11	18	BCL2L11
1.03052204762373e-14	-0.712110723515972	0.406	0.66	3.09156614287118e-11	18	ICOS
1.25294727595598e-14	0.37908177097193	0.78	0.634	3.75884182786794e-11	18	CYB5A
1.3676005272675e-14	0.266234968655405	0.632	0.642	4.10280158180249e-11	18	LRRCC1
1.80357817830516e-14	0.271840456273699	0.719	0.73	5.41073453491547e-11	18	BZW2
3.11569343060642e-14	-0.570658700458558	0.743	0.784	9.34708029181927e-11	18	FKBP11
3.32777994994646e-14	0.454300028004766	0.529	0.524	9.98333984983938e-11	18	CD80
4.41522333030669e-14	0.26251155963035	0.675	0.738	1.32456699909201e-10	18	LY96
1.03148660420355e-13	0.301857662018929	0.422	0.277	3.09445981261065e-10	18	PARM1
1.27138492772116e-13	-0.342477678021786	0.374	0.612	3.81415478316348e-10	18	OASL
1.31437631259423e-13	-0.612168632213169	0.212	0.289	3.9431289377827e-10	18	LOC102723407
1.58715489156454e-13	-0.26134811792744	0.669	0.703	4.76146467469362e-10	18	FBXO32
1.59995485177463e-13	0.370689973139139	0.636	0.622	4.7998645553239e-10	18	JARID2
3.52378411525504e-13	-0.862918319626061	0.958	0.96	1.05713523457651e-09	18	KLF6
3.83653411832296e-13	0.258600269973518	0.554	0.553	1.15096023549689e-09	18	GGTA1P
6.44361414539944e-13	0.266919838977064	0.636	0.596	1.93308424361983e-09	18	SLC1A5
7.19004883098759e-13	0.266419802369881	0.552	0.525	2.15701464929628e-09	18	S100A13
7.28438436361766e-13	0.39882564748718	0.465	0.364	2.1853153090853e-09	18	MARCKS
8.15870723156547e-13	1.16899015420909	0.556	0.771	2.44761216946964e-09	18	HPGD
8.50745092577419e-13	0.255621525838003	0.614	0.598	2.55223527773226e-09	18	BACH1
1.48232038239965e-12	-0.795092499446098	0.923	0.931	4.44696114719896e-09	18	DDIT4
1.48518883379337e-12	0.260060307287119	0.519	0.483	4.4555665013801e-09	18	PDLIM1
2.87904537389044e-12	-0.509975661270746	0.59	0.694	8.63713612167132e-09	18	LYST
3.71258279724705e-12	1.05497380124152	0.23	0.338	1.11377483917411e-08	18	HDC
5.45288221973727e-12	0.291088457479762	0.58	0.542	1.63586466592118e-08	18	SNX10
5.69675500981396e-12	0.417006557531313	0.731	0.626	1.70902650294419e-08	18	IER3
6.40822247588026e-12	0.257413899726202	0.503	0.428	1.92246674276408e-08	18	ARHGAP31
7.3616378576722e-12	0.283674337580039	0.606	0.554	2.20849135730166e-08	18	SLAMF7
1.41547907927818e-11	0.414279813641669	0.624	0.626	4.24643723783454e-08	18	TRIB1
1.59714990664751e-11	-0.486934894748844	0.655	0.799	4.79144971994253e-08	18	CTSA
1.95298287192565e-11	0.345402788424842	0.362	0.677	5.85894861577696e-08	18	CPM
2.19232534439406e-11	-0.577196676810179	0.19	0.561	6.57697603318218e-08	18	CD40LG
2.30216966747379e-11	-0.51748798296572	0.99	0.984	6.90650900242137e-08	18	JUNB
2.78258233112808e-11	-0.403939341028575	0.602	0.689	8.34774699338423e-08	18	CCND2
3.63855135800661e-11	-0.660354507835783	0.804	0.79	1.09156540740198e-07	18	ITGAE
3.77847809334281e-11	-0.556160563061804	0.58	0.455	1.13354342800284e-07	18	CCL4L2
4.15946082182615e-11	-1.88501742996552	0.695	0.68	1.24783824654784e-07	18	CCL4
5.90356989881956e-11	-0.261486201190247	0.588	0.772	1.77107096964587e-07	18	TMPO
6.26359811098264e-11	-0.300740876634537	0.909	0.927	1.87907943329479e-07	18	MT2A
7.69594217150767e-11	-0.514233902464825	0.628	0.713	2.3087826514523e-07	18	C12orf75
8.37101305740263e-11	-0.718778610161	0.877	0.894	2.51130391722079e-07	18	LTB
1.33757937066422e-10	0.847549054721743	0.248	0.39	4.01273811199266e-07	18	RGS13
1.65123636754949e-10	-0.297187848692716	0.519	0.668	4.95370910264848e-07	18	MYC
1.71883787114856e-10	-0.440363768981686	0.523	0.668	5.15651361344569e-07	18	METTL12
1.86555438529622e-10	-0.311448275898115	0.61	0.703	5.59666315588867e-07	18	CDC14A
1.90652552942341e-10	-0.344858651033071	0.485	0.632	5.71957658827022e-07	18	TNFSF8
3.60014355888585e-10	0.327091095664174	0.531	0.525	1.08004306766576e-06	18	KRT18
4.75064166454745e-10	-0.848951374876842	0.408	0.605	1.42519249936423e-06	18	LOC101060038
4.79454733541284e-10	-0.462049411823884	0.628	0.739	1.43836420062385e-06	18	HNRNPLL
5.59939137879538e-10	-0.85134649479154	0.832	0.85	1.67981741363861e-06	18	CLEC2B
7.45353997563888e-10	0.342065489654014	0.826	0.738	2.23606199269166e-06	18	NFKBIZ
7.90313509531865e-10	2.77305825370081	0.24	0.565	2.3709405285956e-06	18	TPSB2
1.24509083257124e-09	0.267642544364324	0.582	0.608	3.73527249771373e-06	18	ATP1B1
2.14880504582505e-09	0.302666836227866	0.78	0.787	6.44641513747516e-06	18	LDLRAD4
2.46226713982147e-09	-0.580806357274877	0.824	0.828	7.38680141946442e-06	18	TNFRSF18
2.67593521826751e-09	0.263385630421769	0.64	0.628	8.02780565480253e-06	18	FAM105A
3.00547377297019e-09	-0.290808724847783	0.62	0.668	9.01642131891057e-06	18	SYTL2
4.66612300070731e-09	-0.779684837749322	0.475	0.462	1.39983690021219e-05	18	S100A9
7.14591229076888e-09	-0.376724646517667	0.453	0.619	2.14377368723067e-05	18	SLAMF1
8.66781533303416e-09	0.274043653829792	0.679	0.793	2.60034459991025e-05	18	CD38
1.06939413751189e-08	-0.341957967681825	0.673	0.691	3.20818241253567e-05	18	TARSL2
1.17713798361599e-08	-0.66848152701605	0.339	0.569	3.53141395084796e-05	18	XCL1
2.11898274905668e-08	-0.47276097337727	0.572	0.637	6.35694824717003e-05	18	KLRG1
2.19186550059761e-08	0.439966201632562	0.552	0.68	6.57559650179282e-05	18	SULF2
2.32478083771278e-08	-0.524473963622708	0.731	0.725	6.97434251313834e-05	18	PIK3R1
2.3536034437069e-08	0.291287440669084	0.6	0.701	7.06081033112071e-05	18	CFP
2.41049890006746e-08	-1.43024883951185	0.657	0.71	7.23149670020237e-05	18	GZMK
2.70180603421416e-08	0.292331864037338	0.644	0.626	8.10541810264249e-05	18	TRAF1
3.66338305331244e-08	-0.604149185611642	0.786	0.818	0.000109901491599373	18	HMGB2
3.70772502015942e-08	-0.263134032765051	0.628	0.731	0.000111231750604783	18	CCR6
4.75213914527948e-08	-0.583484744575096	0.836	0.851	0.000142564174358385	18	CALM3
8.34988300304749e-08	0.478577438920073	0.76	0.79	0.000250496490091425	18	CCR7
1.05144195030972e-07	0.634893919630527	0.366	0.74	0.000315432585092916	18	SPP1
1.10430012936531e-07	0.361167508653692	0.588	0.586	0.000331290038809593	18	APP
1.6090112514969e-07	0.435953519285367	0.709	0.735	0.000482703375449069	18	ARHGAP18
1.69046438792275e-07	0.346370074272692	0.562	0.631	0.000507139316376826	18	SNX8
1.86996280218486e-07	-0.30872176229493	0.535	0.736	0.000560988840655458	18	NMB
3.3992470335415e-07	0.295072829358799	0.588	0.721	0.00101977411006245	18	HMGB3
5.74508467912352e-07	-0.274313320707375	0.644	0.644	0.00172352540373705	18	NCR3
6.7014928663143e-07	0.391705873611993	0.491	0.539	0.00201044785989429	18	MIR155HG
6.9618467774818e-07	-0.515173230638829	0.23	0.531	0.00208855403324454	18	KLRK1
1.05159713943651e-06	-0.389631372636019	0.263	0.545	0.00315479141830954	18	TRG-AS1
1.10022389232952e-06	-1.42416561946615	0.772	0.729	0.00330067167698855	18	GZMB
1.20748070599056e-06	0.277133176224096	0.582	0.616	0.00362244211797168	18	ABHD2
1.27285860392128e-06	0.834107242617702	0.616	0.716	0.00381857581176383	18	SOX4
1.54577821541811e-06	-0.375629890698799	0.537	0.637	0.00463733464625434	18	FAM107B
1.562645789979e-06	-0.705693903202017	0.685	0.66	0.00468793736993699	18	PHLDA1
1.58702929288345e-06	-0.628618481522886	0.578	0.595	0.00476108787865035	18	PRKCQ-AS1
2.45662928973479e-06	0.294563985919465	0.521	0.585	0.00736988786920438	18	UNC93B1
2.4894887411457e-06	-0.378386237053773	0.6	0.718	0.0074684662234371	18	FAM65B
2.73456309437834e-06	0.997346337262036	0.323	0.419	0.00820368928313503	18	CLU
3.03948157066615e-06	-0.547701928320409	0.988	0.97	0.00911844471199845	18	UBC
3.27343816325126e-06	1.46191923358996	0.667	0.745	0.00982031448975378	18	LAMP3
3.41171112545601e-06	0.354905975238036	0.455	0.211	0.010235133376368	18	TRPM4
4.29135426779314e-06	0.776571902302365	0.212	0.465	0.0128740628033794	18	IL1RL1
6.46760893485557e-06	-0.523158194117827	0.99	0.991	0.0194028268045667	18	SRGN
8.68337061093608e-06	-0.322619022473339	0.756	0.709	0.0260501118328082	18	ABLIM1
8.88763282942379e-06	0.358294887359206	0.269	0.431	0.0266628984882714	18	LOC101930114
9.71198334030854e-06	-0.360189157762814	1	1	0.0291359500209256	18	RNR2
1.10100827247716e-05	-0.304566509846195	0.343	0.599	0.0330302481743148	18	LOC101929065
1.2377907694682e-05	0.276920675052894	0.523	0.516	0.0371337230840459	18	DPYSL2
1.24136083344762e-05	-0.282340998201206	0.4	0.552	0.0372408250034285	18	CISH
