p_val	avg_log2FC	pct.1	pct.2	p_val_adj	cluster	gene
3.06214596316893e-232	5.6571563081275	0.952	0.57	9.18643788950679e-229	21	CST3
1.69728629798567e-204	2.20450120250423	0.933	0.553	5.09185889395701e-201	21	LYZ
1.75395484123242e-204	1.91079220692853	0.898	0.486	5.26186452369725e-201	21	ALDH2
1.13430876934208e-202	0.342726373532988	0.462	0.018	3.40292630802625e-199	21	CYYR1
4.54657838857739e-190	1.62977598703155	0.91	0.668	1.36397351657322e-186	21	SPI1
3.37917081785843e-189	2.35505856778445	0.935	0.661	1.01375124535753e-185	21	IFI30
1.44799117443249e-177	2.99056456249124	0.715	0.11	4.34397352329746e-174	21	WFDC21P
1.576766050298e-173	1.64822205451487	0.942	0.686	4.73029815089402e-170	21	GRN
6.76915922109575e-166	1.90327917475114	0.825	0.368	2.03074776632872e-162	21	LOC100509457
1.26315707884864e-162	1.96196401063747	0.86	0.548	3.78947123654591e-159	21	GSN
1.41599967236346e-161	3.4713795356739	0.89	0.672	4.24799901709037e-158	21	HLA-DQB1
1.1463833466795e-159	1.43185070046367	0.91	0.61	3.43915004003849e-156	21	TYROBP
3.07904930968238e-159	1.65096769440387	0.977	0.846	9.23714792904714e-156	21	GPX1
4.34020832521272e-151	3.08789787794011	0.988	0.982	1.30206249756382e-147	21	CD74
2.81490484327121e-150	2.99034292100149	0.821	0.535	8.44471452981363e-147	21	NAPSB
6.79981479624613e-149	2.20708140152593	0.74	0.325	2.03994443887384e-145	21	LGALS2
2.49038772953307e-146	3.28341755792565	0.85	0.588	7.47116318859921e-143	21	CPVL
3.92712421988953e-146	1.83055089250187	0.91	0.706	1.17813726596686e-142	21	HLA-DMA
5.84086492017499e-145	2.76939850443687	0.912	0.809	1.7522594760525e-141	21	HLA-DRB4
2.09633967496656e-144	2.65290506936796	0.917	0.817	6.28901902489969e-141	21	LOC100996809
2.69072949251379e-143	1.05398133735135	0.765	0.161	8.07218847754138e-140	21	CSF2RA
1.3580726793763e-140	1.73378963950691	0.831	0.548	4.07421803812889e-137	21	CXCL16
1.38158107230506e-135	0.798211065549702	0.838	0.524	4.14474321691517e-132	21	NME4
1.97730831681882e-134	2.29186648184487	0.869	0.634	5.93192495045647e-131	21	CD83
5.41497529350304e-131	1.18201255606705	0.625	0.25	1.62449258805091e-127	21	C1orf186
5.3116634895306e-129	1.90436577216152	0.852	0.624	1.59349904685918e-125	21	HLA-DRB1
5.66026115756357e-128	-2.14296743881043	0.821	0.946	1.69807834726907e-124	21	IL32
6.64804772204171e-128	1.34124607511332	0.86	0.62	1.99441431661251e-124	21	SPINT2
4.59524958989664e-127	0.61890942526774	0.5	0.077	1.37857487696899e-123	21	RAB7B
4.17846445895158e-126	1.07941623095974	0.771	0.401	1.25353933768547e-122	21	PPP1R14A
2.67034862655977e-125	2.17822358501281	0.91	0.667	8.01104587967931e-122	21	AREG
1.07877435967984e-121	1.82585277099427	0.729	0.397	3.23632307903951e-118	21	C15orf48
2.04054814366489e-121	1.62249446869184	0.873	0.535	6.12164443099468e-118	21	C1orf162
2.11218508873603e-121	1.734659015241	0.956	0.864	6.3365552662081e-118	21	GSTP1
9.16458628183341e-121	0.986699655594372	0.769	0.435	2.74937588455002e-117	21	RAB31
1.96205378671598e-119	0.721967053619888	0.819	0.474	5.88616136014795e-116	21	FGR
5.4695479472026e-118	1.24020394475757	0.996	0.98	1.64086438416078e-114	21	VIM
8.34225005435076e-116	1.47108242617763	0.81	0.607	2.50267501630523e-112	21	HLA-DMB
2.08044962370875e-115	0.692354650522293	0.794	0.466	6.24134887112624e-112	21	ZNF385A
9.60477368733554e-114	1.08896958901463	0.869	0.613	2.88143210620066e-110	21	NR4A3
1.75065407866111e-113	0.458317879657751	0.665	0.286	5.25196223598334e-110	21	PALD1
2.53702798069242e-112	1.05550171265197	0.846	0.736	7.61108394207726e-109	21	AIF1
5.42660189976352e-112	1.67961985468413	0.731	0.445	1.62798056992906e-108	21	C1orf54
1.58789538013971e-111	1.19389765816689	0.842	0.566	4.76368614041913e-108	21	HLA-DRB3
2.70816120088212e-109	1.56539907947467	0.898	0.767	8.12448360264636e-106	21	PPT1
2.21021690027032e-107	-1.55098250813689	0.94	0.966	6.63065070081097e-104	21	IFITM1
6.78415563421627e-107	0.781735197832119	0.833	0.656	2.03524669026488e-103	21	GNA15
1.84406499835155e-105	1.76815486393888	0.588	0.186	5.53219499505465e-102	21	CLEC9A
3.71575966838097e-103	1.46316742502167	0.865	0.652	1.11472790051429e-99	21	MARCKSL1
3.85239618472751e-103	1.55374457041844	0.854	0.713	1.15571885541825e-99	21	RNASE6
4.60794281547002e-103	0.762868840769353	0.787	0.635	1.38238284464101e-99	21	SIGLEC10
6.0037230350408e-103	0.980273569179433	0.921	0.747	1.80111691051224e-99	21	TYMP
3.12996520311339e-102	0.289816811291267	0.658	0.209	9.38989560934016e-99	21	UPK3A
3.84004016193843e-102	0.861080523687121	0.981	0.925	1.15201204858153e-98	21	GABARAP
6.36428960122248e-102	1.83959979786029	0.912	0.788	1.90928688036674e-98	21	SNX3
6.70784748854355e-102	0.874420393065577	0.917	0.799	2.01235424656306e-98	21	NPC2
5.6095305473607e-101	0.6786904476707	0.806	0.523	1.68285916420821e-97	21	PLAUR
6.73005666563766e-101	1.37763191403648	0.925	0.821	2.0190169996913e-97	21	SYNGR2
4.32344756703278e-99	0.377022351858163	0.7	0.213	1.29703427010983e-95	21	DAPK1
1.26366327878065e-98	1.06440193715204	1	0.99	3.79098983634195e-95	21	FTH1
2.02432720077592e-97	0.934599086230047	0.842	0.67	6.07298160232776e-94	21	GCA
2.13200331491298e-97	0.440918250218301	0.815	0.546	6.39600994473893e-94	21	FAM26F
8.53138792514197e-97	1.32980965143	0.885	0.657	2.55941637754259e-93	21	CDKN1A
1.87427283895186e-96	1.72214233788058	0.773	0.523	5.62281851685559e-93	21	SERPINF1
2.58315307790849e-96	-1.93244699816112	0.844	0.918	7.74945923372548e-93	21	CD7
2.69054231844711e-96	1.32806175542988	0.921	0.834	8.07162695534133e-93	21	SERPINB1
9.00318520780707e-96	0.917067239601354	0.973	0.912	2.70095556234212e-92	21	SAT1
2.23702014652105e-95	1.31313254601306	0.754	0.425	6.71106043956316e-92	21	FGL2
4.47503444745774e-95	2.10125346398062	0.798	0.585	1.34251033423732e-91	21	IRF8
5.11838197750746e-95	0.702918784709451	0.812	0.544	1.53551459325224e-91	21	LST1
4.0948568988131e-94	2.90795288734925	0.66	0.368	1.22845706964393e-90	21	S100B
7.02231651744043e-94	0.374805645101464	0.746	0.371	2.10669495523213e-90	21	MS4A7
2.09998445307181e-93	2.56080088506323	0.935	0.87	6.29995335921542e-90	21	TXN
1.08207306968443e-92	1.03537391888018	0.698	0.504	3.24621920905329e-89	21	HLA-DOB
1.16700928558456e-92	1.09875817424348	0.723	0.518	3.50102785675367e-89	21	HCK
1.74112719287005e-92	-0.387980147728444	0.327	0.82	5.22338157861015e-89	21	TXK
1.75842489786348e-92	0.71625606246739	0.842	0.519	5.27527469359043e-89	21	GRINA
5.44649212814084e-91	-0.811440308932668	0.352	0.834	1.63394763844225e-87	21	SIRPG
5.96057111746183e-91	0.26962016116223	0.6	0.168	1.78817133523855e-87	21	ST14
1.54275426797604e-90	1.15360252918445	0.681	0.285	4.62826280392813e-87	21	KIAA1598
6.82152844290854e-89	0.30675883859657	0.625	0.209	2.04645853287256e-85	21	CD33
9.04205968555014e-89	1.0641289576811	0.91	0.809	2.71261790566504e-85	21	CTSH
1.27052189860071e-88	1.04259481080273	0.117	0.037	3.81156569580212e-85	21	MS4A2
9.45545771669886e-88	1.73696502934771	0.7	0.492	2.83663731500966e-84	21	IDO1
1.69206758433263e-86	1.00777975319327	0.879	0.85	5.0762027529979e-83	21	LGALS9
4.13454921585939e-86	0.465374043334049	0.173	0.017	1.24036476475782e-82	21	LAD1
6.14726626567258e-86	0.898930291701817	0.756	0.554	1.84417987970177e-82	21	CCDC88A
9.3295383497288e-86	2.01811012962896	0.775	0.566	2.79886150491864e-82	21	NAAA
9.57529949687422e-86	0.580220961105941	0.787	0.702	2.87258984906227e-82	21	CD68
1.79414852682086e-85	0.648348662804097	0.802	0.55	5.38244558046257e-82	21	FCER1G
2.00978661500103e-85	1.01553911965783	0.927	0.816	6.02935984500308e-82	21	PSAP
1.62122959932444e-84	1.50445107989548	0.823	0.632	4.86368879797333e-81	21	BCL2A1
1.23677433248394e-83	0.264221852547489	0.465	0.052	3.71032299745183e-80	21	CEACAM3
3.52597373515164e-83	0.894963820350847	0.823	0.624	1.05779212054549e-79	21	FCGRT
1.13655445317785e-82	1.23202143557271	0.796	0.615	3.40966335953354e-79	21	PLEK
7.8357923514228e-82	1.02505077971099	0.852	0.651	2.35073770542684e-78	21	MAP3K8
2.77776362953211e-81	-1.35160056434087	0.765	0.958	8.33329088859633e-78	21	S100A4
3.27512822841411e-80	1.18025408979266	0.821	0.65	9.82538468524232e-77	21	WARS
1.0967754143611e-79	0.649163723464989	0.721	0.412	3.29032624308329e-76	21	KLF4
1.55835040493563e-79	-0.522482445526382	0.373	0.777	4.6750512148069e-76	21	PASK
2.3344694406556e-79	0.646103915436577	0.698	0.478	7.00340832196681e-76	21	SLC31A2
3.00703474172755e-79	0.838230292750469	0.74	0.615	9.02110422518266e-76	21	P2RY14
1.82597617812998e-78	-1.12408663355248	0.767	0.857	5.47792853438993e-75	21	FAIM3
6.14262423662887e-77	0.752881196163591	0.842	0.721	1.84278727098866e-73	21	MGST2
3.76033241433868e-76	0.86522628862877	0.767	0.574	1.1280997243016e-72	21	LGMN
4.02221905039217e-76	1.01353197795152	0.681	0.452	1.20666571511765e-72	21	HLA-DQB2
7.04716057707673e-76	1.03011293505036	0.863	0.798	2.11414817312302e-72	21	LAP3
4.17215103050918e-75	-1.32737471278161	0.796	0.872	1.25164530915275e-71	21	CD27
7.36464640611177e-75	0.671617840643684	0.715	0.44	2.20939392183353e-71	21	SERPINB6
1.361915858338e-74	1.56966569853141	0.535	0.238	4.085747575014e-71	21	TACSTD2
1.81217204787972e-74	0.443275360449593	0.719	0.599	5.43651614363916e-71	21	PVRL2
2.5378996111218e-74	0.958028226493633	0.642	0.422	7.61369883336541e-71	21	CLIC2
7.27018318580583e-74	0.403604631833954	0.704	0.451	2.18105495574175e-70	21	C1QC
2.4596604236652e-73	0.527253250013444	0.59	0.274	7.37898127099559e-70	21	THBD
3.34126595189299e-73	1.38793807151385	0.91	0.876	1.0023797855679e-69	21	PPA1
5.48561802769719e-73	0.427220631307959	0.671	0.411	1.64568540830916e-69	21	SEMA7A
5.70711978257391e-73	-1.46167634743926	0.863	0.951	1.71213593477217e-69	21	CD69
2.51799917682281e-72	0.992172049531787	0.75	0.525	7.55399753046844e-69	21	ASAP1
3.27779994176561e-72	0.870942522446823	0.848	0.727	9.83339982529684e-69	21	SMCO4
4.41485634066429e-72	0.913715753688017	0.865	0.658	1.32445690219929e-68	21	REL
8.94123455603294e-72	1.09455762597254	0.775	0.599	2.68237036680988e-68	21	C12orf45
1.80664367049581e-71	1.17980905487028	0.74	0.646	5.41993101148743e-68	21	NET1
5.49511390292556e-71	0.722253839391525	0.619	0.221	1.64853417087767e-67	21	RAB32
6.93535766588938e-71	0.367312902904159	0.704	0.616	2.08060729976681e-67	21	C1QA
1.35031964858972e-70	0.631389756087006	0.75	0.647	4.05095894576916e-67	21	MIR181A1HG
1.46672616897398e-70	0.70693605595502	0.998	0.995	4.40017850692193e-67	21	TMSB10
6.44616377776752e-70	0.943555281274373	0.833	0.636	1.93384913333026e-66	21	BHLHE40
4.3822530679021e-69	0.80580802737471	0.719	0.583	1.31467592037063e-65	21	CD86
5.99867990389143e-69	0.489553990526964	0.656	0.327	1.79960397116743e-65	21	IGFBP7
1.39625052285079e-68	0.259673209927666	0.717	0.554	4.18875156855237e-65	21	PLBD1
2.39809065814965e-68	0.955083761440819	0.633	0.367	7.19427197444894e-65	21	SERPINF2
2.9753276682562e-68	1.32658214857022	0.627	0.377	8.92598300476859e-65	21	WDFY4
3.09031457854058e-68	0.684488670537353	0.958	0.927	9.27094373562174e-65	21	TAGLN2
3.21330283508011e-68	0.605161410769141	0.696	0.48	9.63990850524034e-65	21	F11R
6.59294794516225e-68	0.997898369923057	0.717	0.533	1.97788438354868e-64	21	PTPRE
1.42611048841556e-67	-1.10069028341871	0.635	0.849	4.27833146524668e-64	21	PRDM1
6.80103823984047e-67	1.61102071322761	0.679	0.557	2.04031147195214e-63	21	DNASE1L3
6.83962417563265e-67	0.726844569959134	0.681	0.468	2.05188725268979e-63	21	DSE
1.35015451387731e-66	-0.895897673114654	0.392	0.743	4.05046354163193e-63	21	TRAT1
2.41035943337137e-66	1.10300712407895	0.95	0.928	7.23107830011411e-63	21	S100A10
3.67009919305922e-66	0.793117694372585	0.744	0.62	1.10102975791777e-62	21	PAK1
1.88012914631473e-65	0.73505262500156	0.91	0.812	5.6403874389442e-62	21	AP2S1
6.89273428096843e-65	0.692251511266647	0.604	0.288	2.06782028429053e-61	21	FLT3
6.97580608471923e-65	0.636619147257954	0.815	0.683	2.09274182541577e-61	21	SLC16A3
7.36320326071672e-65	0.906447128079045	0.919	0.829	2.20896097821502e-61	21	TUBA1B
1.16773673427568e-64	0.782170903381028	0.938	0.838	3.50321020282704e-61	21	CSTB
1.32141818300073e-64	0.580313281229849	0.796	0.657	3.96425454900219e-61	21	MFSD1
2.53160956333009e-64	0.800206999123033	0.738	0.683	7.59482868999027e-61	21	HLA-DOA
1.06316034717837e-63	0.770622997809557	0.708	0.543	3.18948104153511e-60	21	BASP1
1.84630245763065e-63	-0.423881708027017	0.431	0.831	5.53890737289194e-60	21	FOXP3
3.20461765818105e-63	1.55356577107381	0.679	0.583	9.61385297454316e-60	21	G0S2
5.86087374323191e-63	0.923656414660796	0.792	0.68	1.75826212296957e-59	21	BID
9.81744956314352e-63	0.52074592223094	0.935	0.785	2.94523486894306e-59	21	ATP6V0B
2.08504385873335e-62	1.24476213770716	0.673	0.44	6.25513157620005e-59	21	VMO1
5.53438716077692e-62	0.463430102278504	0.69	0.58	1.66031614823308e-58	21	PTGS1
2.31526762591837e-61	0.450519067468257	0.887	0.766	6.94580287775511e-58	21	FKBP2
3.27887805496222e-61	0.934694849382132	0.871	0.765	9.83663416488667e-58	21	ID2
1.09813119477264e-60	1.23270950557325	0.898	0.784	3.29439358431791e-57	21	GPR183
1.15902460423917e-60	-0.296085033406056	0.231	0.748	3.47707381271751e-57	21	FAAH2
3.28178650271599e-60	0.416842778033548	0.502	0.13	9.84535950814797e-57	21	P2RY6
3.39082082239643e-60	0.6169078559354	0.873	0.717	1.01724624671893e-56	21	RNH1
5.27898778782652e-59	-0.32511678350001	0.36	0.731	1.58369633634796e-55	21	FBLN7
5.59656297081592e-59	0.651842449612628	0.808	0.591	1.67896889124478e-55	21	CHMP1B
8.34130154699031e-59	0.683398951382021	0.662	0.519	2.50239046409709e-55	21	PKIB
1.29307112802322e-58	0.545932320342648	0.785	0.683	3.87921338406965e-55	21	CYSTM1
2.137380415559e-58	0.3319600217528	0.729	0.551	6.41214124667701e-55	21	MAFF
2.7664550988101e-58	0.699377460781304	0.662	0.539	8.29936529643031e-55	21	TSPAN13
2.76775263969247e-58	0.723671152558043	0.821	0.71	8.3032579190774e-55	21	HMGA1
4.62625606715493e-58	0.351820736712164	0.875	0.718	1.38787682014648e-54	21	MANF
4.72301984294639e-58	-0.485465288898618	1	1	1.41690595288392e-54	21	RPLP1
1.36741356813425e-57	0.516714067544564	0.625	0.344	4.10224070440274e-54	21	GNB4
2.35774143867737e-57	0.909587490759222	0.815	0.741	7.0732243160321e-54	21	SGK1
8.29146945901401e-57	0.398960972557691	0.619	0.428	2.4874408377042e-53	21	TVP23A
2.31221116920563e-56	0.650470914182496	0.898	0.829	6.93663350761689e-53	21	NAP1L1
4.74500429655277e-56	-0.561679678497091	1	0.999	1.42350128896583e-52	21	RPS12
4.94432692770976e-56	0.446495701211067	0.615	0.468	1.48329807831293e-52	21	CD1C
5.92899141059258e-56	0.619398663925374	0.952	0.919	1.77869742317778e-52	21	GNG5
1.01445233069784e-55	1.18552989362961	0.742	0.773	3.04335699209351e-52	21	HMOX1
1.28327798470982e-55	0.59933424344449	0.717	0.577	3.84983395412945e-52	21	PHLDA2
1.44409828394786e-55	0.380834701336366	0.635	0.366	4.33229485184357e-52	21	KIAA0226L
3.45644852905824e-55	0.447461123900184	0.69	0.566	1.03693455871747e-51	21	SPIB
5.6744225992703e-55	-1.09780827669159	0.808	0.846	1.70232677978109e-51	21	TIGIT
5.77125182755104e-55	1.41289964657279	0.529	0.265	1.73137554826531e-51	21	CCL17
7.41521088108417e-55	1.73208564115896	0.604	0.425	2.22456326432525e-51	21	CXCL9
3.14951176243909e-54	-1.2174664339264	0.617	0.797	9.44853528731728e-51	21	ITM2A
1.89615836851555e-53	0.637583853210872	0.667	0.58	5.68847510554666e-50	21	LY86
2.32317022573188e-53	0.575383433019533	0.692	0.54	6.96951067719563e-50	21	IL18
5.66202464823456e-53	0.474640886914374	0.662	0.447	1.69860739447037e-49	21	SPG21
8.92778051382897e-53	0.364624149865536	0.594	0.416	2.67833415414869e-49	21	NBPF14
1.25681101388321e-52	0.784021011910004	0.76	0.62	3.77043304164962e-49	21	RAB11FIP1
1.42916580838867e-52	0.624999226731663	0.758	0.699	4.28749742516601e-49	21	MNDA
2.85534132780929e-52	-1.00442426862926	0.773	0.83	8.56602398342788e-49	21	SH2D2A
3.9477717248696e-52	0.678093472157731	0.921	0.759	1.18433151746088e-48	21	CD63
4.63774192229887e-52	0.577127053398485	0.804	0.654	1.39132257668966e-48	21	THEMIS2
4.90578058131303e-52	0.65318332522588	0.719	0.596	1.47173417439391e-48	21	HPS5
5.96251678231321e-52	0.265969465585246	0.623	0.497	1.78875503469396e-48	21	AGPAT9
3.99844589395155e-51	0.585363021190215	0.679	0.573	1.19953376818547e-47	21	PDLIM7
5.03025345494127e-51	0.689841684427658	0.735	0.58	1.50907603648238e-47	21	C20orf27
6.83116710315667e-51	0.565334519148763	0.892	0.805	2.049350130947e-47	21	TMEM14C
9.39893276491623e-51	0.638086955767202	0.738	0.594	2.81967982947487e-47	21	PTTG1IP
1.10904377854588e-50	-0.866707902220305	0.377	0.799	3.32713133563764e-47	21	TMEM173
1.39213835855212e-50	0.557959090690959	0.692	0.522	4.17641507565635e-47	21	NFKBID
1.781054555277e-50	0.896646172402494	0.852	0.737	5.343163665831e-47	21	SERPINB9
2.70148981064005e-50	0.404120349088095	0.721	0.624	8.10446943192014e-47	21	GM2A
2.90003099408408e-50	-0.351876991282655	0.523	0.829	8.70009298225223e-47	21	MT1E
3.70504558662665e-50	0.554785056665821	0.873	0.741	1.11151367598799e-46	21	H2AFY
2.07311882195791e-49	-0.76596106162539	0.506	0.803	6.21935646587372e-46	21	SLA
4.52320655594082e-49	0.712698065694236	1	0.998	1.35696196678225e-45	21	ACTB
5.78409782934901e-49	0.989952496669602	0.673	0.687	1.7352293488047e-45	21	CLEC7A
1.7343673888267e-48	0.645948453033678	0.688	0.655	5.20310216648009e-45	21	CTSZ
3.2306423317449e-48	0.697043657806162	0.798	0.712	9.6919269952347e-45	21	MYD88
3.77587001391787e-48	-2.09699885058663	0.288	0.699	1.13276100417536e-44	21	CXCL13
6.59640747411814e-48	0.44328720787956	0.729	0.605	1.97892224223544e-44	21	DBNDD2
7.01334357637343e-48	-0.866171248433748	0.238	0.72	2.10400307291203e-44	21	SH2D1A
7.0466035461075e-48	0.573630712605006	0.915	0.787	2.11398106383225e-44	21	LGALS1
1.0042679532918e-47	0.418878688248416	0.819	0.634	3.0128038598754e-44	21	TUBA1C
1.14849076094289e-47	0.557676712156162	0.696	0.614	3.44547228282867e-44	21	MARCH1
1.33978166227716e-47	0.745409868856924	0.708	0.629	4.01934498683149e-44	21	MS4A6A
1.72980602416073e-47	0.377755180253863	0.69	0.553	5.1894180724822e-44	21	C1orf21
1.82101405292758e-47	0.593103631623747	0.883	0.805	5.46304215878274e-44	21	TPM4
2.32232310595924e-47	0.652534837988579	0.575	0.394	6.96696931787771e-44	21	SLAMF8
3.10093674192681e-47	0.504800703877165	0.794	0.619	9.30281022578044e-44	21	IFNGR1
3.66271220617634e-47	0.526242581342899	0.838	0.664	1.0988136618529e-43	21	MAT2A
4.54458974056143e-47	0.369219426870593	0.662	0.5	1.36337692216843e-43	21	ADAP2
5.69967742613094e-47	1.47026117754035	0.635	0.52	1.70990322783928e-43	21	FSCN1
1.19590388153955e-46	1.82399876796116	0.812	0.781	3.58771164461866e-43	21	CPNE3
1.57474098206278e-46	0.713229519494651	0.671	0.564	4.72422294618833e-43	21	ACER3
2.08335247342536e-46	1.10912505622866	0.794	0.666	6.25005742027608e-43	21	CAPG
5.4665023136868e-46	-1.15092240584245	0.365	0.735	1.63995069410604e-42	21	KLRB1
5.48886979102865e-46	0.304012177762788	0.729	0.622	1.6466609373086e-42	21	PPIF
6.06482350926548e-46	0.642188245857049	0.725	0.735	1.81944705277964e-42	21	TBC1D8
1.4434873810537e-45	-0.323252665083676	0.39	0.739	4.33046214316109e-42	21	GPR25
1.57698715198516e-45	0.952870339414578	0.933	0.815	4.73096145595547e-42	21	GADD45B
1.64254206276488e-45	1.0406684534127	0.844	0.764	4.92762618829464e-42	21	TIMP1
1.78340986487492e-45	0.492399917857165	0.771	0.625	5.35022959462476e-42	21	MCM5
1.94204445232408e-45	0.418602551425241	0.721	0.656	5.82613335697225e-42	21	TSPAN3
2.61677314546243e-45	0.498188557718419	0.938	0.872	7.85031943638729e-42	21	PKM
2.63692369833296e-45	0.446673058101474	0.865	0.72	7.91077109499888e-42	21	NME2
4.5309385320111e-45	0.336132188215261	0.671	0.529	1.35928155960333e-41	21	FAM46A
4.9688051459398e-45	0.546716612801033	0.912	0.836	1.49064154378194e-41	21	ANXA5
5.27745580056459e-45	0.500690828303555	0.633	0.563	1.58323674016938e-41	21	C1QB
5.28780258576969e-45	0.599979682203851	0.654	0.48	1.58634077573091e-41	21	RASSF2
1.20990764080514e-44	0.801544943902696	0.867	0.801	3.62972292241541e-41	21	ATOX1
1.41255099716604e-44	-0.522956687933882	0.79	0.835	4.23765299149812e-41	21	MAL
1.44699257815945e-44	0.577358272120512	0.713	0.562	4.34097773447835e-41	21	DDAH2
1.59725123202306e-44	0.686943000206167	0.867	0.775	4.79175369606918e-41	21	FABP5
1.7841949804877e-44	-0.319512564737764	0.138	0.556	5.35258494146309e-41	21	LOC102725101
1.80891326112359e-44	0.582105305508986	0.748	0.611	5.42673978337078e-41	21	FAM49A
2.12553619007524e-44	0.385486341584072	0.633	0.487	6.37660857022572e-41	21	SLC8A1
3.48923708062628e-44	0.636506405396765	0.95	0.817	1.04677112418788e-40	21	GPX4
5.62789203109076e-44	0.387129614097404	0.896	0.77	1.68836760932723e-40	21	IGFLR1
9.09397744314559e-44	0.497166817687298	0.89	0.792	2.72819323294368e-40	21	PSMA4
1.31972877971575e-43	0.360119481155009	0.644	0.551	3.95918633914726e-40	21	SLC43A2
1.93639666228567e-43	0.443758206548963	0.706	0.614	5.809189986857e-40	21	C10orf128
3.09922354774857e-43	0.512866777363288	0.629	0.512	9.2976706432457e-40	21	RNF144B
8.46118599542185e-43	0.48644255918187	0.942	0.852	2.53835579862655e-39	21	DYNLL1
1.10439785133807e-42	0.544653057650068	0.652	0.602	3.31319355401422e-39	21	TUBB6
1.37631744345144e-42	-0.264490371490785	0.423	0.743	4.12895233035431e-39	21	JAKMIP1
1.72846285361286e-42	0.650764469837108	0.61	0.473	5.18538856083858e-39	21	UBE2E2
6.85371556311129e-42	-0.617832175741247	0.333	0.735	2.05611466893339e-38	21	GATA3
9.21307681195028e-42	0.662224705599347	0.615	0.356	2.76392304358509e-38	21	LPCAT2
9.69384151230167e-42	0.461981323935749	0.85	0.774	2.9081524536905e-38	21	YWHAE
1.97101236794846e-41	0.375025096157686	0.673	0.576	5.91303710384537e-38	21	ADAM28
2.02306333442404e-41	0.375118222738752	0.702	0.558	6.06919000327211e-38	21	IL18BP
3.9226979626207e-41	0.745144375176667	0.706	0.602	1.17680938878621e-37	21	CD40
3.92851750953043e-41	0.504314761316565	0.817	0.695	1.17855525285913e-37	21	UBE2D1
4.0100429439501e-41	0.263883939217335	0.66	0.576	1.20301288318503e-37	21	BTK
6.24497370576785e-41	0.485598055809318	0.779	0.651	1.87349211173036e-37	21	CD59
6.82366875401193e-41	0.458286303560758	0.965	0.886	2.04710062620358e-37	21	DBI
8.78121946090703e-41	-0.534394430999352	0.535	0.731	2.63436583827211e-37	21	PDE4D
1.0504737645785e-40	0.412290550193463	0.981	0.931	3.1514212937355e-37	21	S100A11
3.02771842437611e-40	-0.886509001441396	0.967	0.983	9.08315527312832e-37	21	TSC22D3
3.38124441334494e-40	0.338327520067689	0.61	0.456	1.01437332400348e-36	21	ABCA1
3.39434983924855e-40	0.434123272555661	0.969	0.929	1.01830495177457e-36	21	SLC25A5
4.06652754675964e-40	0.272932371699835	0.592	0.375	1.21995826402789e-36	21	BMP2K
5.02308472580156e-40	-1.16966143617026	0.794	0.826	1.50692541774047e-36	21	TUBA4A
1.13964859325557e-39	0.477369799586457	0.863	0.78	3.41894577976672e-36	21	RTN4
1.46200943334934e-39	0.391061676697237	0.66	0.577	4.38602830004803e-36	21	ALCAM
2.3410056736188e-39	0.506597483185251	0.835	0.773	7.02301702085639e-36	21	COMT
2.3838623635474e-39	0.362688663684887	0.8	0.623	7.15158709064221e-36	21	NINJ1
2.48046739514924e-39	0.50656086212698	0.762	0.544	7.44140218544773e-36	21	TSC22D1
2.61692756258144e-39	0.423486615580016	0.96	0.861	7.85078268774431e-36	21	EIF5A
1.35277234232177e-38	0.410417635894886	0.798	0.741	4.05831702696532e-35	21	DCTPP1
1.62742032974983e-38	-0.503731145814255	0.304	0.682	4.88226098924948e-35	21	TNFRSF25
1.79918805584312e-38	0.665726137152432	0.923	0.852	5.39756416752935e-35	21	ANXA2
1.95605547084793e-38	0.67899706546774	0.762	0.684	5.86816641254379e-35	21	PEA15
2.4743746092948e-38	0.405171732944648	0.773	0.677	7.42312382788441e-35	21	AP1S2
3.46739707677496e-38	-0.349956819777325	0.79	0.855	1.04021912303249e-34	21	RTKN2
5.73816990293294e-38	0.415984710502159	0.935	0.873	1.72145097087988e-34	21	VDAC1
5.97148986235773e-38	0.377375255439827	0.956	0.872	1.79144695870732e-34	21	BST2
7.70530506075035e-38	-0.717740202083482	0.627	0.814	2.31159151822511e-34	21	RNF19A
7.96123339819517e-38	0.369737517123879	0.508	0.218	2.38837001945855e-34	21	LILRB4
9.08320482750897e-38	0.324800907409411	0.921	0.805	2.72496144825269e-34	21	CTSB
1.49204939003283e-37	-2.19946994669111	0.74	0.797	4.47614817009848e-34	21	CCL5
1.56258327361738e-37	0.364192806002249	0.631	0.617	4.68774982085214e-34	21	PKP2
3.22146306694616e-37	0.559037587036978	0.902	0.934	9.66438920083847e-34	21	LSP1
6.89066975512096e-37	0.292507742185862	0.844	0.739	2.06720092653629e-33	21	PDIA4
8.46274922658337e-37	0.592755920501252	0.877	0.8	2.53882476797501e-33	21	PYCARD
8.77329040783487e-37	0.544056187074072	0.729	0.633	2.63198712235046e-33	21	APPL1
9.52653286167182e-37	0.417706376087936	0.677	0.492	2.85795985850155e-33	21	GPR137B
1.10603774305415e-36	0.502599619627924	0.648	0.604	3.31811322916246e-33	21	SEMA4A
1.16262276586796e-36	0.403854962095947	0.821	0.695	3.48786829760388e-33	21	SEPHS2
2.17487466645718e-36	0.625971749058015	0.792	0.715	6.52462399937154e-33	21	MAN2B1
2.53429232932853e-36	0.467332254192266	0.604	0.454	7.60287698798559e-33	21	CYP2S1
3.13641325083084e-36	0.298459089048507	0.619	0.622	9.40923975249252e-33	21	SDPR
4.05077482218242e-36	0.253567104435264	0.765	0.675	1.21523244665473e-32	21	ISOC2
6.92173132461737e-36	-1.11638624620464	0.792	0.87	2.07651939738521e-32	21	IL7R
1.28624195965374e-35	0.397622723524559	0.802	0.821	3.85872587896123e-32	21	IL1R2
8.65119599731646e-35	0.383862946444218	0.656	0.644	2.59535879919494e-31	21	IFNGR2
9.20306311988708e-35	0.752426039817628	0.715	0.614	2.76091893596612e-31	21	DAPP1
1.08675434054287e-34	-0.462105614798842	0.283	0.697	3.26026302162862e-31	21	CD28
1.20674465444419e-34	0.537209013644223	0.902	0.869	3.62023396333256e-31	21	TUBB
1.32978186820538e-34	0.278501717881438	0.758	0.653	3.98934560461614e-31	21	STX11
3.11728547540557e-34	-0.618930694901617	0.794	0.864	9.35185642621671e-31	21	ARID5B
3.43763067827938e-34	-1.04118567216983	0.904	0.957	1.03128920348381e-30	21	LDHB
3.83428595030607e-34	0.333742788469429	0.892	0.799	1.15028578509182e-30	21	ATF3
4.22685424948565e-34	0.444015934170124	0.885	0.819	1.26805627484569e-30	21	HN1
9.05373230865895e-34	0.500793184310598	0.787	0.662	2.71611969259769e-30	21	MYADM
1.61484383074046e-33	0.48616983781614	0.692	0.644	4.84453149222139e-30	21	NAGA
1.73192640322745e-33	0.610920193966929	0.585	0.494	5.19577920968236e-30	21	BCL6
1.89453380285311e-33	-0.253114802739705	0.415	0.736	5.68360140855932e-30	21	IKZF2
4.73751855944154e-33	0.606298213919628	0.731	0.721	1.42125556783246e-29	21	PRCP
6.07538466486481e-33	0.453552049045729	0.617	0.47	1.82261539945944e-29	21	TGFBI
7.00313772982839e-33	-0.73108971076917	0.631	0.762	2.10094131894852e-29	21	CXCR6
7.90249716868512e-33	-1.23422525152992	0.542	0.722	2.37074915060554e-29	21	CD8B
1.11857219074407e-32	-0.915698716783864	0.91	0.935	3.35571657223221e-29	21	DNAJB1
1.14141423664877e-32	0.969191344155859	0.99	0.979	3.42424270994631e-29	21	FTL
1.81310152206967e-32	0.677303774833146	0.706	0.586	5.439304566209e-29	21	LMNA
1.91250831779595e-32	0.302452021305228	0.669	0.643	5.73752495338785e-29	21	SYK
3.36658844444322e-32	0.609148689120416	0.76	0.694	1.00997653333297e-28	21	KLF10
3.8508347135078e-32	0.528071072947506	0.777	0.776	1.15525041405234e-28	21	PLSCR1
4.90755428455001e-32	0.369221895129904	0.902	0.871	1.472266285365e-28	21	TALDO1
6.77041633115054e-32	0.525389353810684	0.477	0.197	2.03112489934516e-28	21	ANPEP
7.29951631905548e-32	-0.353855798005033	0.792	0.842	2.18985489571664e-28	21	IGLL5
7.62504691805555e-32	0.439346353097265	0.84	0.74	2.28751407541667e-28	21	VASP
9.46397620729951e-32	-0.389210743318982	0.308	0.695	2.83919286218985e-28	21	S1PR1
9.50117889991558e-32	0.364803315185173	0.815	0.712	2.85035366997467e-28	21	MGAT1
1.57937459776983e-31	0.396378835613502	0.723	0.584	4.7381237933095e-28	21	INSIG1
3.61245514244043e-31	0.435159220464042	0.881	0.74	1.08373654273213e-27	21	NR4A1
4.04572078481005e-31	0.547053743058199	0.617	0.559	1.21371623544302e-27	21	IL4I1
4.37339802758123e-31	0.638817281340228	0.615	0.58	1.31201940827437e-27	21	ACTN1
5.35010017007978e-31	-0.531492431960307	0.265	0.661	1.60503005102393e-27	21	NELL2
7.0458192645234e-31	0.599822728028472	0.885	0.856	2.11374577935702e-27	21	CD55
9.56868365579933e-31	0.414980340839581	0.592	0.453	2.8706050967398e-27	21	SPECC1
1.56354408121034e-30	0.486597923206469	0.85	0.752	4.69063224363102e-27	21	HMGN3
1.73630382394268e-30	0.461638460639119	0.942	0.869	5.20891147182805e-27	21	LITAF
3.5914870684779e-30	0.370666133936932	0.581	0.433	1.07744612054337e-26	21	NDRG2
8.66795751258948e-30	0.294445893320002	0.827	0.664	2.60038725377684e-26	21	LOC284454
9.73012634542315e-30	0.435608721875781	0.998	0.999	2.91903790362695e-26	21	TMSB4X
1.19860202525358e-29	0.302770926811886	0.633	0.508	3.59580607576073e-26	21	CORO1C
1.20495017510247e-29	0.45072424219401	0.667	0.554	3.61485052530741e-26	21	CUX1
1.56511635817058e-29	0.328820567887489	0.725	0.67	4.69534907451173e-26	21	ANXA4
2.83203096672951e-29	0.320587439201954	0.912	0.828	8.49609290018854e-26	21	CNN2
2.94167472087142e-29	0.501662519918774	0.535	0.481	8.82502416261427e-26	21	CXCL10
8.31514127635512e-29	-0.4228720459515	0.279	0.664	2.49454238290654e-25	21	PERP
9.6040781591518e-29	0.256024500768975	0.802	0.702	2.88122344774554e-25	21	LIMA1
1.22698085729228e-28	-0.270819304244229	0.667	0.866	3.68094257187683e-25	21	HIST1H1D
1.93253250043088e-28	-0.605480783959834	0.273	0.649	5.79759750129264e-25	21	KLRC2
2.25680850009314e-28	0.687946759603586	0.56	0.473	6.77042550027943e-25	21	RASSF4
2.34368628971112e-28	-0.845807929616057	0.912	0.958	7.03105886913335e-25	21	CORO1A
2.57857610338074e-28	0.309303097787653	0.942	0.908	7.73572831014221e-25	21	COX5A
2.72399904510224e-28	-0.541353681543012	0.652	0.794	8.17199713530673e-25	21	GPR171
3.08265746035642e-28	0.428324099710532	0.592	0.53	9.24797238106925e-25	21	HLA-DPB2
3.82285511139018e-28	0.478787249631643	0.581	0.482	1.14685653341705e-24	21	MEF2C
6.54839562993065e-28	0.752207588245858	0.642	0.507	1.9645186889792e-24	21	LTC4S
1.06756119928475e-27	0.316488785482742	0.971	0.949	3.20268359785425e-24	21	YBX1
1.15493854325544e-27	0.396854526736339	0.762	0.738	3.4648156297663e-24	21	ATP1B3
1.2649758942096e-27	0.266477795685216	0.492	0.194	3.7949276826288e-24	21	FMNL2
1.44961885618741e-27	0.261082915569285	0.844	0.723	4.34885656856222e-24	21	LSM4
2.20909350147965e-27	0.822360178887897	0.619	0.643	6.62728050443894e-24	21	RAMP1
3.0100578910709e-27	0.321189220772172	0.51	0.375	9.03017367321271e-24	21	TNFRSF21
3.65958097994722e-27	-0.646974411117597	0.46	0.806	1.09787429398417e-23	21	TNFRSF4
7.32642705177981e-27	0.590159936216549	0.633	0.591	2.19792811553394e-23	21	FUCA1
8.16394936827792e-27	0.474496093211351	0.773	0.679	2.44918481048338e-23	21	AHNAK
9.51885889648773e-27	0.403565780537216	0.577	0.46	2.85565766894632e-23	21	HLA-DRB6
1.87421324905351e-26	0.335299936412133	0.935	0.866	5.62263974716052e-23	21	HSP90B1
3.11702944245185e-26	-0.807314076136525	0.967	0.974	9.35108832735555e-23	21	JUN
3.41340911907112e-26	-1.04042189844119	0.675	0.788	1.02402273572134e-22	21	BATF
3.64709206439931e-26	-0.731677208619171	0.733	0.754	1.09412761931979e-22	21	GBP5
3.72549807516187e-26	0.27974959452973	0.948	0.944	1.11764942254856e-22	21	SUB1
4.00261765307828e-26	0.415572834857899	0.794	0.748	1.20078529592348e-22	21	PTRHD1
4.51872142470945e-26	-0.717480346116594	0.388	0.691	1.35561642741283e-22	21	FLT3LG
6.14577127089472e-26	0.412828310893979	0.906	0.829	1.84373138126842e-22	21	H2AFZ
8.83760144699757e-26	0.44292817372801	0.598	0.525	2.65128043409927e-22	21	KCNK6
9.98111323257879e-26	0.436557558499715	0.56	0.472	2.99433396977364e-22	21	NLRP3
1.12896706495062e-25	-0.395946306770613	0.325	0.663	3.38690119485185e-22	21	LPAR6
1.15643641219681e-25	0.410276434558365	0.656	0.579	3.46930923659043e-22	21	TPMT
1.71981497773939e-25	-1.06878104087879	0.812	0.776	5.15944493321817e-22	21	TAGAP
1.950664468337e-25	0.369746644178552	0.665	0.561	5.85199340501101e-22	21	SMIM14
2.54589383672209e-25	0.345414214726074	0.775	0.682	7.63768151016626e-22	21	TXNDC17
3.1726411812028e-25	0.2749905799008	0.554	0.406	9.51792354360839e-22	21	CLEC4A
3.48990945634809e-25	0.263738467026341	0.515	0.327	1.04697283690443e-21	21	ENPP2
5.47899009914807e-25	0.350873462677152	0.85	0.769	1.64369702974442e-21	21	RALA
6.06152071136574e-25	0.254733168048233	0.971	0.893	1.81845621340972e-21	21	PRDX1
6.87875386099471e-25	-0.360407979771204	0.177	0.629	2.06362615829841e-21	21	KLRC4
1.00694302788165e-24	-1.87854188338563	0.785	0.777	3.02082908364495e-21	21	GZMA
1.20933051617452e-24	0.705181179001453	0.579	0.537	3.62799154852356e-21	21	RNF130
1.559657597858e-24	-0.435310915642084	1	0.998	4.67897279357399e-21	21	RPS18
2.06103914516636e-24	0.276564848585542	0.744	0.679	6.18311743549908e-21	21	BEX4
2.10307943214269e-24	0.313690601335356	0.131	0.519	6.30923829642808e-21	21	FABP4
2.16903357433273e-24	0.642401109023405	0.515	0.384	6.50710072299818e-21	21	HS3ST1
3.03158965386375e-24	0.339922979687478	0.785	0.711	9.09476896159126e-21	21	SOD2
3.65367999187057e-24	-0.45208086531926	0.244	0.632	1.09610399756117e-20	21	MAF
4.28990668218199e-24	0.279828506430961	0.64	0.512	1.2869720046546e-20	21	ETS2
8.33991096319147e-24	0.409708704940396	0.631	0.66	2.50197328895744e-20	21	CSF2RB
1.04247955779244e-23	-0.577654701612286	0.752	0.788	3.12743867337731e-20	21	PDCD1
1.06987560511093e-23	0.370987651960315	0.735	0.662	3.20962681533279e-20	21	NUDT16
1.22706603376414e-23	-0.321548036996587	0.404	0.667	3.68119810129241e-20	21	MRPS31
1.26484139141351e-23	0.444289118815156	0.742	0.774	3.79452417424055e-20	21	HAVCR2
1.86791778397534e-23	0.386888141934407	0.642	0.641	5.60375335192603e-20	21	GRASP
2.47668470612854e-23	0.358753685299045	0.935	0.889	7.43005411838561e-20	21	CALR
3.34175007470048e-23	0.414479768248495	0.867	0.851	1.00252502241014e-19	21	LIMS1
4.36760794383765e-23	0.367201211502768	0.894	0.842	1.31028238315129e-19	21	RNASET2
4.59785251423334e-23	-1.26568651980286	0.752	0.745	1.37935575427e-19	21	PRF1
4.61050291303669e-23	0.318486006922161	0.719	0.629	1.38315087391101e-19	21	PFKFB3
4.86388057439709e-23	0.542165844190682	0.502	0.45	1.45916417231913e-19	21	CCND1
8.42147843474072e-23	0.315931672357215	0.74	0.651	2.52644353042222e-19	21	CD151
8.45093849076636e-23	0.352728973808416	0.685	0.624	2.53528154722991e-19	21	CTNNA1
9.04658950741631e-23	0.458101110007812	0.573	0.46	2.71397685222489e-19	21	NFKB1
1.11500344284987e-22	0.403199562398699	0.844	0.796	3.34501032854963e-19	21	BANF1
1.36377787177711e-22	-0.323075388013023	0.752	0.848	4.09133361533133e-19	21	ALOX5AP
1.78897948872647e-22	-0.558994750535084	0.585	0.712	5.36693846617941e-19	21	LEF1
2.1448682154838e-22	0.504924422642583	0.694	0.653	6.43460464645141e-19	21	AHR
2.26267541774005e-22	0.421189700054934	0.819	0.736	6.78802625322015e-19	21	STMN1
2.7871879211126e-22	-1.04486807112089	0.723	0.777	8.36156376333779e-19	21	CTSW
2.85270881504338e-22	0.542011006631535	0.602	0.576	8.55812644513013e-19	21	ATF5
8.89678534157609e-22	0.840506439989202	0.544	0.548	2.66903560247283e-18	21	EGLN3
9.51619181460258e-22	0.766481118761348	0.842	0.628	2.85485754438077e-18	21	GLUL
9.63508400920199e-22	0.253660308507491	0.644	0.581	2.8905252027606e-18	21	ATP6V1A
1.46825473650574e-21	-0.965502793135788	0.954	0.96	4.40476420951722e-18	21	CXCR4
1.57954645479516e-21	-0.362765179411247	0.537	0.775	4.73863936438549e-18	21	IL6ST
1.77802804325979e-21	0.378972970138297	0.7	0.672	5.33408412977937e-18	21	GNG10
1.92607356316712e-21	0.334745594406438	0.548	0.498	5.77822068950135e-18	21	FNIP2
2.44961313335122e-21	0.359282782062053	0.64	0.539	7.34883940005367e-18	21	BTLA
3.12924947323095e-21	-0.683314685127337	0.656	0.773	9.38774841969285e-18	21	TNFRSF1B
4.46012826196929e-21	-0.407542043475782	0.181	0.605	1.33803847859079e-17	21	TCF7
6.5621533979878e-21	0.480725971872663	0.756	0.743	1.96864601939634e-17	21	EIF4EBP1
7.29235134469306e-21	0.309185492185232	0.704	0.651	2.18770540340792e-17	21	HSH2D
8.04431173830514e-21	-1.89219263494012	0.677	0.744	2.41329352149154e-17	21	LOC100293211
2.90953265101777e-20	0.308621474953439	0.583	0.587	8.72859795305331e-17	21	LOC101929219
4.01834354560733e-20	0.275431271470516	0.879	0.884	1.2055030636822e-16	21	POMP
6.63339323940743e-20	0.256745687430461	0.571	0.493	1.99001797182223e-16	21	RAB20
7.04209609392844e-20	0.255795312452644	0.779	0.702	2.11262882817853e-16	21	MRPL18
8.37524646734713e-20	0.307509624369216	0.792	0.704	2.51257394020414e-16	21	CKLF
1.04240165483653e-19	-0.531042124100141	0.65	0.715	3.1272049645096e-16	21	TMEM2
1.51567740948803e-19	-0.82818506637902	0.64	0.793	4.54703222846409e-16	21	LINC00152
1.79722099462503e-19	0.329575667120474	0.887	0.913	5.39166298387508e-16	21	UCP2
2.52620663912253e-19	0.250692899945911	0.81	0.738	7.5786199173676e-16	21	ASAH1
2.59673332649355e-19	1.17942348875844	0.61	0.589	7.79019997948065e-16	21	VWA5A
4.51322952999551e-19	-0.64841734800075	0.742	0.695	1.35396885899865e-15	21	IL2RB
6.02615951221828e-19	0.706503856056613	0.619	0.6	1.80784785366548e-15	21	ICAM1
7.19829493072111e-19	-0.618115817827349	0.756	0.811	2.15948847921633e-15	21	CLDND1
8.66560277228398e-19	0.332866808829027	0.575	0.57	2.59968083168519e-15	21	TSPAN15
8.82065409464259e-19	1.2756164373347	0.477	0.6	2.64619622839278e-15	21	TMEM176B
1.23253357945334e-18	0.697771343106145	0.64	0.647	3.69760073836002e-15	21	ALOX5
1.40948663128579e-18	-0.768324879854175	0.71	0.771	4.22845989385738e-15	21	FKBP11
1.41271639160144e-18	0.452265508009245	0.679	0.616	4.23814917480431e-15	21	KDM6B
2.44848588256956e-18	-0.405103058866629	0.212	0.581	7.34545764770869e-15	21	KLRC3
2.78235796108985e-18	0.73945162883765	0.552	0.478	8.34707388326956e-15	21	MGLL
3.17004952310194e-18	-0.477060888072485	0.621	0.757	9.51014856930582e-15	21	AQP3
3.27692022218316e-18	-0.612402698898668	0.694	0.845	9.83076066654949e-15	21	CTLA4
3.35459974819829e-18	0.312500311641139	0.648	0.58	1.00637992445949e-14	21	TBXAS1
3.52760735800045e-18	0.286457742210719	0.727	0.702	1.05828220740014e-14	21	NAMPT
3.603788001792e-18	0.253188439274297	0.644	0.562	1.0811364005376e-14	21	IER5
4.56895797784691e-18	0.260422549241069	0.565	0.468	1.37068739335407e-14	21	ZMIZ1
4.61242997991103e-18	-0.798953249332091	0.24	0.612	1.38372899397331e-14	21	LINC00861
5.41951049863638e-18	0.288655580156912	0.806	0.771	1.62585314959091e-14	21	SMS
5.7245615524366e-18	1.18903522222104	0.806	0.771	1.71736846573098e-14	21	BIRC3
6.24368855384237e-18	0.254411481668941	0.571	0.458	1.87310656615271e-14	21	ITGB2-AS1
7.62735579623523e-18	1.32898744492251	0.142	0.055	2.28820673887057e-14	21	TPSD1
1.32130662009473e-17	-1.12229953895385	0.598	0.7	3.96391986028419e-14	21	CD8A
1.69791627302305e-17	-0.266776032850186	0.615	0.686	5.09374881906916e-14	21	CD70
2.78554860121157e-17	-0.687666232829589	0.956	0.98	8.3566458036347e-14	21	HSPA8
3.09839850765229e-17	-1.12220544109927	0.583	0.648	9.29519552295687e-14	21	LOC101929531
4.91055132391674e-17	-0.258320683083972	0.64	0.688	1.47316539717502e-13	21	FBXO32
1.12335849203372e-16	0.361876707409295	0.806	0.757	3.37007547610117e-13	21	CMTM6
1.24639797500115e-16	-0.863653670446629	0.887	0.902	3.73919392500345e-13	21	LY6E
1.39090393638452e-16	-2.10845811828722	0.787	0.769	4.17271180915356e-13	21	NKG7
1.8619809523834e-16	0.381558701248065	0.481	0.376	5.58594285715019e-13	21	LRRK2
2.09267780585115e-16	-0.254313113345623	0.202	0.581	6.27803341755346e-13	21	CPNE7
7.02399582426434e-16	0.64949958511621	0.615	0.611	2.1071987472793e-12	21	PPAP2A
7.8274373501371e-16	-0.490013671625784	0.646	0.727	2.34823120504113e-12	21	ICAM2
1.26134059896714e-15	0.256502909821807	0.91	0.866	3.78402179690143e-12	21	ZFP36L1
2.12383647155774e-15	-0.608272940704125	0.215	0.283	6.37150941467321e-12	21	LOC102723407
2.3390475825909e-15	-0.579735573890007	0.64	0.719	7.0171427477727e-12	21	RAB27A
2.39920047832388e-15	0.283825105387806	0.456	0.345	7.19760143497163e-12	21	PARM1
2.93755723103362e-15	0.518243800172605	0.798	0.765	8.81267169310085e-12	21	RGS2
4.8658371534665e-15	0.295866896897395	0.852	0.833	1.45975114603995e-11	21	RPS27L
6.72880262165988e-15	-0.365070225454717	0.498	0.664	2.01864078649796e-11	21	S1PR4
6.86583559216942e-15	-0.368569837414893	0.344	0.6	2.05975067765083e-11	21	OASL
7.27149302989209e-15	-0.360367243511766	0.706	0.776	2.18144790896763e-11	21	GBP2
8.62016108623037e-15	-0.279057875462334	0.19	0.194	2.58604832586911e-11	21	FCN1
9.86883923542576e-15	0.446072052863174	0.656	0.59	2.96065177062773e-11	21	ZFAND5
1.14113302246596e-14	1.23785261769812	0.537	0.755	3.42339906739787e-11	21	HPGD
1.65562934936031e-14	-0.514959747183571	0.731	0.788	4.96688804808092e-11	21	GCHFR
2.37672327826052e-14	0.349034439697242	0.623	0.585	7.13016983478157e-11	21	EIF2AK4
2.45853863865148e-14	0.26882165086342	0.533	0.427	7.37561591595444e-11	21	ARHGAP31
3.39330155171833e-14	0.459089117252995	0.844	0.737	1.0179904655155e-10	21	NFKBIZ
3.5405087168098e-14	0.465203672606581	0.542	0.538	1.06215261504294e-10	21	CIITA
3.71388371804055e-14	0.32219497386681	0.731	0.691	1.11416511541217e-10	21	ATP2B1
3.74412211966307e-14	0.367795645787485	0.833	0.782	1.12323663589892e-10	21	DEK
4.24527306622017e-14	0.355607689963332	0.627	0.623	1.27358191986605e-10	21	LAT2
4.33693076790089e-14	0.270757169670675	0.604	0.611	1.30107923037027e-10	21	GAA
4.48495373647821e-14	0.359617525409332	0.892	0.758	1.34548612094346e-10	21	HSPB1
6.60929959412813e-14	-0.331197377366748	1	1	1.98278987823844e-10	21	EEF1A1
6.87394312145494e-14	-0.296733062484018	0.731	0.754	2.06218293643648e-10	21	HOXB2
9.5159312507677e-14	0.34131425764641	0.654	0.552	2.85477937523031e-10	21	VAT1
1.0715646945858e-13	0.337091437736736	0.71	0.734	3.2146940837574e-10	21	GK
1.16959865044669e-13	0.40744120878344	0.623	0.613	3.50879595134006e-10	21	JARID2
1.79323645896162e-13	-0.333770299237303	0.958	0.939	5.37970937688485e-10	21	IFITM2
1.83190887830973e-13	-0.40816853784492	0.621	0.806	5.4957266349292e-10	21	UGP2
3.25709475465023e-13	-0.399961742966838	0.585	0.4	9.77128426395069e-10	21	CCL4L1
3.93439508389745e-13	-0.630607588451044	0.51	0.647	1.18031852516924e-09	21	KLF2
4.11699364553141e-13	0.26967921009671	0.671	0.608	1.23509809365942e-09	21	FUOM
4.55124614746271e-13	-0.694500082048866	0.379	0.644	1.36537384423881e-09	21	ICOS
5.61064196342357e-13	0.378787640500927	0.579	0.494	1.68319258902707e-09	21	KYNU
6.25917608866443e-13	0.280115577914542	0.623	0.591	1.87775282659933e-09	21	SLC1A5
7.02508388617652e-13	-0.259774017365153	0.575	0.772	2.10752516585296e-09	21	TMPO
9.24321262757493e-13	0.342130275263393	0.348	0.66	2.77296378827248e-09	21	CPM
1.07556305288164e-12	0.390210805302912	0.792	0.791	3.22668915864492e-09	21	GSTO1
1.13526368634093e-12	0.324848805078684	0.619	0.682	3.4057910590228e-09	21	CFP
1.13715671995275e-12	0.497733575966332	0.504	0.492	3.41147015985824e-09	21	MPEG1
1.34306375654788e-12	-0.649747475623827	0.646	0.754	4.02919126964364e-09	21	APOBEC3G
1.65324044625448e-12	0.445358155173402	0.738	0.62	4.95972133876344e-09	21	IER3
3.36359879310323e-12	0.689396689204959	0.619	0.62	1.00907963793097e-08	21	ACOT7
3.86062809754067e-12	0.26716293827489	0.648	0.626	1.1581884292622e-08	21	SH3TC1
4.64047776091618e-12	0.409387239735354	0.635	0.619	1.39214332827486e-08	21	TRIB1
4.82002727906482e-12	0.382489233153784	0.533	0.448	1.44600818371945e-08	21	ITGAX
5.85813207722252e-12	-0.445306612207385	0.61	0.732	1.75743962316675e-08	21	HNRNPLL
6.25488625791706e-12	0.513670804339672	0.579	0.64	1.87646587737512e-08	21	QPCT
7.56213617238271e-12	-0.348150926595453	0.579	0.721	2.26864085171481e-08	21	PTGER2
8.24827730909673e-12	-0.553428608424298	0.673	0.707	2.47448319272902e-08	21	C12orf75
8.41207989663456e-12	2.80996388811016	0.223	0.557	2.52362396899037e-08	21	TPSB2
8.79868914520949e-12	0.673814188205348	0.567	0.527	2.63960674356285e-08	21	CD9
8.9767257506238e-12	-0.485037158474953	0.583	0.687	2.69301772518714e-08	21	LYST
1.16280668061264e-11	0.285107424469085	0.579	0.561	3.48842004183792e-08	21	GNAQ
1.42542115355999e-11	-0.313277201603932	0.496	0.717	4.27626346067998e-08	21	NMB
1.55503275496239e-11	-0.501497679013121	0.644	0.797	4.66509826488717e-08	21	CTSA
2.19491917746282e-11	0.650807069339604	0.344	0.728	6.58475753238845e-08	21	SPP1
3.55425771376463e-11	1.08604996930251	0.204	0.327	1.06627731412939e-07	21	HDC
3.85497492461826e-11	0.448721079027211	0.554	0.643	1.15649247738548e-07	21	SULF2
4.82113779159690e-11	0.2794267018062	0.708	0.732	1.44634133747907e-07	21	BZW2
5.2074035353585e-11	-0.631399527116049	0.227	0.554	1.56222106060755e-07	21	CD40LG
5.70805995840876e-11	-0.619793452690408	0.581	0.446	1.71241798752263e-07	21	CCL4L2
7.64137056398677e-11	-2.31187609802091	0.688	0.668	2.29241116919603e-07	21	CCL4
8.19747860425513e-11	0.348244407804049	0.762	0.634	2.45924358127654e-07	21	CYB5A
8.51708498955616e-11	0.483547908719967	0.138	0.073	2.55512549686685e-07	21	CNRIP1
8.5617364249657e-11	0.3584751309381	0.294	0.342	2.56852092748971e-07	21	HAMP
9.57476100009673e-11	-0.333616564497708	0.433	0.618	2.87242830002902e-07	21	TNFSF8
1.79211834454934e-10	-0.59153491200668	0.821	0.829	5.37635503364802e-07	21	CARD16
2.17886716959949e-10	-0.656132095126042	0.963	0.958	6.53660150879847e-07	21	KLF6
2.8135356072906e-10	0.2548567122516	0.808	0.828	8.4406068218718e-07	21	SAMHD1
3.37688738328211e-10	-0.367552100659804	0.654	0.686	1.01306621498463e-06	21	TARSL2
3.6636316651427e-10	-0.933035917860418	0.388	0.592	1.09908949954281e-06	21	LOC101060038
4.47821887118578e-10	0.252816062200205	0.535	0.513	1.34346566135574e-06	21	GGTA1P
4.67369568241493e-10	-0.614983344499851	0.798	0.783	1.40210870472448e-06	21	ITGAE
6.81366941868743e-10	0.267297107918171	0.662	0.667	2.04410082560623e-06	21	BCL2L11
8.20899380049557e-10	0.357472954156609	0.773	0.783	2.46269814014867e-06	21	LDLRAD4
1.07507954246787e-09	-0.405960554848448	0.61	0.691	3.22523862740362e-06	21	CCND2
1.6948970080786e-09	1.12101432156249	0.471	0.374	5.08469102423581e-06	21	TMEM176A
1.88484692045446e-09	-0.590358439072126	0.777	0.811	5.65454076136338e-06	21	HMGB2
2.02436737530509e-09	-0.339741377141097	0.533	0.671	6.07310212591526e-06	21	MYC
2.49999443170514e-09	0.296646685095166	0.583	0.54	7.49998329511542e-06	21	SLAMF7
2.99074033316348e-09	-0.570648648258473	0.331	0.566	8.97222099949044e-06	21	XCL1
3.01445283607385e-09	-0.359328075845048	0.912	0.931	9.04335850822155e-06	21	TNFAIP3
3.08341464862264e-09	0.31618562783739	0.635	0.613	9.25024394586793e-06	21	TRAF1
3.27207066810189e-09	0.29471801723662	0.606	0.596	9.81621200430568e-06	21	SEPT11
4.17824972442444e-09	-0.834530320904734	0.817	0.844	1.25347491732733e-05	21	CLEC2B
5.04649042164504e-09	-0.308710319727717	0.608	0.655	1.51394712649351e-05	21	SYTL2
7.02113917934275e-09	-0.285302740861987	0.61	0.689	2.10634175380283e-05	21	CDC14A
8.2413531264564e-09	0.460613680099717	0.721	0.727	2.47240593793692e-05	21	ARHGAP18
8.59031766900722e-09	-0.73270279683706	0.923	0.929	2.57709530070217e-05	21	DDIT4
8.687458431212e-09	-0.369561064195352	0.519	0.673	2.6062375293636e-05	21	METTL12
1.00211031441132e-08	-0.809070691343527	0.54	0.462	3.00633094323397e-05	21	S100A9
1.11803009570215e-08	-0.255732389289296	0.156	0.539	3.35409028710646e-05	21	FASLG
1.17089842882413e-08	0.29796224523981	0.602	0.656	3.51269528647239e-05	21	PON2
1.18353385093465e-08	-0.60402340232695	0.715	0.726	3.55060155280395e-05	21	PIK3R1
1.31738909954605e-08	0.25854009867731	0.452	0.456	3.95216729863816e-05	21	PLEKHM3
1.35856565510598e-08	0.512201259504114	0.733	0.781	4.07569696531793e-05	21	CCR7
1.63813989156397e-08	-0.406012998661796	0.992	0.985	4.9144196746919e-05	21	JUNB
2.97411819846594e-08	-0.731512214912127	0.66	0.657	8.92235459539781e-05	21	PHLDA1
3.85768629486035e-08	0.392769388078727	0.537	0.596	0.00011573058884581	21	IL13RA1
6.05426065469252e-08	0.2745893950294	0.565	0.545	0.000181627819640776	21	SNX10
7.00845322903102e-08	0.885923369942908	0.206	0.377	0.000210253596870931	21	RGS13
1.20783151134687e-07	-0.338122459149262	0.44	0.612	0.00036234945340406	21	SLAMF1
1.45324935127926e-07	-0.624635071353503	0.831	0.845	0.000435974805383779	21	CALM3
1.91257137264362e-07	0.463192971371722	0.485	0.526	0.000573771411793086	21	CD80
2.25959447209239e-07	-0.296022590029043	0.41	0.588	0.000677878341627717	21	ANKRD28
2.43771729094335e-07	-0.777899893410035	0.898	0.895	0.000731315187283004	21	LTB
4.60534243192671e-07	-0.457441722911965	0.223	0.523	0.00138160272957801	21	KLRK1
5.15165240804877e-07	-0.410685584609557	0.483	0.614	0.00154549572241463	21	PELO
5.3415593759545e-07	-0.361703019042432	0.504	0.633	0.00160246781278635	21	FAM107B
5.81672599628646e-07	-0.255819041971061	0.606	0.719	0.00174501779888594	21	CCR6
6.20953906595075e-07	-0.394704723983394	0.998	1	0.00186286171978523	21	RNR2
9.81072168849148e-07	0.264384273866054	0.675	0.778	0.00294321650654744	21	CD38
1.64138729540086e-06	-0.366187378256314	0.275	0.54	0.00492416188620258	21	TRG-AS1
1.65747503645144e-06	-0.258178766283506	0.319	0.593	0.00497242510935431	21	LOC101929065
1.65971534956116e-06	-0.387479062252433	0.613	0.714	0.00497914604868347	21	DDX39A
1.92739320961588e-06	-0.565947456584031	0.977	0.969	0.00578217962884763	21	UBC
1.98132237600056e-06	-1.56443686180179	0.762	0.714	0.00594396712800169	21	GZMB
3.56055847254594e-06	-0.264027761646948	0.375	0.54	0.0106816754176378	21	CISH
5.60743699660728e-06	-1.45872005114275	0.66	0.691	0.0168223109898218	21	GZMK
1.09144153804045e-05	1.51242862304213	0.658	0.72	0.0327432461412136	21	LAMP3
1.3266034846011e-05	1.19700354709523	0.535	0.741	0.0397981045380331	21	CCL22
1.34668741991481e-05	0.783278218415799	0.183	0.315	0.0404006225974442	21	MAOB
