p_val	avg_log2FC	pct.1	pct.2	p_val_adj	cluster	gene
0	0.813806186137069	0.965	0.864	0	7	IL7R
0	0.34016282990897	1	0.999	0	7	RPS12
0	-0.656443343527633	0.996	0.999	0	7	ACTB
0	-0.712339051340055	0.798	0.888	0	7	FKBP1A
1.37866704499611e-297	-0.314487193652679	0.999	0.999	4.13600113498832e-294	7	TMSB4X
8.65307938527478e-295	-0.357747386376365	0.975	0.986	2.59592381558243e-291	7	PFN1
9.11147805376253e-294	-0.565402365826062	0.763	0.835	2.73344341612876e-290	7	ACP5
6.49784135314905e-275	-0.626828303914039	0.79	0.893	1.94935240594471e-271	7	DBI
8.41829297932188e-274	0.623438950722973	0.989	0.984	2.52548789379656e-270	7	JUNB
1.98729863690877e-245	0.669853746359713	0.985	0.98	5.96189591072631e-242	7	FOS
2.04908981271764e-244	-0.359263055250985	0.71	0.774	6.14726943815292e-241	7	HAVCR2
3.88884627585937e-235	-0.255433626837114	0.297	0.446	1.16665388275781e-231	7	RAB31
1.04749742752422e-232	0.597513780477032	0.979	0.973	3.14249228257265e-229	7	JUN
7.70773377136209e-231	-0.674013335980679	0.61	0.766	2.31232013140863e-227	7	CD63
1.00151748056575e-228	0.314921193995622	1	1	3.00455244169726e-225	7	EEF1A1
1.65829001836684e-222	-0.363527875782194	0.6	0.748	4.97487005510051e-219	7	VASP
2.36102663093146e-221	0.774473873486119	0.957	0.935	7.08307989279439e-218	7	DNAJB1
4.24299549752119e-218	-0.550580860659019	0.794	0.834	1.27289864925636e-214	7	SIRPG
2.20571643782126e-217	-0.399909706159472	0.704	0.814	6.61714931346379e-214	7	AP2S1
1.9947075797041e-216	0.863571137503261	0.927	0.9	5.98412273911229e-213	7	IER2
2.82728664162531e-210	-1.08076074638977	0.97	0.983	8.48185992487594e-207	7	CD74
8.73942235085577e-206	-1.03896403829433	0.783	0.811	2.62182670525673e-202	7	HLA-DRB4
1.21904541878602e-203	-0.586702606016833	0.774	0.857	3.65713625635807e-200	7	CTSC
2.25781197526025e-203	-0.35862661387298	0.988	0.996	6.77343592578074e-200	7	TMSB10
4.86516379461662e-201	-2.12644650293323	0.864	0.726	1.45954913838499e-197	7	LOC100293211
1.0311462327525e-197	-0.618385467760921	0.869	0.915	3.09343869825751e-194	7	UCP2
7.8698169832966e-196	0.389958528406394	0.8	0.688	2.36094509498898e-192	7	GZMK
1.62245518527916e-194	-0.536893177452847	0.886	0.938	4.86736555583748e-191	7	TPI1
1.27992808559293e-190	-0.318828106663652	0.973	0.991	3.83978425677879e-187	7	ACTG1
8.19744722155108e-186	-0.325806534788582	0.278	0.384	2.45923416646533e-182	7	MS4A7
6.99323059704326e-182	-0.42122867234303	0.825	0.875	2.09796917911298e-178	7	VDAC1
2.95910388073331e-179	-0.341612039498358	0.97	0.984	8.87731164219993e-176	7	MYL6
9.19958512459797e-179	-0.531201320559896	0.755	0.839	2.75987553737939e-175	7	ANXA5
4.07859457517827e-177	-0.385705503066781	0.924	0.954	1.22357837255348e-173	7	ARPC1B
1.05388649702774e-176	-0.43996985492332	0.806	0.877	3.16165949108323e-173	7	BST2
3.69570274089326e-172	-0.522541651702375	0.657	0.73	1.10871082226798e-168	7	MIR4435-1HG
1.67993187385122e-170	-0.352342726677694	0.871	0.892	5.03979562155367e-167	7	EPSTI1
6.12371035306701e-170	-0.456342200181064	0.774	0.848	1.8371131059201e-166	7	CORO1B
5.32531976590408e-166	0.313739430206364	0.997	0.998	1.59759592977122e-162	7	RPS18
3.92134556437891e-164	-0.470041210793768	0.779	0.867	1.17640366931367e-160	7	GSTP1
4.54387516159862e-164	-0.487463153796857	0.815	0.875	1.36316254847959e-160	7	PKM
1.45102331901403e-160	-0.633296772420397	0.612	0.712	4.35306995704208e-157	7	HLA-DMA
2.2439142343799e-160	-0.364209841525489	0.76	0.835	6.73174270313971e-157	7	VAMP5
5.86864822548116e-159	-0.914613899681595	0.798	0.82	1.76059446764435e-155	7	LOC100996809
1.1546299858547e-149	-0.305792755055841	0.884	0.926	3.46388995756409e-146	7	ATP5G3
1.93194069880236e-149	0.559200293897438	0.985	0.986	5.79582209640708e-146	7	ZFP36
1.74052828514047e-148	-0.340761657414024	0.817	0.879	5.22158485542142e-145	7	PDIA6
6.66968881168714e-148	-0.38101763547542	0.88	0.929	2.00090664350614e-144	7	GABARAP
1.70591056164911e-146	-0.334920214920781	0.693	0.566	5.11773168494733e-143	7	LOC102725101
5.17168909220507e-143	-0.588086010599009	0.672	0.75	1.55150672766152e-139	7	TYMP
1.96497477446752e-142	-0.452728709450627	0.881	0.888	5.89492432340255e-139	7	DNPH1
3.18017933004007e-142	-0.545344092016476	0.936	0.874	9.54053799012021e-139	7	ENTPD1
3.44262951064078e-141	-0.403124346191772	0.844	0.886	1.03278885319223e-137	7	POMP
1.66155601680612e-139	-0.323579887556837	0.935	0.958	4.98466805041837e-136	7	S100A4
5.44923212242627e-139	-0.346914824284075	0.872	0.912	1.63476963672788e-135	7	COX5A
3.10042066416441e-135	-0.347070607385927	0.897	0.927	9.30126199249322e-132	7	PSME2
1.89104828260083e-134	0.450775707679475	0.865	0.774	5.6731448478025e-131	7	TOB1
7.44592836350996e-134	-0.572747565545658	0.798	0.849	2.23377850905299e-130	7	TIGIT
1.1875370368789e-132	-0.271478403151546	0.564	0.66	3.5626111106367e-129	7	NUDT16
1.28274634801926e-132	-0.377104526914603	0.823	0.853	3.84823904405777e-129	7	LIMS1
4.72621798474528e-132	-0.342041391760254	0.67	0.782	1.41786539542358e-128	7	CDK2AP2
5.79027563797164e-131	-0.391399393788563	0.846	0.906	1.73708269139149e-127	7	LY6E
3.27503444768614e-130	-0.362118785990233	0.749	0.827	9.82510334305842e-127	7	HN1
1.03845935164738e-129	-0.309693079398152	0.645	0.722	3.11537805494214e-126	7	PTTG1
1.87017455239528e-128	-0.640873936225965	0.705	0.794	5.61052365718585e-125	7	LGALS1
5.42072056109781e-126	-0.472776617826882	0.764	0.83	1.62621616832934e-122	7	SYNGR2
5.88064368070652e-126	0.810320154806467	0.803	0.743	1.76419310421196e-122	7	FOSB
6.48963742701286e-124	-1.09400548053501	0.439	0.568	1.94689122810386e-120	7	FCER1G
1.26631070437136e-123	0.845223021119636	0.716	0.633	3.79893211311408e-120	7	EGR1
3.03883503181413e-122	-0.326993617723493	0.892	0.92	9.11650509544238e-119	7	GNG5
7.04908366234586e-120	-0.342231548626355	0.693	0.788	2.11472509870376e-116	7	ATP6V0B
8.40984925834423e-120	-0.3274272729192	0.872	0.85	2.52295477750327e-116	7	LGALS9
1.5272401173145e-118	-0.389148950355773	0.756	0.811	4.5817203519435e-115	7	TPM4
2.25840354332524e-117	-0.316667366817149	0.643	0.758	6.77521062997573e-114	7	HMGN3
8.50396003406885e-116	-0.265477003097704	0.703	0.791	2.55118801022065e-112	7	DEK
2.65118811345929e-114	-0.345826754136903	0.757	0.801	7.95356434037788e-111	7	LAP3
4.77678073439088e-114	-0.264761257941505	0.774	0.841	1.43303422031727e-110	7	PRDX5
4.80210015585589e-113	0.428203615711803	0.998	0.998	1.44063004675677e-109	7	RPS8
1.51753512661367e-112	0.468465848585724	0.968	0.95	4.55260537984102e-109	7	CD69
2.92293056504532e-111	-0.272764393218228	0.764	0.844	8.76879169513597e-108	7	CSTB
3.22669319701224e-111	0.403579175066986	0.917	0.895	9.68007959103673e-108	7	DUSP1
4.1582124911109e-111	-0.293851454490396	0.7	0.737	1.24746374733327e-107	7	GK
2.11865664661072e-110	-0.336055414646827	0.984	0.989	6.35596993983215e-107	7	SRGN
3.35323811614628e-110	-0.357745008239773	0.796	0.82	1.00597143484388e-106	7	MTHFD2
4.75600408604681e-110	-0.507532000967057	0.794	0.835	1.42680122581404e-106	7	CARD16
9.28036511320456e-110	-0.385617704757823	0.693	0.781	2.78410953396137e-106	7	TNFRSF1B
1.30506496696512e-107	-0.558194764898723	0.913	0.842	3.91519490089536e-104	7	IGLL5
4.67749496150354e-107	-0.297748106607801	0.676	0.767	1.40324848845106e-103	7	CMTM6
2.6403404465184e-106	0.510466290801702	0.96	0.96	7.92102133955519e-103	7	CXCR4
2.9476318242444e-106	-0.324457100016843	0.789	0.85	8.84289547273319e-103	7	CALM3
1.04971951066729e-100	-0.294199383242818	0.725	0.773	3.14915853200188e-97	7	PLSCR1
4.14821379682499e-98	-0.25911092902693	0.909	0.936	1.2444641390475e-94	7	LSP1
3.25260624426562e-96	-0.336897102511378	0.764	0.812	9.75781873279686e-93	7	ISG15
7.06369106806743e-96	0.528745010586953	0.978	0.972	2.11910732042023e-92	7	NFKBIA
2.78551473291651e-95	-0.556235904201673	0.719	0.776	8.35654419874952e-92	7	CTSS
1.43007302241265e-93	-0.519350365971594	0.647	0.712	4.29021906723796e-90	7	LAG3
6.7022453784161e-91	-0.286500165671085	0.733	0.817	2.01067361352483e-87	7	HMGB2
1.55110356269729e-90	0.384873128002249	0.992	0.994	4.65331068809188e-87	7	RPLP0
1.83205985599265e-89	-0.343076101302271	0.83	0.872	5.49617956797794e-86	7	CTSD
7.29625974447782e-89	-0.638745882753159	0.549	0.632	2.18887792334335e-85	7	HLA-DRB1
2.05079618791793e-88	-0.279668657379595	0.752	0.801	6.1523885637538e-85	7	ATOX1
6.56038751010167e-88	-0.362899251764234	0.88	0.904	1.9681162530305e-84	7	PGAM1
6.63047680245684e-88	-0.296814803726917	0.575	0.436	1.98914304073705e-84	7	C1QC
1.20452847145515e-87	-0.25242783033832	0.705	0.798	3.61358541436546e-84	7	ITM2A
7.09069021751104e-82	-0.393046675077218	0.804	0.856	2.12720706525331e-78	7	ANXA2
1.20805339921562e-81	-0.27106853535601	0.632	0.721	3.62416019764686e-78	7	RAB27A
1.30993749725895e-81	-0.496559340271616	0.624	0.673	3.92981249177685e-78	7	LOC101928173
1.20213113516671e-80	0.663690688237579	0.91	0.909	3.60639340550013e-77	7	BTG2
4.34722427558922e-80	-0.312652890156354	0.848	0.875	1.30416728267677e-76	7	TALDO1
2.36965442905222e-79	-0.319481121060406	0.758	0.8	7.10896328715667e-76	7	PYCARD
5.58427478240793e-77	-0.261732534822788	0.857	0.894	1.67528243472238e-73	7	CALR
5.66723533359449e-75	-0.260943624150782	0.579	0.674	1.70017060007835e-71	7	PTPN22
4.03965248751753e-74	-0.279675229754991	0.741	0.743	1.21189574625526e-70	7	LAIR2
7.88680188548479e-74	-0.272724380856613	0.743	0.8	2.36604056564544e-70	7	BANF1
2.29180550140768e-72	-0.756638865908463	0.863	0.847	6.87541650422304e-69	7	CTLA4
1.19629967292182e-71	0.584394467444355	0.868	0.845	3.58889901876547e-68	7	HSPA1B
1.11687670595187e-69	-0.272207697745407	0.627	0.687	3.35063011785562e-66	7	ABI3
5.7607414268248e-68	-0.253263535999586	0.626	0.716	1.72822242804744e-64	7	C12orf75
2.55407494957155e-67	-0.35687729455046	0.487	0.564	7.66222484871465e-64	7	ZEB2
1.96189689906068e-65	-0.37300326178293	0.742	0.775	5.88569069718205e-62	7	IGFLR1
3.69991942937284e-65	-1.08515183044257	0.617	0.615	1.10997582881185e-61	7	GZMH
3.18720082975339e-64	-0.461402083831528	0.76	0.781	9.56160248926017e-61	7	DUSP4
2.4470630737143e-63	-0.584629445574205	0.794	0.809	7.3411892211429e-60	7	CTSB
1.74882834524717e-60	-1.42631526609087	0.717	0.57	5.24648503574151e-57	7	LOC102725018
1.17565261207054e-59	0.362146131968062	0.759	0.72	3.52695783621161e-56	7	PTGER2
3.09056558662297e-59	0.534130468381055	0.948	0.93	9.27169675986892e-56	7	TNFAIP3
1.12234875436586e-58	-0.442349933567401	0.566	0.632	3.36704626309757e-55	7	GLUL
2.54070227454518e-58	-0.250164347868159	0.523	0.609	7.62210682363555e-55	7	TPST2
3.67612447449534e-57	-0.398033850457741	0.774	0.792	1.1028373423486e-53	7	RBPJ
4.17877524904415e-56	0.690437344965308	0.84	0.816	1.25363257471325e-52	7	GADD45B
6.14584738103358e-56	-0.291435985525251	0.841	0.873	1.84375421431007e-52	7	TXN
8.58743268253884e-56	-1.45774787077524	0.733	0.714	2.57622980476165e-52	7	GZMB
4.52702211558694e-53	0.317904348496652	0.826	0.783	1.35810663467608e-49	7	GCHFR
5.37908964277533e-53	-0.292617592251879	0.828	0.827	1.6137268928326e-49	7	IFI6
6.99608758438753e-53	0.534190032428224	0.903	0.902	2.09882627531626e-49	7	PPP1R15A
9.98665821956849e-53	-0.291556857141873	0.739	0.723	2.99599746587055e-49	7	SMCO4
1.12845551284128e-51	0.283952720249315	0.804	0.724	3.38536653852385e-48	7	UPP1
1.49341922126037e-50	0.303187786165482	0.924	0.906	4.48025766378111e-47	7	HIST1H4C
1.96280798955487e-50	-0.404467769406954	0.507	0.566	5.8884239686646e-47	7	KLRC1
9.91101941501374e-50	0.310167694107001	0.979	0.983	2.97330582450412e-46	7	TSC22D3
2.09012165209489e-49	-0.29315990292266	0.923	0.932	6.27036495628468e-46	7	S100A11
4.86998893646253e-49	-0.266287009769814	0.397	0.45	1.46099668093876e-45	7	CCL4L2
1.69212738689292e-48	0.433848271362115	0.87	0.81	5.07638216067875e-45	7	ANXA1
2.36442825386088e-48	0.35949449858869	0.69	0.631	7.09328476158263e-45	7	ERN1
1.24592842431665e-47	-0.264499415416152	0.413	0.48	3.73778527294995e-44	7	FGR
1.30639319190202e-47	-0.257968163294976	0.845	0.866	3.91917957570606e-44	7	YWHAQ
7.93980182563497e-46	-0.370348261556438	0.767	0.67	2.38194054769049e-42	7	SPI1
1.00593349866883e-45	-0.37941749888917	0.705	0.549	3.01780049600648e-42	7	C1QB
5.57159843503413e-45	-0.262541641010125	0.769	0.778	1.67147953051024e-41	7	IL6ST
6.80774792679213e-45	-1.84223230227536	0.61	0.658	2.04232437803764e-41	7	IFI30
2.57778335169938e-43	0.264149016835677	0.738	0.685	7.73335005509815e-40	7	CDC14A
3.46248713209452e-43	-0.380684355786704	0.713	0.74	1.03874613962836e-39	7	STMN1
1.07952781834987e-41	-0.570024323859147	0.841	0.848	3.23858345504962e-38	7	GPX1
6.68338970379216e-40	-0.314787081220792	0.555	0.586	2.00501691113765e-36	7	KLRC3
1.68742285904492e-39	-2.23223747530927	0.903	0.825	5.06226857713477e-36	7	IGJ
7.59992608458893e-39	-0.889849380386011	0.663	0.676	2.27997782537668e-35	7	HLA-DQB1
1.01249326769751e-38	0.270304032668498	0.667	0.597	3.03747980309254e-35	7	LOC100130476
3.55725657172182e-38	-0.45595270976463	0.909	0.918	1.06717697151655e-34	7	CD7
9.83343715891561e-38	-0.412522960603097	0.654	0.711	2.95003114767468e-34	7	RHOB
2.52625707741071e-37	-1.74353795602369	0.519	0.567	7.57877123223212e-34	7	CST3
6.24098840324706e-36	-0.309492210425418	0.742	0.756	1.87229652097412e-32	7	APOBEC3G
2.11867683476725e-35	-2.20065081704564	0.708	0.697	6.35603050430175e-32	7	CXCL13
1.75881818987228e-34	-0.346685937583659	0.638	0.667	5.27645456961685e-31	7	CAPG
1.43959698736939e-33	-0.334358584407416	0.705	0.716	4.31879096210817e-30	7	NMB
9.9214149006565e-32	-0.400052377071665	0.365	0.397	2.97642447019695e-28	7	C15orf48
1.20002529455906e-31	-0.811451098647836	0.601	0.601	3.60007588367718e-28	7	CCL3
2.73870295935256e-31	0.60511218254773	0.823	0.807	8.21610887805767e-28	7	TUBA1A
2.97709012354603e-31	0.272063206147793	0.764	0.726	8.9312703706381e-28	7	ICAM2
4.78069784517098e-31	0.462538761976682	0.676	0.644	1.4342093535513e-27	7	KLF2
3.6084977172724e-30	-0.813689978876833	0.574	0.615	1.08254931518172e-26	7	GNLY
2.52639804878133e-29	-0.336352022269155	0.788	0.835	7.57919414634398e-26	7	IFITM3
3.0245066015999e-29	-0.262613700795777	0.875	0.914	9.07351980479969e-26	7	SAT1
3.3109635288275e-29	-0.437128190702485	0.865	0.8	9.93289058648249e-26	7	APOC1
6.07156053483054e-29	0.27732562056223	0.685	0.647	1.82146816044916e-25	7	MARCKSL1
7.77614101221064e-27	0.367408589549994	0.817	0.81	2.33284230366319e-23	7	CLDND1
1.80156473981945e-26	-0.627651884619564	0.841	0.814	5.40469421945834e-23	7	TNFRSF18
2.56513737750619e-26	0.638933743475115	0.699	0.672	7.69541213251857e-23	7	TNF
1.7776498665889e-25	0.272897117487877	0.687	0.648	5.3329495997667e-22	7	ZC3H12A
4.71510750601839e-25	-0.478333095848556	0.654	0.649	1.41453225180552e-21	7	KLRC2
9.56659643298763e-25	-0.321436448706521	0.63	0.548	2.86997892989629e-21	7	MS4A1
4.05851209696917e-24	0.258078806672187	0.815	0.782	1.21755362909075e-20	7	NOSIP
1.02285312687881e-23	-0.282170596524405	0.74	0.595	3.06855938063642e-20	7	LINC01272
1.4309155289991e-23	0.402697483537646	0.599	0.553	4.2927465869973e-20	7	PPP1R2P9
5.29105516336763e-23	0.578585727782993	0.792	0.79	1.58731654901029e-19	7	TUBB4B
1.38631301131135e-22	-0.391383367991926	0.818	0.817	4.15893903393405e-19	7	PSAP
1.39184845951038e-22	0.254493885412255	0.719	0.678	4.17554537853115e-19	7	PPP1R10
3.83849684454476e-22	-0.472421660219328	0.681	0.677	1.15154905336343e-18	7	GRN
5.79919662564907e-22	-0.253668252324505	0.635	0.536	1.73975898769472e-18	7	C1orf162
1.59387568704536e-21	-0.381534792838091	0.157	0.185	4.78162706113609e-18	7	FCN1
2.11058163634349e-21	-0.283571067503663	0.58	0.57	6.33174490903048e-18	7	HLA-DRB3
9.32161662013294e-21	-0.51639759879733	0.812	0.784	2.79648498603988e-17	7	BATF
1.36334825302943e-20	-0.703151672136989	0.71	0.742	4.0900447590883e-17	7	AIF1
2.80463757485647e-20	-1.06217669572584	0.438	0.44	8.41391272456941e-17	7	S100A8
7.96090710672688e-20	0.417933253454899	0.951	0.958	2.38827213201806e-16	7	KLF6
9.93601447350353e-20	0.39795151257962	0.626	0.589	2.98080434205106e-16	7	TUBB2A
1.00691638046475e-19	-0.294393900681118	0.687	0.704	3.02074914139425e-16	7	NAMPT
1.40693846921836e-19	-1.89288900733389	0.557	0.556	4.22081540765509e-16	7	LYZ
1.89403247047814e-19	0.545537489897625	0.744	0.737	5.68209741143441e-16	7	NR4A1
3.4961760418249e-19	-0.358264694375156	0.754	0.603	1.04885281254747e-15	7	MS4A6A
1.05368681580454e-18	0.31634590425693	0.991	0.985	3.16106044741361e-15	7	PABPC1
2.4846746431616e-18	0.460824616074706	0.978	0.981	7.45402392948479e-15	7	HSPA8
3.29618406426807e-18	0.474617670312417	0.96	0.963	9.88855219280422e-15	7	HSP90AB1
3.6698790344469e-18	-0.297760924194801	0.763	0.76	1.10096371033407e-14	7	CXCR6
3.37016459321327e-16	0.264679539263259	0.822	0.801	1.01104937796398e-12	7	HSPH1
5.05452793416131e-15	-0.882735569024112	0.533	0.571	1.51635838024839e-11	7	BMS1P20
3.8491328960042e-14	-0.31305264742174	0.623	0.634	1.15473986880126e-10	7	APOE
1.77749431361856e-13	0.332185094782355	0.72	0.686	5.33248294085567e-10	7	PTGER4
3.22137042161547e-13	0.341374961751236	0.789	0.776	9.66411126484643e-10	7	TAGAP
4.13126430546893e-13	0.339985845431718	0.68	0.698	1.23937929164068e-09	7	LYAR
6.81412914006003e-13	-0.389861102353733	0.869	0.825	2.04423874201801e-09	7	FOXP3
1.02769107924049e-12	0.265063354931981	0.724	0.725	3.08307323772148e-09	7	PIK3R1
1.13897919912641e-12	0.307379162382681	0.7	0.654	3.41693759737923e-09	7	CDKN1A
2.15875049167911e-12	0.465302904098351	0.729	0.742	6.47625147503733e-09	7	DDIT3
3.11200503632376e-12	-0.478386763606599	0.84	0.808	9.33601510897127e-09	7	CTSH
6.00479049638486e-12	-0.339840421326254	0.451	0.426	1.80143714891546e-08	7	FCGR3A
1.03794981258783e-11	0.360946722085584	0.67	0.668	3.11384943776349e-08	7	METTL12
1.48002031164436e-11	-0.311624359235405	0.583	0.5	4.44006093493308e-08	7	CYBB
1.48328435780142e-11	-0.255862937973059	0.679	0.621	4.44985307340425e-08	7	KIR2DL4
1.79791103734082e-11	-1.00943995685411	0.798	0.768	5.39373311202247e-08	7	NKG7
2.46823866965845e-11	-1.07202613251564	0.461	0.451	7.40471600897536e-08	7	S100A9
5.69814654357202e-11	-0.64849205607125	0.683	0.667	1.70944396307161e-07	7	CCL4
7.37927408987146e-11	0.403855578001723	0.71	0.714	2.21378222696144e-07	7	H2AFX
1.36053774415785e-10	0.53046197521399	0.594	0.578	4.08161323247356e-07	7	RGCC
4.64025263512225e-10	0.36485270444481	0.834	0.829	1.39207579053668e-06	7	TUBA4A
1.69374280785701e-09	0.28746595018232	0.726	0.715	5.08122842357102e-06	7	IFRD1
2.81063073730637e-09	-0.285370863509767	0.811	0.817	8.43189221191911e-06	7	LGALS3
3.0672129653613e-09	-0.48103918820459	0.762	0.747	9.20163889608391e-06	7	PRF1
8.72670969579829e-09	0.528399531650984	0.804	0.848	2.61801290873949e-05	7	SERTAD1
1.63278300323578e-08	-0.313155626130135	0.836	0.848	4.89834900970735e-05	7	CST7
2.0936622802297e-08	0.303759701915592	0.756	0.76	6.28098684068911e-05	7	TSPYL2
2.2061049977064e-08	-0.361913331069349	0.659	0.627	6.6183149931192e-05	7	C1QA
5.58818435054108e-08	-0.283682378516833	0.519	0.45	0.000167645530516233	7	PTGDS
1.60468726268428e-07	-0.262426264459238	0.762	0.704	0.000481406178805284	7	MNDA
3.96401860211191e-07	-0.598927312570886	0.917	0.789	0.00118920558063357	7	CCL5
1.08276559365748e-06	0.292102153625328	0.99	0.979	0.00324829678097245	7	VIM
3.55312928625198e-06	0.265222750318666	0.66	0.657	0.0106593878587559	7	MYADM
7.56267643456463e-06	-0.257616919711148	0.754	0.743	0.0226880293036939	7	CD4
9.91872305121011e-06	0.397204832232976	0.964	0.967	0.0297561691536303	7	HSP90AA1
