p_val	avg_log2FC	pct.1	pct.2	p_val_adj	cluster	gene
0	1.41892098591086	0.926	0.876	0	1	SELL
0	1.19809345840902	0.992	0.872	0	1	IL7R
0	1.01879087262738	0.854	0.782	0	1	CCR7
0	0.88631335688047	0.878	0.778	0	1	NOSIP
0	0.829508000289362	0.959	0.886	0	1	LTB
0	0.804388863376414	0.772	0.595	0	1	TCF7
0	0.793673914565661	0.835	0.716	0	1	LEF1
0	0.775214803302856	0.868	0.853	0	1	MAL
0	0.732420852171155	0.818	0.779	0	1	PASK
0	0.721802425296942	1	0.999	0	1	RPS12
0	0.698470383357446	0.995	0.986	0	1	PABPC1
0	0.676811129280167	0.999	0.997	0	1	RPS18
0	0.659814627643545	0.986	0.961	0	1	LDHB
0	0.612141743411444	1	1	0	1	EEF1A1
0	0.59827446070771	0.705	0.582	0	1	PRKCQ-AS1
0	0.567929334908643	0.999	0.998	0	1	RPS8
0	0.56092310460646	0.997	0.994	0	1	RPLP0
0	0.55818609081047	0.797	0.683	0	1	S1PR1
0	0.547274117470481	0.995	0.983	0	1	JUNB
0	0.535975424681205	0.694	0.543	0	1	CD40LG
0	0.534455494098019	0.807	0.726	0	1	ICAM2
0	0.516164071768782	0.912	0.773	0	1	TOB1
0	0.499003331853314	0.721	0.661	0	1	MYC
0	0.491329492910904	0.872	0.759	0	1	BIRC3
0	0.468797489695228	0.756	0.663	0	1	SESN3
0	0.457689513522442	0.729	0.553	0	1	FXYD7
0	0.452717671337815	0.796	0.611	0	1	TNFSF8
0	0.44309396730105	1	1	0	1	RPLP1
0	0.442813375283725	0.887	0.795	0	1	IMPDH2
0	0.41681886295042	0.792	0.74	0	1	LOC102724246
0	0.409861379222696	0.992	0.979	0	1	FOS
0	0.397271829066708	0.717	0.603	0	1	LOC100996286
0	0.396076198376622	0.829	0.726	0	1	PTGER2
0	0.39259959894657	0.677	0.542	0	1	FXYD1
0	0.388180988266263	0.714	0.589	0	1	TAF4B
0	0.382109406600461	0.785	0.757	0	1	FAAH2
0	0.380553527638897	0.9	0.785	0	1	CDO1
0	0.37966983652252	0.805	0.681	0	1	PLAC8
0	0.287833832927077	0.638	0.46	0	1	ANK3
0	-0.251156839792436	0.618	0.811	0	1	LAYN
0	-0.253572869320811	0.424	0.614	0	1	CPNE7
0	-0.255211685718899	0.651	0.784	0	1	HMOX1
0	-0.272984175989136	0.533	0.823	0	1	CD38
0	-0.287665824012998	0.458	0.74	0	1	MNDA
0	-0.290356789698869	0.822	0.843	0	1	OAS1
0	-0.304936589169585	0.341	0.654	0	1	LINC01272
0	-0.318085602613915	0.462	0.638	0	1	APLP2
0	-0.31938216322944	0.427	0.666	0	1	KIR2DL4
0	-0.321302858488599	0.571	0.699	0	1	CD70
0	-0.321347629607186	0.691	0.759	0	1	IKZF2
0	-0.321564526910815	0.605	0.769	0	1	TNFRSF9
0	-0.323542637419803	0.618	0.778	0	1	LAIR2
0	-0.325860022144857	0.565	0.709	0	1	IL21R
0	-0.326023719529258	0.504	0.718	0	1	USP11
0	-0.328669430135059	0.345	0.647	0	1	LOC102724850
0	-0.330026344974868	0.485	0.672	0	1	HSH2D
0	-0.336638917575028	0.602	0.765	0	1	GK
0	-0.337365629784708	0.494	0.733	0	1	SKA2
0	-0.337651015328304	0.208	0.397	0	1	MS4A7
0	-0.340225446338715	0.429	0.624	0	1	HLA-DMB
0	-0.364141949685137	0.463	0.685	0	1	WARS
0	-0.371552865790968	0.457	0.629	0	1	PLEK
0	-0.379152428246614	0.329	0.695	0	1	TNIP3
0	-0.380379981681686	0.489	0.683	0	1	APOBEC3H
0	-0.380656352290118	0.738	0.761	0	1	JAKMIP1
0	-0.388081221060875	0.727	0.779	0	1	PLSCR1
0	-0.388405841632738	0.705	0.804	0	1	PRDX3
0	-0.393875481514634	0.546	0.686	0	1	SRRT
0	-0.394768848585878	0.676	0.79	0	1	SMS
0	-0.398865885899784	0.653	0.765	0	1	EIF4EBP1
0	-0.402995918910492	0.646	0.791	0	1	COMT
0	-0.405420600544785	0.635	0.773	0	1	APOBEC3C
0	-0.426802063543708	0.842	0.899	0	1	EPSTI1
0	-0.42937418098471	0.999	0.999	0	1	COX1
0	-0.432600544939435	0.742	0.811	0	1	ATOX1
0	-0.434654278703844	0.739	0.814	0	1	ATP6V0D1
0	-0.435204654087761	0.75	0.838	0	1	KDELR2
0	-0.435619093430237	0.698	0.807	0	1	PSMA4
0	-0.437331001643424	0.685	0.797	0	1	HAVCR2
0	-0.440509314220876	0.631	0.765	0	1	HSBP1
0	-0.457766364698933	0.647	0.754	0	1	VASP
0	-0.461949167092809	0.675	0.802	0	1	GBP2
0	-0.474405357129578	0.69	0.796	0	1	PHPT1
0	-0.482633925007911	0.797	0.856	0	1	MT1E
0	-0.498585538547506	0.734	0.809	0	1	PYCARD
0	-0.505556218576196	0.779	0.902	0	1	DNPH1
0	-0.515076392722757	0.711	0.803	0	1	BTG3
0	-0.516928944677601	0.8	0.881	0	1	TALDO1
0	-0.528302114775424	0.716	0.815	0	1	LAP3
0	-0.528625541972665	0.629	0.757	0	1	TOX
0	-0.530150734626092	0.732	0.834	0	1	ARL6IP1
0	-0.542935465747323	0.737	0.831	0	1	RNF19A
0	-0.568170315016548	0.656	0.784	0	1	IGFLR1
0	-0.568782758165089	0.52	0.67	0	1	MAP3K8
0	-0.571428678074014	0.801	0.868	0	1	ATP6V1F
0	-0.576883251069601	0.427	0.626	0	1	TPST2
0	-0.584708297509131	0.786	0.887	0	1	VDAC1
0	-0.587895496471169	0.746	0.848	0	1	PRDX5
0	-0.592254513748161	0.62	0.722	0	1	IL2RB
0	-0.597139844694373	0.726	0.834	0	1	HN1
0	-0.600335431323908	0.634	0.735	0	1	PTTG1
0	-0.602963013037907	0.999	0.999	0	1	TMSB4X
0	-0.60461781278557	0.531	0.716	0	1	CLIC3
0	-0.615220283671938	0.809	0.883	0	1	PDIA6
0	-0.615786176356025	0.667	0.781	0	1	RGS2
0	-0.621341942076657	0.81	0.877	0	1	YWHAQ
0	-0.630403700352099	0.682	0.827	0	1	AP2S1
0	-0.630886582082636	0.752	0.856	0	1	CSTB
0	-0.632780842355603	0.709	0.822	0	1	TPM4
0	-0.644848379852087	0.807	0.897	0	1	PMAIP1
0	-0.646222119612345	0.708	0.822	0	1	ISG15
0	-0.657267439686163	0.743	0.815	0	1	ATF3
0	-0.657742357577849	0.659	0.798	0	1	CDK2AP2
0	-0.659983771746265	0.888	0.932	0	1	ATP5G3
0	-0.661483903922585	0.865	0.887	0	1	ENTPD1
0	-0.664984397171053	0.563	0.696	0	1	LOC101928173
0	-0.66854901741462	0.931	0.954	0	1	ARPC1B
0	-0.674035907220267	0.593	0.736	0	1	RAB27A
0	-0.676854908796654	0.696	0.802	0	1	ITGAE
0	-0.676871284464029	0.548	0.702	0	1	RUNX3
0	-0.67803343260957	0.569	0.708	0	1	LYST
0	-0.682861096421072	0.877	0.93	0	1	GABARAP
0	-0.687915156012143	0.936	0.962	0	1	CORO1A
0	-0.689152067996595	0.813	0.879	0	1	PKM
0	-0.698192315502283	0.731	0.786	0	1	ID2
0	-0.69835761419144	0.78	0.841	0	1	SH2D2A
0	-0.71606329778718	0.876	0.925	0	1	GNG5
0	-0.719256046494827	0.693	0.798	0	1	CD97
0	-0.721589227686882	0.723	0.79	0	1	TNFRSF1B
0	-0.722245893274447	0.848	0.91	0	1	PGAM1
0	-0.722599150557522	0.818	0.922	0	1	COX5A
0	-0.729346192612305	0.674	0.848	0	1	ACP5
0	-0.730089437981689	0.753	0.847	0	1	CARD16
0	-0.730558116948451	0.472	0.714	0	1	ABI3
0	-0.733060676867268	0.727	0.783	0	1	FABP5
0	-0.734237899522919	0.749	0.813	0	1	PDCD1
0	-0.740379494354467	0.817	0.879	0	1	TXN
0	-0.741380662374369	0.537	0.78	0	1	AIF1
0	-0.743648278155721	0.724	0.866	0	1	CALM3
0	-0.744832840440995	0.949	0.973	0	1	UBC
0	-0.745958100592165	0.689	0.868	0	1	SIRPG
0	-0.747920021344029	0.66	0.818	0	1	RBPJ
0	-0.753524632926406	0.968	0.982	0	1	SH3BGRL3
0	-0.783153081663378	0.603	0.726	0	1	C12orf75
0	-0.786184406746852	0.583	0.761	0	1	CXCR3
0	-0.796571693309225	0.608	0.723	0	1	CKLF
0	-0.799976678407541	0.568	0.677	0	1	KLRC2
0	-0.800614018647829	0.995	0.995	0	1	GAPDH
0	-0.806415754041426	0.848	0.912	0	1	LY6E
0	-0.807526664250866	0.915	0.946	0	1	S100A6
0	-0.814387684047797	0.944	0.965	0	1	S100A4
0	-0.820449183523446	0.841	0.897	0	1	HERPUD1
0	-0.824793937747613	0.889	0.941	0	1	CRIP1
0	-0.829585953460012	0.97	0.984	0	1	CFL1
0	-0.834601672269181	0.566	0.719	0	1	HLA-DMA
0	-0.842408260913511	0.776	0.851	0	1	ANXA5
0	-0.858917847131206	0.624	0.745	0	1	MIR4435-1HG
0	-0.859158883408137	0.815	0.85	0	1	ALOX5AP
0	-0.867566014421025	0.768	0.886	0	1	BST2
0	-0.888201420991149	0.889	0.944	0	1	TPI1
0	-0.888258666858552	0.965	0.957	0	1	IL32
0	-0.889430451440126	0.797	0.897	0	1	DBI
0	-0.895955079246992	0.885	0.932	0	1	MT2A
0	-0.899195009343618	0.75	0.838	0	1	LGALS3
0	-0.90042411429588	0.761	0.853	0	1	HSPA1A
0	-0.901416657798173	0.849	0.936	0	1	PSME2
0	-0.912332554171676	0.415	0.59	0	1	KLRC1
0	-0.913643974140331	0.766	0.905	0	1	FKBP1A
0	-0.920002011788266	0.743	0.903	0	1	POMP
0	-0.920693338097306	0.59	0.762	0	1	TYMP
0	-0.92504592427571	0.354	0.706	0	1	CMC1
0	-0.936991301873717	0.476	0.652	0	1	AOAH
0	-0.952536274802232	0.974	0.987	0	1	PFN1
0	-0.955391228542152	0.605	0.72	0	1	RHOB
0	-0.959022383303632	0.998	0.999	0	1	ACTB
0	-0.96416767620362	0.804	0.925	0	1	UCP2
0	-0.969220948444919	0.682	0.886	0	1	CTLA4
0	-0.983053873598555	0.58	0.799	0	1	CXCR6
0	-0.990118685610987	0.57	0.679	0	1	HLA-DQB1
0	-0.991504009459318	0.771	0.864	0	1	ANXA2
0	-1.05660385546458	0.959	0.986	0	1	MYL6
0	-1.06815636774169	0.979	0.993	0	1	SRGN
0	-1.06931295065976	0.656	0.774	0	1	CD63
0	-1.07072834454236	0.756	0.861	0	1	CLEC2B
0	-1.08299145103559	0.766	0.794	0	1	LINC00152
0	-1.08563177426645	0.78	0.863	0	1	TIGIT
0	-1.09977548753263	0.746	0.877	0	1	GSTP1
0	-1.10350613006662	0.897	0.932	0	1	CD7
0	-1.11800423259131	0.431	0.59	0	1	KLRD1
0	-1.13071758289712	0.869	0.941	0	1	LSP1
0	-1.14164198551708	0.757	0.865	0	1	CTSC
0	-1.16107817535126	0.58	0.788	0	1	APOBEC3G
0	-1.17193011370345	0.371	0.591	0	1	XCL1
0	-1.2412366075169	0.445	0.757	0	1	LAG3
0	-1.26690555887099	0.745	0.891	0	1	CTSD
0	-1.30441039476238	0.533	0.817	0	1	DUSP4
0	-1.32863675011506	0.74	0.823	0	1	LOC100996809
0	-1.45674970968312	0.839	0.942	0	1	RGS1
0	-1.459579043767	0.622	0.827	0	1	HLA-DRB4
0	-1.48791948805781	0.654	0.72	0	1	CD8A
0	-1.50287125060264	0.468	0.667	0	1	IFNG
0	-1.53485842120844	0.638	0.812	0	1	LGALS1
0	-1.57815356288616	0.708	0.79	0	1	CTSW
0	-1.63316885627422	0.519	0.733	0	1	GZMK
0	-1.65684184394205	0.386	0.641	0	1	CCL3
0	-1.90939808623335	0.528	0.793	0	1	PRF1
0	-1.94012796418314	0.496	0.675	0	1	IFI30
0	-2.01784615427838	0.264	0.672	0	1	GZMH
0	-2.07083355606747	0.955	0.985	0	1	CD74
0	-2.19171404807704	0.363	0.655	0	1	GNLY
0	-2.19763358060089	0.846	0.727	0	1	LOC100293211
0	-2.34193823081881	0.67	0.883	0	1	CST7
0	-2.59356886676466	0.588	0.723	0	1	CXCL13
0	-2.71667267274092	0.57	0.824	0	1	GZMA
0	-2.81782418527854	0.466	0.76	0	1	GZMB
0	-3.11837140956922	0.527	0.842	0	1	CCL5
0	-3.37808204147848	0.375	0.717	0	1	CCL4
0	-3.38146042604561	0.557	0.808	0	1	NKG7
3.18024092746301e-307	-0.611411203167586	0.726	0.829	9.54072278238902e-304	1	HMGB2
2.53721729944364e-304	0.464182802009147	0.796	0.719	7.61165189833091e-301	1	SOCS3
1.63867130237196e-296	0.533889157999082	0.896	0.811	4.91601390711587e-293	1	GADD45B
2.93720512291249e-296	0.443913544146548	0.748	0.689	8.81161536873748e-293	1	TESPA1
4.04175852487823e-295	-1.13519287679255	0.268	0.459	1.21252755746347e-291	1	S100A8
1.28256978573989e-293	-0.30880980163808	0.703	0.818	3.84770935721967e-290	1	SNRPE
2.64549764725197e-288	-0.62627487810025	0.843	0.903	7.93649294175591e-285	1	PRDX1
7.41636882629448e-288	0.362567147166545	0.817	0.839	2.22491064788834e-284	1	TXK
1.8148036787166e-286	0.327714847575477	0.774	0.725	5.44441103614981e-283	1	CCR6
2.56533850116794e-286	-0.919803953755045	0.762	0.861	7.69601550350383e-283	1	GPX1
9.66409219906033e-284	-0.534078785229527	0.761	0.841	2.8992276597181e-280	1	RPS27L
1.13302086840884e-283	0.261002196577262	0.949	0.906	3.39906260522651e-280	1	HIST1H4C
9.49224132106021e-282	-0.453847063735203	0.989	0.989	2.84767239631806e-278	1	ACTG1
1.21700733082496e-281	-0.869837517705405	0.742	0.828	3.65102199247488e-278	1	CLDND1
3.47341388416409e-280	-0.564913648380532	0.676	0.753	1.04202416524923e-276	1	STMN1
7.97113824219083e-278	0.315647537003618	0.755	0.62	2.39134147265725e-274	1	ILF3-AS1
1.48203752521995e-274	-0.28062868808291	0.582	0.664	4.44611257565986e-271	1	MPST
3.59514302960511e-274	-0.596851587880605	0.748	0.82	1.07854290888153e-270	1	ITGB2
1.29864757635972e-273	-0.339441328897411	0.691	0.767	3.89594272907915e-270	1	MX1
3.47701091150975e-273	-0.437209824327538	0.531	0.623	1.04310327345292e-269	1	PLA2G16
2.55036219970799e-268	-0.56222914599363	0.79	0.877	7.65108659912396e-265	1	HSP90B1
5.790788673433e-268	-0.542158967735066	0.535	0.607	1.7372366020299e-264	1	KLRC3
5.27689895579944e-266	-0.554839419459083	0.817	0.864	1.58306968673983e-262	1	DYNLL1
9.23913968301966e-263	-0.31149882367945	0.517	0.624	2.7717419049059e-259	1	PECAM1
2.54937079241605e-261	-0.261852843627221	0.565	0.691	7.64811237724816e-258	1	CDK6
1.53569677344742e-258	-0.264307539696993	0.687	0.765	4.60709032034226e-255	1	MIS18BP1
1.65760622605189e-256	0.313948306808515	0.697	0.549	4.97281867815567e-253	1	RAPGEF6
1.87273888680779e-254	-0.281295275349391	0.829	0.842	5.61821666042338e-251	1	IL1R2
8.18028208627926e-254	-0.567512952031147	0.891	0.92	2.45408462588378e-250	1	CALM2
1.29936715224391e-252	-0.321050721025253	0.999	0.999	3.89810145673172e-249	1	COX2
9.78464399092685e-252	-0.532577792296751	0.792	0.832	2.93539319727806e-248	1	IFI6
1.09926038978852e-251	-0.577815667013708	0.89	0.928	3.29778116936557e-248	1	ENO1
4.18963036228798e-249	-0.670054486286886	0.817	0.767	1.25688910868639e-245	1	MZB1
8.75007247670356e-249	-0.587730095680886	0.803	0.867	2.62502174301107e-245	1	ATP6V0C
3.78664928678359e-246	-0.266032910058658	0.49	0.616	1.13599478603508e-242	1	SPON2
6.79499260526588e-245	-0.516267029314103	0.657	0.729	2.03849778157976e-241	1	GLIPR2
6.48796086334823e-243	-0.483738468882229	0.717	0.771	1.94638825900447e-239	1	IDH2
9.62919556832503e-241	0.431632438286249	0.787	0.767	2.88875867049751e-237	1	AQP3
2.36880256356916e-240	-0.292397731738811	0.769	0.865	7.10640769070747e-237	1	LIMS1
1.43865702586951e-239	-0.358895807068493	0.453	0.595	4.31597107760853e-236	1	LOC102725101
3.32575593368922e-233	-0.301606283715622	0.756	0.732	9.97726780106767e-230	1	ARHGAP18
5.71658566233773e-232	-0.336233382903885	0.762	0.838	1.71497569870132e-228	1	CD82
4.05274759366632e-230	-0.28321704988604	0.7	0.758	1.2158242780999e-226	1	CD79A
6.02559068943712e-229	-1.15001821989257	0.446	0.581	1.80767720683113e-225	1	FCER1G
1.47907803277213e-227	-0.407127539329721	0.191	0.188	4.43723409831638e-224	1	FCN1
1.12215446681404e-225	-0.254959943799909	0.535	0.652	3.36646340044211e-222	1	ATP6V1B2
2.50011127179794e-225	-0.623249445073688	0.623	0.682	7.50033381539383e-222	1	PTPN22
2.27659168523645e-224	-1.98910071970531	0.457	0.583	6.82977505570936e-221	1	LYZ
4.23088633728038e-223	0.413835728684078	0.977	0.948	1.26926590118412e-219	1	CD69
7.81718007353306e-223	-0.551024903393877	0.861	0.894	2.34515402205992e-219	1	CALR
7.23248183358473e-222	0.355941454607509	0.893	0.839	2.16974455007542e-218	1	RNASET2
1.37696076167661e-221	-0.281473280316722	0.556	0.666	4.13088228502983e-218	1	LOC101927902
8.75373460247323e-221	-0.739664318548447	0.537	0.632	2.62612038074197e-217	1	HLA-DRB1
8.72026891192518e-220	-0.355942636853142	0.666	0.761	2.61608067357755e-216	1	H2AFY
1.39197119026066e-217	-0.342479306019341	0.274	0.474	4.17591357078197e-214	1	C1QC
9.65765819001407e-217	-0.471731447059554	0.613	0.722	2.89729745700422e-213	1	FLNA
1.30780844720695e-216	-0.269256301470875	0.659	0.721	3.92342534162085e-213	1	GALNT2
1.16555223555631e-215	-0.501858296893632	0.572	0.662	3.49665670666892e-212	1	GABARAPL1
1.21988607795473e-213	0.365063204937531	0.707	0.67	3.65965823386418e-210	1	SERINC5
3.25452575720451e-213	-0.586775896265655	0.547	0.635	9.76357727161352e-210	1	ITM2C
1.44316905703494e-212	-0.283023749323333	0.428	0.566	4.32950717110483e-209	1	FASLG
3.44980244429765e-212	-0.41856693916807	0.983	0.986	1.0349407332893e-208	1	PPIA
5.37557333728338e-212	0.336342818248953	0.764	0.723	1.61267200118501e-208	1	SATB1
2.39914918567817e-211	-0.380232229763727	0.695	0.787	7.1974475570345e-208	1	LRRFIP1
7.04717519663281e-209	-0.78039682566175	0.578	0.649	2.11415255898984e-205	1	HOPX
2.82351758765898e-207	-0.374903684038903	0.763	0.843	8.47055276297695e-204	1	CACYBP
4.21492137448534e-205	-0.372781838582407	0.742	0.808	1.2644764123456e-201	1	GSTO1
1.26235055082059e-204	0.260778187808603	0.766	0.666	3.78705165246178e-201	1	NELL2
8.7388564431285e-204	-0.498073054874647	0.718	0.763	2.62165693293855e-200	1	GBP5
2.65818094198339e-202	-0.661640659259373	0.75	0.827	7.97454282595016e-199	1	PSAP
1.42593369666335e-201	0.297972770697298	0.673	0.612	4.27780108999006e-198	1	BEX2
2.33124371434825e-201	-0.30318543887897	0.622	0.696	6.99373114304474e-198	1	SLC16A3
8.99586420507831e-199	-0.327717276552611	0.232	0.496	2.69875926152349e-195	1	FGR
2.96122881307505e-198	-0.275705961881192	0.578	0.675	8.88368643922516e-195	1	NUDT16
7.06475750544188e-197	-0.262652968596367	0.725	0.768	2.11942725163256e-193	1	XAF1
7.41303078223565e-197	-0.373526284905532	0.769	0.821	2.22390923467069e-193	1	CKS2
1.1646414700271e-196	-0.337245039808515	0.589	0.67	3.4939244100813e-193	1	STARD3NL
1.63892670854206e-196	-0.467781439061622	0.778	0.85	4.91678012562619e-193	1	HSPA5
1.50098387362319e-195	-0.339254202884359	0.53	0.645	4.50295162086956e-192	1	CARHSP1
5.56845517349509e-194	-0.417831514991237	0.768	0.839	1.67053655204853e-190	1	VAMP5
1.27397575860247e-192	-0.265716493563559	0.725	0.809	3.82192727580741e-189	1	DECR1
8.03057441272941e-187	-0.388574182256246	0.747	0.804	2.40917232381882e-183	1	BANF1
2.52709396076389e-182	-0.295017187406441	0.828	0.86	7.58128188229167e-179	1	LGALS9
1.01716527532032e-180	-0.344218036331194	0.481	0.577	3.05149582596096e-177	1	CRTAM
2.04909380204759e-180	0.376958062709769	0.989	0.971	6.14728140614276e-177	1	NFKBIA
1.08558531075986e-178	-0.44514360262376	0.754	0.831	3.25675593227958e-175	1	SYNGR2
3.02192661572249e-178	0.457101391288761	0.69	0.609	9.06577984716746e-175	1	LINC00861
2.02677974707192e-176	-0.267572667199509	0.615	0.69	6.08033924121577e-173	1	RIN3
2.68735779606814e-174	0.37670439453732	0.776	0.71	8.06207338820443e-171	1	FAM65B
2.04666683290894e-173	-0.416491550469458	0.525	0.391	6.14000049872682e-170	1	C15orf48
3.46078542053886e-173	-0.87286500716022	0.615	0.664	1.03823562616166e-169	1	LOC101929531
8.67602745203218e-172	-0.454501050724156	0.728	0.791	2.60280823560965e-168	1	ATP6V0B
8.33101754504651e-165	-0.502961979968756	0.588	0.683	2.49930526351395e-161	1	GRN
7.1429020347506e-164	-0.350971685322157	0.701	0.738	2.14287061042518e-160	1	IFI35
8.63336249572607e-163	-0.536949676368336	0.667	0.714	2.59000874871782e-159	1	AMICA1
9.55092227022461e-163	-0.285665698379412	0.583	0.669	2.86527668106738e-159	1	MT1F
1.12837984838305e-161	-0.497043606311746	0.738	0.814	3.38513954514915e-158	1	ITM2A
4.23025552222986e-160	0.272166344486464	0.81	0.745	1.26907665666896e-156	1	TRAT1
7.09590087299384e-156	-0.452648599428908	0.679	0.735	2.12877026189815e-152	1	SH2D1A
1.25395462148667e-155	-0.293870183227866	0.665	0.747	3.76186386446001e-152	1	HNRNPLL
1.76163323318633e-155	-0.41332197427319	0.933	0.948	5.284899699559e-152	1	SUB1
2.64833665675951e-155	-0.355638919494693	0.996	0.995	7.94500997027852e-152	1	TMSB10
9.39358562635647e-153	-0.336581989195986	0.815	0.871	2.81807568790694e-149	1	SNRPG
1.23121047949934e-152	-0.42090242899016	0.942	0.957	3.69363143849801e-149	1	HMGB1
1.47008186005072e-152	-0.558904342555756	0.778	0.853	4.41024558015216e-149	1	FOXP3
8.42491485517189e-152	0.422469440022923	0.823	0.776	2.52747445655157e-148	1	SLC2A3
3.03912947237363e-151	-0.259162492769911	0.625	0.654	9.11738841712088e-148	1	TESC
8.57218518478431e-151	-1.47880234348397	0.737	0.571	2.57165555543529e-147	1	LOC102725018
2.96767115465182e-150	-0.412331611291609	0.629	0.712	8.90301346395545e-147	1	LYAR
1.01211966553394e-148	-0.340401323899631	0.773	0.835	3.03635899660183e-145	1	MTHFD2
5.47384815170789e-146	-0.352481818055361	0.647	0.742	1.64215444551237e-142	1	NR3C1
6.98290277411063e-146	-0.296705105340289	0.46	0.574	2.09487083223319e-142	1	DDAH2
8.84059123112421e-145	-0.572871739509795	0.708	0.784	2.65217736933726e-141	1	CTSS
8.22502521930021e-144	-0.405339156507289	0.479	0.575	2.46750756579006e-140	1	HLA-DRB3
8.83391901046498e-144	0.36438783275485	0.746	0.693	2.65017570313949e-140	1	FLT3LG
1.65063095007117e-143	-0.257966042317465	0.603	0.705	4.95189285021352e-140	1	MT1X
9.00547354950164e-143	-0.337752549974479	0.668	0.759	2.70164206485049e-139	1	HMGN3
1.02770553406071e-139	-0.427323451140187	0.65	0.71	3.08311660218212e-136	1	NAMPT
1.0204416631815e-137	-0.347587674153906	0.661	0.531	3.06132498954449e-134	1	LST1
2.06118194495353e-136	-0.346509447075933	0.691	0.729	6.18354583486059e-133	1	VIMP
2.54340267386852e-136	-0.526919381295429	0.836	0.875	7.63020802160555e-133	1	LITAF
7.57131021294678e-136	-0.287000185761076	0.637	0.697	2.27139306388403e-132	1	TXNDC17
2.16501160711094e-134	-0.343571751236697	0.391	0.535	6.49503482133281e-131	1	FGFBP2
2.42855660732197e-134	-0.43408627000231	0.677	0.729	7.28566982196592e-131	1	BAX
2.47520044994842e-134	-0.585410579304528	0.902	0.843	7.42560134984527e-131	1	IGLL5
5.39105746385975e-134	-0.264401872425171	0.808	0.881	1.61731723915793e-130	1	ARID5B
7.14153529671902e-134	-0.325470127108132	0.408	0.561	2.14246058901571e-130	1	SPRY1
9.79467957009133e-134	-0.609648433985646	0.591	0.668	2.9384038710274e-130	1	PHLDA1
2.41212699157463e-131	-0.266835362276321	0.708	0.782	7.23638097472389e-128	1	PPT1
8.61179360249115e-131	-0.436434543471011	0.564	0.632	2.58353808074734e-127	1	PELO
3.37119924225529e-130	-0.25556833813358	0.757	0.786	1.01135977267659e-126	1	CPNE3
1.19215703576519e-127	-0.29882317290175	0.647	0.723	3.57647110729557e-124	1	H2AFV
2.11383534303982e-127	-0.278925437177713	0.765	0.844	6.34150602911945e-124	1	TKT
3.23457203346854e-127	-0.288533980911182	0.536	0.604	9.70371610040562e-124	1	SLC1A5
2.43605359123481e-125	0.345054409143758	0.92	0.908	7.30816077370442e-122	1	BTG2
1.67672668523187e-122	-0.35410983273451	0.807	0.843	5.03018005569561e-119	1	SEC11C
1.02998011980619e-121	-0.910925734944914	0.741	0.729	3.08994035941858e-118	1	CD8B
1.72842122103196e-121	0.41643704749847	0.7	0.676	5.18526366309589e-118	1	LPAR6
6.116952596528e-121	-0.360617126274899	0.953	0.97	1.8350857789584e-117	1	HSP90AA1
3.20511925654248e-120	-0.291613749044803	0.701	0.732	9.61535776962745e-117	1	PDCL3
1.69490969183193e-119	-0.334968414244088	0.728	0.796	5.08472907549579e-116	1	SNX3
2.28717101448043e-119	0.270755174186946	0.925	0.896	6.86151304344129e-116	1	IER2
2.65833648250219e-119	0.33538311769581	0.754	0.741	7.97500944750657e-116	1	THEM4
6.66542456390304e-118	-0.305303389211919	0.739	0.742	1.99962736917091e-114	1	ATP1B3
5.96332028156257e-117	-0.445700605602834	0.932	0.941	1.78899608446877e-113	1	IFITM2
1.84227086219341e-116	-0.69220331735992	0.152	0.305	5.52681258658022e-113	1	LOC102723407
7.20520225843238e-116	-0.321626829897587	0.761	0.834	2.16156067752971e-112	1	CYCS
2.59965145362606e-114	-1.49931782001276	0.518	0.615	7.79895436087817e-111	1	TYROBP
1.10293911249296e-112	-0.438287348707503	0.818	0.856	3.30881733747888e-109	1	HMGN2
1.56159655131159e-111	-0.287179361887248	0.706	0.768	4.68478965393476e-108	1	CMTM6
1.62268427510095e-111	-0.320309766760657	0.746	0.77	4.86805282530284e-108	1	SDF2L1
3.71788992189415e-111	-0.405799296718098	0.787	0.811	1.11536697656824e-107	1	SLA
1.14798426947769e-109	-0.299613566886147	0.776	0.824	3.44395280843307e-106	1	C19orf10
1.49175092922452e-109	-0.403435816769579	0.673	0.676	4.47525278767356e-106	1	AGTRAP
1.66259727604314e-108	-0.308472945417214	0.776	0.837	4.98779182812941e-105	1	SQSTM1
3.56136928721347e-108	-0.319503599815633	0.577	0.663	1.06841078616404e-104	1	MYADM
9.14525797461671e-108	-0.255303934876786	0.77	0.818	2.74357739238501e-104	1	HM13
3.70989492167706e-107	0.250824816064611	0.857	0.808	1.11296847650312e-103	1	C10orf54
7.6429455110768e-107	-0.360694409499972	0.745	0.733	2.29288365332304e-103	1	NMB
1.20933243914301e-105	-0.360570366328439	0.936	0.947	3.62799731742902e-102	1	LDHA
4.41387117142122e-104	-0.398113253992687	0.816	0.863	1.32416135142637e-100	1	PRDM1
1.4831483754152e-103	-0.288292755399674	0.684	0.721	4.4494451262456e-100	1	MGAT1
2.34652890643761e-103	-0.376114929692653	0.624	0.677	7.03958671931284e-100	1	SPI1
3.5368615512265e-103	-0.519950910932136	0.666	0.719	1.06105846536795e-99	1	CD68
1.52647163214e-99	-0.388019355024643	0.999	1	4.57941489641999e-96	1	RNR1
2.29567851351102e-98	-0.563385195453854	0.491	0.561	6.88703554053307e-95	1	ZEB2
2.12557554525551e-97	-0.267462535499262	0.546	0.606	6.37672663576653e-94	1	NEDD9
4.39829081830499e-97	-0.594540338276683	0.931	0.934	1.3194872454915e-93	1	S100A11
2.74535931908556e-96	-0.487612475187883	0.817	0.883	8.23607795725668e-93	1	CD27
2.60113879671614e-94	-0.537248759324262	0.51	0.558	7.80341639014843e-91	1	MATK
2.69872547524922e-94	-0.376185014830511	0.699	0.748	8.09617642574765e-91	1	MGST3
1.54490348926863e-93	-0.528396260171578	0.54	0.606	4.63471046780589e-90	1	ANKRD28
1.31599379111592e-92	-0.344933445438305	0.726	0.757	3.94798137334777e-89	1	PTPN6
1.22384066369479e-90	-0.322051040813878	0.804	0.853	3.67152199108436e-87	1	CORO1B
1.36754980332214e-90	-0.258094603143577	0.721	0.764	4.10264940996643e-87	1	RPA3
9.58309448246706e-90	-0.331366651658989	0.506	0.605	2.87492834474012e-86	1	COTL1
4.12041002936731e-89	-0.621290317196464	0.807	0.831	1.23612300881019e-85	1	TNFRSF18
1.37178719925835e-87	0.259952936220846	0.693	0.676	4.11536159777506e-84	1	AP3M2
2.99763784676748e-87	-1.09478684577563	0.587	0.605	8.99291354030244e-84	1	LOC101060038
3.58816012513028e-86	-0.295712855115402	0.761	0.792	1.07644803753908e-82	1	RTN4
3.64188558704327e-86	-0.969817314051555	0.483	0.579	1.09256567611298e-82	1	BMS1P20
3.64243957911123e-86	-0.251423141680961	0.625	0.679	1.09273187373337e-82	1	SMIM3
4.03461183857551e-86	0.254358081744413	0.571	0.496	1.21038355157265e-82	1	SH3YL1
1.16342415527503e-85	-0.345897224923381	0.333	0.501	3.4902724658251e-82	1	GPR56
2.77593957535934e-85	-0.265725336027048	0.703	0.756	8.32781872607802e-82	1	HIF1A
5.38881337444243e-85	-0.583145342746214	0.893	0.912	1.61664401233273e-81	1	SAT1
8.23963002289601e-84	-0.275548771880941	0.994	0.994	2.4718890068688e-80	1	PTMA
4.58318736019042e-83	-0.277572670445032	0.732	0.772	1.37495620805713e-79	1	FKBP2
6.83802053170685e-82	-0.269947355498959	0.488	0.591	2.05140615951206e-78	1	CPVL
2.23806098428643e-80	-0.446416423376858	0.819	0.856	6.71418295285928e-77	1	HSPA1B
3.98339522588539e-79	-0.253076954023333	0.658	0.71	1.19501856776562e-75	1	TGIF1
7.06073633362292e-79	-0.261977483260771	0.742	0.786	2.11822090008688e-75	1	CREM
9.93636325797657e-78	-0.321990985716756	0.845	0.88	2.98090897739297e-74	1	DNAJA1
6.13962467192579e-77	-0.329864524433471	0.818	0.842	1.84188740157774e-73	1	SERPINB1
1.99972050940226e-76	-0.38435369484934	0.679	0.617	5.99916152820677e-73	1	DERL3
6.72171517980132e-76	-0.58712437113201	0.5	0.533	2.0165145539404e-72	1	KLRK1
3.0439260735931e-75	-0.265160035197346	0.665	0.668	9.13177822077931e-72	1	SYTL2
2.49489713699173e-74	-0.524846198083274	0.753	0.794	7.48469141097519e-71	1	BATF
7.52636818119286e-74	-0.263768948098921	0.362	0.474	2.25791045435786e-70	1	TARP
2.03934714790817e-73	-0.258884069601275	0.536	0.599	6.11804144372452e-70	1	ZFAND5
3.36612554797575e-71	-0.333705524175663	0.821	0.814	1.00983766439273e-67	1	TNFRSF4
1.45098089088515e-69	0.252251259671564	0.991	0.984	4.35294267265547e-66	1	ZFP36
3.56914195232794e-67	-0.971703170424621	0.446	0.51	1.07074258569838e-63	1	XCL2
1.61498590265105e-66	-0.420210063665911	0.798	0.832	4.84495770795316e-63	1	TUBA1B
3.49991563644783e-64	-0.305702482829465	0.923	0.929	1.04997469093435e-60	1	SLC25A5
6.20520966681028e-64	-0.390111261874842	0.606	0.643	1.86156290004308e-60	1	C1QA
2.54258552674709e-59	-0.328320721650337	0.632	0.609	7.62775658024127e-56	1	OASL
4.69440639489524e-55	-0.632148397843004	0.346	0.466	1.40832191846857e-51	1	ZNF683
2.08682031409885e-54	-0.269683689087908	0.65	0.643	6.26046094229656e-51	1	NCR3
2.17838684964796e-54	-0.691017855525608	0.641	0.635	6.53516054894389e-51	1	GLUL
1.07678442020308e-53	-0.364658146730096	0.82	0.832	3.23035326060925e-50	1	H2AFZ
6.89368175064129e-53	-0.270838420761916	0.581	0.645	2.06810452519239e-49	1	JUND
3.95207301180828e-51	-0.274513794115582	0.8	0.769	1.18562190354248e-47	1	TIMP1
5.44026578555047e-51	-0.256764621326433	0.62	0.644	1.63207973566514e-47	1	GNAI2
5.91347144516844e-51	-0.42785429310569	0.663	0.627	1.77404143355053e-47	1	KLRC4
7.64350231394662e-51	-0.278216106214519	0.589	0.643	2.29305069418399e-47	1	MAPRE2
2.48969239220868e-50	-0.271552263607756	0.796	0.801	7.46907717662604e-47	1	GCHFR
5.63022837422234e-50	-0.264237661107853	0.871	0.866	1.6890685122667e-46	1	EZR
1.98168891579763e-47	-0.299675761403232	0.469	0.53	5.94506674739289e-44	1	GRINA
2.65916597820758e-46	-0.284408288122949	0.56	0.448	7.97749793462274e-43	1	LOC100996919
1.11625915302715e-45	-0.267582975832613	0.843	0.873	3.34877745908144e-42	1	TUBB
5.21022059855884e-45	-0.738627860768502	0.578	0.606	1.56306617956765e-41	1	SERPINA1
1.79340546869031e-43	-0.434977355097924	0.341	0.451	5.38021640607093e-40	1	FCGR3A
3.99681671990873e-43	-0.277381998105942	0.65	0.69	1.19904501597262e-39	1	AHNAK
1.02271006390562e-41	-0.455096601871896	0.65	0.659	3.06813019171687e-38	1	CAPG
2.32455264663504e-41	-0.488948927364408	0.847	0.817	6.97365793990512e-38	1	APOC1
2.38259793461454e-41	0.280447294518675	0.655	0.65	7.14779380384363e-38	1	KLF2
1.59602220798925e-37	-0.273631696382413	0.926	0.926	4.78806662396776e-34	1	TAGLN2
4.55950017625593e-37	-0.357458234305615	0.603	0.629	1.36785005287678e-33	1	MS4A6A
2.26600532503077e-36	-0.519726016483848	0.978	0.979	6.79801597509232e-33	1	FTL
3.76573426135141e-36	-0.264787147302421	0.861	0.872	1.12972027840542e-32	1	ZFP36L1
2.9979070148843e-34	-0.28502062981768	0.86	0.86	8.9937210446529e-31	1	TSPO
3.88593776563519e-33	-0.250996796060379	0.707	0.665	1.16578132969056e-29	1	AREG
1.84776040247594e-29	-0.260965054801129	0.955	0.963	5.54328120742781e-26	1	HSP90AB1
3.12845988020742e-27	-0.358214218981419	0.756	0.756	9.38537964062227e-24	1	MAGEH1
3.4936506357734e-27	-0.46040296796284	0.787	0.813	1.04809519073202e-23	1	CTSB
1.81436470174814e-25	-0.25064803034893	0.767	0.82	5.44309410524442e-22	1	PIM2
2.02635072674724e-24	-0.420703996511455	0.562	0.574	6.07905218024171e-21	1	C1QB
6.6377384079654e-24	-0.896077280318035	0.338	0.47	1.99132152238962e-20	1	CCL4L2
7.69755804973363e-24	-0.308126578122056	0.52	0.543	2.30926741492009e-20	1	CD9
9.35079248485901e-20	-0.275333459390456	0.101	0.217	2.8052377454577e-16	1	VCAN
1.25540437004198e-19	-0.281438043410275	0.397	0.511	3.76621311012593e-16	1	CYBB
3.61575732614097e-18	-0.259820966447355	0.588	0.626	1.08472719784229e-14	1	BCL2A1
3.79784974901538e-18	-0.473553963532986	0.834	0.836	1.13935492470461e-14	1	IFITM3
4.75549838696856e-17	-0.375758738078853	0.93	0.928	1.42664951609057e-13	1	SSR4
1.56017728980837e-15	-0.276174805029739	0.952	0.936	4.6805318694251e-12	1	S100A10
3.38705087184655e-15	-0.279750500437766	0.441	0.428	1.01611526155396e-11	1	FGL2
1.47962130969662e-14	-1.8187130223346	0.59	0.571	4.43886392908985e-11	1	CST3
7.76504462768245e-13	-0.317405198403548	0.751	0.713	2.32951338830474e-09	1	PLIN2
2.63631783543952e-12	-2.31181606940968	0.887	0.824	7.90895350631856e-09	1	IGJ
1.88841132906806e-11	-0.303455436585176	0.394	0.462	5.66523398720417e-08	1	PTMS
2.37984157822223e-09	-1.11910116928584	0.483	0.459	7.1395247346667e-06	1	S100A9
2.47755868783624e-08	-0.830452346923305	0.324	0.42	7.43267606350871e-05	1	CCL4L1
6.0758154646688e-08	-0.280645206267556	0.989	0.982	0.000182274463940064	1	VIM
