p_val	avg_log2FC	pct.1	pct.2	p_val_adj	cluster	gene
0	1.17041006723968	0.896	0.679	0	c12	IL7R
0	0.985692152250534	0.993	0.947	0	c12	FOS
0	0.952890931441319	0.991	0.953	0	c12	JUN
5.6421720599654e-264	0.770678114020217	0.993	0.955	1.73367020886557e-259	c12	DUSP1
1.65900881330767e-254	1.03146768884072	0.955	0.875	5.09763638065049e-250	c12	DNAJB1
7.91247326203431e-208	1.28535911910018	0.732	0.519	2.43126565922528e-203	c12	FOSB
1.29522238235102e-185	0.612289913029478	0.991	0.95	3.97982981424999e-181	c12	JUNB
4.06048239095737e-153	0.996506820126195	0.799	0.681	1.24766442426947e-148	c12	HSPA1B
6.1725515395701e-146	0.355638825747625	0.989	0.996	1.8966399115637e-141	c12	RPL39
1.07630359140525e-127	0.795768838100903	0.834	0.748	3.30715804531092e-123	c12	PPP1R15A
2.07471824729623e-127	1.01894849972835	0.772	0.671	6.37498675846713e-123	c12	HSPA1A
1.58058759448887e-108	1.47764497465525	0.506	0.345	4.85667150158595e-104	c12	EGR1
1.06235198826915e-105	0.296862615723614	0.985	0.994	3.2642889543546e-101	c12	RPL32
1.19166441501701e-96	0.947725514826779	0.814	0.787	3.66162724802278e-92	c12	IER2
1.40111425140007e-93	0.608623094736054	0.922	0.893	4.30520376027699e-89	c12	ZFP36
1.19917197238492e-83	0.273172345704334	0.985	0.994	3.68469571954713e-79	c12	RPL11
2.6745670844211e-68	0.226341864810609	0.99	0.997	8.21814228030072e-64	c12	RPL13
2.09122104918982e-65	0.726109291595103	0.731	0.677	6.42569491784556e-61	c12	BTG2
1.8215135287966e-64	0.2229177740546	0.988	0.995	5.59696461993333e-60	c12	RPL30
1.00390954998706e-61	0.23164908320537	0.984	0.992	3.08471287424523e-57	c12	RPL34
2.55633158373346e-60	0.552103252670767	0.906	0.908	7.85484005733779e-56	c12	UBC
1.84542414535409e-59	0.20199933991836	0.995	0.998	5.6704347714295e-55	c12	RPL10
3.28278555571545e-55	0.320518137937735	0.951	0.962	1.00870151770468e-50	c12	BTG1
5.70892294016729e-55	0.312033722061002	0.972	0.974	1.7541807518252e-50	c12	EIF1
1.27395856084841e-54	0.242062290973116	0.997	0.998	3.9144924699189e-50	c12	RPLP1
1.2082888732583e-53	0.548178516265208	0.811	0.809	3.71270922086078e-49	c12	HSP90AA1
1.84416404951279e-53	0.20199953201964	0.975	0.988	5.66656287493795e-49	c12	RPS21
4.63657962689239e-53	0.178319160907668	0.993	0.998	1.42468182195523e-48	c12	RPS27
5.73357002056408e-50	0.413380237155442	0.958	0.96	1.76175406021872e-45	c12	H3F3B
1.34001945819443e-46	0.417869129732671	0.791	0.742	4.11747778919402e-42	c12	RPL21
6.28764735372389e-46	1.12751667821141	0.287	0.185	1.93200540237874e-41	c12	CD40LG
1.45440420733444e-45	0.272354494875231	0.992	0.991	4.46894780787652e-41	c12	ND3
1.16088694525529e-44	0.21682703159763	0.972	0.983	3.56705731668594e-40	c12	RPS8
1.45212316407248e-44	0.457952927206419	0.892	0.888	4.46193884624552e-40	c12	HSPA8
1.68214442171355e-44	0.569650978963474	0.755	0.747	5.16872516459921e-40	c12	HSP90AB1
5.450700536959e-44	0.621926176171383	0.797	0.829	1.67483675399139e-39	c12	UBB
4.51473591416713e-43	0.232705736611746	0.99	0.996	1.38724290434613e-38	c12	RPS12
1.75112307883788e-42	0.214539372934548	0.967	0.98	5.38067588434516e-38	c12	RPS3A
1.62647122241165e-40	0.221671428120167	0.965	0.985	4.99765812510429e-36	c12	RPL12
7.18221548246898e-39	0.225059465791529	0.965	0.983	2.20687935129824e-34	c12	RPS29
9.87704944069641e-39	0.981284654045033	0.543	0.488	3.03492098164279e-34	c12	GADD45B
5.91307530479491e-38	0.384729666909014	0.949	0.956	1.81691064890433e-33	c12	FTH1
7.81965906143141e-38	0.209702234811186	0.961	0.981	2.40274663980603e-33	c12	RPL36
1.15792624630722e-37	0.357352140064354	0.917	0.924	3.55795997702818e-33	c12	TSC22D3
4.26827705840824e-37	0.175122239809188	0.981	0.991	1.3115134917371e-32	c12	RPS27A
3.71611768145677e-35	0.207953598486622	0.968	0.98	1.14185147998122e-30	c12	RPL37
7.83417219849008e-31	0.528666206576297	0.683	0.661	2.40720609143005e-26	c12	TNFAIP3
1.50608479102701e-30	0.240784293908051	0.93	0.953	4.62774673738871e-26	c12	RPLP0
4.92512964528992e-30	2.88877742692419	0.026	0.006	1.51334458610823e-25	c12	ADAM23
2.51354842544969e-29	0.329456195094129	0.832	0.877	7.72338024687925e-25	c12	SARAF
2.95646006696738e-28	0.19417906971599	0.944	0.965	9.08431484777066e-24	c12	RPS13
3.17261842284894e-28	0.171415610100524	0.963	0.981	9.74850462788793e-24	c12	RPS25
6.35991190374061e-28	0.497155436537813	0.714	0.734	1.95421013066238e-23	c12	TXNIP
8.79595609401859e-28	0.54892797911033	0.676	0.662	2.70273342900909e-23	c12	NFKBIA
7.37087718866831e-27	0.222072981486213	0.926	0.954	2.26484943376211e-22	c12	RPL5
1.22388751415928e-26	0.455300157340337	0.865	0.875	3.76063916475722e-22	c12	CD69
1.46810766866078e-26	0.595218321385357	0.605	0.596	4.51105443349397e-22	c12	DNAJA1
1.68564706389576e-26	0.186496035543586	0.957	0.978	5.17948773323251e-22	c12	RPL18
3.27275075111113e-26	0.126586169404073	0.993	0.998	1.00561812329392e-21	c12	RPL28
5.74402897863288e-26	0.913689141234079	0.414	0.368	1.76496778426452e-21	c12	SERTAD1
4.96021406470958e-25	0.170666289385712	0.972	0.99	1.52412497566331e-20	c12	RPL18A
1.45630821436946e-24	0.661685630855367	0.508	0.464	4.47479825029304e-20	c12	NR4A1
2.29002596352456e-23	0.214540126056272	0.89	0.93	7.03656277812192e-19	c12	RPL9
7.99879467669624e-22	1.16808196940438	0.372	0.322	2.45778964030846e-17	c12	TNF
1.25189918935461e-21	0.192414132539059	0.968	0.974	3.84671063912991e-17	c12	TPT1
1.77875896770481e-21	0.163714718146979	0.982	0.994	5.46559268006657e-17	c12	RPS19
3.96685009170624e-21	1.15282891095026	0.25	0.191	1.21889402767858e-16	c12	DNAJB4
7.65512239322147e-21	0.46572969935776	0.606	0.634	2.35218945776516e-16	c12	LEPROTL1
8.17524890656167e-21	0.479954182103344	0.702	0.75	2.51200873151921e-16	c12	SRSF7
3.11833178386567e-20	0.134573311383184	0.958	0.979	9.58169807228404e-16	c12	RPL35A
4.4060205481444e-20	0.295458707129717	0.549	0.49	1.35383793382833e-15	c12	LTB
6.61094379140793e-20	0.162159930425866	0.955	0.977	2.03134469878591e-15	c12	RPL29
3.74576870582768e-19	1.00484266165674	0.332	0.29	1.15096235023967e-14	c12	DDIT3
4.57317154660038e-19	0.221347756237964	0.899	0.927	1.4051984211239e-14	c12	ZFP36L2
7.28604985807919e-19	0.121309126549586	0.981	0.992	2.23878453989199e-14	c12	RPL19
1.02728457883731e-18	0.1631571319636	0.939	0.967	3.15653732539339e-14	c12	RPLP2
1.34987906445011e-18	0.222213942436611	0.857	0.904	4.14777340133586e-14	c12	RPL22
6.65630934325826e-18	0.17083877719639	0.922	0.96	2.04528417190296e-13	c12	FXYD5
8.92117910747021e-18	0.107672926622266	0.984	0.993	2.74121070435237e-13	c12	RPS3
1.13178287610667e-17	0.184439331643055	0.902	0.945	3.47762924341295e-13	c12	RPS5
1.46001581983885e-17	0.218910946655035	0.85	0.908	4.48619060961883e-13	c12	RPS16
5.33533265300426e-17	0.865877301897438	0.379	0.345	1.63938766428862e-12	c12	HSPH1
1.15986629016397e-16	0.128761441227294	0.96	0.976	3.56392114978684e-12	c12	RPL3
6.47141250140995e-16	0.757369841437864	0.486	0.487	1.98847091930823e-11	c12	TUBA1A
2.9077001879916e-15	0.847547780734768	0.278	0.231	8.93449036764178e-11	c12	LOC284454
3.38951318474495e-15	0.335639300564436	0.895	0.933	1.04149571627658e-10	c12	FTL
4.17317280211843e-15	0.149393032354875	0.947	0.964	1.28229080690693e-10	c12	RPS6
2.14845183421985e-14	0.112678272071444	0.968	0.986	6.60154795100732e-10	c12	RPS14
2.17940192871484e-14	0.434220033443845	0.638	0.682	6.69664830636209e-10	c12	RPL17
2.03912193886518e-13	0.746211879717004	0.343	0.312	6.26560998155105e-09	c12	JUND
4.83313147809606e-13	0.201084966800424	0.808	0.871	1.48507630927457e-08	c12	RPL38
4.92542864988381e-13	1.18013529689974	0.265	0.227	1.5134364612498e-08	c12	ZFAND2A
8.96142636726498e-13	0.113514403061545	0.157	0.242	2.75357747986951e-08	c12	MTCH1
9.33911462843982e-13	0.30050440115867	0.774	0.811	2.8696297518807e-08	c12	CXCR4
9.460514174908e-13	0.162327809942177	0.903	0.948	2.90693219052398e-08	c12	RPS2
2.23748593830143e-12	0.135389740464324	0.95	0.972	6.8751230426188e-08	c12	RPL8
2.62770031743277e-12	0.175056101773435	0.945	0.96	8.07413476537568e-08	c12	COX3
4.57754856749808e-12	0.112862133773596	0.177	0.266	1.40654334833514e-07	c12	FAM177A1
1.33623462235e-11	0.111631894638743	0.949	0.971	4.10584812409486e-07	c12	RPL14
1.70368348714259e-11	0.107766613795257	0.264	0.378	5.23490825094304e-07	c12	CCT4
1.75096508930704e-11	0.306111255380705	0.79	0.805	5.38019042991374e-07	c12	DUSP2
2.53967804093864e-11	0.15396879039072	0.095	0.154	7.80366871639216e-07	c12	SHARPIN
2.98256500774965e-11	0.114931294380326	0.233	0.337	9.16452749931235e-07	c12	TMED10
4.51189882744453e-11	0.103855653703217	0.121	0.187	1.38637115270888e-06	c12	IRF7
4.81181222800642e-11	0.159176954344865	0.225	0.322	1.47852554329953e-06	c12	ODC1
5.57833065729567e-11	0.114387744502744	0.212	0.307	1.71405366106724e-06	c12	TBRG1
5.93507839917852e-11	0.137006221352089	0.112	0.175	1.82367153971558e-06	c12	CEBPZ
5.97611421855542e-11	0.175293894768161	0.158	0.236	1.83628061593552e-06	c12	DDX39A
1.25919600583978e-10	0.958024160336427	0.169	0.131	3.86913156714391e-06	c12	ERN1
1.59387020458426e-10	0.134513927336848	0.093	0.149	4.89748497762606e-06	c12	CPSF3L
1.78072653059655e-10	0.105569648309521	0.083	0.135	5.471638410564e-06	c12	ASXL1
1.82169351427734e-10	0.127965494127339	0.194	0.282	5.59751766131999e-06	c12	ZNRD1
2.23521964302847e-10	8.16254807464045	0.001	0	6.86815939713357e-06	c12	LOC101927476
2.23521964302847e-10	9.04498249794495	0.001	0	6.86815939713357e-06	c12	SNORD111
2.59242993720766e-10	0.159943703751168	0.071	0.12	7.96575946805798e-06	c12	ZNF524
2.82936789963674e-10	0.123655115168693	0.211	0.301	8.6937987452138e-06	c12	BCAS2
3.69212370938703e-10	0.112284468457173	0.142	0.213	1.13447885218335e-05	c12	RGS14
5.27960752967516e-10	0.269482888636264	0.787	0.821	1.62226500564329e-05	c12	KLF6
5.5985165277072e-10	0.133641576347141	0.286	0.404	1.72025617346859e-05	c12	C19orf60
7.28892529468683e-10	0.196232096958462	0.162	0.235	2.23966807529842e-05	c12	FAM65B
7.43881402650856e-10	0.936679966681106	0.266	0.238	2.28572438592529e-05	c12	NEU1
8.75328056080941e-10	0.137175774145845	0.233	0.329	2.68962051791991e-05	c12	TAF7
9.69246626420634e-10	0.168646498642165	0.173	0.252	2.97820410900268e-05	c12	HAX1
1.02709185347018e-09	0.104396005047002	0.096	0.15	3.15594513815781e-05	c12	C15orf61
1.13160963462605e-09	0.103978785032211	0.183	0.263	3.47709692431546e-05	c12	SSR1
1.29704245368379e-09	0.111874334992995	0.152	0.223	3.98542234743419e-05	c12	SRSF1
1.32116049254811e-09	0.111482604781738	0.168	0.241	4.05952984545257e-05	c12	SRSF8
1.32650576952427e-09	0.198873802327108	0.132	0.197	4.07595427801722e-05	c12	GGNBP2
1.60868370059698e-09	0.137506832598288	0.169	0.244	4.94300240682434e-05	c12	NDUFA5
1.78049968750696e-09	0.113128018239729	0.055	0.096	5.47094138980263e-05	c12	ZFAND5
1.92032139760915e-09	0.106543722647449	0.074	0.12	5.90057155843364e-05	c12	CCDC174
2.07324226243023e-09	0.144943987505311	0.185	0.263	6.37045149976938e-05	c12	CDC42EP3
2.10342573451382e-09	0.166846200636167	0.146	0.213	6.46319625444062e-05	c12	RASA2
2.24650574430557e-09	0.134358645933436	0.118	0.177	6.90283820052771e-05	c12	TTC3
2.45582982792934e-09	0.108797354073127	0.113	0.17	7.54602831227848e-05	c12	DEDD2
2.76774074275926e-09	0.113329540390558	0.293	0.405	8.50443698027638e-05	c12	EIF5
2.83602306441092e-09	0.919295466218395	0.065	0.041	8.71424807001544e-05	c12	IL2
3.4641366269721e-09	0.118444988247738	0.119	0.177	0.000106442526136972	c12	BTN3A1
3.76477331783983e-09	0.1467719355713	0.114	0.17	0.000115680189737265	c12	CHORDC1
3.89852271505102e-09	0.121322361383404	0.099	0.153	0.000119789907465373	c12	DUSP11
4.00739933463774e-09	0.170309439107537	0.789	0.845	0.000123135359355414	c12	EEF1B2
4.30123323679156e-09	0.104166723938144	0.212	0.297	0.000132163993666894	c12	EVI2B
4.48048521377462e-09	0.140853193463457	0.082	0.13	0.000137671869163653	c12	HELZ
4.85477248865114e-09	0.14237611446612	0.23	0.318	0.000149172594258784	c12	LINC-PINT
4.87773599370196e-09	0.121480235530029	0.204	0.289	0.00014987819387848	c12	CHIC2
5.24964444272494e-09	0.140585216357972	0.078	0.124	0.000161305824791609	c12	FAM133B
5.57172450959945e-09	0.159547993113204	0.182	0.26	0.000171202379006462	c12	PNPLA2
5.89325254946108e-09	0.113457304583907	0.423	0.554	0.000181081971087291	c12	ZFP36L1
5.98431730528885e-09	0.101557679909302	0.095	0.145	0.00018388011783961	c12	SDR39U1
6.20574470849819e-09	0.134562308504455	0.109	0.163	0.000190683917658024	c12	SPTAN1
6.77021033707409e-09	0.127920006253612	0.125	0.184	0.000208028253027275	c12	MYCBP2
6.92725748897868e-09	0.274449173458263	0.133	0.196	0.000212853840863848	c12	EIF4A3
7.47753493434144e-09	0.177875358387046	0.147	0.213	0.00022976221592751	c12	GATA3
7.82727274626204e-09	0.149209211277582	0.111	0.166	0.000240508609674394	c12	PRKCQ
8.76873501621702e-09	0.158455766058136	0.155	0.222	0.0002694369208433	c12	CGGBP1
9.74339119759466e-09	0.143616971267161	0.177	0.249	0.000299385181328491	c12	FNBP4
1.08091491832656e-08	0.138012762061226	0.102	0.154	0.000332132726954201	c12	RAB5A
1.09064413008369e-08	1.87386660193092	0.015	0.006	0.000335122221850814	c12	ACE
1.17784688682324e-08	0.197258386183555	0.148	0.214	0.000361917012914176	c12	MAT2A
1.18322974331046e-08	0.181902249062702	0.078	0.123	0.000363571003227004	c12	CDC73
1.28177874634319e-08	0.181889104309063	0.139	0.202	0.000393852155388872	c12	BAZ1A
1.33200964672828e-08	0.176083066194155	0.079	0.124	0.000409286604150199	c12	ADRBK1
1.48133715297667e-08	0.105745502532526	0.041	0.074	0.00045517046699514	c12	RAD51C
1.56424707578882e-08	0.118296934251095	0.095	0.145	0.000480646198977629	c12	HELB
1.70069093512022e-08	0.115260848281836	0.043	0.077	0.000522571303634391	c12	POM121C
1.73397913927951e-08	0.132933261554732	0.065	0.106	0.000532799770126415	c12	MRPL50
1.87100176127586e-08	0.157625794186687	0.136	0.195	0.000574902711187234	c12	MECP2
2.06376599123617e-08	0.137839657320277	0.136	0.196	0.000634133376127138	c12	HPCAL1
2.10871500146253e-08	0.361073110427959	0.592	0.65	0.000647944858499393	c12	ZFAS1
2.16568164580462e-08	0.112684369525445	0.118	0.173	0.000665448999306385	c12	CCDC88C
2.49805268470009e-08	0.148904893636757	0.058	0.097	0.000767576648427798	c12	AP3B1
2.55389514085711e-08	0.464550638452061	0.37	0.347	0.000784735359931165	c12	RPL21P28
2.87381291562259e-08	0.214676921364586	0.109	0.161	0.000883036494583354	c12	AFF4
2.88024262751679e-08	0.105881394063441	0.216	0.298	0.000885012152157084	c12	EIF2S3
2.91681496075437e-08	0.124286957314322	0.15	0.212	0.000896249732990996	c12	AKAP9
2.92925073055523e-08	0.185627460774609	0.205	0.283	0.000900070871977707	c12	PRDM1
2.94771890097288e-08	0.118926373854725	0.082	0.127	0.000905745586701936	c12	CAND1
3.02673989517961e-08	0.112239874607687	0.084	0.128	0.000930026367591839	c12	TMEM170A
3.24736478679801e-08	0.181212647145725	0.146	0.207	0.000997817778039425	c12	UGP2
3.37940887306148e-08	0.182803147269689	0.052	0.088	0.0010383909644256	c12	ZFX
3.39558680214263e-08	0.253562343602838	0.719	0.797	0.00104336195669437	c12	TOMM7
3.44633712741528e-08	0.189057825908796	0.222	0.307	0.00105895600914089	c12	NAP1L1
3.66346111413957e-08	0.110114068093027	0.297	0.406	0.00112567169654167	c12	RSL24D1
4.04165544801782e-08	0.129809025806823	0.367	0.49	0.00124187946951244	c12	TUBA4A
4.41031807880061e-08	0.102218366430722	0.273	0.374	0.00135515843607306	c12	TECR
4.43658386323055e-08	0.131696413092909	0.178	0.249	0.00136322912365485	c12	TMEM243
4.69583375407329e-08	0.117924486844221	0.1	0.148	0.0014428888376141	c12	ZRSR2
4.73180457214762e-08	0.103897514152031	0.052	0.086	0.0014539415908838	c12	BRD4
4.94834800799226e-08	0.136389666437811	0.159	0.223	0.00152047889241578	c12	ANXA2R
5.88652732913743e-08	0.15962575377973	0.188	0.26	0.00180875325242406	c12	PDE4B
6.38344289021693e-08	0.129532260778924	0.047	0.08	0.00196144049687696	c12	APTX
7.30295195628212e-08	0.266050911959722	0.075	0.116	0.00224397804760681	c12	LOC101929910
7.39006992752606e-08	0.110904472480944	0.06	0.097	0.00227074678663093	c12	GPR132
7.52451179299724e-08	0.122772574597343	0.081	0.123	0.00231205673863426	c12	BBX
7.68336259053087e-08	0.103414141007658	0.086	0.13	0.00236086682319242	c12	SUPT5H
7.82218734357705e-08	0.112865656068448	0.054	0.089	0.00240352350506092	c12	PSMG4
7.96112246510937e-08	0.161578493474573	0.1	0.148	0.00244621409985415	c12	MARCH6
8.33632942695246e-08	0.16878215843387	0.062	0.099	0.00256150394301968	c12	ZNF430
8.68470424222031e-08	1.77426001235731	0.015	0.006	0.00266854907250703	c12	MIR3188
8.96979641726395e-08	0.119665514250365	0.074	0.114	0.00275614934513269	c12	LOC102723683
9.13616953898881e-08	0.20266617202716	0.148	0.21	0.00280727081424509	c12	IRF3
9.41186908097905e-08	0.163942347265462	0.059	0.095	0.00289198501251243	c12	HSD17B7
9.63756043458482e-08	0.113884642558497	0.048	0.081	0.00296133319473488	c12	COASY
9.67773238838405e-08	0.11766796360632	0.089	0.134	0.00297367683097877	c12	PUM2
9.83152127963294e-08	0.469129660771099	0.554	0.595	0.00302093154359281	c12	SLC2A3
9.90498611343225e-08	0.150954192324436	0.211	0.289	0.00304350508307433	c12	LOC374443
1.09340746019057e-07	0.182769134416629	0.072	0.112	0.00335971310292758	c12	BAZ2A
1.15615862454397e-07	0.172769070294482	0.164	0.23	0.00355252860563627	c12	ALKBH7
1.15913425454818e-07	0.111302044428681	0.071	0.11	0.00356167182395018	c12	RBM6
1.22833026737211e-07	0.109385547067742	0.058	0.094	0.00377429041255428	c12	XPA
1.23246843646145e-07	0.147460137189716	0.087	0.13	0.0037870057647151	c12	PAPD4
1.29732974018478e-07	0.131408757003354	0.061	0.098	0.00398630509266577	c12	CXXC1
1.30404839645974e-07	0.213924953018054	0.091	0.135	0.00400694950780183	c12	ELMO1
1.33754437122308e-07	0.917974865763399	0.175	0.147	0.00410987258945715	c12	THEM4
1.35831279586007e-07	0.16039408724718	0.124	0.177	0.00417368772783923	c12	CRTAP
1.46956445942524e-07	0.115620930973516	0.153	0.214	0.00451553071447594	c12	CTSB
1.53364148626267e-07	0.126000261995641	0.047	0.079	0.0047124201948393	c12	MRPL17
1.54406072747657e-07	0.109901757857673	0.109	0.158	0.00474443539731726	c12	DOCK10
1.69917950975821e-07	0.126017221531255	0.046	0.077	0.00522106887963406	c12	NOA1
1.87298193727368e-07	0.279576560866351	0.073	0.113	0.00575511159866084	c12	TMEM55B
1.87892006463764e-07	0.168156590356476	0.259	0.352	0.00577335768261208	c12	TRABD
1.90469473927473e-07	0.181259267265275	0.103	0.15	0.00585255552536946	c12	LETMD1
1.9376779439188e-07	0.116810685119167	0.057	0.092	0.00595390301827931	c12	FAM3A
1.95724556388229e-07	0.147630143246521	0.086	0.129	0.00601402844414112	c12	KMT2C
1.95781349510977e-07	0.175241658655876	0.063	0.1	0.0060157735264238	c12	ARNTL
2.00149380700893e-07	0.156772305297913	0.064	0.1	0.00614999002079634	c12	MKL1
2.05878214712798e-07	0.132297384946906	0.06	0.095	0.00632601990348015	c12	TSEN34
2.06667356729172e-07	0.308340186147884	0.113	0.164	0.00635026787021726	c12	PTOV1
2.08208153944611e-07	0.248403565139524	0.17	0.237	0.00639761194625605	c12	RBBP6
2.27692892948617e-07	0.151830669166656	0.06	0.095	0.00699631952163216	c12	SEC23A
2.32954363529906e-07	0.149262031178274	0.29	0.396	0.00715798872818343	c12	CMPK1
2.40390899969917e-07	0.117986981781967	0.104	0.15	0.00738649118337565	c12	UBL3
2.42707038813265e-07	0.189185146243038	0.24	0.329	0.0074576591816152	c12	SRSF10
2.45240724524548e-07	0.18081890391375	0.362	0.495	0.00753551174246577	c12	RBM8A
2.45350034318481e-07	0.133893536448309	0.074	0.113	0.00753887050450396	c12	DNAJB2
2.51942126279512e-07	0.145099284041733	0.095	0.14	0.00774142571419056	c12	CDKN2AIP
2.61535114614368e-07	0.200800284471421	0.049	0.081	0.00803618946675569	c12	TIMM9
2.76595312482681e-07	0.21678977231522	0.051	0.083	0.00849894416665534	c12	NDRG1
2.84634317600135e-07	0.118886200414321	0.06	0.095	0.00874595867689936	c12	RCE1
2.85671400029329e-07	0.15630472686026	0.088	0.131	0.0087778251087012	c12	ELF2
2.87717586829693e-07	0.118099358490479	0.073	0.111	0.00884069829051597	c12	DIMT1
2.88806536652625e-07	0.151951717479729	0.137	0.192	0.00887415845172521	c12	GDI1
2.92405176066554e-07	0.111773952744304	0.063	0.099	0.00898473384499701	c12	BTN2A1
3.08872630858553e-07	0.203840087561008	0.337	0.438	0.00949072932839076	c12	RN7SK
3.10468704332711e-07	0.167028608443613	0.062	0.098	0.00953977187803122	c12	REPS1
3.13270993001108e-07	0.250848426042232	0.124	0.177	0.00962587780194506	c12	HSPA4
3.3506559423515e-07	0.107229353688694	0.055	0.089	0.0102955605140635	c12	KIAA0141
3.41795034091691e-07	0.109442944758224	0.1	0.145	0.0105023360125354	c12	COA1
3.90925622266857e-07	0.255089890212253	0.102	0.149	0.0120119715953937	c12	MRPL55
4.06618275940112e-07	0.168616526144246	0.754	0.835	0.0124941597648118	c12	RPL36A
4.09026331673502e-07	0.151883341127991	0.845	0.907	0.0125681520933317	c12	RPL10A
4.20019696877772e-07	0.487078093058732	0.349	0.321	0.0129059452259633	c12	KLRB1
4.25595762853627e-07	0.11641123563876	0.052	0.084	0.0130772810052034	c12	MAN1B1
4.38317673566722e-07	5.76201714758776	0.001	0	0.0134681871556847	c12	APOA5
4.39495252107352e-07	0.18123946758612	0.146	0.203	0.0135043706115026	c12	GRAMD1A
4.47822861634649e-07	0.169303589036903	0.069	0.106	0.0137602530694479	c12	CRY1
4.59239261616462e-07	0.113835332819882	0.056	0.09	0.014111044791689	c12	STT3A
4.62307190157202e-07	0.218793117258763	0.264	0.36	0.0142053130319604	c12	GPBP1
4.87546827785775e-07	0.226546639484038	0.138	0.193	0.0149808513773735	c12	OTUD6B-AS1
5.00779883558884e-07	0.113745870692676	0.066	0.102	0.0153874634821138	c12	DALRD3
5.12458827095143e-07	0.129082805137436	0.06	0.094	0.0157463223801525	c12	DCTN4
5.16876670567316e-07	0.203817189676776	0.153	0.21	0.0158820694565219	c12	IL6ST
5.3183794163003e-07	0.113357376526072	0.051	0.083	0.0163417844324659	c12	TBC1D17
5.39584030261891e-07	0.17008834928594	0.047	0.077	0.0165797984978571	c12	TDP2
5.46727255546749e-07	0.144362456934878	0.065	0.101	0.016799288381185	c12	SH2B1
6.14497790295587e-07	0.159675037936715	0.116	0.164	0.0188816736024125	c12	NDNL2
6.62245242537851e-07	0.178920746478216	0.064	0.099	0.0203488095674606	c12	CREBRF
6.68101708931722e-07	0.174160694396446	0.175	0.241	0.020528761210345	c12	PHF1
6.90266853675646e-07	0.124813086288164	0.048	0.078	0.0212098296128916	c12	FRMD8
7.1520968080257e-07	0.111455121813479	0.042	0.07	0.0219762478620206	c12	KAT5
7.2615971787258e-07	0.165410486471342	0.117	0.166	0.0223127096510708	c12	FAM129A
7.57873618885625e-07	0.101611603507906	0.032	0.057	0.0232871826874986	c12	LINC00324
7.86710249679333e-07	0.235612329266278	0.089	0.13	0.0241732458418969	c12	NDE1
7.95638291463302e-07	0.157842772138754	0.071	0.108	0.0244475777817929	c12	RPP21
8.09992488674801e-07	0.117446943604922	0.084	0.124	0.0248886391995106	c12	BCL2A1
8.36755049783451e-07	0.150959309969007	0.036	0.062	0.0257109724146961	c12	ZNF326
8.47376936106534e-07	0.818857007313111	0.21	0.184	0.0260373511157455	c12	SNHG9
8.65569764748365e-07	0.118329151124435	0.907	0.959	0.026596362161423	c12	RPL35
8.82307128119536e-07	0.163664312937757	0.057	0.089	0.027110651125729	c12	S100PBP
9.55719605007963e-07	0.396126990344596	0.548	0.608	0.0293663963030797	c12	RPL13A
9.83119225277794e-07	0.165915816504323	0.034	0.059	0.0302083044351108	c12	DDX49
9.86002835207288e-07	0.149467391061712	0.039	0.066	0.0302969091174144	c12	NAF1
1.0036301505344e-06	0.179022908013895	0.076	0.114	0.0308385436354705	c12	MDFIC
1.0098939484939e-06	0.212765189103971	0.187	0.256	0.0310310113553721	c12	NME3
1.01344141336054e-06	0.174011800113385	0.122	0.171	0.0311400143083292	c12	SSH2
1.04923988148863e-06	0.199789461580457	0.085	0.125	0.0322399938385013	c12	TARSL2
1.07600000008778e-06	1.88356088794359	0.012	0.004	0.0330622520026973	c12	TPBG
1.20673131887858e-06	0.128322661620675	0.118	0.165	0.037079233235182	c12	ERGIC2
1.26908650593128e-06	0.111475283332768	0.091	0.131	0.0389952210677506	c12	KDSR
1.32273081601062e-06	0.104652389665222	0.097	0.138	0.0406435497835584	c12	LPIN2
1.34019342478612e-06	0.275723290020707	0.131	0.182	0.0411801233634032	c12	PRMT9
1.36636494218417e-06	0.172580224744076	0.054	0.085	0.0419842955784929	c12	GADD45A
1.45619764464795e-06	0.680562014794909	0.362	0.37	0.0447445850270977	c12	TUBB4B
1.55198528342315e-06	0.151754340343787	0.061	0.094	0.0476878518037432	c12	MLLT10
1.55870879623737e-06	0.188821105624521	0.092	0.132	0.0478944451819856	c12	MITD1
1.58252857403189e-06	0.494913112146328	0.354	0.341	0.0486263554942779	c12	RPS14P3
