p_val	avg_log2FC	pct.1	pct.2	p_val_adj	cluster	gene
0	1.44256431695372	0.813	0.426	0	c16	NR4A1
0	1.33491082096218	0.891	0.559	0	c16	DNAJA1
0	1.35469883427584	0.929	0.657	0	c16	HSPA1B
0	1.37147605758653	0.994	0.865	0	c16	DNAJB1
0	0.883700754085648	0.999	0.946	0	c16	JUNB
0	0.990813567711908	0.999	0.95	0	c16	JUN
5.43653174351808e-301	0.861194440231191	0.999	0.952	1.6704831088308e-296	c16	DUSP1
2.46019488521698e-299	1.12909547593329	0.964	0.789	7.55944082380622e-295	c16	HSP90AA1
1.07057823273949e-295	1.12234538590623	0.95	0.722	3.28956573573862e-291	c16	HSP90AB1
7.98315333180485e-275	1.4622460632322	0.803	0.472	2.45298352426368e-270	c16	HSPE1
4.1804408940901e-273	2.06135102206053	0.536	0.202	1.28452407352707e-268	c16	ZFAND2A
9.65184452882991e-273	1.55350154340088	0.671	0.308	2.96572226837357e-268	c16	HSPH1
2.85231227467002e-269	1.30110405168257	0.896	0.648	8.76429992637857e-265	c16	HSPA1A
2.63159445289193e-260	1.06370612126238	0.874	0.503	8.08610027540103e-256	c16	FOSB
4.12478918060819e-248	0.767896952805709	1	0.944	1.26742397152548e-243	c16	FOS
4.46005859212868e-244	0.960471235988838	0.96	0.728	1.37044220360338e-239	c16	PPP1R15A
3.60122050174119e-223	0.842062392826855	0.981	0.876	1.10654702357002e-218	c16	HSPA8
7.15229262410244e-222	1.08960370687795	0.896	0.654	2.19768495460796e-217	c16	BTG2
9.69321646874857e-211	1.36150781128042	0.669	0.347	2.97843462435237e-206	c16	HSPD1
2.26647179706388e-209	1.99128342530523	0.34	0.105	6.96418789083819e-205	c16	BAG3
3.25008320274672e-201	1.6577888074524	0.407	0.143	9.98653065707985e-197	c16	CCR7
8.66819908903914e-183	0.720054290416146	0.948	0.686	2.66347753408906e-178	c16	IL7R
4.12405749258921e-179	0.757337594186219	0.822	0.478	1.26719914574789e-174	c16	LTB
9.90259095859358e-177	0.367664912647437	1	0.993	3.04276912384705e-172	c16	RPL32
2.84734100601531e-157	0.364182895390081	1	0.998	8.74902470918325e-153	c16	EEF1A1
5.38947922396616e-154	0.725245935158585	0.973	0.884	1.65602528114808e-149	c16	ZFP36
5.62323559725968e-154	1.15917087655679	0.634	0.352	1.72785160196998e-149	c16	SOCS3
3.05858765999261e-148	1.40679712858673	0.32	0.112	9.3981223028593e-144	c16	MAL
5.30509091172362e-148	0.419754937725261	0.993	0.971	1.63009528444532e-143	c16	TPT1
2.11126333098035e-145	1.23405648246097	0.425	0.177	6.48727883710332e-141	c16	DNAJB4
1.61472119479239e-141	0.313243500294923	1	0.996	4.96155381523857e-137	c16	RPL13
1.65331029749484e-138	2.20538986657863	0.15	0.033	5.08012655111238e-134	c16	IL23A
2.29520629655635e-138	1.03214511985703	0.74	0.48	7.0524803874287e-134	c16	CYCS
4.40382747722211e-137	1.41012363578801	0.448	0.209	1.35316406892604e-132	c16	CDKN1A
3.98071089805994e-134	0.367723208709603	0.998	0.981	1.22315303764688e-129	c16	RPS8
1.00539101846044e-130	0.718218481283965	0.952	0.81	3.0892649824234e-126	c16	UBB
1.7948271007238e-130	0.318563606065754	0.999	0.991	5.51496523239403e-126	c16	RPL34
2.00747636268559e-127	1.09991930977407	0.536	0.269	6.16837261962401e-123	c16	DDIT3
2.93621342929123e-127	1.14459423093687	0.46	0.218	9.02210300418318e-123	c16	NEU1
2.67643662168317e-126	0.312624743841554	0.999	0.995	8.22388680744588e-122	c16	RPL39
8.65431033027894e-126	1.05538392699085	0.592	0.334	2.65920993518481e-121	c16	CACYBP
1.19414291979748e-123	1.93790706564872	0.295	0.113	3.66924294966171e-119	c16	HSPA6
7.20970956666605e-122	0.91428126002312	0.619	0.346	2.21532745854948e-117	c16	SERTAD1
7.9810457045806e-122	0.381328223310883	0.995	0.96	2.45233591364648e-117	c16	RPS13
1.3606721906983e-120	1.32535028566671	0.441	0.215	4.18093744035868e-116	c16	MRPL18
2.28899592499299e-120	1.24436148043836	0.382	0.167	7.03339777872595e-116	c16	AREG
7.02690737306724e-120	0.345362618551802	0.997	0.977	2.15915782852237e-115	c16	RPS3A
7.97446629630076e-117	1.18172571150926	0.342	0.141	2.45031425886433e-112	c16	TCF7
4.05259207008473e-115	1.09079711250948	0.577	0.334	1.24523996537493e-110	c16	EGR1
3.9546255943862e-111	1.76975227532077	0.188	0.057	1.21513780638705e-106	c16	FAAH2
4.50782103941548e-111	1.53590700045986	0.209	0.067	1.38511817078119e-106	c16	ZBTB10
8.56064197745315e-110	0.882117021499613	0.635	0.375	2.63042846041203e-105	c16	KLF2
7.20926624661723e-109	0.40470916170691	0.99	0.948	2.21519123959808e-104	c16	RPLP0
1.87910607129328e-108	0.333629166898971	0.999	0.995	5.77392922526285e-104	c16	RPS12
7.0562963498678e-108	1.07290061681363	0.37	0.164	2.16818817942388e-103	c16	LEF1
3.04389958117602e-102	0.678384746855838	0.855	0.641	9.35299024307957e-98	c16	NFKBIA
3.1905428564511e-102	0.299763780341888	0.999	0.989	9.80358103501728e-98	c16	RPS18
1.94165057506924e-100	0.32244166915165	0.998	0.973	5.96610972201526e-96	c16	RPL3
8.93573750500678e-100	0.266958389808592	0.999	0.993	2.74568406316343e-95	c16	RPL11
9.07263878147959e-98	0.698553408778435	0.827	0.635	2.78774971838523e-93	c16	TNFAIP3
5.16936249541102e-95	0.463350072149291	0.933	0.829	1.58839001396494e-90	c16	EEF1B2
9.75858195245723e-95	0.5566250981766	0.988	0.95	2.99851947653153e-90	c16	FTH1
9.78717066714949e-94	1.22369176451361	0.365	0.176	3.00730393089502e-89	c16	SOD2
1.09234556125214e-93	0.339734321984682	0.991	0.948	3.35645020605944e-89	c16	RPL5
1.00192015286408e-92	0.80388152870707	0.532	0.301	3.07860005370545e-88	c16	MYADM
2.43267443215618e-92	0.358944401318869	0.982	0.921	7.47487872768629e-88	c16	RPL9
1.96515919451653e-91	0.236972987195833	1	0.998	6.03834465699095e-87	c16	RPL10
6.73637422478385e-91	0.332668267759932	0.995	0.959	2.06988570804933e-86	c16	RPS6
1.35547976020622e-90	0.248819178218334	0.999	0.994	4.16498265918566e-86	c16	RPL30
8.58197474606475e-90	0.64451474280978	0.911	0.773	2.63698338022332e-85	c16	IER2
2.16178153456073e-88	0.606670932628132	0.88	0.761	6.64250612124474e-84	c16	PABPC1
2.93412396784996e-88	0.24912220521995	0.999	0.99	9.01568271601258e-84	c16	RPL19
5.1146756396438e-88	0.870050840548981	0.628	0.406	1.57158638379335e-83	c16	HSPB1
8.60204226221323e-88	0.842671605082323	0.704	0.473	2.64314952591026e-83	c16	GADD45B
4.98440555297083e-87	0.674574971357932	0.65	0.402	1.53155829426135e-82	c16	CSRNP1
2.52640849528223e-86	0.335265150254178	0.985	0.938	7.76289538345371e-82	c16	RPS5
1.34670748044707e-85	0.288331031081833	0.994	0.978	4.13802807516972e-81	c16	RPL37
3.17466270079661e-85	0.981350203988551	0.396	0.202	9.75478608073774e-81	c16	CD55
5.14605689567972e-84	0.274116505361644	0.997	0.977	1.58122890233551e-79	c16	RPL36
7.63068736043155e-83	0.28343234286204	0.999	0.997	2.3446813052398e-78	c16	RPLP1
5.52483122308305e-80	0.907588256424555	0.39	0.2	1.69761488991673e-75	c16	AQP3
1.28521007917786e-79	0.988514860232263	0.439	0.244	3.94906501028981e-75	c16	ZNF331
1.55029107687341e-79	0.877714367170168	0.471	0.267	4.76357939190891e-75	c16	NOSIP
3.86061392190112e-79	1.04752157258738	0.291	0.131	1.18625083978256e-74	c16	MARCKSL1
7.80319756161784e-79	0.807370234398812	0.464	0.255	2.39768851475831e-74	c16	DNAJB9
8.91965939119093e-79	0.233838143510471	0.998	0.99	2.74074374113124e-74	c16	RPS27A
1.12892412586206e-78	0.263819370856862	0.995	0.978	3.46884516153636e-74	c16	RPS25
1.29914901070069e-78	0.440862114409992	0.934	0.863	3.99189516517999e-74	c16	SARAF
6.40226697450659e-78	0.267189706257715	0.999	0.986	1.96722457325664e-73	c16	RPS4X
8.41115205545833e-78	1.12221164837448	0.388	0.207	2.58449469208068e-73	c16	ATF3
4.93817200653681e-77	0.560119815225095	0.772	0.56	1.51735211244856e-72	c16	LDHB
1.00818781167083e-73	0.304160038036873	0.998	0.971	3.09785868892096e-69	c16	EIF1
2.47744683165914e-73	0.294905313945227	0.99	0.95	7.61245087963905e-69	c16	RPS9
4.53665833678231e-73	0.241495705016519	0.999	0.988	1.3939790071431e-68	c16	RPL18A
1.96745436126628e-72	0.257099728190616	0.997	0.977	6.04539701586291e-68	c16	RPS23
1.11254054220561e-71	0.93429106513946	0.308	0.147	3.41850332403517e-67	c16	ARL4A
1.15165527541213e-71	0.765803481829288	0.659	0.461	3.53869116475886e-67	c16	TUBA1A
1.90475568409192e-71	1.79143090074105	0.093	0.024	5.85274279050924e-67	c16	LYPD3
3.3084168173242e-71	1.29659163839568	0.164	0.058	1.01657723545921e-66	c16	CMTM8
9.06184340037677e-70	0.342675684001261	0.963	0.892	2.78443262163377e-65	c16	RPL22
1.6284395620228e-68	0.766237758482767	0.422	0.236	5.00370624222744e-64	c16	TSPYL2
2.23061454319069e-68	0.22513380352137	0.999	0.986	6.85400930686202e-64	c16	RPS21
1.01129416858954e-67	0.248081333172872	0.999	0.975	3.10740359182508e-63	c16	RPL18
1.73500407156038e-67	0.706047324117709	0.646	0.452	5.33114701068358e-63	c16	YPEL5
1.75825119253957e-67	0.217249297226707	0.998	0.992	5.40257843931634e-63	c16	RPS3
7.41213647608102e-67	1.09478552778392	0.19	0.075	2.27752717500542e-62	c16	SPINT2
6.94319343967906e-66	0.411841107094318	0.899	0.765	2.13343504821018e-61	c16	EEF1G
1.29027444120495e-65	1.34791298461836	0.177	0.069	3.96462627549044e-61	c16	NFKBIE
5.04107335194388e-65	0.248126907488512	0.999	0.982	1.5489706088518e-60	c16	RPL12
2.02716159737239e-64	0.235811196516083	0.996	0.976	6.22885944024613e-60	c16	RPL35A
4.84762608392065e-64	1.31393485009899	0.138	0.047	1.4895300668063e-59	c16	PLK2
6.66192314887261e-64	0.630333024024917	0.748	0.572	2.04700912595409e-59	c16	SLC2A3
4.39620616710111e-62	0.758556416068081	0.484	0.294	1.35082226896516e-57	c16	RGS2
6.1965986553295e-62	0.548151840425534	0.736	0.551	1.90402886882309e-57	c16	SNHG8
2.3500993626162e-61	0.649752895673868	0.557	0.348	7.22115031151079e-57	c16	TUBB4B
2.94099431674282e-61	0.865209167700912	0.295	0.145	9.03679323705568e-57	c16	PLK3
3.95479528026258e-61	1.00368652062609	0.226	0.101	1.21518994576628e-56	c16	PASK
2.41233454497532e-60	0.246932923243332	0.994	0.967	7.41238035634566e-56	c16	RPL14
2.84657885961414e-60	0.643189908847882	0.511	0.318	8.74668286193636e-56	c16	NFKBIZ
1.86053896348028e-59	0.991548343970575	0.324	0.173	5.71687807308586e-55	c16	EIF4A3
1.86131026773341e-59	0.223252835537644	0.998	0.983	5.71924805966445e-55	c16	RPS14
3.61638976881492e-59	0.902983402143813	0.368	0.206	1.11120808426376e-54	c16	CKS2
3.72137751743876e-59	0.225806183292025	0.997	0.974	1.14346766978341e-54	c16	RPL29
4.16191240177729e-59	0.488166472436673	0.972	0.899	1.27883082369411e-54	c16	UBC
6.08991080940343e-59	0.802907820226302	0.399	0.228	1.87124689440539e-54	c16	H2AFX
4.72609636654463e-58	0.972400312613244	0.258	0.125	1.45218763054817e-53	c16	TUBB2A
5.72274478085347e-58	0.298979368171761	0.99	0.956	1.75842778881285e-53	c16	H3F3B
1.86320116565874e-57	1.25200820570435	0.137	0.049	5.7250582217196e-53	c16	TXK
2.87812141017479e-57	0.775604173122792	0.309	0.16	8.84360365704407e-53	c16	PRMT9
2.05073272793088e-56	0.911443083345096	0.34	0.187	6.30128645311321e-52	c16	ZC3H12A
4.26195279041667e-55	0.826790185082901	0.288	0.147	1.30957023391133e-50	c16	DEDD2
6.61595850987605e-54	0.947789909010929	0.211	0.096	2.03288557132961e-49	c16	SH3YL1
9.7118480652801e-54	0.53625410431433	0.647	0.456	2.98415955501862e-49	c16	RGCC
1.33514643431339e-53	0.470749637797314	0.791	0.627	4.10250444871474e-49	c16	ZFAS1
2.87422591377876e-53	0.651142000375827	0.43	0.259	8.83163396526799e-49	c16	IFRD1
6.37605790760843e-53	1.018370317617	0.183	0.079	1.95917131327084e-48	c16	LOC100996286
1.04470551290007e-52	0.34117160503216	0.917	0.802	3.21006662948804e-48	c16	RPL4
4.307606254926e-51	0.2817227389583	0.972	0.901	1.32359817395111e-46	c16	RPSA
7.76217614047964e-51	1.11687695633888	0.201	0.092	2.38508386268518e-46	c16	FKBP4
2.45278406191106e-50	0.346737476082241	0.923	0.788	7.53666958703412e-46	c16	DUSP2
3.08569632351578e-50	1.09297051083197	0.193	0.088	9.48141909326692e-46	c16	GLA
3.49669993439125e-49	0.445975004097099	0.534	0.343	1.0744309888404e-44	c16	PIK3IP1
3.53871137139651e-49	0.629820341888731	0.431	0.262	1.08733984308901e-44	c16	SNHG5
1.29134825209587e-48	0.770583683040188	0.25	0.125	3.96792577421498e-44	c16	LDLRAP1
7.8634848741081e-48	0.531191292885497	0.654	0.474	2.4162129972672e-43	c16	NR4A2
1.35778433146992e-47	0.774815289445037	0.333	0.192	4.17206391530761e-43	c16	SELL
1.41153893649972e-47	0.480912189806622	0.532	0.346	4.33723569018268e-43	c16	GAS5
3.08406684356315e-47	0.38914604738483	0.868	0.729	9.47641219021649e-43	c16	SRSF7
4.27383767929292e-47	0.589869864880231	0.352	0.202	1.31322210371634e-42	c16	LMNA
4.33588284688286e-45	0.513951521835412	0.45	0.279	1.3322867223617e-40	c16	CAMK4
4.38573390065551e-45	0.442999171634572	0.683	0.508	1.34760445565442e-40	c16	SERP1
5.91050785161888e-45	0.322419874594617	0.915	0.818	1.81612174756693e-40	c16	RPL36A
7.66605334802703e-45	0.598465580670578	0.428	0.272	2.35554821224827e-40	c16	BCAS2
5.22045265826196e-44	0.667418915630339	0.348	0.205	1.60408848830415e-39	c16	NXT1
6.14649310829814e-44	1.79551563257096	0.064	0.018	1.88863293738677e-39	c16	SCML1
1.80375388607576e-43	0.400649584438806	0.721	0.53	5.542394565745e-39	c16	GLTSCR2
2.41667341281493e-43	1.64999419138594	0.113	0.043	7.42571239555644e-39	c16	SERPINH1
4.32613927227729e-43	0.778179028943712	0.199	0.096	1.32929281419264e-38	c16	KDM6B
1.16242896394609e-42	0.257479145237928	0.97	0.896	3.57179547751716e-38	c16	RPL10A
2.27414971601795e-42	0.268082019988233	0.965	0.897	6.98777983240836e-38	c16	RPS16
3.31123157781013e-42	1.19872841352673	0.12	0.047	1.01744212691372e-37	c16	ANKRD37
6.53602217582944e-42	0.263852059818204	0.945	0.858	2.00832353396711e-37	c16	RPL38
7.19094438964088e-42	0.522932242806001	0.474	0.309	2.20956148260495e-37	c16	SBDS
2.05191576057185e-41	1.00603334759713	0.19	0.092	6.30492155750912e-37	c16	MYC
2.24975040091544e-41	0.133490409437853	1	0.999	6.91280805689288e-37	c16	RPL41
6.31778177458563e-41	0.90103676731255	0.183	0.088	1.94126480587693e-36	c16	SESN3
6.34117779111339e-41	0.991585450825774	0.203	0.102	1.94845369987541e-36	c16	CD83
1.88474847510515e-40	0.790344126132658	0.209	0.105	5.79126663945558e-36	c16	SGK1
5.17202986877067e-40	0.737286476906156	0.375	0.236	1.58920961777716e-35	c16	CHMP1B
1.69784306421807e-39	0.592575125419427	0.362	0.222	5.21696238342285e-35	c16	TRADD
2.53791851346048e-39	0.535332218887866	0.386	0.239	7.79826221631001e-35	c16	GPR183
1.00592160358042e-38	0.778663676527973	0.239	0.13	3.09089531132156e-34	c16	TESPA1
1.15092836076961e-38	0.648694475182663	0.26	0.144	3.53645757413679e-34	c16	THEM4
3.1537275903453e-38	0.16481745156685	0.999	0.993	9.69045876685401e-34	c16	RPS19
3.97359723875107e-38	0.123275756489186	0.999	0.998	1.22096722355104e-33	c16	RPL28
5.52394873612073e-38	0.563552931293523	0.435	0.282	1.69734372814782e-33	c16	SNHG15
1.92992049737897e-37	0.790509263488917	0.168	0.08	5.93006671229637e-33	c16	FXYD1
2.42401297272501e-37	0.473003007415855	0.489	0.333	7.44826466129213e-33	c16	RNASET2
8.4351614100011e-37	0.377646669118786	0.363	0.219	2.59187204645104e-32	c16	LOC284454
1.63275004112813e-36	0.131466130119824	0.999	0.998	5.01695105137442e-32	c16	RPS27
4.60824718841648e-36	0.452251287994167	0.429	0.279	1.41597611358473e-31	c16	SNHG1
5.85025151767544e-36	0.822467123733206	0.154	0.072	1.79760678383613e-31	c16	BEX2
8.2006101947718e-36	0.366888861750199	0.671	0.493	2.51980149454753e-31	c16	EIF3E
1.76896728635247e-35	0.568929730812434	0.31	0.186	5.43550578077524e-31	c16	DGKA
2.86987846022731e-35	0.664140219468942	0.237	0.131	8.81827554474047e-31	c16	NELL2
3.19782932392269e-35	0.469907186818993	0.436	0.287	9.82597016361726e-31	c16	FLT3LG
4.49518560599285e-35	0.792195607077946	0.181	0.092	1.38123568115342e-30	c16	PPP1R15B
6.11386145462272e-35	0.177734068462423	0.991	0.968	1.87860620916192e-30	c16	RPL8
6.11802433686481e-35	0.18400113975903	0.994	0.962	1.87988533798845e-30	c16	RPLP2
8.23266126296599e-35	0.934470397729003	0.107	0.043	2.52964982627156e-30	c16	TAF4B
1.16974331515364e-34	0.569695508669499	0.437	0.295	3.5942702844726e-30	c16	ODC1
1.36115948358481e-34	0.540786508387715	0.304	0.182	4.18243474521104e-30	c16	BIRC3
2.28578800522047e-34	0.580260980104002	0.325	0.199	7.02354080364093e-30	c16	ICAM2
6.12461928121133e-34	0.904561297470686	0.144	0.067	1.8819117665378e-29	c16	SERINC5
7.97915095280174e-34	0.485183088313039	0.333	0.203	2.45175371326739e-29	c16	FOXP1
8.31013787778427e-34	0.660256605909297	0.266	0.154	2.55345606570677e-29	c16	S1PR1
8.33756047279789e-34	0.288388548439229	0.886	0.769	2.56188220647661e-29	c16	EEF2
1.00270851337236e-33	0.667646611565457	0.223	0.122	3.08102244903924e-29	c16	SATB1
1.48945616375756e-33	0.722407547896453	0.164	0.08	4.57665195437787e-29	c16	LSR
2.05891052408447e-33	1.63636036381124	0.064	0.021	6.32641436735436e-29	c16	PLAUR
3.41490379140339e-33	0.362193017946666	0.48	0.325	1.04929748798452e-28	c16	TMEM123
3.7270964852932e-33	1.20583955961171	0.075	0.026	1.14522493703604e-28	c16	LINC00176
4.02188449429848e-33	0.861813217859116	0.145	0.068	1.23580444856309e-28	c16	BACH2
4.17142158098043e-33	0.480256238385663	0.579	0.42	1.28175270918786e-28	c16	SELK
1.16388770967954e-32	0.817918005565695	0.15	0.072	3.57627776553233e-28	c16	FXYD7
2.66398445656652e-32	0.341384646492165	0.689	0.523	8.18562503969193e-28	c16	SNHG6
3.23913971693387e-32	0.782391262306982	0.216	0.12	9.95290460822271e-28	c16	CHMP7
5.45614270160149e-32	1.53574860401152	0.044	0.012	1.67650896792109e-27	c16	GRASP
6.75612431148782e-32	0.385163908150638	0.463	0.313	2.07595431719086e-27	c16	CCDC109B
1.20807349673963e-31	0.467847457365672	0.565	0.413	3.71204743343187e-27	c16	IRF1
1.49865371633683e-31	0.436179765904836	0.496	0.353	4.60491327418819e-27	c16	TRA2B
2.08508076076988e-31	0.121322901118429	0.999	0.994	6.40682765361762e-27	c16	RPS15A
3.82309360166709e-31	0.991853194051313	0.136	0.065	1.17472197098425e-26	c16	TSPYL4
4.24749649498677e-31	0.198984057199645	0.983	0.941	1.30512824801459e-26	c16	RPS2
4.39623416175149e-31	1.48750274327234	0.055	0.017	1.35083087088138e-26	c16	VIPR1
8.19038043314823e-31	0.570284664002988	0.3	0.184	2.51665819569346e-26	c16	BRE-AS1
9.04050549086097e-31	0.978523765135203	0.136	0.065	2.77787612217685e-26	c16	MAFF
9.35394398959833e-31	0.81068339303131	0.128	0.059	2.87418636968388e-26	c16	ANK3
1.01775585271744e-30	0.290448967289327	0.809	0.671	3.12725840864488e-26	c16	LRRC75A-AS1
1.97945338768439e-30	1.03049546776142	0.089	0.035	6.08226642433782e-26	c16	LOC102724889
2.33350054634836e-30	0.298529100877822	0.806	0.696	7.17014712876461e-26	c16	NPM1
2.76611921341286e-30	0.458076775930086	0.265	0.156	8.49945450705371e-26	c16	RCAN3
6.73677388816257e-30	0.567601824490387	0.266	0.161	2.07000851261571e-25	c16	ILF3-AS1
8.43251864310471e-30	1.90653803489837	0.028	0.006	2.59106000346679e-25	c16	ARC
1.66142079908427e-29	0.526212402347671	0.227	0.129	5.10504768934625e-25	c16	TNFRSF25
3.0303655268e-29	1.3268935918344	0.089	0.037	9.31140415419837e-25	c16	TNFSF13B
3.40445646520411e-29	0.303258692601893	0.723	0.572	1.04608733806327e-24	c16	EIF4A2
5.54848909786733e-29	0.539812953945716	0.35	0.229	1.7048842451017e-24	c16	TCP1
9.55328251232923e-29	1.50732262896465	0.052	0.016	2.9354371175634e-24	c16	VSIG1
1.86195691063788e-28	0.553212876412332	0.708	0.575	5.72123499931701e-24	c16	ANXA1
1.97388135140588e-28	0.163869092445441	0.995	0.98	6.06514522846483e-24	c16	RPS29
3.50384983561968e-28	0.244894058757164	0.76	0.615	1.07662793899086e-23	c16	LEPROTL1
9.64301763015733e-28	0.567527122012345	0.254	0.153	2.96301002721844e-23	c16	CHORDC1
1.02020688368591e-27	1.73975211418358	0.034	0.008	3.13478969150171e-23	c16	WNT7A
1.13697722911467e-27	0.33552680094651	0.554	0.404	3.49358993190064e-23	c16	TUBA1B
1.35099827082696e-27	0.854379798074744	0.141	0.071	4.15121238677e-23	c16	IER5
1.71706730376066e-27	1.31296521057191	0.064	0.023	5.27603270426539e-23	c16	CCDC184
6.02425517399391e-27	0.296282894501626	0.381	0.251	1.85107288731311e-22	c16	TRAT1
6.5012928489055e-27	0.380013116885426	0.485	0.351	1.99765225368319e-22	c16	ARHGAP15
8.7160458380125e-27	0.133980787407593	0.31	0.19	2.6781794046461e-22	c16	CD40LG
1.67562241291562e-26	0.596781895714046	0.172	0.093	5.14868498816583e-22	c16	TNFSF8
2.13910724615429e-26	0.375150349453974	0.381	0.257	6.57283483525829e-22	c16	PIM2
6.16589953326227e-26	0.291499903321386	0.434	0.298	1.8945959495855e-21	c16	JUND
1.65784557679548e-25	0.362893976621693	0.568	0.426	5.09406210381947e-21	c16	RPSAP58
4.53967979657891e-25	1.07378956110432	0.072	0.028	1.3949074110948e-20	c16	BEX5
4.91814283540208e-25	0.538814158047002	0.209	0.122	1.511197749034e-20	c16	C6orf48
9.20781004346172e-25	0.568925013112695	0.205	0.12	2.82928379205448e-20	c16	SNORA78
9.38599080533129e-25	0.316568280996248	0.504	0.372	2.88403339475415e-20	c16	EIF5
1.49094894351568e-24	1.17455903013346	0.128	0.066	4.58123881874062e-20	c16	ICAM1
1.65422874245281e-24	0.488904572341635	0.199	0.115	5.08294865693476e-20	c16	PER1
1.80901219457955e-24	0.382952288779511	0.448	0.322	5.55855177028459e-20	c16	SLC3A2
1.83637348279183e-24	0.305731014196396	0.688	0.543	5.64262480057446e-20	c16	HNRNPA0
1.97212328304867e-24	0.807929209558602	0.134	0.07	6.05974321182366e-20	c16	LOC646513
2.07691915160131e-24	0.486417079217034	0.316	0.207	6.38174947712536e-20	c16	PTGER2
2.84060693329134e-24	0.293016780040317	0.685	0.541	8.72833292392431e-20	c16	SRSF3
3.05767713784771e-24	0.163608133160857	0.981	0.937	9.39532454146466e-20	c16	RPL24
5.64589027037643e-24	0.753417762542565	0.141	0.074	1.73481270337857e-19	c16	ID3
8.48658059004868e-24	1.26589094059741	0.047	0.016	2.60767161790426e-19	c16	EIF4EBP3
1.27205742682223e-23	0.402512500659475	0.198	0.115	3.90865085539666e-19	c16	CDC14A
1.33049425656312e-23	0.359870783540218	0.395	0.274	4.08820970214151e-19	c16	PTP4A1
1.52900066171559e-23	0.647211918396911	0.134	0.07	4.69816033325349e-19	c16	DHRS3
3.06726793917825e-23	0.325116771378719	0.584	0.45	9.424794196713e-19	c16	SQSTM1
6.27991682496492e-23	1.0797349302521	0.071	0.029	1.92963004280697e-18	c16	GSTM3
1.06799842180881e-22	1.08133726762954	0.051	0.018	3.28163875069194e-18	c16	SNAI1
1.14156267785578e-22	0.15607975008754	0.991	0.954	3.50767964024744e-18	c16	FXYD5
1.16945211318512e-22	0.521205560815715	0.236	0.148	3.59337550818393e-18	c16	NFKB1
1.73519371423483e-22	0.266455712538567	0.546	0.407	5.33172972572935e-18	c16	CLK1
2.19186038135017e-22	0.419641247689757	0.685	0.576	6.73492939377466e-18	c16	DDIT4
2.67449566916802e-22	0.837180426586449	0.076	0.033	8.21792284265257e-18	c16	ID1
3.11745771955269e-22	0.142040142491327	0.995	0.977	9.57901233486955e-18	c16	PTMA
3.41006945077635e-22	0.453080326543233	0.476	0.362	1.04781204014005e-17	c16	HIST1H4C
3.55852752528848e-22	0.710107335746115	0.104	0.051	1.09342875269539e-17	c16	DPP4
4.54157869195271e-22	0.415443463354293	0.256	0.163	1.39549088467631e-17	c16	PDE3B
4.62111624371726e-22	0.739588375011295	0.13	0.069	1.419930388207e-17	c16	ARL4D
4.62884011579356e-22	0.540523205348529	0.161	0.091	1.42230370237989e-17	c16	CCR6
4.71783347975469e-22	0.520961986204478	0.267	0.175	1.44964869332422e-17	c16	TUBA1C
8.6774304218067e-22	0.575121945375792	0.189	0.112	2.66631404570855e-17	c16	KLF10
1.35084589110288e-21	0.479955066104203	0.2	0.12	4.15074416959182e-17	c16	TSPYL1
1.68442586485619e-21	1.29460171551385	0.051	0.018	5.17573535494362e-17	c16	DNAJA4
1.95760529251759e-21	0.397214653324157	0.307	0.206	6.0151337823188e-17	c16	TOB1
1.98823719803748e-21	0.677075538259516	0.116	0.06	6.10925643840976e-17	c16	FBLN5
2.50703613334168e-21	0.326057559457242	0.462	0.338	7.70336992691898e-17	c16	PIM1
3.27466906958069e-21	0.380026475224304	0.316	0.213	1.00620756501006e-16	c16	UPP1
3.66056671380335e-21	0.386525554559013	0.289	0.191	1.12478233415035e-16	c16	SNHG16
4.98833221365253e-21	0.390319795039359	0.24	0.152	1.53276483928901e-16	c16	RASA3
5.80634601436894e-21	0.339822292952966	0.377	0.265	1.78411593983514e-16	c16	ZC3HAV1
6.19228067573077e-21	0.586886901800575	0.211	0.131	1.90270208323179e-16	c16	P2RY8
7.34374815516706e-21	0.717601558497265	0.138	0.076	2.25651349563818e-16	c16	FAM53C
1.0334199556346e-20	0.360392403133991	0.433	0.316	3.17538949767845e-16	c16	RPS18P9
1.46826679442346e-20	0.160727992563198	0.973	0.917	4.51154337922496e-16	c16	GNB2L1
1.80654867705154e-20	0.496633009872255	0.14	0.077	5.55098211997627e-16	c16	FBLN7
2.21715097807549e-20	0.641732693479193	0.129	0.069	6.81263981033257e-16	c16	SLC39A8
3.12206013737839e-20	1.29773473570851	0.038	0.012	9.59315418412257e-16	c16	FOSL1
3.26789963695358e-20	0.490659466879376	0.202	0.125	1.00412752144673e-15	c16	RELB
3.62078351342592e-20	0.824082161645342	0.092	0.044	1.11255815017038e-15	c16	SFMBT1
4.89317032475852e-20	0.86240205258507	0.065	0.027	1.50352444568855e-15	c16	IFNG-AS1
5.00335199076147e-20	1.25518812206564	0.043	0.015	1.53737996620128e-15	c16	FSCN1
5.05041499598338e-20	1.96072824191264	0.026	0.007	1.55184101581581e-15	c16	LOC100505555
5.64604538754958e-20	1.35685735695065	0.034	0.01	1.73486036623236e-15	c16	KLF5
6.12670006384763e-20	0.785257869961985	0.094	0.046	1.88255112861846e-15	c16	CXorf40A
6.99100865320303e-20	0.290614417224303	0.41	0.293	2.1481272288697e-15	c16	SNHG12
7.31886835360839e-20	0.200531068602128	0.909	0.82	2.24886867901325e-15	c16	HNRNPA1
7.33954622000175e-20	1.55414028884949	0.028	0.008	2.25522236701994e-15	c16	SLC22A17
8.64044875530488e-20	0.387513416767427	0.236	0.15	2.65495068904253e-15	c16	CD28
9.30650115750769e-20	0.22776372737726	0.843	0.746	2.85960861066739e-15	c16	RPL21
9.34109818103862e-20	0.521180911997852	0.229	0.148	2.87023923808774e-15	c16	RNF139
9.70743002680128e-20	0.307823482410595	0.447	0.33	2.98280202433523e-15	c16	SMCHD1
9.99563508739012e-20	1.82653267995689	0.023	0.005	3.07135879330236e-15	c16	F2RL1
1.29344993676009e-19	0.228524273405046	0.511	0.382	3.97438362068274e-15	c16	CD6
1.3606793480334e-19	1.03859611648379	0.057	0.023	4.18095943270222e-15	c16	CTSL
2.01468244674906e-19	0.261901593321747	0.642	0.499	6.19051475412583e-15	c16	HNRNPA1P10
2.69678555471497e-19	0.610997907198636	0.15	0.087	8.28641297397269e-15	c16	BEX4
2.69829652235279e-19	0.852854869929109	0.089	0.043	8.29105572423343e-15	c16	LOC101927596
2.86545058408618e-19	0.408828908205146	0.209	0.129	8.80467000972159e-15	c16	KLF3
2.90439009994125e-19	0.215563661273458	0.593	0.46	8.92431946008947e-15	c16	CCNL1
3.9030443264767e-19	0.585894719933797	0.145	0.082	1.1992884301965e-14	c16	UBE2S
4.38321547336148e-19	0.353495079732617	0.354	0.25	1.34683061849978e-14	c16	MGAT4A
5.70247834116687e-19	0.643308885356688	0.104	0.053	1.75220051989034e-14	c16	ZNF10
6.41906473091069e-19	0.481880339673055	0.214	0.136	1.97238601986693e-14	c16	IMPDH2
8.05947320553005e-19	0.272671591511123	0.546	0.424	2.47643433186322e-14	c16	BRD2
1.20315197656762e-18	0.397834985818967	0.289	0.197	3.69692507839933e-14	c16	IL6ST
1.90440377305466e-18	1.60178552973149	0.039	0.013	5.85166147346505e-14	c16	HBEGF
2.17823863734298e-18	0.258205669191173	0.454	0.334	6.69307386096378e-14	c16	XBP1
2.5209600659495e-18	0.928294639079817	0.062	0.026	7.74615399464302e-14	c16	RAB3A
3.17240400493955e-18	0.30834711563554	0.346	0.244	9.74784578597775e-14	c16	FAM177A1
4.84864256078049e-18	0.351425095383117	0.259	0.173	1.48984239965102e-13	c16	PMAIP1
6.91375169931464e-18	0.229430027130392	0.473	0.349	2.12438848464841e-13	c16	RPL21P28
7.90566420419048e-18	0.249181233383907	0.523	0.404	2.42917344002161e-13	c16	PDCD4
8.06892169577079e-18	0.288554043930087	0.68	0.555	2.47933756945949e-13	c16	SOD1
8.49822853333146e-18	0.449093567904825	0.201	0.127	2.61125068143676e-13	c16	NABP1
8.52364488578556e-18	0.221871638661561	0.737	0.61	2.61906036405533e-13	c16	RPL7
1.03839224213384e-17	1.12503593282017	0.049	0.019	3.19066784240465e-13	c16	LOC101927613
1.36691109911027e-17	0.784659526973378	0.051	0.021	4.20010773423612e-13	c16	MORN3
1.52513999638293e-17	0.661924297345521	0.097	0.05	4.68629766688584e-13	c16	ZNF296
1.70204056473787e-17	0.494547156195909	0.173	0.106	5.22986004327005e-13	c16	NFKB2
1.97094455856903e-17	0.738485804994029	0.076	0.036	6.05612134511507e-13	c16	SPG20
2.76969793625986e-17	0.275150495268021	0.971	0.926	8.51045084874567e-13	c16	FTL
2.88223386013646e-17	0.710743348407859	0.064	0.028	8.8562399820413e-13	c16	HSBP1L1
4.64047386959631e-17	0.141751275787154	0.954	0.905	1.42587840591086e-12	c16	NACA
4.66929371346832e-17	1.04483057085136	0.047	0.018	1.43473387933741e-12	c16	ULBP2
5.31126369123178e-17	0.439419696785699	0.173	0.107	1.63199199440479e-12	c16	LOC101929065
5.56151739193873e-17	1.68856978734411	0.022	0.006	1.70888744902101e-12	c16	FAM153A
6.0756861798518e-17	0.191557596386607	0.41	0.299	1.86687609248306e-12	c16	DDX3X
6.25057792214256e-17	0.77252101998131	0.07	0.033	1.92061507813674e-12	c16	APP
6.47333733425119e-17	0.358919979899455	0.309	0.219	1.98906236269536e-12	c16	H3F3C
9.77880670162095e-17	0.701912392249538	0.096	0.05	3.00473393520707e-12	c16	TAF9B
1.00042953469859e-16	0.210592050776423	0.745	0.621	3.07401983126837e-12	c16	SRSF5
1.04926333059761e-16	0.296660673383147	0.246	0.164	3.22407143592728e-12	c16	FAM102A
1.12986458072691e-16	0.363758327591162	0.244	0.164	3.47173489719958e-12	c16	RASGRP2
1.58508164785221e-16	0.516969115685567	0.163	0.101	4.8704803793555e-12	c16	FAM159A
1.72036516872118e-16	0.552973432820958	0.115	0.064	5.28616605392957e-12	c16	TMEM63A
1.72928906054816e-16	1.31628245632959	0.043	0.017	5.31358649634632e-12	c16	HSPA1L
1.94983035524033e-16	0.200657617195641	0.447	0.33	5.99124373254696e-12	c16	TNFAIP8
2.15152557864358e-16	0.664703888121735	0.154	0.094	6.61099264549813e-12	c16	ARRDC2
2.18318130394983e-16	1.70190677528287	0.016	0.003	6.70826119264664e-12	c16	FOXJ1
2.44774364072837e-16	0.51148741932671	0.161	0.099	7.52118188486606e-12	c16	IER3
2.69197330888859e-16	0.857989271751469	0.067	0.032	8.27162638622196e-12	c16	NGFRAP1
3.10141106771712e-16	0.235324266836933	0.406	0.301	9.52970578777438e-12	c16	TTC39C
3.57363850514194e-16	0.442550896421587	0.218	0.146	1.09807190347496e-11	c16	AHSA1
4.01795467457239e-16	0.519539099456514	0.169	0.105	1.23459693285586e-11	c16	SERTAD3
5.7090145005243e-16	1.44432862970175	0.035	0.013	1.7542088855761e-11	c16	MDS2
8.77673809121702e-16	0.239056064786388	0.319	0.226	2.69682831328825e-11	c16	FAM65B
8.91931770225104e-16	0.752745432415297	0.076	0.038	2.74063875037068e-11	c16	GCSAM
9.15512781566299e-16	0.670620244646556	0.066	0.031	2.81309612391877e-11	c16	LOC101928152
9.50865961000462e-16	0.185550729857864	0.662	0.543	2.92172583836612e-11	c16	TAGAP
1.21919762952195e-15	0.507482079537226	0.14	0.084	3.7462285562321e-11	c16	SC5D
1.41805119395966e-15	0.754122998815558	0.076	0.038	4.35724590367985e-11	c16	LOC102723587
1.65054092405487e-15	0.290237519895218	0.263	0.182	5.07161709734339e-11	c16	LOH12CR1
1.76688776333666e-15	0.27193487787601	0.378	0.281	5.42911603040456e-11	c16	EIF2S3
1.85522773478055e-15	0.294610902234367	0.348	0.254	5.70055826066018e-11	c16	AMD1
1.95851141462464e-15	0.101282401584847	0.989	0.958	6.01791802371712e-11	c16	BTG1
2.44260834019323e-15	0.371736460057758	0.214	0.143	7.50540264691174e-11	c16	NUPL1
2.62038530695768e-15	0.461598995268606	0.121	0.069	8.05165793268887e-11	c16	RASSF3
3.82498248106891e-15	0.659981271979951	0.117	0.068	1.17530236695804e-10	c16	C1orf228
4.23849798166022e-15	0.188592699217929	0.601	0.479	1.30236327482474e-10	c16	SF1
4.72931445920311e-15	0.801288162903919	0.061	0.028	1.45317645387934e-10	c16	FHL1
5.03948328601836e-15	0.114463319590252	0.99	0.961	1.54848202929486e-10	c16	RPL6
5.37608597842547e-15	0.136871375671117	0.898	0.809	1.6519099385908e-10	c16	PNRC1
5.79246039596468e-15	0.125931129086238	0.972	0.928	1.77984930586807e-10	c16	RPL23A
6.45364794507009e-15	0.358193053143161	0.285	0.204	1.98301240408169e-10	c16	PPP1R10
6.80478158669337e-15	0.245076155594794	0.376	0.28	2.09090523814327e-10	c16	TAF1D
6.85664697631667e-15	0.100112971539119	0.724	0.593	2.10684191641282e-10	c16	RPL13A
7.74956640871141e-15	0.184131422628733	0.57	0.449	2.38120927040475e-10	c16	PPP1R2
8.31856507246409e-15	0.11935235998348	0.881	0.806	2.55604548981604e-10	c16	KLF6
1.02009713486336e-14	0.462209497343201	0.16	0.1	3.13445246629464e-10	c16	BBC3
1.25136054657016e-14	0.778527383790176	0.078	0.04	3.84505555144613e-10	c16	TRABD2A
1.38624433764454e-14	0.270876834053102	0.349	0.258	4.25951297628038e-10	c16	RPS20
1.44592161502188e-14	0.320752190399807	0.175	0.112	4.44288334647774e-10	c16	MXD1
1.50718910729731e-14	0.310041914147544	0.445	0.346	4.63113996999243e-10	c16	RPS14P3
1.58274116908696e-14	0.209985782612984	0.201	0.132	4.86328879025349e-10	c16	ERN1
1.60829414619988e-14	1.85440278883903	0.018	0.005	4.94180542302838e-10	c16	TMEM45B
1.8498384996299e-14	0.175083458548161	0.409	0.304	5.6839987578128e-10	c16	FAIM3
1.92715654719859e-14	0.771469880582805	0.067	0.033	5.9215739225771e-10	c16	SLC40A1
2.1537222971772e-14	0.632376960591162	0.094	0.052	6.61774250253637e-10	c16	CYB561
2.43480036019762e-14	0.542867140106639	0.152	0.096	7.48141106677924e-10	c16	MID1IP1
2.48180587492173e-14	0.731050768512323	0.079	0.041	7.625844911872e-10	c16	CEP68
2.98519912459355e-14	0.342221188212405	0.254	0.178	9.17262135013861e-10	c16	AZIN1
3.77667656036895e-14	0.28048860372082	0.257	0.179	1.16045940670457e-09	c16	SMAP2
4.0770751222745e-14	0.177318174897822	0.504	0.388	1.25276287282129e-09	c16	EIF3L
4.35722777392042e-14	0.486579913300741	0.151	0.095	1.33884537809253e-09	c16	TMEM204
4.44933374282616e-14	1.38463376138046	0.023	0.007	1.3671467791582e-09	c16	HSPA7
5.19043273224772e-14	0.953922958335423	0.047	0.021	1.59486426563776e-09	c16	IRS2
5.32597856931211e-14	0.257604952492697	0.277	0.196	1.63651343499253e-09	c16	NGRN
5.6997881442658e-14	0.528099344442005	0.12	0.071	1.75137390308855e-09	c16	ARHGEF18
7.41208265282877e-14	0.206815098279778	0.319	0.229	2.2775106367347e-09	c16	KCNA3
1.03248611681674e-13	0.335208601859341	0.166	0.107	3.17252009114279e-09	c16	MAML2
1.08239306430125e-13	0.290576976961029	0.25	0.175	3.32586916867846e-09	c16	DYNLT3
1.29093205120592e-13	0.287059814747444	0.193	0.128	3.96664691374043e-09	c16	SORL1
1.32077498972437e-13	0.295392267083435	0.277	0.199	4.05834531092608e-09	c16	NECAP2
1.34541398090683e-13	0.83268992085557	0.062	0.03	4.13405353913242e-09	c16	KIF9
1.57238963170819e-13	0.238583588849911	0.214	0.143	4.83148162134976e-09	c16	PLAC8
1.70349807376298e-13	1.66649769068141	0.019	0.005	5.23433853125152e-09	c16	RGMB
1.85605910216126e-13	1.39708676267173	0.03	0.011	5.70311280321089e-09	c16	ATG9B
1.98371344961578e-13	0.210311251130649	0.257	0.18	6.09535631663441e-09	c16	MYLIP
2.5179692009129e-13	0.543321509935663	0.108	0.064	7.73696396364507e-09	c16	GNL3
2.78852554271336e-13	0.440946418706463	0.216	0.149	8.56830243509535e-09	c16	ALG13
3.40862220092299e-13	0.84437189540024	0.046	0.02	1.04736734367761e-08	c16	CITED4
4.27164304010879e-13	0.602843074300515	0.081	0.044	1.31254775693423e-08	c16	KLHL6
4.67723034800426e-13	1.26042739256668	0.041	0.017	1.43717256903127e-08	c16	ACTN1
4.96857115096854e-13	1.28352490441377	0.027	0.009	1.5266928575581e-08	c16	ARG2
5.31318502677508e-13	0.201819131031048	0.274	0.196	1.63258236317718e-08	c16	ATF4
6.61576891108765e-13	0.3195590908828	0.159	0.103	2.0328273133099e-08	c16	SKIL
6.68020841088314e-13	0.186304871211584	0.386	0.291	2.05262763841206e-08	c16	C10orf54
8.35614456154863e-13	0.302041537254784	0.207	0.142	2.56759253942705e-08	c16	POLR2A
8.98287540738412e-13	0.507051928443795	0.097	0.056	2.76016812642692e-08	c16	MEPCE
9.74103013888072e-13	1.45161199253306	0.021	0.006	2.99312633077388e-08	c16	ESPN
1.0674193350055e-12	0.10979649818657	0.983	0.953	3.2798593906714e-08	c16	RPL35
1.12852899589124e-12	0.644698768770972	0.071	0.037	3.46763104567501e-08	c16	PHLDB3
1.15648323729163e-12	0.80898539559266	0.071	0.038	3.553526043226e-08	c16	EPOR
1.2081185203543e-12	0.411170694787597	0.226	0.159	3.71218577749265e-08	c16	GRPEL1
1.30482946775625e-12	0.340903529793813	0.134	0.084	4.00934950557463e-08	c16	NUFIP2
1.36567301722488e-12	0.390921992687153	0.129	0.08	4.19630348002689e-08	c16	TSC22D2
1.51149070802215e-12	1.38537891565451	0.027	0.01	4.64435749853968e-08	c16	SPON1
1.60970923136171e-12	0.602600474766141	0.089	0.051	4.94615355520513e-08	c16	CYSLTR1
1.80688196795978e-12	0.230425064558891	0.364	0.275	5.55200622295e-08	c16	STAT3
1.89891716752587e-12	0.593601457543632	0.06	0.03	5.83480278065673e-08	c16	CXorf57
1.90634266265067e-12	0.7042088753786	0.059	0.029	5.85761909952672e-08	c16	RRP12
1.98884500109904e-12	0.658821096167647	0.09	0.051	6.11112403487703e-08	c16	RIC3
2.01452733704878e-12	0.134783423241132	0.366	0.275	6.19003814854977e-08	c16	CHD2
2.21291232544346e-12	0.170985253801785	0.394	0.299	6.79961570239012e-08	c16	MAX
2.29944228201932e-12	0.21942356780584	0.343	0.255	7.06549629996076e-08	c16	RSL1D1
2.46658718042608e-12	1.95283224614383	0.012	0.003	7.57908242929522e-08	c16	LINC01220
2.48808176328736e-12	0.272746242217403	0.176	0.117	7.64512883405307e-08	c16	PABPC4
2.50308897204975e-12	0.650712585082021	0.096	0.056	7.69124148441727e-08	c16	RIPK2
2.59183294047368e-12	0.174055564000102	0.419	0.323	7.96392507619348e-08	c16	HNRNPU
2.6089491457862e-12	0.221502428970181	0.45	0.349	8.01651804025726e-08	c16	CCT4
2.78369101402374e-12	0.18136752247042	0.267	0.192	8.55344737879075e-08	c16	PAG1
3.58195800950428e-12	0.261211947762985	0.348	0.264	1.10062823758038e-07	c16	DOK2
3.87829985522708e-12	0.846064328371838	0.05	0.024	1.19168519651563e-07	c16	LOC102724428
4.30014167825973e-12	1.03867829883754	0.033	0.013	1.32130453347887e-07	c16	DSEL
4.59264838907513e-12	0.64150112354955	0.089	0.051	1.41118307051111e-07	c16	NANS
4.86762658477629e-12	0.20760309485088	0.251	0.179	1.49567562070421e-07	c16	TIMP1
5.59955461465152e-12	0.578266441714708	0.127	0.081	1.72057514644397e-07	c16	AP3M2
5.82511221785544e-12	0.269594962702499	0.146	0.093	1.78988223118044e-07	c16	TRAPPC2P1
6.32139384612692e-12	0.60639244811798	0.066	0.034	1.94237468709942e-07	c16	PARD6A
6.86256522972252e-12	0.215365001484208	0.214	0.149	2.10866041813684e-07	c16	TLE4
7.03674262920277e-12	1.08080581490278	0.034	0.014	2.16217990767514e-07	c16	LOC101929285
8.64525535421729e-12	0.128786721976374	0.94	0.863	2.65642761269035e-07	c16	RPL27
9.07919116441836e-12	0.131099079545602	0.303	0.219	2.78976306909083e-07	c16	SNHG7
9.58884600077854e-12	1.41162058314584	0.019	0.006	2.94636471065922e-07	c16	AXIN2
1.09705052727956e-11	0.167343542777133	0.509	0.407	3.37090715517191e-07	c16	SMDT1
1.11244520385119e-11	1.46689909836731	0.019	0.006	3.41821037787354e-07	c16	GREM2
1.12839968210134e-11	0.148341281140071	0.491	0.382	3.46723370319279e-07	c16	SFPQ
1.13618447176371e-11	0.312033197335407	0.171	0.115	3.49115402638836e-07	c16	PAF1
1.14300275679942e-11	0.305990119264854	0.264	0.194	3.51210457081758e-07	c16	MAT2A
1.1793875432046e-11	0.918178178273227	0.065	0.034	3.62390410400479e-07	c16	LOC102724246
1.20023788141484e-11	0.434230854288904	0.119	0.073	3.68797093822339e-07	c16	ARL5B
1.28456259278031e-11	0.165554412990438	0.44	0.345	3.94707547883606e-07	c16	CCNH
1.49315796632792e-11	1.17163328553546	0.032	0.013	4.5880264831358e-07	c16	RND1
1.53573718018585e-11	0.225150891432718	0.397	0.308	4.71885963355706e-07	c16	ARF4
1.80005783861158e-11	0.667699732446876	0.064	0.034	5.53103772070179e-07	c16	INADL
1.89216848086496e-11	1.40454852620989	0.025	0.009	5.81406609115377e-07	c16	HRH2
1.95537340089799e-11	0.160479272404795	0.565	0.466	6.00827584893926e-07	c16	FUS
1.98832295125065e-11	0.202362606433776	0.672	0.574	6.10951993230786e-07	c16	SAT1
2.34740206202216e-11	0.180078071666486	0.334	0.252	7.21286231597548e-07	c16	CYTH1
2.51722593114838e-11	0.342047158475235	0.14	0.091	7.73468011863964e-07	c16	PELI1
2.53283160501878e-11	0.148806501481519	0.575	0.463	7.78263167274121e-07	c16	EIF4B
2.63629246756769e-11	0.699605725327943	0.064	0.034	8.10053586509525e-07	c16	LOC100131691
2.66825441450482e-11	0.826887480006215	0.127	0.082	8.19874533944897e-07	c16	OSM
2.68417802273996e-11	0.359453078000219	0.166	0.113	8.24767381047307e-07	c16	ATG101
2.69377018324415e-11	0.270194332286938	0.235	0.169	8.2771476420543e-07	c16	SBDSP1
2.71457025194443e-11	0.104922501832245	0.98	0.943	8.34106001314964e-07	c16	RPL15
2.9163731011673e-11	0.463856652632919	0.067	0.036	8.96113962795677e-07	c16	LGALS3BP
2.96878438874067e-11	1.36826885006733	0.03	0.012	9.12218379128344e-07	c16	CBR3
3.00336866966734e-11	0.592477154431286	0.087	0.05	9.22845091128685e-07	c16	ZNF574
3.18359564421464e-11	0.452786868670653	0.083	0.047	9.78223433597833e-07	c16	NFKBID
3.41019384840567e-11	0.950185264240123	0.03	0.012	1.04785026379961e-06	c16	EGR3
3.56592227631473e-11	0.170237190909325	0.791	0.676	1.09570093784323e-06	c16	RPL17
4.33469534498866e-11	0.111338775288218	0.325	0.242	1.33192183865466e-06	c16	PRKCQ-AS1
5.23447799731861e-11	1.20520048916868	0.046	0.022	1.60839805423609e-06	c16	KLF4
5.74109099896605e-11	0.227671592580833	0.277	0.206	1.7640650312523e-06	c16	PIM3
6.11296447193042e-11	0.293196679527045	0.207	0.147	1.87833059329006e-06	c16	JMJD6
6.60275308051974e-11	0.652269437216912	0.071	0.039	2.0288279390513e-06	c16	ZNF44
7.48939358778148e-11	0.680778183986655	0.087	0.051	2.30126596771761e-06	c16	GRAP
7.73906479412009e-11	0.191742967776461	0.565	0.468	2.37798243928928e-06	c16	RPL22L1
7.92110092748529e-11	0.559165705964074	0.087	0.051	2.4339166819884e-06	c16	ING1
8.1046225448724e-11	0.431663599975502	0.144	0.096	2.49030736936294e-06	c16	C1orf162
1.01372429167005e-10	0.300240230313771	0.187	0.131	3.11487063101458e-06	c16	ABLIM1
1.10207442013475e-10	0.254368465326432	0.175	0.121	3.38634407074803e-06	c16	KDSR
1.23816058687628e-10	0.398836390370328	0.115	0.073	3.80449603529473e-06	c16	COQ7
1.50210154397056e-10	0.180949250524023	0.256	0.188	4.61550741415834e-06	c16	RPL13AP5
1.71522843632504e-10	0.620630175232603	0.076	0.043	5.27038241629595e-06	c16	LY96
1.72452879223894e-10	0.129378752381645	0.353	0.269	5.2989596199126e-06	c16	R3HDM4
1.77443825948751e-10	0.378812744462025	0.158	0.108	5.45231643992727e-06	c16	LPAR6
1.8369485261387e-10	0.258035413566449	0.258	0.191	5.64439173626638e-06	c16	UGP2
1.96959415538081e-10	0.153315428994171	0.297	0.22	6.0519719612386e-06	c16	SELM
1.98800983482754e-10	0.575682820575156	0.066	0.036	6.10855781947458e-06	c16	ZNF815P
2.15435411817138e-10	0.212747220235516	0.289	0.218	6.61968389890519e-06	c16	DDX39A
2.16685200061751e-10	0.877135761317576	0.044	0.021	6.65808614229742e-06	c16	HSPA2
2.26925542085639e-10	0.277502905536928	0.166	0.113	6.97274113166543e-06	c16	BCL2A1
2.29167816905265e-10	0.563250639992801	0.062	0.033	7.04163951004807e-06	c16	LINC01128
2.33056327120469e-10	0.274813601891318	0.221	0.159	7.16112176343065e-06	c16	HSPA4
2.47281681324744e-10	0.33339125215781	0.181	0.127	7.5982242220654e-06	c16	TRAF1
2.48747227657427e-10	0.50776364847906	0.092	0.055	7.64325606422975e-06	c16	METTL21A
2.49230151662377e-10	0.262625700955068	0.214	0.154	7.65809487012987e-06	c16	EPB41L4A-AS1
2.49373800523265e-10	0.280289118603423	0.262	0.195	7.66250876867837e-06	c16	GATA3
2.83367727180016e-10	0.477131330588395	0.156	0.108	8.70704015306037e-06	c16	BCL10
3.11990838505215e-10	0.131152970714862	0.873	0.781	9.58654249474975e-06	c16	TOMM7
3.16497616905511e-10	0.114250489624437	0.391	0.302	9.72502227465562e-06	c16	ATP1A1
3.19787375226432e-10	0.239875678070587	0.146	0.098	9.82610667858258e-06	c16	MIDN
3.46730033445721e-10	0.187912999104153	0.239	0.174	1.06539737376867e-05	c16	CHD1
3.47367005385447e-10	0.235900480875318	0.187	0.132	1.06735459744786e-05	c16	HELB
3.50864138689267e-10	0.349091726947213	0.112	0.071	1.07810023895051e-05	c16	BNIP3
4.06908981093849e-10	0.209215002342493	0.317	0.24	1.25030922620707e-05	c16	PDE4B
4.36605480883435e-10	0.266060842632077	0.29	0.221	1.34155766111053e-05	c16	ALKBH5
4.74794075203037e-10	0.153879138096631	0.265	0.197	1.45889975487637e-05	c16	PPP1CB
5.27874716484165e-10	0.228324254984786	0.219	0.158	1.62200064134089e-05	c16	CEBPZ
5.31067405878433e-10	0.575476773865399	0.06	0.033	1.63181081804266e-05	c16	PHLDA2
5.80882209947099e-10	0.56174569963202	0.065	0.036	1.78487676650445e-05	c16	SLC8B1
5.87517248431827e-10	0.42678914011815	0.092	0.056	1.80526424925647e-05	c16	IGFBP3
6.5155665867467e-10	0.429853731202849	0.103	0.065	2.00203814510966e-05	c16	PARP6
6.85820837831311e-10	0.532640200634672	0.067	0.037	2.10732168840427e-05	c16	IFI44L
8.62935913956264e-10	0.239531552735129	0.17	0.118	2.65154318281341e-05	c16	LRRC8C
9.22298150774294e-10	0.185524090397293	0.173	0.121	2.83394552788417e-05	c16	NAMPT
9.34674792193438e-10	0.199782308551938	0.282	0.213	2.87197523397278e-05	c16	NOP58
9.71019484184598e-10	0.548534854764585	0.049	0.025	2.98365156905401e-05	c16	PCSK1N
1.03570721113934e-09	0.155857587715699	0.244	0.179	3.18241754766785e-05	c16	INPP4B
1.15991739013497e-09	0.178201819487213	0.259	0.193	3.56407816466772e-05	c16	ADD3
1.16475749936399e-09	0.664524263492255	0.045	0.022	3.57895036829572e-05	c16	ZBTB21
1.22049790983046e-09	1.30596883107255	0.025	0.01	3.75022392753604e-05	c16	CXCL16
1.2220812117294e-09	0.242042050323753	0.173	0.12	3.75508893928093e-05	c16	GNL1
1.23103774023594e-09	0.383620983174999	0.101	0.064	3.78260966442297e-05	c16	SLC7A6
1.33843757053937e-09	0.288172670751761	0.211	0.154	4.11261712299634e-05	c16	PNP
1.35154523578798e-09	0.190649310252012	0.16	0.11	4.15289304600573e-05	c16	DUSP16
1.36423028803745e-09	0.203196336846945	0.194	0.139	4.19187040605267e-05	c16	GPCPD1
1.66959008968065e-09	0.879304360572883	0.04	0.019	5.13014946856172e-05	c16	IFNGR2
1.7698122619425e-09	0.529955355175209	0.096	0.06	5.43810213727073e-05	c16	TMEM116
2.0149012304575e-09	0.876611868975584	0.069	0.04	6.19118701082675e-05	c16	LST1
2.02156594360639e-09	0.19967178722122	0.284	0.216	6.21166567491934e-05	c16	ALKBH7
2.12113711926642e-09	0.537338615652693	0.109	0.071	6.51761802636992e-05	c16	IFT57
2.42799924443137e-09	0.451336162082387	0.101	0.065	7.46051327836427e-05	c16	C14orf64
2.51614516055458e-09	0.356371375030281	0.081	0.048	7.73135923483607e-05	c16	ITGA6
2.54307656132535e-09	0.635555040349566	0.048	0.025	7.8141113499844e-05	c16	EPHA4
2.81893949396144e-09	1.20097134699771	0.011	0.003	8.66175538309531e-05	c16	MYO16
3.08209298319695e-09	0.13624273171753	0.7	0.597	9.47034710946927e-05	c16	PTGES3
3.30872359215451e-09	0.610349726168008	0.063	0.036	0.000101667149816132	c16	GCC1
3.61049262067214e-09	0.164115825193454	0.57	0.469	0.000110939606755393	c16	SLC25A5
3.62102963464608e-09	0.168532881188522	0.219	0.16	0.00011126337758377	c16	GPR171
3.64895546235378e-09	0.957360932814237	0.027	0.012	0.000112121454491745	c16	SNN
3.66414344629306e-09	0.246050180035672	0.161	0.113	0.000112588135674247	c16	NTMT1
4.11024654021637e-09	0.323906797552216	0.103	0.066	0.000126295545441229	c16	ARIH1
4.13557719082364e-09	1.32418751895715	0.014	0.004	0.000127073880342438	c16	CACNA1I
4.66049211486931e-09	0.141143432736191	0.301	0.231	0.000143202941213589	c16	GCC2
4.88816662289857e-09	0.168414900155115	0.268	0.204	0.000150198695821804	c16	DDX21
5.09130930629624e-09	0.321270521847702	0.172	0.122	0.000156440661054565	c16	TMEM107
5.14909693376512e-09	0.114656745746874	0.469	0.377	0.000158216301483801	c16	SOCS1
5.27119919115305e-09	0.206478784863508	0.123	0.082	0.00016196813754656	c16	HIVEP2
5.43276640894879e-09	0.174838990086271	0.217	0.16	0.000166932613447769	c16	STK38
5.47309683443113e-09	0.208721658490441	0.25	0.186	0.000168171846431565	c16	SNHG9
5.60666732274256e-09	0.448367574028135	0.073	0.043	0.000172276066825911	c16	PTP4A3
5.78226580282179e-09	1.30093738471456	0.016	0.005	0.000177671681323305	c16	LINC00824
5.90489652892017e-09	0.425411060023184	0.091	0.057	0.00018143975564413	c16	NAF1
6.00068847299678e-09	1.00993117334956	0.04	0.02	0.000184383154709772	c16	LINC01215
6.61554724409412e-09	0.251291109404151	0.185	0.133	0.00020327592016928	c16	RBM7
6.94682892318243e-09	1.04731560414218	0.023	0.009	0.000213455212322627	c16	LOC101928370
6.97965459294467e-09	0.113622407235934	0.807	0.71	0.000214463846677411	c16	RPL31
7.15326648401887e-09	0.362681869159211	0.129	0.088	0.000219798419254448	c16	REPS1
7.47420675512257e-09	0.83161303804502	0.043	0.022	0.000229659950964651	c16	PRKCA
7.49275286778416e-09	1.10870960877166	0.026	0.011	0.000230229817368404	c16	AIF1
8.23469539515108e-09	0.626432612026	0.049	0.026	0.000253027485406807	c16	LOC100996535
8.80217363940535e-09	0.269003932304972	0.172	0.124	0.000270464389418008	c16	KDM2A
9.4220757324127e-09	0.562492877153879	0.07	0.042	0.000289512121029845	c16	FCGRT
1.00672567915559e-08	0.876533993062127	0.026	0.011	0.000309336599434137	c16	HYPK
1.02356281708321e-08	0.259601762773164	0.19	0.139	0.000314510146805159	c16	OSER1
1.05311103273217e-08	0.696303927343838	0.03	0.014	0.000323589427027615	c16	GKAP1
1.12314473351402e-08	0.809630017301592	0.048	0.026	0.000345108682266852	c16	MIR22HG
1.1855946869345e-08	1.09491243420546	0.024	0.01	0.000364297679454363	c16	PFN2
1.21471315390631e-08	0.27315467124769	0.142	0.098	0.000373244910800792	c16	ZNF593
1.32105917930608e-08	0.581830425504466	0.05	0.027	0.000405921854025379	c16	C10orf35
1.33887209941056e-08	0.298711897547052	0.125	0.085	0.000411395229985884	c16	MAP4K2
1.34625372742051e-08	1.0878019230887	0.023	0.01	0.000413663382824499	c16	EDA
1.37446213314752e-08	0.410886560154556	0.108	0.071	0.000422330979652237	c16	PCNXL4
1.43360110784941e-08	0.120300491400667	0.45	0.365	0.000440502612408887	c16	ST13
1.45009079066491e-08	0.384975367585821	0.123	0.083	0.000445569397247606	c16	CFAP36
1.46184502087424e-08	0.23248113623692	0.212	0.157	0.000449181119564028	c16	P2RY10
1.49639975183135e-08	0.653069193270139	0.054	0.03	0.000459798751745218	c16	PDE8A
1.55163142648343e-08	0.308695477377763	0.131	0.09	0.000476769788415563	c16	TACC3
1.55235649356515e-08	2.24613088957588	0.01	0.002	0.000476992579777765	c16	CIART
1.61036935921762e-08	1.48694085565246	0.017	0.006	0.000494818193006798	c16	ACE
1.63685271858889e-08	0.771141103201412	0.055	0.031	0.000502955734840809	c16	INF2
1.684288181493e-08	0.995324526897987	0.03	0.013	0.000517531229527354	c16	MSX2P1
1.74843106974789e-08	0.103231374493275	0.517	0.42	0.000537240414801435	c16	NHP2L1
1.75451911617119e-08	0.345391048551407	0.103	0.067	0.000539111088825922	c16	CLUHP3
1.83105009283088e-08	0.462245927345303	0.115	0.077	0.000562626762024146	c16	PRR7
1.83978719666951e-08	0.23200386131527	0.264	0.202	0.000565311411920641	c16	COQ10B
1.92778550561981e-08	0.167716542346932	0.211	0.156	0.000592350652311798	c16	RALGAPA1
2.07084152934449e-08	0.359425237633973	0.068	0.041	0.000636307476721683	c16	RASD1
2.165750389113e-08	0.279230676722482	0.491	0.405	0.000665470122062751	c16	PRDX1
2.19803836483609e-08	0.179122479208342	0.225	0.169	0.000675391248363185	c16	GIMAP2
2.20982289683427e-08	1.54526854705421	0.01	0.003	0.000679012281510266	c16	SIAH3
2.27276326436982e-08	0.419803929383964	0.082	0.051	0.000698351968242915	c16	ZHX2
2.44271466986446e-08	0.634917366644242	0.04	0.02	0.000750572936609253	c16	MEGF6
2.46863455532774e-08	0.103713751952706	0.463	0.374	0.000758537339815553	c16	TOMM20
2.49552003732768e-08	0.144866122850878	0.153	0.108	0.000766798441869677	c16	NINJ1
2.68094201901535e-08	1.11054827894613	0.019	0.007	0.000823773054182845	c16	ZNF542P
3.00279469647471e-08	0.104761457817019	0.309	0.241	0.000922668726385786	c16	FAM107B
3.03535967092247e-08	1.13187367478531	0.028	0.013	0.000932674966084347	c16	RASL11A
3.1599435629868e-08	0.586181043625843	0.095	0.061	0.000970955858598955	c16	RGS16
3.18333643602008e-08	0.314016031888463	0.1	0.065	0.000978143786695891	c16	ETV3
3.19079015201477e-08	0.259119029840902	0.09	0.057	0.00098043409000958	c16	LTBP3
3.24897127205952e-08	0.95238138590971	0.027	0.012	0.000998311402765728	c16	HSP90AB4P
3.3746652846841e-08	0.324623438669564	0.103	0.067	0.00103693340202488	c16	FBXO34
3.41001469970746e-08	0.971484255831622	0.021	0.008	0.00104779521677911	c16	BTBD11
3.59382857602163e-08	0.706599406987893	0.029	0.013	0.00110427570655417	c16	TNFRSF10D
3.71543759699713e-08	0.181302440619176	0.199	0.147	0.00114164251042931	c16	ODF2L
3.94214545033397e-08	0.133746348583842	0.324	0.255	0.00121130303252412	c16	BCLAF1
3.99953494348931e-08	0.898304732148406	0.024	0.01	0.00122893710208596	c16	FMN1
4.23036015532978e-08	0.492548606592384	0.07	0.043	0.00129986276492818	c16	TFAP4
4.28866480633076e-08	0.311977161829715	0.153	0.109	0.00131777803504125	c16	DNAAF2
4.36780877817028e-08	0.183296529104347	0.254	0.196	0.00134209660326838	c16	CYLD
4.43225554901039e-08	0.258726843526068	0.102	0.067	0.00136189916254442	c16	NME4
4.48384136561849e-08	1.07445047550574	0.021	0.008	0.00137774993641359	c16	TCEA3
4.51985003149626e-08	0.144822910573657	0.207	0.153	0.00138881431917786	c16	UBQLN1
4.57373602974931e-08	1.4512082573679	0.017	0.006	0.00140537186986107	c16	DENND5A
4.85863661619931e-08	0.308915671545125	0.091	0.058	0.00149291327305956	c16	MAP3K1
4.96563578867717e-08	0.389356556052982	0.094	0.061	0.00152579090878684	c16	PVT1
4.96876544611297e-08	0.617898945813404	0.04	0.021	0.00152675255862713	c16	RLN1
5.05352045529522e-08	0.408867754220918	0.094	0.061	0.00155279523029856	c16	UBR1
5.16610664277337e-08	0.840330681852239	0.028	0.013	0.00158738958812497	c16	SCGB3A1
5.44250785063993e-08	0.302737215806618	0.097	0.063	0.00167231938726613	c16	TRIM28
5.8194027406817e-08	0.111669658523446	0.829	0.732	0.00178812788012927	c16	RPL27A
6.25130540140505e-08	0.532426561588054	0.052	0.03	0.00192083861068973	c16	LOXL1-AS1
6.48496242104076e-08	0.157732163630968	0.205	0.153	0.00199263440311319	c16	USP3
6.55607740040442e-08	0.131005115310849	0.535	0.442	0.00201448590282227	c16	EIF3H
6.60017641592351e-08	0.153234895174969	0.219	0.164	0.00202803620732082	c16	RNF138
6.63686105692065e-08	0.467677945079347	0.068	0.041	0.00203930829696001	c16	SPATA2
7.26550134330437e-08	0.224240604669755	0.201	0.15	0.00223247059775713	c16	ADSL
7.48242037755907e-08	0.682772888997347	0.05	0.028	0.00229912330941258	c16	AVPI1
7.59687063495362e-08	0.2178530462804	0.156	0.112	0.0023342904400022	c16	THAP9-AS1
8.06695558779871e-08	0.138926894371072	0.22	0.165	0.00247873344346291	c16	CHCHD7
8.61099619199915e-08	0.10184649020718	0.27	0.206	0.00264590079991558	c16	CDKN1B
8.91098348958491e-08	0.251034350537648	0.148	0.105	0.00273807789684475	c16	NR4A3
9.11854162888801e-08	0.539120108847727	0.051	0.029	0.00280185428630842	c16	LOC100289230
9.39890103211984e-08	0.560403301153658	0.119	0.082	0.00288800032013946	c16	TIFA
9.52336826786967e-08	0.15400543540434	0.231	0.176	0.00292624536766831	c16	RAPGEF6
1.13737278147081e-07	0.730682720088576	0.043	0.023	0.00349480534562535	c16	CHD7
1.15725073240303e-07	0.123137442741031	0.292	0.229	0.00355588432545479	c16	PSIP1
1.17070216176679e-07	0.233636853671481	0.169	0.124	0.00359721653246081	c16	SESN1
1.22818840530961e-07	0.126521744252697	0.305	0.24	0.00377385451299485	c16	PPA1
1.25678580549427e-07	0.349244294437281	0.121	0.084	0.00386172574454223	c16	AKAP17A
1.29742005576578e-07	0.634824172140885	0.06	0.036	0.00398658260535152	c16	DPEP2
1.33084011611482e-07	0.287747263513929	0.117	0.081	0.00408927242478602	c16	CCDC66
1.37357013211114e-07	0.354718772568503	0.06	0.035	0.00422056894493791	c16	ZSCAN18
1.397282691118e-07	0.108605300590604	0.659	0.554	0.00429343052499829	c16	EIF3F
1.42672955710211e-07	0.139802813423695	0.32	0.256	0.00438391191010765	c16	HNRNPUL1
1.44413332963333e-07	0.282431467705257	0.043	0.023	0.00443738848196433	c16	HNRNPU-AS1
1.45018399752398e-07	0.46291414872863	0.066	0.04	0.00445598036919192	c16	FAM122C
1.47723264586757e-07	0.528272842550466	0.048	0.027	0.00453909275095727	c16	LRIG1
1.49864972898655e-07	0.448757904650691	0.089	0.059	0.00460490102225698	c16	MX2
1.51295152033676e-07	0.100241770358417	0.37	0.298	0.00464884613653876	c16	IKZF1
1.51448419903689e-07	0.341518676494757	0.08	0.051	0.00465355559838065	c16	IGFBP4
1.5274762518351e-07	1.44376241483908	0.014	0.005	0.00469347627901372	c16	RAB20
1.59620944531669e-07	0.270571055621399	0.089	0.058	0.00490467276262459	c16	SSBP2
1.62879964528357e-07	0.152077930560186	0.163	0.119	0.00500481267006283	c16	EML3
1.68342237460618e-07	0.101998585570561	0.332	0.263	0.0051726519304524	c16	RORA
1.79051477205951e-07	0.430628248910283	0.064	0.039	0.00550171474010725	c16	IMMP2L
1.8869188318321e-07	0.396992298218975	0.081	0.052	0.00579793549457048	c16	C11orf1
1.89097093803578e-07	0.250117203805943	0.133	0.094	0.00581038640130255	c16	ZNF330
2.0462964956149e-07	0.2065519531963	0.153	0.111	0.0062876552420759	c16	RALGAPA1P
2.25648631082255e-07	0.244273813061872	0.17	0.126	0.00693350548726444	c16	MORF4L2
2.25854243423961e-07	0.360490768323417	0.056	0.033	0.00693982333768805	c16	EFCAB2
2.47426596130728e-07	0.163509916863891	0.221	0.168	0.00760267701930888	c16	BTF3L4
2.55505469000869e-07	0.13731198845296	0.209	0.158	0.00785091654598969	c16	EIF2A
2.56649350390939e-07	0.303904896603635	0.109	0.075	0.00788606458946239	c16	BTAF1
2.64708041089981e-07	0.230860346616947	0.121	0.085	0.00813368397857185	c16	UXS1
3.04124343221829e-07	1.28729066317458	0.015	0.005	0.00934482869417713	c16	ZNF703
3.12171556271231e-07	1.29344660135761	0.012	0.004	0.00959209540954612	c16	RBM11
3.32585032887819e-07	0.253070316781196	0.081	0.052	0.010219340305544	c16	LINC00324
3.3339058014793e-07	0.265494657516211	0.091	0.06	0.0102440923562055	c16	UBXN11
3.47755153980095e-07	0.219884754416183	0.164	0.121	0.0106854726163464	c16	NDE1
3.49295272749068e-07	0.692039547120308	0.046	0.026	0.0107327958457606	c16	SGK3
3.64116720746677e-07	1.60740016057742	0.013	0.004	0.0111882144783832	c16	SUSD4
3.87129723676037e-07	0.71126782666429	0.031	0.015	0.0118953350193936	c16	METAP1D
3.94164768155494e-07	0.742809287473877	0.03	0.015	0.0121115008311139	c16	NLRP6
4.39846092122689e-07	0.721854035381921	0.04	0.022	0.0135151508726539	c16	EEPD1
4.47277334490281e-07	0.17437647638361	0.145	0.105	0.0137434906568829	c16	HEXIM1
4.47355910996998e-07	0.314625270358473	0.079	0.051	0.0137459050772048	c16	TNFRSF10A
4.55137121423123e-07	0.132033316125109	0.191	0.144	0.0139849983299683	c16	PCGF5
4.66812870460462e-07	1.39754758078211	0.011	0.003	0.0143437590706386	c16	LINC00471
4.85351182877927e-07	0.442051013230611	0.057	0.034	0.0149133857962901	c16	KLHL5
5.10804902181427e-07	0.11346114781822	0.313	0.247	0.0156955022293287	c16	C1QBP
5.31500960015653e-07	0.508172569114047	0.062	0.038	0.016331429998401	c16	CREG1
5.95239216174277e-07	0.653339097118574	0.04	0.022	0.018289915395387	c16	RARG
6.85205379025932e-07	0.151232766580621	0.076	0.049	0.0210543056813298	c16	FLJ38717
7.43755624281914e-07	0.360805431596674	0.092	0.062	0.0228533790673104	c16	TWISTNB
7.87997732193522e-07	0.448458309639527	0.079	0.052	0.0242128063171103	c16	IL6R
8.14150441573609e-07	0.501876740080635	0.038	0.02	0.0250164006182323	c16	TP53
9.43203734188029e-07	0.743428835165381	0.021	0.009	0.0289818211403956	c16	PLAG1
9.53594823561019e-07	0.592472869006711	0.038	0.021	0.0293011081435594	c16	NUAK2
9.61542251071306e-07	0.402492217864444	0.058	0.035	0.029545308748668	c16	ZNF14
9.72513730700595e-07	0.120385194177054	0.211	0.161	0.0298824294032372	c16	HBP1
9.88585309052232e-07	0.29333796577846	0.108	0.075	0.0303762607912479	c16	NSG1
1.00784821820882e-06	1.35053622897841	0.016	0.006	0.0309681522009025	c16	TSPAN15
1.03237760015395e-06	0.127175786577319	0.238	0.186	0.0317218665199305	c16	LMBRD1
1.05411498809893e-06	0.608845652383428	0.052	0.031	0.0323897912393157	c16	AIG1
1.08393727937238e-06	1.2374256824789	0.01	0.003	0.033306140783275	c16	KDF1
1.15143479467033e-06	1.54131461009644	0.013	0.005	0.0353801369358352	c16	KANK1
1.22223259106458e-06	0.13140276599151	0.263	0.206	0.0375555408256415	c16	APEX1
1.24304500264724e-06	0.976923814498515	0.013	0.005	0.0381950437963416	c16	NRIP3
1.32244507827899e-06	0.935047263170453	0.023	0.011	0.0406347699202786	c16	BAMBI
1.35368490307231e-06	0.141625533931971	0.218	0.168	0.0415946760167029	c16	POLR2C
1.37256059600332e-06	0.390974554182277	0.073	0.047	0.0421746694333941	c16	ELMSAN1
1.43307658035438e-06	1.2719012569455	0.011	0.004	0.0440341440845489	c16	LINC01359
1.45479967016234e-06	0.422448203150709	0.085	0.057	0.0447016294650782	c16	LTA
1.45969723616769e-06	0.352418047272245	0.051	0.03	0.0448521169757247	c16	EID3
1.4598894080085e-06	1.18740463363328	0.015	0.006	0.0448580218398771	c16	TLCD1
1.46014684687257e-06	0.156834859411958	0.107	0.075	0.0448659321638536	c16	YWHAG
1.48024614399857e-06	0.216519153252305	0.161	0.12	0.0454835232666441	c16	RALA
1.53291508424411e-06	0.158911417603798	0.194	0.148	0.0471018817935687	c16	TMEM106B
1.57950479902882e-06	0.35903737532587	0.057	0.035	0.0485334439597586	c16	F11R
