p_val	avg_log2FC	pct.1	pct.2	p_val_adj	cluster	gene
0	1.4480403505284	0.883	0.434	0	c1	LTB
0	1.11075923233538	0.676	0.333	0	c1	KLF2
0	1.60854570714925	0.675	0.333	0	c1	SOCS3
0	1.52946955473069	0.565	0.239	0	c1	NOSIP
0	2.18653171334567	0.387	0.077	0	c1	MAL
0	1.63737424686949	0.427	0.131	0	c1	LEF1
0	1.94689249951511	0.408	0.115	0	c1	CCR7
0	0.820927987786426	0.942	0.652	0	c1	IL7R
0	1.41645117723468	0.46	0.176	0	c1	AQP3
0	0.949120693564706	0.822	0.549	0	c1	LDHB
0	0.925257917566136	0.526	0.264	0	c1	FLT3LG
0	0.857008204590438	0.565	0.305	0	c1	TMEM123
0	1.44102067117604	0.413	0.16	0	c1	SELL
0	1.22816318084806	0.425	0.183	0	c1	CD55
0	1.54873180744389	0.355	0.117	0	c1	TCF7
0	0.883394446115942	0.791	0.564	0	c1	SLC2A3
0	1.02975122670653	0.391	0.171	0	c1	ICAM2
0	0.762830271199246	0.868	0.651	0	c1	BTG2
0	1.42005574105982	0.375	0.161	0	c1	SOD2
0	1.03704435585964	0.379	0.168	0	c1	BIRC3
0	1.57106575242546	0.258	0.083	0	c1	PASK
0	0.752829321877503	0.926	0.759	0	c1	EEF1G
0	1.41748579780076	0.246	0.082	0	c1	SH3YL1
0	1.72342565621534	0.238	0.077	0	c1	MYC
0	0.639088346224589	0.918	0.766	0	c1	EEF2
0	1.33052999316533	0.223	0.073	0	c1	CCR6
0	0.86856656418395	0.905	0.761	0	c1	PABPC1
0	0.71352583523763	0.939	0.797	0	c1	RPL4
0	2.02179010092882	0.178	0.043	0	c1	FAAH2
0	0.759091940188306	0.952	0.825	0	c1	EEF1B2
0	1.68913471279802	0.173	0.046	0	c1	CMTM8
0	0.611873744244896	0.935	0.815	0	c1	RPL36A
0	0.447220969362854	0.952	0.855	0	c1	RPL38
0	2.17649563271251	0.115	0.023	0	c1	LOC102724246
0	0.618403522664404	0.978	0.89	0	c1	RPL22
0	0.607887453216547	0.979	0.899	0	c1	RPSA
0	0.530463672231311	0.972	0.894	0	c1	RPL10A
0	0.480486929388366	0.973	0.895	0	c1	RPS16
0	0.413528449090515	0.972	0.904	0	c1	NACA
0	0.605775962121858	0.983	0.92	0	c1	RPL9
0	0.455189444267068	0.979	0.916	0	c1	GNB2L1
0	0.426126071137237	0.996	0.942	0	c1	FOS
0	0.624217800330761	0.99	0.936	0	c1	RPS5
0	0.710248599594467	0.998	0.945	0	c1	JUNB
0	0.751513209987916	0.995	0.946	0	c1	RPLP0
0	0.49430352390384	0.988	0.939	0	c1	RPS2
0	0.36101215114032	0.985	0.936	0	c1	RPL24
0	0.622140993711874	0.992	0.947	0	c1	RPL5
0	0.481192393176461	0.99	0.949	0	c1	RPS9
0	0.650879650889133	0.991	0.95	0	c1	FTH1
0	0.666897327875999	0.997	0.958	0	c1	RPS6
0	0.67493613140447	0.995	0.959	0	c1	RPS13
0	0.391590515617126	0.995	0.961	0	c1	RPLP2
0	0.363927586352512	0.993	0.96	0	c1	RPL6
0	0.454088244805325	0.995	0.967	0	c1	RPL8
0	0.499408205622198	0.994	0.966	0	c1	RPL14
0	0.688031298080208	0.997	0.971	0	c1	TPT1
0	0.579798165572525	0.997	0.972	0	c1	RPL3
0	0.517520733053691	0.998	0.973	0	c1	RPL29
0	0.534235653122788	0.998	0.974	0	c1	RPL18
0	0.458483173671461	0.997	0.975	0	c1	RPL35A
0	0.629578145956548	0.998	0.977	0	c1	RPS3A
0	0.571818533053581	0.998	0.977	0	c1	RPL37
0	0.522157468257934	0.997	0.977	0	c1	RPL36
0	0.469133646262828	0.997	0.977	0	c1	RPS25
0	0.496597515078447	0.997	0.977	0	c1	RPS23
0	0.741201554226111	0.999	0.98	0	c1	RPS8
0	0.508746969347864	0.998	0.982	0	c1	RPL12
0	0.312316523683328	0.996	0.98	0	c1	RPL26
0	0.458368657598538	0.998	0.983	0	c1	RPS14
0	0.444273010153973	0.999	0.986	0	c1	RPS21
0	0.527216262549952	0.999	0.986	0	c1	RPS4X
0	0.586149422146762	1	0.989	0	c1	RPS18
0	0.554291028438801	0.999	0.988	0	c1	RPL18A
0	0.293728171172933	0.998	0.988	0	c1	RPS15
0	0.444781701788086	0.999	0.989	0	c1	RPS27A
0	0.496783787914007	1	0.99	0	c1	RPL19
0	0.619722360393437	0.999	0.99	0	c1	RPL34
0	0.375468345677374	1	0.992	0	c1	RPS19
0	0.577786810391513	1	0.992	0	c1	RPL11
0	0.6500247318251	1	0.992	0	c1	RPL32
0	0.359768292482098	0.999	0.992	0	c1	RPS3
0	0.450434784552964	0.999	0.993	0	c1	RPL30
0	0.550014205831983	1	0.995	0	c1	RPL39
0	0.340135834057796	0.999	0.994	0	c1	RPS15A
0	0.620305808482279	0.999	0.995	0	c1	RPS12
0	0.621483386967288	1	0.996	0	c1	RPL13
0	0.281926772301478	1	0.997	0	c1	RPL28
0	0.439305745697477	1	0.997	0	c1	RPLP1
0	0.515839096742545	1	0.998	0	c1	RPL10
0	0.641964606272833	1	0.998	0	c1	EEF1A1
0	0.264488211884395	1	0.998	0	c1	RPS27
0	0.284868084178896	1	0.999	0	c1	RPL41
2.22841279109478e-304	0.704532872322807	0.725	0.478	6.84724398319695e-300	c1	EIF3E
1.90262969623473e-303	0.292624933529477	0.997	0.977	5.84621026762044e-299	c1	RPS7
5.8832447363672e-300	1.38635954309857	0.205	0.065	1.80774461014355e-295	c1	LOC100996286
5.67302547885124e-299	0.58535962624117	0.85	0.663	1.74315053888662e-294	c1	LRRC75A-AS1
1.08333120427854e-290	0.639243714170763	0.753	0.517	3.32875179138667e-286	c1	GLTSCR2
2.075327332355e-290	2.60180232006918	0.075	0.009	6.37685829412721e-286	c1	VIPR1
1.97442454496724e-289	1.03970319479352	0.314	0.13	6.06681429932083e-285	c1	S1PR1
4.6659785456248e-286	0.324634728270278	0.986	0.952	1.43371522771413e-281	c1	RPL35
3.08048527984266e-282	0.652583823448388	0.969	0.865	9.46540711937253e-278	c1	DNAJB1
7.37035087133976e-280	0.726589773595532	0.676	0.435	2.26468771223657e-275	c1	NR4A1
1.17435464085806e-279	0.281277524953573	0.994	0.975	3.60843950496457e-275	c1	RPL7A
4.13988496678617e-278	1.14633329746133	0.281	0.114	1.27206245374439e-273	c1	TESPA1
1.19352651958393e-276	0.747048850665785	0.568	0.33	3.66734893672553e-272	c1	GAS5
8.70864949801854e-276	0.786467345902499	0.55	0.321	2.67590673125616e-271	c1	RNASET2
4.02232218047384e-273	0.848961302773822	0.433	0.22	1.2359389363942e-268	c1	GPR183
9.71920267054898e-273	1.30736147407612	0.192	0.062	2.98641940457958e-268	c1	SPINT2
1.53338084019415e-271	1.12864982109978	0.349	0.164	4.71161930766457e-267	c1	AREG
1.71082991921076e-266	0.422357556736809	0.992	0.95	5.25686709275891e-262	c1	JUN
2.3656287096644e-258	0.324930301368362	0.986	0.942	7.2688673361858e-254	c1	RPL15
2.77598441134165e-252	1.28568050546291	0.242	0.095	8.52976730072949e-248	c1	SGK1
1.38614354540712e-250	2.90327330211474	0.057	0.006	4.25920327197245e-246	c1	PI16
2.17562672563398e-250	0.488182118775476	0.912	0.728	6.68504823985555e-246	c1	PPP1R15A
5.34796384291917e-249	0.315750117609375	0.997	0.979	1.64326885001377e-244	c1	RPS29
1.62403478435055e-248	1.92828874643286	0.106	0.023	4.99017168187394e-244	c1	SLC40A1
2.68394573449466e-247	0.44429451725642	0.362	0.164	8.24696005838175e-243	c1	CD40LG
9.0576564176479e-246	0.581788342633805	0.821	0.638	2.78314608745067e-241	c1	TNFAIP3
3.10411504940939e-244	0.383753663425576	0.956	0.862	9.53801431232023e-240	c1	RPL27
5.69761565841776e-242	0.455669310681326	0.968	0.883	1.75070636336202e-237	c1	ZFP36
6.54591537726501e-238	0.240023329122315	0.997	0.979	2.01136341797222e-233	c1	FAU
3.47094520046148e-233	0.840937360845276	0.446	0.246	1.0665173317458e-228	c1	DNAJB9
1.59463359936022e-225	2.37740642084486	0.072	0.012	4.89983066075414e-221	c1	IFNGR2
2.07372607708137e-225	0.748692315089408	0.419	0.224	6.37193811704794e-221	c1	PRKCQ-AS1
2.31774130791426e-224	1.21334847847131	0.186	0.066	7.12172371682815e-220	c1	FXYD1
1.34115662525523e-223	0.980823154302135	0.262	0.112	4.12097196242174e-219	c1	LDLRAP1
1.73443082302204e-221	0.547868103324279	0.75	0.543	5.32938558989981e-217	c1	SNHG8
9.86368809543614e-220	1.85055853545485	0.11	0.028	3.03081544108466e-215	c1	IL23A
2.68240857244955e-219	0.305141204549173	0.978	0.928	8.24223682056574e-215	c1	RPL23A
2.37525738189871e-218	0.794840218148568	0.395	0.21	7.29845335736018e-214	c1	TRADD
9.31192462160024e-217	0.7440471469515	0.682	0.485	2.86127507847911e-212	c1	CYCS
1.2784239352035e-216	0.79357828815597	0.337	0.164	3.9282132256998e-212	c1	TIMP1
3.02155925994394e-216	1.84205891078782	0.122	0.034	9.28434513802974e-212	c1	TAF4B
3.06807693608021e-215	0.852291170447099	0.308	0.144	9.42728000149365e-211	c1	RASGRP2
1.6496152251872e-214	0.867896273809914	0.267	0.117	5.0687727024327e-210	c1	TNFRSF25
1.91490000868536e-214	1.32690764377076	0.172	0.06	5.88391325668751e-210	c1	ZBTB10
1.1804175320886e-206	0.974673562465505	0.383	0.21	3.62706895084864e-202	c1	CDKN1A
1.32353980535844e-203	3.00517256382148	0.043	0.004	4.06684075992489e-199	c1	WNT7A
4.33536813674927e-203	0.598639384129731	0.622	0.412	1.33212856737895e-198	c1	RPSAP58
1.91592721228221e-201	0.38399658553946	0.943	0.864	5.88706954517955e-197	c1	SARAF
2.35075777258288e-200	0.480753371440199	0.89	0.726	7.2231734078154e-196	c1	HSP90AB1
3.6220442867057e-200	0.681782110847264	0.746	0.573	1.11294554797606e-195	c1	DDIT4
1.37397929420203e-197	0.65514263282161	0.437	0.247	4.22182617729457e-193	c1	PIM2
1.07185728743912e-195	0.464433194588042	0.837	0.7	3.29349588711418e-191	c1	NPM1
1.24524107487525e-194	0.32787239725555	0.962	0.883	3.82625225076919e-190	c1	UBA52
1.71477754265138e-191	0.469210227399716	0.822	0.639	5.26899695530489e-187	c1	NFKBIA
2.23314754183923e-191	1.0766576184517	0.207	0.085	6.8617924518094e-187	c1	C1orf162
2.79096254559904e-191	1.45101147056457	0.132	0.042	8.57579061386217e-187	c1	TXK
3.77773332957471e-190	2.75001019346805	0.056	0.008	1.16078412017842e-185	c1	HBEGF
5.06691922134773e-190	0.677997373764029	0.679	0.485	1.55691226914352e-185	c1	HSPE1
8.70288932544859e-189	0.336581286441386	0.955	0.875	2.67413680303059e-184	c1	RPL37A
2.85173600848709e-188	0.646367092636203	0.497	0.303	8.76252923327827e-184	c1	RPS18P9
8.48133834723189e-188	0.469777110189909	0.786	0.606	2.60606083395394e-183	c1	RPL7
2.55883607168339e-187	2.63991213076798	0.043	0.005	7.86253559746154e-183	c1	LOC100506870
5.5551818104376e-186	0.558805689191565	0.615	0.407	1.70694071489316e-181	c1	CSRNP1
6.13842062330858e-184	0.350895275441687	0.725	0.5	1.88615250492403e-179	c1	FOSB
2.15703955334023e-181	0.569454147075588	0.538	0.34	6.62793543554852e-177	c1	ARHGAP15
5.40682667975922e-180	0.502083453567183	0.855	0.728	1.66135563388962e-175	c1	RPL21
2.50118262779215e-178	1.14344082374996	0.159	0.059	7.68538386041693e-174	c1	SERINC5
5.18572094947507e-178	0.319743126496675	0.998	0.951	1.5934164761452e-173	c1	DUSP1
2.08982629564008e-177	0.511809238802739	0.77	0.57	6.42140925861328e-173	c1	DNAJA1
2.27122385617765e-176	0.252396296385158	0.989	0.954	6.97878954287708e-172	c1	FXYD5
3.38822337099446e-171	1.16612177294492	0.211	0.094	1.04109939520547e-166	c1	LPAR6
7.11756099585045e-169	1.23012218987761	0.174	0.07	2.18701296719497e-164	c1	AP3M2
4.1444880393836e-168	0.550670257621819	0.509	0.32	1.2734768398614e-163	c1	NFKBIZ
1.71236230763153e-167	1.23984324882098	0.161	0.062	5.2615756626594e-163	c1	FXYD7
2.01617215681174e-166	0.466009512218289	0.698	0.505	6.19509218623542e-162	c1	SERP1
2.80015602662905e-166	0.865275118831087	0.238	0.111	8.60403942302309e-162	c1	SATB1
1.01358503735289e-164	3.01468940664748	0.037	0.004	3.11444274427423e-160	c1	TCEA3
1.23372828672326e-164	0.704421299872983	0.278	0.137	3.79087690661457e-160	c1	CD28
2.57826391025819e-163	1.05354131123995	0.16	0.062	7.92223151705034e-159	c1	BEX2
1.28279950741462e-162	0.729788082858881	0.327	0.176	3.9416580464329e-158	c1	DGKA
3.18568113287938e-159	1.07327170312139	0.185	0.079	9.78864241699846e-155	c1	SESN3
6.07244128916621e-159	0.62812007257734	0.542	0.361	1.8658790349221e-154	c1	HSPD1
7.83917303813879e-159	0.522663108084049	0.569	0.381	2.40874269942891e-154	c1	EIF3L
5.10985356701517e-158	0.724116609163827	0.35	0.195	1.57010470553675e-153	c1	PTGER2
6.08851966727344e-158	1.10933262987256	0.154	0.059	1.87081943816311e-153	c1	C1orf228
9.27983235692496e-158	2.63064755830218	0.04	0.005	2.85141408831233e-153	c1	EDA
7.59553065600295e-153	0.475770363023431	0.624	0.434	2.33387870467003e-148	c1	AES
4.81154247767303e-152	0.612117231813386	0.441	0.272	1.47844265711459e-147	c1	EIF2S3
2.52055721631002e-150	0.501402216875234	0.456	0.276	7.74491615855578e-146	c1	CAMK4
8.30015674768367e-149	0.649094675705003	0.289	0.151	2.55038916386076e-144	c1	RCAN3
4.70720299101666e-148	1.84614271902059	0.064	0.014	1.44638226304969e-143	c1	LINC01215
1.40896986212578e-147	1.19147200023656	0.121	0.042	4.32934169535389e-143	c1	IL6R
2.19961460194924e-147	0.355032907400997	0.966	0.877	6.75875578740942e-143	c1	HSPA8
1.48869205581245e-146	0.627607443006769	0.445	0.277	4.57430407989491e-142	c1	SNHG15
6.64430896720277e-146	0.491741201094308	0.479	0.301	2.04159681635239e-141	c1	CCDC109B
6.17486098917398e-145	1.42657008766532	0.087	0.025	1.89734953614349e-140	c1	NGFRAP1
2.27648230841168e-144	1.00838447090865	0.121	0.043	6.99494718905657e-140	c1	DPP4
4.27366180371421e-144	2.20859990436461	0.047	0.008	1.31316806242727e-139	c1	MDS2
2.38896123600243e-142	0.394138902978451	0.791	0.626	7.34056118986465e-138	c1	ZFAS1
1.13086869291572e-141	0.482930252279641	0.406	0.239	3.47482023272213e-137	c1	TRAT1
2.21305290614578e-141	1.03809873321848	0.227	0.113	6.80004766471415e-137	c1	BAG3
2.23674534083648e-141	0.606060912864369	0.259	0.132	6.87284740878825e-137	c1	THEM4
8.00572237044289e-140	1.76578128811814	0.075	0.02	2.45991831276599e-135	c1	ADTRP
1.12967088936634e-139	0.364586291096519	0.762	0.582	3.47113974175595e-135	c1	RPL13A
1.27263215499065e-137	1.71926952416018	0.074	0.02	3.91041682263976e-133	c1	LYPD3
1.56978135729902e-137	0.685712432945347	0.264	0.137	4.8234671765727e-133	c1	RASA3
2.02712749862337e-135	0.707757880777104	0.278	0.149	6.22875466502002e-131	c1	ARL4A
2.0699780292277e-134	1.02339499693248	0.347	0.211	6.36042149040794e-130	c1	ZFAND2A
4.08474005565565e-134	1.88667335849449	0.056	0.012	1.25511807690131e-129	c1	VSIG1
2.57846633207679e-133	0.713761529922424	0.27	0.144	7.92285349857236e-129	c1	PLK3
4.5163101191799e-133	3.75963425613911	0.023	0.001	1.38772661032041e-128	c1	NEFL
6.6306690025976e-133	0.5831864559146	0.408	0.253	2.03740566442817e-128	c1	ZNF331
8.23491454599102e-133	0.506313876145374	0.821	0.659	2.53034219254666e-128	c1	RPL17
2.41382946105817e-131	1.32539362104639	0.171	0.077	7.41697378499345e-127	c1	OSM
3.47780160714336e-130	0.552673023088561	0.639	0.468	1.06862409982694e-125	c1	GADD45B
2.62683061742055e-126	0.380772111659179	0.516	0.338	8.07146243814812e-122	c1	PIK3IP1
6.45047074911339e-125	1.37479422580611	0.097	0.033	1.98203614708007e-120	c1	TRABD2A
1.45948534581923e-124	1.87330782391177	0.059	0.014	4.48456062209874e-120	c1	SCML1
3.58565031727055e-123	2.10840466529235	0.044	0.008	1.10176277298772e-118	c1	GRASP
6.03010237075964e-123	1.77890528617689	0.052	0.011	1.85286955546331e-118	c1	EIF4EBP3
2.42801066016221e-122	0.497887428313023	0.49	0.327	7.46054835548041e-118	c1	RPL21P28
1.73615419497503e-121	0.733246115858639	0.179	0.084	5.33468099489977e-117	c1	TNFSF8
1.927184947083e-121	0.71758868595616	0.248	0.132	5.92166118690195e-117	c1	IMPDH2
1.95489327960196e-121	0.563462243822847	0.481	0.321	6.00680058023295e-117	c1	RPS14P3
5.00893532499082e-121	1.35809769216761	0.076	0.022	1.53909555730993e-116	c1	FHL1
1.11714461202876e-120	0.32090850433877	0.852	0.714	3.43265024938076e-116	c1	HINT1
2.57043055095085e-119	1.22908898405631	0.098	0.034	7.89816195390669e-115	c1	LST1
4.77987369566268e-119	1.14991075712697	0.089	0.029	1.46871179046627e-114	c1	SPG20
1.2154121568924e-118	0.948956162816126	0.129	0.052	3.73459693448329e-114	c1	FBLN5
2.63259330546059e-118	0.316116040092604	0.862	0.729	8.08916944968874e-114	c1	RPL27A
4.06232653880749e-118	0.475711919309585	0.413	0.26	1.24823107557938e-113	c1	SNHG5
4.89991379343847e-118	2.7660326945085	0.027	0.003	1.50559651130984e-113	c1	GREM2
2.62519391918294e-117	0.609348827088074	0.477	0.327	8.06643335547342e-113	c1	HSPH1
2.72098809997464e-117	0.64925733841695	0.224	0.115	8.36078013479207e-113	c1	KLF3
6.56324806549838e-116	0.72531632177321	0.239	0.128	2.01668923308569e-111	c1	MARCKSL1
1.40573152297344e-115	1.60870984587831	0.058	0.014	4.31939125064049e-111	c1	LOC101927613
9.82911024332042e-115	0.401051482056489	0.57	0.399	3.02019070446506e-110	c1	SMDT1
1.14145833164605e-114	0.986337014159469	0.146	0.064	3.50735901564882e-110	c1	ARHGEF18
3.24087869976479e-114	0.676381259879887	0.228	0.119	9.95824798076728e-110	c1	P2RY8
8.0537175342117e-114	0.457561651854625	0.783	0.672	2.47466578673723e-109	c1	HSPA1B
1.22400622870793e-113	0.486630422531525	0.496	0.338	3.76100393895084e-109	c1	PIM1
1.55200073996543e-113	0.191573965737606	0.994	0.97	4.76883267369179e-109	c1	EIF1
1.1552342590133e-112	0.521403229945394	0.35	0.213	3.54968830767016e-108	c1	FAM65B
2.31472638564604e-112	0.272587429633352	0.919	0.821	7.11245976517458e-108	c1	HNRNPA1
1.00332567859306e-111	0.755940843012098	0.15	0.067	3.08291881261289e-107	c1	FBLN7
1.21221854858793e-111	0.389101649875161	0.625	0.46	3.72478393424613e-107	c1	EIF4B
2.39744313049506e-111	0.354249402216517	0.691	0.517	7.36662350707217e-107	c1	SNHG6
3.71113599584831e-111	0.861945495803781	0.163	0.076	1.14032075744431e-106	c1	CFAP36
4.01251284081239e-110	0.540295027083089	0.311	0.183	1.23292482059642e-105	c1	SNHG16
4.6644316520947e-110	2.21127013508868	0.038	0.007	1.43323991373914e-105	c1	CFP
4.63555701399122e-109	0.297265717646045	0.844	0.709	1.42436760368908e-104	c1	RPL31
3.66801662415494e-108	2.08166589846295	0.054	0.013	1.12707146810409e-103	c1	ACTN1
5.20358378503524e-108	0.550980238341356	0.337	0.206	1.59890518962778e-103	c1	NXT1
7.11867405493751e-108	0.37372815794411	0.906	0.795	2.18735497686065e-103	c1	HSP90AA1
9.47553729044691e-107	0.22573282264912	0.952	0.875	2.91154834323562e-102	c1	PFDN5
7.85181727873362e-105	0.47888621009382	0.326	0.196	2.41262789523648e-100	c1	FOXP1
9.53063876031717e-105	2.92992150594784	0.023	0.002	2.92847937188266e-100	c1	TMEM45B
1.40302787943727e-104	0.52655655331748	0.317	0.191	4.31108376514691e-100	c1	IL6ST
1.37201677168461e-102	0.424893771048077	0.616	0.461	4.2157959343553e-98	c1	YPEL5
1.42331117774173e-102	3.06704031118558	0.021	0.002	4.37340825584703e-98	c1	SUSD4
3.21156776275985e-102	0.944002800209287	0.122	0.052	9.86818426463218e-98	c1	MAP3K1
3.89990151071901e-102	0.468385615049515	0.38	0.243	1.19832273719863e-97	c1	PPA1
4.06182933962062e-101	0.43236300765282	0.482	0.33	1.24807830118523e-96	c1	XBP1
3.80632263349477e-100	0.751704213237368	0.14	0.064	1.16956875559394e-95	c1	BACH2
5.35160145136462e-100	0.369710090654444	0.662	0.495	1.64438657796081e-95	c1	HNRNPA1P10
2.5275554983632e-99	0.246789069599763	0.898	0.778	7.76641977982061e-95	c1	TOMM7
5.77011725693665e-99	0.428827246064484	0.384	0.244	1.77298392953892e-94	c1	MGAT4A
1.49345601766665e-98	0.368866434816298	0.601	0.442	4.58894230548432e-94	c1	EIF3H
1.67254791310928e-98	0.401220538624151	0.443	0.296	5.1392379726109e-94	c1	TTC39C
1.03286150530934e-97	0.507786156729709	0.387	0.253	3.173673547364e-93	c1	RSL1D1
5.72010253464838e-97	2.6685498260404	0.024	0.003	1.75761590582141e-92	c1	ALOX5
1.23759302891803e-96	0.641000589156099	0.221	0.121	3.80275209995643e-92	c1	TUBB2A
1.68072871243314e-96	0.98178711663283	0.107	0.044	5.1643751146933e-92	c1	CYSLTR1
1.0830386949011e-95	0.384247039902333	0.482	0.332	3.32785299782262e-91	c1	NSA2
1.30086967405699e-95	0.333332029873439	0.729	0.578	3.99718224747492e-91	c1	SLC25A6
2.02972383702607e-95	1.28891256182718	0.067	0.021	6.23673243403e-91	c1	SVIL
4.86009648670312e-95	0.337716702749947	0.622	0.464	1.49336184746927e-90	c1	RGCC
8.63630373971337e-95	1.32287425489553	0.065	0.02	2.65367705010173e-90	c1	PCSK1N
4.70451806824976e-94	0.834200739163403	0.103	0.042	1.44555726683111e-89	c1	ITGA6
5.53108839783247e-94	0.719848928876447	0.215	0.119	1.69953753200198e-89	c1	CHMP7
5.72158339203188e-94	0.58750155190762	0.36	0.236	1.75807092886963e-89	c1	CHMP1B
7.63167568835749e-94	0.486529658434529	0.302	0.184	2.34498498876161e-89	c1	ADD3
3.28680071136668e-93	1.81530876568698	0.045	0.011	1.00993525458164e-88	c1	LOC101929447
2.39588669596278e-92	2.85388863152831	0.023	0.003	7.36184105068482e-88	c1	ST6GALNAC1
3.58468135787145e-92	0.601260956420888	0.251	0.147	1.10146504083316e-87	c1	NFKB1
9.64327163768e-92	0.518903617943366	0.204	0.11	2.96308807610993e-87	c1	CDC14A
2.92744463185965e-91	0.34343331620862	0.417	0.276	8.99515912031514e-87	c1	SNHG1
3.44009877708159e-91	0.897266440607784	0.126	0.058	1.05703915123386e-86	c1	TMEM63A
3.50427077492865e-90	0.440493121264489	0.324	0.203	1.07675728101233e-85	c1	LMNA
3.9348545536502e-88	1.23648022081861	0.088	0.034	1.2090627587001e-83	c1	TNFSF13B
7.02748293729e-88	0.953933235882694	0.128	0.06	2.1593346821411e-83	c1	NPDC1
1.62722655374302e-87	0.314313434922451	0.564	0.406	4.99997903168617e-83	c1	UXT
2.27309862796411e-86	0.427960382172844	0.289	0.176	6.98455015414531e-82	c1	RPL13AP5
2.8448640547387e-86	0.477587300525477	0.329	0.211	8.74141378099559e-82	c1	ALKBH7
1.87531624551499e-85	0.513257893384483	0.327	0.212	5.7622842275939e-81	c1	TOB1
3.00258914143179e-85	0.303528895865133	0.704	0.554	9.22605565487745e-81	c1	EIF3F
6.4180617433111e-85	0.557602508761482	0.209	0.117	1.9720778318672e-80	c1	KDSR
4.09244208743264e-84	0.3321701847868	0.468	0.326	1.25748468020543e-79	c1	TNFAIP8
5.32386370381869e-84	2.43188789195319	0.026	0.004	1.63586360027237e-79	c1	MB21D2
5.43460394718342e-84	0.40069336091143	0.309	0.194	1.66989075485105e-79	c1	PAG1
5.50081600340213e-84	0.717889859118091	0.133	0.063	1.69023573336537e-79	c1	RASSF3
1.26350050749803e-83	0.328308905537016	0.239	0.136	3.88235800938919e-79	c1	CD4
5.29468715470259e-81	0.463733866313065	0.402	0.275	1.62689852202547e-76	c1	DDIT3
5.1157439982125e-80	0.401764838661268	0.499	0.365	1.57191465833075e-75	c1	ITGB1
6.37071616379853e-80	0.601788931750682	0.342	0.23	1.95752995565037e-75	c1	MRPL18
1.11108032157184e-79	1.87630396935255	0.03	0.006	3.41401650409379e-75	c1	GPR150
1.96288720629523e-79	0.954727963770176	0.083	0.033	6.03136351878335e-75	c1	GCSAM
2.05744671151914e-78	0.263010172428733	0.883	0.774	6.32191651048487e-74	c1	IER2
3.01689118698684e-78	0.491501113811898	0.208	0.119	9.27000155025446e-74	c1	SORL1
4.44764463314981e-78	0.63636051441542	0.134	0.066	1.36662776642794e-73	c1	SLC39A8
7.01104022882969e-78	0.597329671715306	0.175	0.095	2.1542823311125e-73	c1	FAM159A
2.46303013617598e-77	0.709121140470769	0.115	0.054	7.56815269942792e-73	c1	ANK3
1.6775367572653e-76	0.8051023499004	0.092	0.039	5.15456719404909e-72	c1	CRIP2
2.3385362604843e-76	0.237395623644592	0.877	0.783	7.18562036759011e-72	c1	BTF3
6.76000921558568e-76	0.266971221678929	0.683	0.528	2.07714803167301e-71	c1	RPL23
1.05366677524827e-75	1.2550351779758	0.071	0.027	3.23760190030537e-71	c1	INF2
2.20202201836324e-75	0.375619443964214	0.433	0.306	6.76615305582472e-71	c1	RPS10
2.83070709100771e-75	0.89969760359137	0.09	0.038	8.6979136785394e-71	c1	LOC101927596
4.17409068317564e-74	0.34203665551696	0.479	0.348	1.28257284421938e-69	c1	NME2
6.87725315770079e-74	2.43979883863096	0.023	0.004	2.11317357776672e-69	c1	AK5
7.0973323907475e-74	0.540239638870408	0.199	0.115	2.18079732370498e-69	c1	PER1
1.30341138352596e-73	0.325146943039121	0.492	0.352	4.00499215816023e-69	c1	SERTAD1
1.3748853740525e-73	0.498721267705501	0.198	0.114	4.22461028885111e-69	c1	PABPC4
4.04784939920647e-73	0.98849659621234	0.075	0.029	1.24378268489417e-68	c1	APP
4.32695520627043e-73	0.583832006632281	0.168	0.092	1.32954352623071e-68	c1	PPP1R15B
5.14711949253033e-73	0.27938167733244	0.441	0.309	1.58155540646979e-68	c1	MYADM
1.93568477001854e-72	2.38600286227184	0.021	0.003	5.94777859283598e-68	c1	RGMB
5.46076833414748e-72	1.37340610921984	0.058	0.02	1.6779302860335e-67	c1	USP46
1.18466928302306e-71	0.210698240480392	0.756	0.614	3.64013330594494e-67	c1	LEPROTL1
1.98509056577778e-71	0.379909174131898	0.311	0.203	6.09958778146539e-67	c1	DDX21
2.70183005276974e-71	0.606237994537615	0.178	0.1	8.30191320314559e-67	c1	SH3BP5
4.77160493466753e-71	0.223170042776477	0.822	0.691	1.46617104827529e-66	c1	RPS11
1.02504735782791e-70	0.949080857060103	0.087	0.038	3.14966301639781e-66	c1	LY96
1.26098772345023e-70	0.713538382854105	0.136	0.071	3.87463697784553e-66	c1	ARL5B
1.54259465592598e-69	0.398504655895613	0.552	0.421	4.73993059926375e-65	c1	IRF1
2.12121272995336e-69	1.8554250269587	0.029	0.006	6.51785035532768e-65	c1	LOC101928370
7.80755225286132e-69	0.258274062138135	0.506	0.37	2.3990265807367e-64	c1	RPS17
1.04817183052975e-68	0.730932207164131	0.101	0.047	3.22071758366878e-64	c1	CYB561
2.74290589874716e-68	0.340015991625862	0.221	0.131	8.4281269550804e-64	c1	PLAC8
7.29446037082384e-68	0.595595040784541	0.275	0.181	2.24136883814304e-63	c1	EIF4A3
5.46952738190005e-67	0.484889334548638	0.261	0.167	1.68062167863643e-62	c1	PRMT9
1.55676765554735e-66	0.384926758914516	0.278	0.179	4.78347997520036e-62	c1	CDC25B
1.74705788444469e-66	0.993611198824542	0.066	0.025	5.36818476153321e-62	c1	LINC00176
2.47586209071323e-66	0.98013774523368	0.074	0.03	7.60758144613454e-62	c1	DPEP2
3.75759763119634e-66	0.354833111197556	0.399	0.282	1.1545970241377e-61	c1	BCAS2
5.1576296532354e-66	0.332006395658759	0.28	0.18	1.58478486354964e-61	c1	LOH12CR1
9.18324096850099e-66	0.810386293989174	0.101	0.048	2.8217344523913e-61	c1	GRAP
9.4203329054107e-66	2.13057024851984	0.022	0.004	2.89458569184555e-61	c1	FAM153A
9.68547772770373e-66	0.623290980962508	0.202	0.122	2.97605674139152e-61	c1	USP10
2.1821731775464e-65	0.444944042856049	0.248	0.157	6.70516352264683e-61	c1	ILF3-AS1
4.97112305106183e-65	0.93771046023362	0.068	0.027	1.52747697989977e-60	c1	LOC101928152
5.1777309195993e-65	1.27324381124215	0.057	0.021	1.59096137966528e-60	c1	CCDC184
6.57978224393157e-65	0.3519221571012	0.275	0.177	2.02176969009285e-60	c1	INPP4B
6.68357793693566e-65	0.679949990920047	0.086	0.038	2.05366299268222e-60	c1	PTP4A3
1.02937850667623e-64	0.298576015904447	0.385	0.267	3.16297133746405e-60	c1	ZC3HAV1
1.45817898594964e-64	1.21106938814833	0.054	0.019	4.48054657012747e-60	c1	PLAUR
2.9514119573325e-64	0.843040704838793	0.094	0.044	9.06880352129558e-60	c1	HAPLN3
5.31521818194082e-64	0.243180609244373	0.572	0.43	1.63320709076495e-59	c1	ANP32B
1.22835566032804e-63	1.22479378825821	0.054	0.019	3.77436843748998e-59	c1	PRKCA
1.2869296980575e-63	1.75021527271187	0.023	0.004	3.95434888322129e-59	c1	ADAM23
7.68451829288749e-63	0.449380314786173	0.212	0.129	2.36122193585554e-58	c1	ABLIM1
9.15987602386642e-63	0.477005130919355	0.209	0.128	2.81455510585344e-58	c1	RPL19P12
1.77365569695869e-62	0.305365735577417	0.34	0.231	5.44991186004498e-58	c1	TMEM243
2.4144270023745e-62	0.372981466864656	0.747	0.665	7.41880985019614e-58	c1	HSPA1A
6.4034563227527e-62	0.438754587508886	0.192	0.114	1.96759002429222e-57	c1	SNORA78
2.38065804254336e-61	0.362823704566516	0.312	0.21	7.31504796732299e-57	c1	UPP1
3.68501549597307e-61	0.524161763254066	0.17	0.099	1.13229471144764e-56	c1	KDM6B
4.19422785908855e-61	0.501687560615196	0.112	0.056	1.28876039426214e-56	c1	NBPF15
1.65106424677333e-60	0.61852886006706	0.15	0.084	5.07322511106042e-56	c1	BEX4
2.95846497485951e-60	0.278545066451577	0.44	0.318	9.09047532825082e-56	c1	SBDS
8.11346730358991e-60	0.152706957411535	0.964	0.902	2.49302509837407e-55	c1	EEF1D
8.93849353813801e-60	0.462502376066054	0.233	0.149	2.74653090946367e-55	c1	RNF139
1.02315587778676e-59	0.90120280274044	0.074	0.032	3.14385106567537e-55	c1	ZNF815P
1.14855517703598e-59	0.405344866997917	0.207	0.128	3.52916549247845e-55	c1	RELB
3.18442221482302e-59	1.02316792825053	0.065	0.027	9.78477413948668e-55	c1	EPHX2
3.78651834413836e-59	1.01694132881846	0.052	0.019	1.16348349160339e-54	c1	GPR15
4.85540187186129e-59	0.27237912801788	0.499	0.376	1.49191933316682e-54	c1	SOCS1
6.36064547394336e-59	0.194245741735541	0.886	0.784	1.95443553477858e-54	c1	COX7C
8.22633920457812e-59	0.507664839321045	0.128	0.068	2.52770724739072e-54	c1	NSG1
1.64290432164548e-58	0.78577099225325	0.101	0.05	5.04815210912006e-54	c1	CSGALNACT1
7.96140202162834e-58	1.15240795067733	0.049	0.017	2.44629999918574e-53	c1	CITED4
1.64226142474466e-57	1.20692931877228	0.052	0.019	5.04617667981293e-53	c1	EEPD1
1.83037369811582e-57	0.261910709920648	0.355	0.246	5.62418926220048e-53	c1	CYTH1
2.1981987596927e-57	0.485348962794255	0.201	0.124	6.75440532890777e-53	c1	BCL2
2.44193654489385e-57	0.875428856155312	0.061	0.025	7.50333842149534e-53	c1	HSBP1L1
8.62481077227862e-57	2.07243573158731	0.021	0.004	2.65014560599805e-52	c1	TSPAN15
3.1883578261829e-56	0.219791406118637	0.442	0.32	9.79686709251221e-52	c1	CD5
3.21011671978227e-56	0.408717471135801	0.197	0.122	9.86372564487499e-52	c1	C6orf48
3.38950536041975e-56	0.287930122373536	0.376	0.267	1.04149331209618e-51	c1	IFRD1
5.11221183678795e-56	0.646927108678635	0.097	0.048	1.57082933108983e-51	c1	PLK2
2.65132322594242e-55	0.274897514467788	0.71	0.575	8.14672087635328e-51	c1	ANXA1
7.66295420661285e-55	0.711481472016045	0.095	0.047	2.35459593906593e-50	c1	RIC3
1.2161652569436e-54	0.594165647313492	0.118	0.063	3.7369109850106e-50	c1	ETV3
1.45873379848696e-54	0.239229816228538	0.51	0.384	4.4822513426109e-50	c1	RSL24D1
2.0813099644636e-54	2.35505370120922	0.018	0.003	6.39524112780729e-50	c1	KANK1
2.95185985022008e-54	0.477617377578505	0.139	0.078	9.07017976177123e-50	c1	LSR
4.72162792519759e-54	0.752636158317421	0.088	0.043	1.45081461257546e-49	c1	SFMBT1
1.1502761296187e-53	0.64202844016585	0.072	0.032	3.53445346347937e-49	c1	LGALS3BP
1.33432746472953e-53	0.280449241573272	0.542	0.418	4.09998800087444e-49	c1	HSPB1
1.39831818822496e-53	0.748098144593361	0.123	0.068	4.29661229695885e-49	c1	MAFF
1.79256883044738e-53	0.561005249234059	0.158	0.093	5.50802624531566e-49	c1	TMEM204
2.32500299362479e-53	2.08651226708492	0.02	0.004	7.14403669851089e-49	c1	LEF1-AS1
4.62362997279214e-53	0.222082102146562	0.401	0.289	1.42070278173984e-48	c1	C10orf54
5.32330225656608e-53	1.09135702142274	0.053	0.02	1.63569108437506e-48	c1	CTSL
8.00518946099544e-53	0.313717206059778	0.352	0.251	2.45975456568007e-48	c1	C1QBP
8.16850989196485e-53	0.326956578800443	0.293	0.201	2.50993803450404e-48	c1	FBL
1.56505132693767e-52	3.09922273734299	0.01	0.001	4.80893321228138e-48	c1	ISM1
1.70686870990946e-52	0.126184787787405	0.416	0.296	5.2446954849388e-48	c1	PBXIP1
3.77103034884532e-52	0.195836592842785	0.325	0.223	1.1587244952897e-47	c1	KCNA3
4.02713448740663e-52	0.412824261782062	0.272	0.185	1.23741761394543e-47	c1	BRE-AS1
4.93940848262922e-52	0.827383627309834	0.068	0.03	1.51773204445748e-47	c1	LDOC1
5.55278552114731e-52	0.507148191070759	0.142	0.082	1.70620440708293e-47	c1	SC5D
7.53734630633577e-52	0.298606142346293	0.198	0.123	2.31600039954779e-47	c1	ERN1
1.06828717012872e-51	1.93062495895462	0.016	0.003	3.2825259876545e-47	c1	EEF1DP3
1.17743168019694e-51	0.215866131402908	0.4	0.288	3.61789432374113e-47	c1	NAP1L1
1.62136089172466e-51	1.3355598868888	0.037	0.012	4.98195561200236e-47	c1	IL4I1
2.12046629541711e-51	0.220635624348638	0.498	0.377	6.51555678592815e-47	c1	TOMM20
2.90869476189e-51	0.375306250022523	0.172	0.104	8.93754639485942e-47	c1	MAML2
1.23275878355899e-50	1.94076376364993	0.02	0.004	3.78789791424171e-46	c1	F2RL1
1.44535489346955e-50	0.524847722643208	0.151	0.09	4.44114198116387e-46	c1	CA5B
2.38542068543481e-50	0.346569754770868	0.246	0.164	7.32968214013554e-46	c1	RNF138
2.73449475496796e-50	1.87566192583122	0.021	0.004	8.40228203359006e-46	c1	AXIN2
8.28402958658249e-50	1.35011572346789	0.027	0.007	2.5454337710692e-45	c1	KCNQ1
1.42606768580952e-49	0.240368419594187	0.41	0.301	4.38187817818691e-45	c1	MAX
1.87555278509666e-49	0.324798550299744	0.292	0.202	5.76301104276652e-45	c1	SAMHD1
2.24723876022309e-49	0.930174763716713	0.059	0.025	6.90509053853748e-45	c1	BEX5
2.58680495910088e-49	2.08742427568502	0.016	0.003	7.94847559782929e-45	c1	TSPAN18
2.69086705493419e-49	0.303647049135467	0.303	0.212	8.26822719969629e-45	c1	PIM3
3.46776277345822e-49	3.1470243049094	0.01	0.001	1.06553946740051e-44	c1	KRT73-AS1
3.93454120563551e-49	0.21919536074928	0.679	0.55	1.20896647625562e-44	c1	HNRNPA0
4.05378126676953e-49	2.53258485518202	0.013	0.002	1.24560536984027e-44	c1	PCSK5
1.04689001753919e-48	0.742447499446093	0.061	0.026	3.21677895689266e-44	c1	ARHGAP5
1.30780272127702e-48	0.21907900467484	0.592	0.471	4.0184854216679e-44	c1	TUBA1A
2.32077842644967e-48	0.318931801336032	0.464	0.356	7.1310558709519e-44	c1	CACYBP
3.28175170771993e-48	1.79973348956945	0.026	0.007	1.0083838472311e-43	c1	HRH2
3.44907913465965e-48	0.301403094132161	0.177	0.11	1.05979854570687e-43	c1	DUSP16
4.71687594732347e-48	0.441710207367022	0.14	0.082	1.44935447233408e-43	c1	MAP4K2
4.86434127412792e-48	0.266806407533925	0.339	0.243	1.49466614330129e-43	c1	TSPYL2
1.00351403992919e-47	2.03512010605437	0.018	0.004	3.08349759049042e-43	c1	LINC00824
1.0658510086438e-47	1.30965134024789	0.041	0.015	3.27504039425981e-43	c1	LOC102606465
1.36211191715954e-47	0.307202059897827	0.285	0.198	4.18536128785611e-43	c1	CYLD
1.44380641564797e-47	0.17402453180864	0.406	0.294	4.43638397336151e-43	c1	PRDX2
6.63739804157897e-47	0.393249512614863	0.277	0.194	2.03947329623597e-42	c1	ZC3H12A
6.68829120542368e-47	0.351606644374928	0.205	0.133	2.05511123869053e-42	c1	HELB
6.68838349940295e-47	0.646913826395093	0.117	0.066	2.05513959786154e-42	c1	LOC646513
7.74348953604537e-47	0.221390465434037	0.443	0.333	2.37934202974066e-42	c1	SMCHD1
7.84453133211355e-47	0.189809148039758	0.406	0.297	2.41038914241853e-42	c1	FAIM3
1.06874342419225e-46	0.535954586493127	0.135	0.08	3.28392791951553e-42	c1	PLSCR3
1.2248169323314e-46	0.368470515809919	0.258	0.178	3.7634949879747e-42	c1	RAPGEF6
1.23740508039352e-46	1.68632529104601	0.021	0.005	3.80217459052518e-42	c1	ESPN
1.68504681454226e-46	1.29569533995841	0.059	0.026	5.177643347044e-42	c1	FAM13A
2.13428066186329e-46	0.221550564842215	0.249	0.167	6.55800418970733e-42	c1	FAM102A
3.08352136031981e-46	0.680225825664805	0.098	0.052	9.47473608385466e-42	c1	RIPK2
3.76842139369419e-46	2.66308824487631	0.014	0.002	1.15792284164041e-41	c1	CELA1
7.70177164852618e-46	1.50519086820828	0.03	0.009	2.36652337444264e-41	c1	ATG9B
1.92787245037443e-45	0.226167939595668	0.485	0.371	5.92377367826552e-41	c1	ST13
2.15973698067947e-45	0.892912823701712	0.06	0.026	6.63622382053382e-41	c1	GSTM3
2.37860671913745e-45	0.208984961018628	0.332	0.24	7.30874486589365e-41	c1	ICOS
2.42342686686991e-45	0.539700715361358	0.12	0.069	7.44646373383118e-41	c1	BNIP3
3.93662081175572e-45	0.29097083796994	0.285	0.2	1.20960547682818e-40	c1	NECAP2
4.48017997767708e-45	0.166957156089253	0.615	0.487	1.37662490174083e-40	c1	NR4A2
4.69871632630161e-45	1.59582568478968	0.031	0.01	1.4437745655827e-40	c1	KLF7
4.79777719076765e-45	0.350611323673221	0.237	0.161	1.47421299740718e-40	c1	GRPEL1
7.79115553961739e-45	0.218355122108125	0.356	0.258	2.39398836265824e-40	c1	RPS20
9.49273382051097e-45	0.556791464151563	0.107	0.059	2.9168323210284e-40	c1	CTSH
1.11636538127098e-44	1.2085557741471	0.04	0.015	3.43025590703135e-40	c1	ANKRD55
1.66462863450946e-44	2.69235035733936	0.013	0.002	5.11490440525721e-40	c1	ALS2CL
1.70294917889356e-44	0.381740656274437	0.169	0.106	5.23265194198624e-40	c1	CNST
3.52244218862664e-44	2.05377446523884	0.018	0.004	1.08234081129931e-39	c1	GPR146
3.85267844009442e-44	0.370032418351353	0.135	0.08	1.18381250428781e-39	c1	HIVEP2
5.04506802977579e-44	0.186903243455989	0.536	0.415	1.55019805350921e-39	c1	EIF5A
5.5772828012559e-44	0.386720450330136	0.261	0.183	1.7137316863419e-39	c1	DNAJB4
7.53779487323139e-44	0.19591229229239	0.306	0.215	2.31613823069781e-39	c1	SNHG7
8.48415146115312e-44	0.273197059600447	0.378	0.281	2.60692521946852e-39	c1	STAT3
2.10870909362773e-43	0.637586470516443	0.126	0.075	6.47943043198993e-39	c1	NFKBIE
2.33289410053148e-43	0.20628989506742	0.287	0.201	7.16828370270308e-39	c1	LOC642441
2.41873202036452e-43	1.04378309902409	0.043	0.017	7.43203787897405e-39	c1	RORC
2.7408358734497e-43	0.179555926211588	0.611	0.484	8.4217663883489e-39	c1	SF1
2.94271048941675e-43	0.932208050273928	0.062	0.029	9.04206652083086e-39	c1	ZC3H12D
3.27024133015273e-43	0.19151292429481	0.481	0.375	1.00484705351603e-38	c1	HIST1H4C
4.26634941556839e-43	0.899708367152566	0.051	0.021	1.3109211849217e-38	c1	CHD7
4.87908063576181e-43	0.197221571049275	0.668	0.542	1.49919510695053e-38	c1	PCED1B-AS1
7.73336058308652e-43	0.161699587688745	0.428	0.321	2.37622970636499e-38	c1	ITK
9.31307442977427e-43	0.244678720305619	0.295	0.208	2.86162838003674e-38	c1	APEX1
2.20514832324134e-42	0.369177260988012	0.17	0.108	6.77575925282368e-38	c1	NFKB2
2.80408912884422e-42	0.235005215247589	0.546	0.43	8.61612466619965e-38	c1	SELK
3.32654909288278e-42	0.58646608892295	0.09	0.048	1.02214873977009e-37	c1	NR1D1
3.3269107673387e-42	2.32308524910693	0.013	0.002	1.02225987148016e-37	c1	HPCAL4
4.42601801203739e-42	0.192989580748936	0.37	0.272	1.35998255455873e-37	c1	R3HDM4
4.82766137447172e-42	1.3151660784152	0.03	0.01	1.48339551053393e-37	c1	SNN
5.27700012698102e-42	0.660225257753522	0.07	0.034	1.62146382901746e-37	c1	LOC102724889
7.32403998101532e-42	1.89948288793296	0.012	0.002	2.25045776496658e-37	c1	MYO16
1.00180143181053e-41	1.00773112681431	0.049	0.021	3.07823525952422e-37	c1	FBXL8
1.29739654330113e-41	0.509246586716398	0.101	0.056	3.98651035860139e-37	c1	LTA
1.68901748300915e-41	0.134278167450134	0.503	0.386	5.1898440200422e-37	c1	CD6
9.32131765948663e-41	1.19610757344276	0.026	0.008	2.86416127723046e-36	c1	FMN1
9.54757298853507e-41	0.329829356600915	0.225	0.154	2.93368275218717e-36	c1	ADSL
3.51251414976687e-40	0.718276703139059	0.177	0.118	1.07929022279887e-35	c1	HSPA6
3.77023990468955e-40	0.358491087353449	0.107	0.061	1.15848161551396e-35	c1	WDR86-AS1
3.86531577727154e-40	0.22533072719762	0.335	0.245	1.18769557888223e-35	c1	PDE4B
1.04158660153416e-39	0.309163875087243	0.16	0.101	3.200483150534e-35	c1	STMN3
2.20543492891491e-39	0.168785992162723	0.497	0.386	6.77663990607683e-35	c1	NDFIP1
2.26800671170775e-39	0.186931263337708	0.896	0.861	6.96890422306441e-35	c1	RPS26
2.71371590405661e-39	1.66329107132772	0.019	0.005	8.33843485839474e-35	c1	SAMD12
3.02723009648499e-39	0.305150448699679	0.16	0.102	9.30176991746944e-35	c1	LOC101929065
4.43449791121585e-39	0.156732224765219	0.329	0.24	1.36258817317929e-34	c1	FAM107B
6.6785703018558e-39	1.19837935685613	0.03	0.01	2.05212429665123e-34	c1	CKAP4
7.44203315534213e-39	1.15989759959266	0.034	0.012	2.28671352764198e-34	c1	LOC101929285
9.59978012387009e-39	0.168206828284738	0.72	0.598	2.94972443866156e-34	c1	GSTK1
1.74180458952788e-38	0.240061870671023	0.24	0.166	5.35204296224231e-34	c1	PDE3B
2.09046547215822e-38	0.636485082407712	0.064	0.032	6.42337325630056e-34	c1	RPSAP9
2.62103455898814e-38	0.386822522492828	0.185	0.123	8.05365288940287e-34	c1	TSPYL1
4.47461447131806e-38	0.711501330070144	0.066	0.033	1.3749147886019e-33	c1	KLHL5
5.09403492787472e-38	0.168006688096605	0.53	0.414	1.56524411228806e-33	c1	ABRACL
5.84849425065881e-38	0.119362419134883	0.734	0.6	1.79706682839993e-33	c1	LIMD2
6.36102404052767e-38	0.154077278284739	0.601	0.483	1.95455185693294e-33	c1	ERP29
6.46312203864871e-38	0.36587430598288	0.097	0.054	1.98592350881559e-33	c1	SSBP2
7.37451351724111e-38	0.3734838053938	0.177	0.117	2.26596676844268e-33	c1	KLF10
8.70804838177195e-38	0.61115697636238	0.077	0.04	2.67572202626707e-33	c1	TFAP4
9.12777183420547e-38	0.221587789765941	0.279	0.2	2.80469045149631e-33	c1	S1PR4
1.32773421942473e-37	0.150579779133488	0.882	0.779	4.07972893602636e-33	c1	COX4I1
1.75579039444096e-37	0.267663884010417	0.234	0.163	5.39501714499875e-33	c1	EIF2A
2.8950705416878e-37	1.22008860700549	0.026	0.008	8.89568325344411e-33	c1	SPON1
3.51842341524568e-37	0.113109191580615	0.398	0.301	1.08110596280254e-32	c1	DDX3X
3.79156546907964e-37	0.179090969569893	0.38	0.285	1.1650343216841e-32	c1	TAF1D
4.20019084028927e-37	0.126645832634582	0.708	0.581	1.29059263949568e-32	c1	GPSM3
4.22063777604592e-37	0.224311253722049	0.212	0.145	1.29687536944563e-32	c1	TLE4
4.27841985093568e-37	0.769741687877556	0.041	0.017	1.31463006759701e-32	c1	GNAQ
5.19766959384336e-37	0.335474245778598	0.129	0.079	1.59708793610025e-32	c1	ELK3
6.65049513116466e-37	0.176930390776171	0.374	0.281	2.04349763895297e-32	c1	PTP4A1
1.45203613823535e-36	0.515047725052682	0.155	0.101	4.46167144195577e-32	c1	FKBP4
1.47024082946968e-36	0.269480599973956	0.191	0.128	4.5176089967115e-32	c1	ZFAND1
1.69044145289084e-36	0.115803433553475	0.465	0.356	5.19421945229768e-32	c1	TUBB4B
3.20068018682582e-36	0.133239339188165	0.582	0.467	9.8347300100597e-32	c1	CCNL1
3.69471858462075e-36	0.235803462026991	0.225	0.156	1.13527617949642e-31	c1	STK38
4.00271243442863e-36	0.737207348959508	0.058	0.028	1.22991344972688e-31	c1	CXorf57
5.13430485186274e-36	1.03233072891702	0.042	0.018	1.57761785183186e-31	c1	PLD6
1.43915970390737e-35	0.145743825160136	0.482	0.377	4.42210602219618e-31	c1	CMPK1
1.8335520327005e-35	0.684333873208005	0.071	0.037	5.63395533087882e-31	c1	PHLDB3
1.85125063904961e-35	1.8311308695853	0.019	0.005	5.68833783860774e-31	c1	DENND5A
2.16277712157658e-35	0.924272085321494	0.047	0.021	6.64556526146834e-31	c1	IRS2
3.16174228821997e-35	0.99185832068882	0.044	0.019	9.71508552901351e-31	c1	CLUAP1
4.06791770673919e-35	0.555195092389255	0.084	0.046	1.24994907374975e-30	c1	FAM175A
5.293790045793e-35	0.786088747552973	0.045	0.02	1.62662286737082e-30	c1	RARG
1.23866072460586e-34	0.775679224708878	0.056	0.027	3.80603280849642e-30	c1	PDE8A
1.3241365745593e-34	0.840599447862501	0.052	0.024	4.06867445264837e-30	c1	LOC102724428
1.48367387189649e-34	0.417902351806882	0.108	0.064	4.55888470617635e-30	c1	NME4
1.54212082664999e-34	0.364430140063925	0.125	0.078	4.73847466404742e-30	c1	KIAA0922
1.79225234239896e-34	1.51401998776452	0.015	0.003	5.50705377248929e-30	c1	CACNA1I
2.1379734789126e-34	1.02020498437605	0.025	0.008	6.56935110865473e-30	c1	ZNF208
2.76324064368916e-34	0.321448465113875	0.132	0.083	8.49060952586368e-30	c1	LOC100996740
3.8976419769274e-34	0.248409468226021	0.273	0.2	1.19762845025048e-29	c1	GATA3
7.62036195167353e-34	0.634032048625394	0.068	0.035	2.34150861689072e-29	c1	PLEKHB1
7.98983951238544e-34	0.486587276034016	0.079	0.043	2.45503798697067e-29	c1	ATP8B2
1.09041513138825e-33	0.256838114589847	0.202	0.14	3.35051857421667e-29	c1	NELL2
1.19859554490117e-33	0.330310678980094	0.131	0.083	3.68292453081782e-29	c1	UBALD2
1.49415622485016e-33	0.27796302261778	0.177	0.12	4.59109383209708e-29	c1	TNFSF10
1.50950201270569e-33	0.420538480804853	0.15	0.098	4.63824683444077e-29	c1	MID1IP1
2.31134412840011e-33	0.575505836410247	0.11	0.067	7.10206710333501e-29	c1	TSPYL4
2.35351064224729e-33	0.15214761827068	0.769	0.654	7.23163215043325e-29	c1	YBX1
5.03202640285053e-33	0.232791271505767	0.22	0.155	1.54619075280388e-28	c1	EPB41L4A-AS1
5.038194060515e-33	0.629261481944164	0.072	0.039	1.54808588897444e-28	c1	CCR4
5.29266926413349e-33	0.477954015657966	0.083	0.047	1.6262784847903e-28	c1	NACAP1
5.89837878632352e-33	0.300290597414616	0.224	0.159	1.81239484967363e-28	c1	DEDD2
6.90690003986712e-33	0.306903964397514	0.144	0.094	2.12228317524997e-28	c1	LINS
7.20750661208887e-33	0.412226894856118	0.143	0.093	2.21465055669655e-28	c1	ARRDC2
9.06310016067256e-33	2.49272733270381	0.01	0.002	2.78481878636986e-28	c1	SULT1B1
1.23532324963625e-32	0.251927549310329	0.208	0.146	3.79577774915731e-28	c1	NUPL1
1.88468486625048e-32	0.327252608042016	0.214	0.152	5.79107118852787e-28	c1	ALG13
3.05294585286645e-32	1.0410356513627	0.029	0.011	9.38078672210275e-28	c1	AIF1
4.37276522049308e-32	0.286152463925085	0.155	0.103	1.34361956930091e-27	c1	MPRIP
5.76130828674581e-32	0.412739116921635	0.106	0.065	1.77027719726839e-27	c1	GNL3
7.23244837337991e-32	0.297849116951207	0.203	0.143	2.22231441168845e-27	c1	OSER1
7.67115055390973e-32	0.423664504986577	0.086	0.05	2.35711443069984e-27	c1	TNFRSF10A
1.8994713967073e-31	0.396292528199528	0.123	0.078	5.83650576066253e-27	c1	KIAA0391
2.00382474933179e-31	0.404183498850997	0.104	0.063	6.15715230727179e-27	c1	SLC7A6
2.09428446051319e-31	0.113470429653463	0.698	0.578	6.43510786181888e-27	c1	EIF4A2
2.78387931813584e-31	1.5503832151908	0.02	0.006	8.55402598083601e-27	c1	TRIQK
3.3583494690565e-31	0.320324463362636	0.153	0.101	1.03192004135699e-26	c1	CDKN2D
3.41109930963124e-31	1.47051587482178	0.021	0.007	1.04812848487039e-26	c1	SLC22A17
4.1976886762744e-31	0.227562596116427	0.125	0.079	1.28982379955884e-26	c1	SORBS3
4.37330798284179e-31	1.24479074133514	0.024	0.008	1.3437863438878e-26	c1	PFN2
8.01288341603808e-31	0.367237262471106	0.098	0.059	2.46211868724602e-26	c1	UBXN11
8.35973920137147e-31	0.195497838930522	0.218	0.155	2.56869706440541e-26	c1	USP3
8.88155755247421e-31	0.436864157846641	0.113	0.071	2.72903618914875e-26	c1	IFT57
9.40421327934172e-31	0.142229717496528	0.486	0.388	2.88963261434333e-26	c1	GTF3A
1.35865368718455e-30	0.168803171473291	0.345	0.262	4.17473518461197e-26	c1	TNFRSF14
1.55084384608783e-30	0.177422171208945	0.254	0.186	4.76527788587407e-26	c1	TRAPPC6A
1.59947789067745e-30	0.451310031032521	0.121	0.077	4.91471571468459e-26	c1	PRR7
1.90396592210351e-30	2.08390557849814	0.015	0.004	5.85031608884746e-26	c1	MYOM2
2.02515277732279e-30	0.142283823160347	0.516	0.411	6.22268693887974e-26	c1	ATP5O
2.3403784728132e-30	0.333872176894328	0.159	0.108	7.1912809334131e-26	c1	CD83
2.40565854550609e-30	0.296969266103374	0.133	0.086	7.39186701277656e-26	c1	UBE2Q2
2.57128994225707e-30	0.146749121263489	0.418	0.326	7.90080260557331e-26	c1	ATP5H
2.5943741419765e-30	0.14526575046279	0.246	0.177	7.97173342605119e-26	c1	SMAP2
4.14257788322531e-30	1.16702589867136	0.019	0.006	1.27288990617864e-25	c1	SNED1
5.46258512754566e-30	0.557747354479352	0.061	0.032	1.67848853214095e-25	c1	LINC01128
5.64223629727145e-30	0.246756832242485	0.175	0.12	1.7336899470626e-25	c1	AP1S2
5.70209901380014e-30	0.787275943041031	0.052	0.026	1.75208396397037e-25	c1	RAB3A
5.98993179914552e-30	0.105558892200542	0.382	0.291	1.84052634392344e-25	c1	MZT2B
7.79424579638591e-30	0.185245725437472	0.244	0.178	2.3949379058555e-25	c1	IGBP1
1.15011376330867e-29	0.235966039355534	0.142	0.093	3.53395456051855e-25	c1	CREBL2
1.18302584259491e-29	0.610626520127554	0.087	0.052	3.63508350654139e-25	c1	NANS
2.91413575535859e-29	0.484532836575413	0.139	0.093	8.95426493549035e-25	c1	GLA
3.51613454371247e-29	0.416937550633245	0.086	0.051	1.08040266124653e-24	c1	C11orf1
3.95984898894483e-29	1.28688322641925	0.023	0.008	1.21674279883308e-24	c1	C16orf74
4.18279446366335e-29	0.200052759086876	0.716	0.662	1.28524725484984e-24	c1	LOC101929876
4.31539960453292e-29	0.658313249433149	0.07	0.039	1.32599283648483e-24	c1	CFL2
4.37569954952092e-29	0.478492907913226	0.095	0.058	1.34452120058129e-24	c1	ECE1
4.4865676239878e-29	0.426553078729264	0.1	0.061	1.37858763382273e-24	c1	MAP3K4
4.91703040907625e-29	0.238211739466748	0.302	0.23	1.51085593379686e-24	c1	NEU1
7.18238424054819e-29	0.444559911791524	0.103	0.064	2.20693120559324e-24	c1	PVT1
7.79722593746974e-29	0.182174328780212	0.266	0.197	2.39585361380633e-24	c1	TKT
8.98461113117455e-29	0.359211280891057	0.136	0.09	2.760701462276e-24	c1	NSUN6
9.53973267072403e-29	0.508582361148657	0.078	0.045	2.93127365773337e-24	c1	GIMAP5
1.19602280797512e-28	0.971277610031805	0.029	0.012	3.67501928206516e-24	c1	FOSL1
1.21730911550081e-28	0.353643444629527	0.066	0.036	3.74042571919934e-24	c1	IFI44L
1.36357857563699e-28	0.181711417620605	0.233	0.17	4.18986788935978e-24	c1	GIMAP2
2.06976584085316e-28	0.135258906716222	0.83	0.726	6.35976949918951e-24	c1	COMMD6
2.13889982802943e-28	0.134406840323311	0.655	0.545	6.57219750158604e-24	c1	LDHA
2.64331278870544e-28	0.164807884005623	0.208	0.148	8.12210720585521e-24	c1	ODF2L
2.70611861335511e-28	0.204072721763892	0.147	0.098	8.31509066325625e-24	c1	CERK
3.75866159562122e-28	1.28042251292284	0.02	0.006	1.15492394848653e-23	c1	LOC101929761
3.9616539025181e-28	0.624019421783436	0.073	0.042	1.21729739462674e-23	c1	CHRM3-AS2
5.10343056608762e-28	0.928557332505587	0.022	0.008	1.56813111004174e-23	c1	ELOVL4
5.81097662743024e-28	0.25064150596275	0.18	0.126	1.78553878831049e-23	c1	MAN2B1
6.33766842823338e-28	0.309642476016639	0.157	0.108	1.94737537794327e-23	c1	LOC101929910
6.52245529107727e-28	0.870328974825285	0.033	0.014	2.00415483728931e-23	c1	FSCN1
7.98113968865829e-28	1.32487749032273	0.021	0.007	2.45236479213403e-23	c1	CRYBG3
8.54092046259189e-28	0.100947148515642	0.4	0.312	2.62436863054061e-23	c1	ATP1A1
9.85652206900914e-28	0.205950399957275	0.219	0.158	3.02861353614444e-23	c1	CCNG1
1.04712555514573e-27	0.184048666407433	0.22	0.16	3.21750269329629e-23	c1	PSMD5-AS1
1.76951653398559e-27	0.113136013224742	0.439	0.347	5.43719345397751e-23	c1	PHB2
2.30218805202664e-27	1.09569626207918	0.028	0.011	7.07393322746225e-23	c1	MSX2P1
2.47357252109462e-27	0.506394369326792	0.083	0.05	7.60054628556744e-23	c1	TAF9B
2.93391591141987e-27	0.559671975232761	0.05	0.025	9.01504342101982e-23	c1	LOC100996535
3.09215001651134e-27	1.38170128105805	0.022	0.008	9.5012493557344e-23	c1	FUT7
4.90952876284579e-27	1.15274334719996	0.029	0.012	1.50855090295963e-22	c1	CBR3
5.10260004074668e-27	1.02829483677213	0.025	0.01	1.56787591452023e-22	c1	KLF5
5.61671899052502e-27	0.176255785247774	0.388	0.307	1.72584924421862e-22	c1	ODC1
7.03876171569545e-27	0.503708852846478	0.072	0.041	2.16280031238174e-22	c1	TCP11L2
7.16309971175303e-27	0.500196031725376	0.069	0.039	2.20100564843035e-22	c1	LOC102723587
8.67469646531945e-27	0.790060657799148	0.027	0.011	2.66547398289871e-22	c1	SCGB3A1
8.9531630624468e-27	0.112864551354384	0.135	0.089	2.75103841419803e-22	c1	SNHG3
9.592483587632e-27	1.31278609232332	0.016	0.005	2.94748243197169e-22	c1	ACE
1.34814609219712e-26	0.110633187659931	0.384	0.302	4.1424484974941e-22	c1	IKZF1
1.39448535443082e-26	0.236952168964783	0.232	0.171	4.28483514855957e-22	c1	RILPL2
1.74237499480985e-26	0.146297494760033	0.187	0.133	5.35379564655222e-22	c1	NPC2
2.28342497830382e-26	0.248202174996339	0.291	0.224	7.01627993083414e-22	c1	CKS2
2.80449043378228e-26	0.22925770764426	0.148	0.101	8.61735775588283e-22	c1	ADK
2.93715259701491e-26	0.894723871591018	0.033	0.015	9.02498878484773e-22	c1	LYL1
3.42942096915454e-26	0.132386760371109	0.307	0.235	1.05375818119212e-21	c1	PSIP1
3.50851367410032e-26	0.113989157405669	0.506	0.408	1.07806099664081e-21	c1	CSDE1
3.72035348803269e-26	0.63300847468106	0.058	0.032	1.1431530162678e-21	c1	FLJ44635
4.18234838260972e-26	0.547661235587372	0.059	0.032	1.28511018752449e-21	c1	KLF11
4.9912642800829e-26	0.606106188832304	0.054	0.029	1.53366577534107e-21	c1	RRP12
5.39532190253962e-26	0.138718641423233	0.348	0.27	1.65782056099335e-21	c1	EIF3M
5.82348486555174e-26	0.14269180075573	0.2	0.144	1.78938219463808e-21	c1	BCL11B
6.14943282038903e-26	1.09450010150203	0.023	0.009	1.88953622272094e-21	c1	B3GNT9
7.74985524315891e-26	0.22390467053995	0.174	0.123	2.38129802056544e-21	c1	EBPL
9.63187678185543e-26	0.147506473501174	0.241	0.179	2.95958677876072e-21	c1	CHD1
9.81802888524678e-26	0.114468418849589	0.459	0.367	3.01678573556978e-21	c1	TRA2B
1.16460894997435e-25	0.19689658160907	0.207	0.151	3.57849392058618e-21	c1	PQBP1
1.28184787690752e-25	0.18031902763946	0.247	0.185	3.93873397137374e-21	c1	HPCAL1
1.29686090202274e-25	0.425367036084409	0.083	0.05	3.98486449364527e-21	c1	ZNF10
1.46855906753399e-25	0.474798796317842	0.124	0.083	4.5124414468117e-21	c1	TIFA
1.5538604965362e-25	0.228442756082419	0.202	0.147	4.77454714770677e-21	c1	LIMS1
1.64817030482614e-25	0.360345687856696	0.114	0.074	5.06433289563928e-21	c1	CRTC3
1.92452148795978e-25	0.115049042751125	0.757	0.654	5.913477176054e-21	c1	EIF3K
1.93349363530846e-25	1.19919739374256	0.019	0.006	5.9410458932123e-21	c1	ASB13
2.20320676037984e-25	0.22593480163671	0.154	0.107	6.76979341261912e-21	c1	ADI1
2.61823019748586e-25	0.614905433641779	0.046	0.023	8.0450359278148e-21	c1	C4orf32
3.74493993794644e-25	1.75926785786428	0.01	0.002	1.1507076947328e-20	c1	FRY
5.88201427491096e-25	0.737808406541072	0.05	0.027	1.80736652625189e-20	c1	PKIA
6.1122241746842e-25	0.687454537974441	0.061	0.034	1.87810312215521e-20	c1	SOCS2
6.29918619681445e-25	0.128858177019335	0.422	0.338	1.93555094269518e-20	c1	EIF3D
6.86100751895958e-25	0.273230994978053	0.126	0.084	2.10818178035071e-20	c1	AKAP17A
7.44221036488913e-25	0.126006958642056	0.195	0.14	2.28676797881948e-20	c1	LETMD1
1.18432873964148e-24	0.116117478495763	0.328	0.254	3.63908691829637e-20	c1	ABHD14B
1.23084774060948e-24	0.19037664109794	0.146	0.1	3.78202585257075e-20	c1	FAM60A
1.48979975606727e-24	0.172132644020642	0.19	0.137	4.57770771046791e-20	c1	MTERF4
1.64821394351352e-24	0.111414564433754	0.336	0.261	5.06446698423399e-20	c1	HNRNPUL1
2.04920918737556e-24	0.148213502961354	0.183	0.132	6.29660507004889e-20	c1	STT3B
2.14963414131825e-24	0.398338305309464	0.081	0.05	6.60518082602859e-20	c1	TMEM156
2.23983881100868e-24	1.03733607776478	0.016	0.005	6.88235271458639e-20	c1	ACVR1C
2.65226898182587e-24	0.515548267008797	0.062	0.036	8.14962690045636e-20	c1	SLC8B1
2.70202688710684e-24	0.918252322374284	0.026	0.011	8.30251801601318e-20	c1	MORC2
2.93716293962493e-24	0.430504343088119	0.044	0.022	9.02502056458553e-20	c1	LOC101927482
3.63218208260554e-24	0.105676155193973	0.883	0.793	1.1160605885222e-19	c1	RPL36AL
4.07667447880571e-24	0.171445585079478	0.267	0.204	1.25263976710263e-19	c1	NGRN
6.20705944868158e-24	0.28366711781133	0.131	0.089	1.90724315679639e-19	c1	GPR132
6.88780382825999e-24	0.464379724067352	0.072	0.043	2.11641548230945e-19	c1	CLN5
7.0612306869491e-24	0.891592450191059	0.031	0.014	2.16970435317885e-19	c1	LIMS2
8.84033064479113e-24	0.929229398483144	0.043	0.022	2.71636839722497e-19	c1	KLF4
9.35155301393453e-24	0.54377932322805	0.039	0.019	2.87345169459166e-19	c1	MORN3
1.01685596330236e-23	0.481657198951254	0.069	0.041	3.12449331843918e-19	c1	CEP68
1.58926422144497e-23	0.438258583106817	0.061	0.035	4.88333217323396e-19	c1	MXI1
1.7158976678272e-23	0.84141121620536	0.036	0.018	5.27243876393264e-19	c1	TIPARP-AS1
1.76433801396144e-23	0.36862778328623	0.088	0.055	5.42128141549932e-19	c1	MEPCE
1.82931947521739e-23	0.607011439150998	0.045	0.023	5.62094995150047e-19	c1	EPHA4
3.08648133393456e-23	0.120533803861221	0.22	0.164	9.48383119478073e-19	c1	GPR171
3.31260397286668e-23	0.234901640892159	0.146	0.103	1.01786382274274e-18	c1	ARL14EP
4.41321375614388e-23	0.105440213837353	0.283	0.217	1.35604819085033e-18	c1	WHSC1L1
5.22725731759876e-23	0.104959452784447	0.293	0.225	1.60617935597857e-18	c1	MFNG
5.27852145454625e-23	0.104440671801199	0.323	0.252	1.62193128733843e-18	c1	FAM177A1
6.92406150539651e-23	0.230849649735704	0.096	0.061	2.12755637876319e-18	c1	ADAM19
7.68890381239709e-23	1.91711350829673	0.01	0.002	2.36256947443525e-18	c1	BCL7A
1.09683915483004e-22	0.152767225282489	0.236	0.178	3.37025767104627e-18	c1	SNHG9
1.18755948404845e-22	0.429517168832437	0.099	0.065	3.64901402663566e-18	c1	NACA2
1.21629734514452e-22	1.29932602778835	0.013	0.004	3.73731685242558e-18	c1	LTK
1.83055401390321e-22	0.148654878266146	0.256	0.196	5.62474331852041e-18	c1	UGP2
2.66614738426421e-22	0.175264242082413	0.213	0.16	8.19227106762863e-18	c1	IL27RA
2.7171639723109e-22	0.326130129062818	0.093	0.06	8.34902973771971e-18	c1	TMEM116
3.04767627316362e-22	0.272095722993407	0.138	0.097	9.36459488454985e-18	c1	PELI1
4.42395433533908e-22	0.368275924424987	0.09	0.058	1.35934844861964e-17	c1	TAB2
4.67415611047213e-22	0.281327367839272	0.141	0.099	1.43622794806477e-17	c1	WDR74
4.73443848646355e-22	0.131431454293493	0.17	0.122	1.45475091373565e-17	c1	NDE1
4.74532723099788e-22	0.145922268010989	0.252	0.193	1.45809669826872e-17	c1	CAMLG
5.01046145859859e-22	0.134154259826732	0.157	0.111	1.53956449238359e-17	c1	NINJ1
5.3195516580697e-22	0.309811832935946	0.079	0.049	1.63453863797508e-17	c1	SPTBN1
6.23940502402177e-22	0.545176425493116	0.058	0.033	1.91718198173117e-17	c1	GNA15
9.03099398562115e-22	0.103872408369515	0.264	0.202	2.77495352196181e-17	c1	RNF126
1.16062920177772e-21	0.413298492055918	0.102	0.068	3.5662653483024e-17	c1	RGS16
1.2193586433734e-21	0.442681818045101	0.073	0.045	3.74672330349345e-17	c1	NPIPB11
1.46615034293164e-21	0.436128056492706	0.063	0.037	4.50504015872606e-17	c1	IMMP2L
1.72504704004587e-21	0.16651266511371	0.163	0.118	5.30055203994895e-17	c1	CFAP97
1.75301420392246e-21	1.77856842631972	0.01	0.003	5.38648674439254e-17	c1	CCR10
2.10919451879656e-21	0.937931029948922	0.028	0.012	6.4809219979062e-17	c1	DSEL
2.12683407761634e-21	0.166480140487982	0.304	0.241	6.53512307029174e-17	c1	H2AFX
2.19647978166235e-21	0.497080636469585	0.115	0.079	6.74912342511391e-17	c1	ID3
2.29974035228353e-21	0.422954688876429	0.066	0.04	7.06641218046159e-17	c1	C9orf72
2.45192620225232e-21	0.170522969282862	0.141	0.099	7.5340336416607e-17	c1	MSL3
2.49547093866823e-21	1.04384615739938	0.019	0.007	7.66783355324588e-17	c1	HOOK1
3.01127664445318e-21	0.133570724905105	0.231	0.176	9.25274974541129e-17	c1	SVIP
3.20767928785726e-21	1.48362719197992	0.01	0.003	9.85623614779902e-17	c1	ANK1
3.82610975710115e-21	0.771520297371973	0.026	0.011	1.17564874506447e-16	c1	RNF157
4.20873236671439e-21	0.149604757461084	0.178	0.131	1.29321719432033e-16	c1	NAMPT
5.09302977899319e-21	0.471143213414486	0.05	0.028	1.56493526019124e-16	c1	HYI
6.10246026482968e-21	0.448183474507167	0.059	0.034	1.87510296557422e-16	c1	TMEM55A
6.86812694071257e-21	0.132055478574113	0.257	0.197	2.11036936507275e-16	c1	LSM5
7.13486349037319e-21	0.404254778816193	0.078	0.05	2.19232950468697e-16	c1	CXorf40A
8.34713435049784e-21	0.24157895396604	0.128	0.09	2.56482397187747e-16	c1	UBQLN2
9.63209210477603e-21	0.141037843340285	0.218	0.165	2.95965294103453e-16	c1	MTHFD2
9.95284619224052e-21	0.223639184646578	0.11	0.074	3.05821104948974e-16	c1	IER5
1.20990993619375e-20	0.1890491404645	0.126	0.088	3.71769026094255e-16	c1	IFNAR1
1.22687982423634e-20	1.40754942390433	0.014	0.004	3.769833635931e-16	c1	PAK3
1.30125024256498e-20	0.2882262032689	0.091	0.06	3.99835162032943e-16	c1	LOC728743
1.47553525727319e-20	0.529632698997089	0.055	0.032	4.53387718502334e-16	c1	GRPEL2
1.71401088605792e-20	0.366385002097879	0.057	0.034	5.26664124959017e-16	c1	INADL
1.85845878772316e-20	0.375884646207954	0.07	0.043	5.71048631703697e-16	c1	ZNF33B
2.1760482317821e-20	0.215607963164348	0.093	0.061	6.68634340179686e-16	c1	CAMK1D
2.25812142471844e-20	0.560742682975657	0.051	0.029	6.93852970173236e-16	c1	MINA
2.35367478868967e-20	0.601396567485188	0.04	0.021	7.23213652320675e-16	c1	VCL
2.70957314483231e-20	0.465507005463202	0.077	0.049	8.32570540212623e-16	c1	MRPL45
3.32997872050856e-20	0.208635317300336	0.147	0.105	1.02320256145067e-15	c1	LTA4H
3.43867694661374e-20	0.106772478182847	0.435	0.356	1.056602265386e-15	c1	OCIAD2
3.74693477164015e-20	0.317310109638878	0.081	0.052	1.15132064728187e-15	c1	ETV6
3.82280012581546e-20	1.01625203445379	0.019	0.007	1.17463179465932e-15	c1	MICU3
4.31308921987901e-20	0.169494486018046	0.181	0.135	1.32528292459222e-15	c1	TRAF1
5.57026418032607e-20	1.29723593035824	0.014	0.004	1.71157507468879e-15	c1	SERPINB9P1
5.97726544608227e-20	1.59566945244386	0.013	0.004	1.8366343536177e-15	c1	PANK1
6.97739961562581e-20	1.09623594293446	0.04	0.022	2.14394557989334e-15	c1	CXCR5
7.46015294704599e-20	0.477648635928155	0.059	0.035	2.29228119603882e-15	c1	PARD6A
8.69376517059542e-20	0.322098966685505	0.066	0.041	2.67133322396886e-15	c1	PLA2G12A
8.93928600260056e-20	0.151108799367811	0.155	0.112	2.74677441001907e-15	c1	RARA
9.55318437653411e-20	0.221169494659171	0.112	0.076	2.93540696337764e-15	c1	IRF2BPL
9.92995597546988e-20	0.25422298140688	0.152	0.111	3.05117757258263e-15	c1	BCL10
1.01038022265204e-19	0.301878943268786	0.079	0.051	3.10459531014293e-15	c1	SH2D3A
1.55255295093511e-19	0.146201805674867	0.184	0.138	4.77052945233833e-15	c1	MAPKAPK5-AS1
1.67676206014665e-19	0.253546566549477	0.143	0.103	5.1521867822126e-15	c1	ZNF593
2.12788976830438e-19	0.470033109861147	0.068	0.043	6.53836689106887e-15	c1	TIAM1
2.13010085282775e-19	0.517549622646654	0.053	0.031	6.54516089048384e-15	c1	DPH5
2.25725296746788e-19	0.106543657745085	0.208	0.158	6.93586119313856e-15	c1	ISCA1
2.65313768929698e-19	0.375396920614343	0.057	0.034	8.15229617790283e-15	c1	RPS10P7
2.6564491364823e-19	0.473359270132606	0.051	0.03	8.16247126166917e-15	c1	AIG1
3.0997815135848e-19	0.74911704101049	0.029	0.014	9.52469865679201e-15	c1	LOC440311
3.10075501540121e-19	0.754846230381202	0.023	0.01	9.52768993582329e-15	c1	SLC2A14
3.6497522495244e-19	0.161437221837329	0.183	0.137	1.12145937371136e-14	c1	RBM7
3.958420128969e-19	0.316447915160587	0.098	0.066	1.2163037530283e-14	c1	C14orf64
4.13354226715849e-19	0.330730909632329	0.072	0.046	1.27011353242979e-14	c1	TECPR1
4.18969461567758e-19	1.11723688539227	0.017	0.007	1.28736746455925e-14	c1	NOS3
5.47144968864693e-19	0.162446898605266	0.406	0.345	1.68121234583054e-14	c1	EGR1
5.68390816360067e-19	0.202833288124491	0.14	0.101	1.74649446142958e-14	c1	SIGMAR1
7.01857903063203e-19	0.117980531547464	0.186	0.139	2.1565987787423e-14	c1	GPCPD1
8.91667508830386e-19	0.275715640496409	0.059	0.036	2.73982675438313e-14	c1	ZSCAN18
1.01017532097858e-18	0.400832274171075	0.093	0.063	3.10396570877088e-14	c1	EHD4
1.04331104596656e-18	0.390826694899618	0.047	0.026	3.20578185094146e-14	c1	RHPN1
1.30893494981965e-18	0.197555066516304	0.102	0.07	4.02196442031082e-14	c1	WWP1
1.33289624453129e-18	0.834944090401876	0.022	0.01	4.0955902905713e-14	c1	CASP10
1.62117500902528e-18	0.94782734471793	0.017	0.006	4.98138445023197e-14	c1	ALPK1
1.71512333554898e-18	0.200639412790939	0.128	0.091	5.27005947314135e-14	c1	REPS1
1.83720581869845e-18	0.115093989807583	0.122	0.086	5.64518231911472e-14	c1	SGTB
1.86682751311151e-18	0.671677026832679	0.027	0.013	5.73620089953775e-14	c1	PELI2
1.95252733359675e-18	0.330637669163883	0.089	0.059	5.99953073794275e-14	c1	MX2
2.0891761269056e-18	0.340244316110969	0.098	0.067	6.41941148514283e-14	c1	RRM1
2.30229223075843e-18	0.115325327390331	0.104	0.071	7.07425333745142e-14	c1	KLF9
2.3592967245405e-18	0.148605151299684	0.103	0.071	7.24941104549561e-14	c1	AFF1
2.69830342298482e-18	0.333082498965813	0.097	0.066	8.29107692780545e-14	c1	RCBTB2
3.94869599311506e-18	0.121135174945112	0.153	0.112	1.21331581780446e-13	c1	ZBTB25
4.15375024067457e-18	0.315306117925087	0.073	0.047	1.27632283645207e-13	c1	ZBTB7B
5.99755546766371e-18	0.15509537345398	0.123	0.088	1.84286886854903e-13	c1	GALT
7.21470953702008e-18	0.372278550943259	0.07	0.045	2.21686379944016e-13	c1	AEN
7.50390090731829e-18	0.419137581666928	0.055	0.033	2.30572363179169e-13	c1	EFCAB2
8.04374067065278e-18	0.135223766283142	0.305	0.244	2.47160019587148e-13	c1	TCP1
8.92373151768059e-18	0.397474114734246	0.027	0.013	2.74199498343771e-13	c1	WDR86
9.21532717839134e-18	0.433327007540229	0.051	0.03	2.83159358210431e-13	c1	PP7080
1.25771603593999e-17	0.110069452731472	0.162	0.12	3.86458406363281e-13	c1	PAF1
1.3322019428382e-17	0.202417022885277	0.087	0.058	4.09345690975893e-13	c1	LTBP3
1.37234153410467e-17	0.108900161178797	0.198	0.151	4.21679383184341e-13	c1	MTFP1
1.49257909732717e-17	0.454204516152711	0.066	0.042	4.58624779235718e-13	c1	GPHN
1.57360605180575e-17	0.651976364721484	0.037	0.02	4.83521931538354e-13	c1	ACVR1
1.59199056814789e-17	0.200664329247992	0.08	0.053	4.89170941874801e-13	c1	LINC00324
1.74713543092857e-17	0.247541403444619	0.077	0.05	5.36842303861422e-13	c1	ESYT2
1.81265194816819e-17	0.134672101610112	0.207	0.16	5.56973564113641e-13	c1	OXA1L
1.95423690846449e-17	1.26291087390539	0.016	0.006	6.00478374863885e-13	c1	STXBP1
2.07404272532848e-17	0.704907622235107	0.026	0.012	6.37291108211682e-13	c1	TNFRSF10D
2.13833079836428e-17	0.122881088888197	0.203	0.156	6.57044904413394e-13	c1	NDNL2
2.20263433113525e-17	0.341629325856035	0.048	0.028	6.76803450927929e-13	c1	NDUFV2-AS1
3.77991499766316e-17	0.362431574117715	0.047	0.028	1.16145448133196e-12	c1	LOC613037
4.23654146430431e-17	0.238231660944677	0.114	0.081	1.30176209573678e-12	c1	CCDC66
9.90401833898044e-17	0.13110076947613	0.128	0.093	3.04320771501852e-12	c1	TRMT1
1.0055865833097e-16	0.25537682732472	0.062	0.039	3.08986589453571e-12	c1	PDCD4-AS1
1.16041662771628e-16	1.22224287196749	0.014	0.005	3.56561217198381e-12	c1	FAM63A
1.51135628684529e-16	0.258099133490501	0.102	0.072	4.64394446258952e-12	c1	ST6GAL1
1.70018130860816e-16	0.170988766731767	0.161	0.121	5.22414710696028e-12	c1	LRRC8C
1.88525134382525e-16	0.607521256586178	0.031	0.016	5.79281180417186e-12	c1	TPCN1
2.03729241186789e-16	0.359221997459128	0.089	0.061	6.25998839394646e-12	c1	NAF1
2.61181984711941e-16	0.646053770633899	0.029	0.015	8.0253388442438e-12	c1	PGAP1
2.8635407446865e-16	0.577458928304633	0.035	0.019	8.79880164619821e-12	c1	ZBED5-AS1
3.20181498805062e-16	0.373008725391902	0.047	0.028	9.83821691378315e-12	c1	LOXL1-AS1
4.11756130095186e-16	0.154795377638376	0.189	0.146	1.26520306094348e-11	c1	REXO2
4.30616192941953e-16	0.266166549945921	0.083	0.056	1.32315437605274e-11	c1	METTL21A
6.35763187458348e-16	1.09203901381728	0.016	0.007	1.95350954610327e-11	c1	LOC100505555
6.49065317885134e-16	0.428169680684196	0.071	0.047	1.99438300226565e-11	c1	AHCY
8.91607977846652e-16	1.03701241192899	0.014	0.005	2.73964383352941e-11	c1	RALGPS2
9.0735825541239e-16	0.399045308213556	0.052	0.032	2.78803971140565e-11	c1	TNFRSF10B
9.97766541069306e-16	0.503958068957465	0.051	0.031	3.06583725074365e-11	c1	PAICS
1.00901198087788e-15	0.199428287214334	0.129	0.095	3.10039111364347e-11	c1	CBLL1
1.04617636402916e-15	0.413677216400792	0.066	0.043	3.21458611375239e-11	c1	FCGRT
1.0556381095873e-15	1.07012630428987	0.015	0.006	3.2436592193289e-11	c1	EMR1
1.06308721116213e-15	0.278997882547984	0.053	0.033	3.26654807373788e-11	c1	ZMAT1
1.16026528127807e-15	0.181571574184098	0.156	0.118	3.56514712978314e-11	c1	ATG101
1.55634398459137e-15	0.869065000845551	0.021	0.01	4.78217816145391e-11	c1	CXCL16
1.58365999342716e-15	0.160064580776156	0.073	0.048	4.86611206180364e-11	c1	FLJ38717
1.64086179494221e-15	0.196105616090573	0.07	0.046	5.04187603731892e-11	c1	MTM1
1.97549332040849e-15	0.325264598951644	0.045	0.026	6.07009832561917e-11	c1	SLC2A11
1.98604857968079e-15	0.289050615231625	0.075	0.051	6.10253147078515e-11	c1	ANKRD37
2.08493108928576e-15	0.130736223645819	0.127	0.094	6.40636775804836e-11	c1	TACC3
3.75021660134483e-15	0.466248056339486	0.099	0.071	1.15232905509522e-10	c1	ICAM1
3.90601147532169e-15	0.206177716765244	0.095	0.067	1.2002001460221e-10	c1	CLUHP3
4.01806569745121e-15	1.00079682701565	0.015	0.006	1.23463104685583e-10	c1	LOC399900
4.85023063750602e-15	0.156941235683709	0.129	0.095	1.49033036798648e-10	c1	RPS26P11
4.93636384325586e-15	0.534693918949	0.042	0.025	1.51679651811723e-10	c1	LOC100507054
5.0504848771877e-15	0.101084696910151	0.163	0.124	1.55186248821346e-10	c1	WHAMM
5.27555742810929e-15	0.185324839254522	0.086	0.059	1.62102053093514e-10	c1	FAM134B
6.24682153524248e-15	0.14488267544436	0.119	0.087	1.91946085313396e-10	c1	UXS1
6.94069469769768e-15	0.147303640038967	0.121	0.088	2.13266725976156e-10	c1	CCDC101
7.20228083461512e-15	0.100377192558098	0.147	0.111	2.21304483205219e-10	c1	CS
7.58922601176565e-15	0.237869882441728	0.056	0.036	2.33194147663523e-10	c1	PHC1
9.07213759185426e-15	0.164360637075274	0.119	0.087	2.78759571784906e-10	c1	CCDC57
1.09440343155743e-14	0.751324875178766	0.021	0.01	3.36277342414653e-10	c1	TTYH2
1.16828359610579e-14	0.151126176348611	0.136	0.101	3.58978500575427e-10	c1	MMGT1
1.47734878900051e-14	0.177876751574832	0.117	0.086	4.53944962396186e-10	c1	PTTG1IP
1.56594015642432e-14	0.253443434756585	0.08	0.055	4.81166431864501e-10	c1	POLR1E
1.71362636365489e-14	0.287885058897978	0.073	0.05	5.26545972760237e-10	c1	WDR89
1.7741821524407e-14	0.473111122955774	0.03	0.016	5.45152949980455e-10	c1	RASGRF2
2.02933903551631e-14	1.13880171977687	0.015	0.006	6.23555005443097e-10	c1	LOC728989
2.04646240938488e-14	0.2117786922817	0.079	0.054	6.28816504531692e-10	c1	LHPP
2.05299708082478e-14	0.293062454074264	0.07	0.047	6.30824413025031e-10	c1	KLHL6
2.40591995856022e-14	0.222548748653423	0.095	0.068	7.39267025666798e-10	c1	BZW2
2.51100752481091e-14	0.772547785467316	0.018	0.008	7.7155728214865e-10	c1	GABBR1
3.26967518668704e-14	0.372869961253147	0.062	0.041	1.00467309461333e-09	c1	ZNF44
3.47181487012845e-14	1.07946647123679	0.013	0.005	1.06678455514437e-09	c1	ACSM3
3.63635169942146e-14	0.349512358000204	0.026	0.013	1.11734178668123e-09	c1	AGPAT9
4.4451658662651e-14	0.182723588440205	0.123	0.092	1.36586611572728e-09	c1	TP53TG1
4.7249859572954e-14	0.140413321897621	0.122	0.09	1.45184643509816e-09	c1	NFATC1
4.85273963334044e-14	0.745523802575727	0.017	0.007	1.49110130713652e-09	c1	BTBD11
4.91432314781703e-14	1.31460368568869	0.012	0.005	1.51002407362974e-09	c1	RAB20
5.6253564479443e-14	0.496980625553343	0.033	0.018	1.72850327575984e-09	c1	PWARSN
5.72395788914053e-14	0.124501686704266	0.145	0.11	1.75880054059621e-09	c1	ABHD13
5.92756423180662e-14	0.277960125937301	0.092	0.065	1.82136266150722e-09	c1	UBIAD1
6.81695163855316e-14	0.155172108446928	0.137	0.103	2.09464472997823e-09	c1	BBC3
7.9877562813375e-14	0.354134778081778	0.058	0.038	2.45439787256657e-09	c1	GCC1
8.78044190134423e-14	0.297388061983836	0.065	0.044	2.69796638302604e-09	c1	ADPRM
9.34257041772943e-14	0.402130397002054	0.05	0.032	2.87069161225572e-09	c1	KIF9
1.1021622147908e-13	0.209538875036198	0.075	0.052	3.38661383738770e-09	c1	FAM195A
1.10908966653361e-13	1.1019624372173	0.01	0.003	3.40789981835782e-09	c1	RBM11
1.19139757643724e-13	0.101096193499798	0.168	0.131	3.6608073331187e-09	c1	NABP1
1.27391771136154e-13	0.442206397161357	0.019	0.009	3.91436695170062e-09	c1	PLAG1
1.34742007822724e-13	1.14625097101759	0.011	0.004	4.14021767436884e-09	c1	KLF8
1.50616073741514e-13	0.177868939966762	0.126	0.095	4.6279800978555e-09	c1	MRPS33
1.51003352619467e-13	0.152913319664835	0.053	0.034	4.63988001593835e-09	c1	KIAA0355
1.89924513749576e-13	0.633248163782619	0.025	0.013	5.83581053398321e-09	c1	C12orf42
1.94439775564035e-13	0.277795573237209	0.036	0.021	5.97455098375609e-09	c1	SLCO3A1
2.01652139423103e-13	0.124518131630366	0.117	0.087	6.19616528805368e-09	c1	GIMAP1
2.231391640186e-13	0.44557034968276	0.033	0.019	6.85639709279952e-09	c1	FAM117B
2.50769536994075e-13	0.503413593071727	0.027	0.015	7.70539556321693e-09	c1	GeneID:646329
2.60087199187615e-13	0.501967644390826	0.04	0.024	7.99169936943784e-09	c1	LOC653653
2.62745877525098e-13	0.212074113182521	0.062	0.041	8.0733925787137e-09	c1	C6orf99
2.65319377320203e-13	0.130001634383729	0.902	0.816	8.15246850691789e-09	c1	UBB
2.69882351352559e-13	0.354904308514866	0.052	0.034	8.29267501001008e-09	c1	TPK1
2.75628641881726e-13	0.157126666284456	0.096	0.069	8.4692412790998e-09	c1	ANKRD13A
2.94262928459222e-13	0.263249471601692	0.062	0.041	9.04181700276653e-09	c1	TRAF4
3.13572062121267e-13	0.68403986685326	0.019	0.009	9.63512875280017e-09	c1	GPRASP1
3.20244208176254e-13	1.27928934503549	0.012	0.004	9.84014378463176e-09	c1	PPFIBP2
3.37045245897695e-13	1.06226642003816	0.012	0.005	1.03563892706985e-08	c1	GYLTL1B
4.40027638715389e-13	0.173507776550086	0.098	0.071	1.35207292548078e-08	c1	ARL4D
4.61429028020409e-13	0.623994532468579	0.016	0.007	1.41783297439831e-08	c1	PRKXP1
4.84749273415718e-13	0.147338845830184	0.107	0.079	1.48948909242448e-08	c1	CHMP3
5.01927945670287e-13	1.07237534242645	0.011	0.004	1.54227399866109e-08	c1	UBE2E2
5.56880387209596e-13	0.146370684040786	0.11	0.081	1.71112636577893e-08	c1	SMIM4
6.00987499949255e-13	0.201433677077264	0.099	0.072	1.84665429109408e-08	c1	NOA1
7.61401756138300e-13	0.25204958593166	0.053	0.035	2.33955917608616e-08	c1	LOC100131691
8.53282383264021e-13	0.550379431482163	0.015	0.006	2.62188077905536e-08	c1	FGF9
9.96235061931672e-13	0.318703827642852	0.036	0.021	3.06113147479745e-08	c1	RLN1
1.09440662584033e-12	0.751694409875864	0.012	0.005	3.36278323921958e-08	c1	IL17RE
1.31260673498838e-12	0.262063098899216	0.061	0.041	4.03324671459879e-08	c1	FAM122C
1.52122460569201e-12	0.333229788432286	0.062	0.042	4.67426684590984e-08	c1	MPI
1.63278760747516e-12	0.20093260663684	0.086	0.061	5.01706648148893e-08	c1	MTRR
1.66744158258061e-12	0.104211281595422	0.123	0.093	5.12354775079544e-08	c1	ABCE1
1.69531707316796e-12	1.0132412148571	0.013	0.005	5.20920077072319e-08	c1	TLCD1
1.74540669278613e-12	0.752723672491023	0.015	0.007	5.36311114492393e-08	c1	MIR4458HG
1.79789747185238e-12	0.212732034180401	0.031	0.018	5.5243995617608e-08	c1	SBF2
1.83675470006209e-12	0.718819069267894	0.018	0.009	5.64379616688079e-08	c1	LOC101060398
2.07557808722121e-12	0.110609072134084	0.084	0.06	6.37762878860461e-08	c1	RERE
2.14285160533811e-12	0.164534302795809	0.072	0.051	6.58434012772241e-08	c1	NFKBID
2.2040368407479e-12	0.145519763448286	0.097	0.071	6.77234400056606e-08	c1	POLD2
2.36541334025575e-12	1.06388176078892	0.018	0.009	7.26820557060384e-08	c1	NET1
2.52588730897709e-12	0.373709025545845	0.033	0.02	7.7612939342939e-08	c1	LOC101929561
2.53606742809171e-12	0.666420046437125	0.016	0.007	7.7925743862974e-08	c1	LOC100996583
2.53742251619045e-12	0.106128948708901	0.123	0.093	7.7967381654984e-08	c1	NOLC1
2.53991735441045e-12	0.683602538488458	0.022	0.012	7.804404054897e-08	c1	PLCL1
2.75161234059013e-12	0.641802842254287	0.026	0.014	8.45487923893128e-08	c1	LINC00920
2.99604444421852e-12	0.641878738566803	0.021	0.01	9.20594576375024e-08	c1	TLR1
3.20660181694816e-12	0.244923322301071	0.066	0.045	9.85292540293661e-08	c1	DPH1
3.26145515477336e-12	0.111783493376826	0.13	0.099	1.00214732540721e-07	c1	C12orf10
3.70130492319729e-12	0.277041573443103	0.042	0.026	1.13729996375083e-07	c1	DOCK9
3.90497924704811e-12	1.04649471441895	0.01	0.004	1.19988297324047e-07	c1	IGF1R
4.57678911419546e-12	0.477018288063538	0.035	0.021	1.40630999111884e-07	c1	PPRC1
5.95490506195075e-12	1.0208101754058	0.012	0.005	1.82976367838561e-07	c1	GCNT4
5.98403253911254e-12	0.853619716966417	0.014	0.006	1.83871367829311e-07	c1	PARK2
6.16317355720699e-12	1.07352124143645	0.011	0.005	1.89375833892299e-07	c1	ZNF165
6.16386767313299e-12	0.341990649115231	0.058	0.039	1.89397161992357e-07	c1	PDP1
7.66489233146555e-12	0.964336605841298	0.012	0.005	2.35519146668942e-07	c1	SPIN3
8.84775495834202e-12	0.227076418452036	0.073	0.052	2.71864966604975e-07	c1	FXN
9.40300380107852e-12	0.404108495440605	0.047	0.03	2.8892609779574e-07	c1	ANKRD26
1.08551872442653e-11	0.355989194148758	0.041	0.025	3.33547338454539e-07	c1	ZYG11B
1.29522375676962e-11	0.165182224306005	0.129	0.1	3.97983403742602e-07	c1	IL4R
1.3164472276654e-11	0.167988483412972	0.071	0.05	4.04504739644746e-07	c1	P2RX4
1.37632650054209e-11	0.845478185816948	0.013	0.006	4.22903843821569e-07	c1	KRTAP5-AS1
1.66348966048143e-11	0.15047012493884	0.093	0.068	5.1114046797613e-07	c1	LYRM5
1.95503765778643e-11	0.189215536893943	0.109	0.083	6.00724421108036e-07	c1	UGCG
1.97819362002544e-11	0.665982277686362	0.013	0.006	6.07839553625216e-07	c1	HKDC1
2.02275405905238e-11	0.181412700111701	0.067	0.047	6.21531639725023e-07	c1	DHRS12
2.10943702601024e-11	0.285531658863614	0.06	0.041	6.48166714982168e-07	c1	SYNJ2
2.30138540307028e-11	0.131701118534603	0.102	0.077	7.07146692801404e-07	c1	TIMM9
2.41710844540014e-11	0.793683485064963	0.016	0.007	7.42704912018102e-07	c1	LOC730098
2.52072020726164e-11	0.124934690452682	0.074	0.052	7.74541698085283e-07	c1	ZHX2
2.52933738628644e-11	0.395371385365239	0.037	0.023	7.77189498684236e-07	c1	LOC101927070
2.53036710094896e-11	0.805528532777996	0.02	0.01	7.77505899108586e-07	c1	C10orf91
2.55784894715972e-11	0.167411028347259	0.056	0.038	7.85950245993768e-07	c1	ERO1L
2.55816895377827e-11	0.217566689808373	0.047	0.03	7.86048574427449e-07	c1	EID3
2.96459130427016e-11	0.135975176294475	0.088	0.064	9.10929970063091e-07	c1	PLCD1
3.30730566631811e-11	0.156079146022814	0.066	0.046	1.01623581208956e-06	c1	TUBE1
3.30850308840347e-11	0.17424689608163	0.108	0.082	1.01660374397374e-06	c1	FAM53C
3.50904049884109e-11	0.744895045100368	0.012	0.005	1.0782228740789e-06	c1	DLEC1
3.64787552313482e-11	0.113102115658777	0.101	0.075	1.12088271199364e-06	c1	WDR43
3.85264390054138e-11	0.208200987705673	0.088	0.065	1.18380189131935e-06	c1	UBR1
4.4051903680966e-11	0.894443287199928	0.012	0.005	1.35358284440504e-06	c1	JAM3
4.41865625046217e-11	0.531189135065205	0.031	0.018	1.35772050607951e-06	c1	LRRN3
4.57322555060585e-11	0.33132665394358	0.044	0.029	1.40521501493466e-06	c1	RPL23P8
4.71741634314083e-11	0.111257447180712	0.106	0.08	1.44952051975688e-06	c1	CTDSP2
4.94918461973319e-11	0.251932435891597	0.049	0.033	1.52073595810542e-06	c1	OSER1-AS1
5.04237513526088e-11	0.222889464646554	0.033	0.02	1.54937060781161e-06	c1	MEGF6
5.81992701735552e-11	0.112730647299429	0.126	0.098	1.78828897462283e-06	c1	ZPR1
5.83629524438462e-11	0.190392345874309	0.058	0.04	1.79331843974206e-06	c1	NUDT15
6.35013709835585e-11	0.558687865373573	0.026	0.015	1.9512066262118e-06	c1	METAP1D
6.89937984416755e-11	0.747490720898439	0.014	0.006	2.11997244471736e-06	c1	LOC101927722
7.37497309507887e-11	0.184750821924646	0.064	0.045	2.26610798292488e-06	c1	LOC102724935
7.4786924109477e-11	0.147196897058929	0.101	0.077	2.2979778171119e-06	c1	KLHL36
7.62263278901864e-11	1.17171914315227	0.012	0.005	2.34220637708176e-06	c1	TSHZ2
7.67495285079787e-11	0.565976671032677	0.032	0.019	2.35828276246466e-06	c1	ZNF563
7.96137509809416e-11	0.41825818612681	0.02	0.011	2.44629172639139e-06	c1	IL11RA
9.32458735306271e-11	0.173806018939119	0.055	0.038	2.86516595597558e-06	c1	LOC100507316
9.72613028399071e-11	0.167228769855032	0.057	0.039	2.98854805236183e-06	c1	SLC36A4
9.96551936257477e-11	0.783596262244073	0.011	0.005	3.06210513453835e-06	c1	RPS16P5
1.00555567350626e-10	0.94611109547124	0.01	0.004	3.08977091798269e-06	c1	GNG7
1.0204761140733e-10	0.373547889905832	0.022	0.012	3.13561695571303e-06	c1	LINC00243
1.05083866694645e-10	0.336664137639887	0.061	0.043	3.22891197192636e-06	c1	SLFN11
1.18372702717202e-10	0.197007163993775	0.086	0.064	3.63723803639147e-06	c1	EGLN2
1.21489486733995e-10	0.135985445838068	0.078	0.057	3.73300745887547e-06	c1	OXLD1
1.31482718379404e-10	0.407567830675855	0.015	0.007	4.04006948764394e-06	c1	IGSF22
1.56034272511263e-10	0.344310519736688	0.045	0.029	4.79446509145358e-06	c1	SLC12A7
1.5793391133219e-10	0.205521978683632	0.073	0.052	4.85283529350421e-06	c1	ZNF574
1.58854785468911e-10	0.13590062100467	0.073	0.053	4.88113099310323e-06	c1	FLJ37453
1.68281860870406e-10	0.418812136861917	0.033	0.02	5.17079673896498e-06	c1	NUAK2
1.73845437822022e-10	0.29036224250635	0.063	0.044	5.34174876795727e-06	c1	CMSS1
1.8945816157018e-10	0.333776191463655	0.052	0.036	5.82148093056692e-06	c1	NARS2
1.94605248081464e-10	0.316806845821774	0.037	0.023	5.97963545779914e-06	c1	ZBTB21
2.34930537112736e-10	0.325742239632203	0.028	0.016	7.21871061386304e-06	c1	UBAC2-AS1
2.39027779081306e-10	0.211427204115178	0.058	0.04	7.34460656783128e-06	c1	AMPD2
2.40456231454255e-10	0.117488647116806	0.108	0.083	7.38849862389489e-06	c1	RNF214
3.10685522542098e-10	0.167841873875405	0.047	0.032	9.54643405115103e-06	c1	USP53
3.51210946708654e-10	0.258252424207887	0.061	0.043	1.07916587595168e-05	c1	GIMAP8
3.6344498532997e-10	0.299734413330153	0.043	0.028	1.1167574064234e-05	c1	HOOK2
3.87693753953514e-10	0.972957535710584	0.011	0.005	1.19126659777296e-05	c1	CPLX1
3.87828463797933e-10	0.12296569675199	0.097	0.074	1.19168052071191e-05	c1	PCNXL4
3.9154511852661e-10	0.490433138832365	0.01	0.004	1.20310068569671e-05	c1	TPBG
4.36874133949878e-10	0.765625277022389	0.012	0.005	1.34238315138779e-05	c1	AMIGO1
4.37991555497614e-10	0.19504968991788	0.075	0.055	1.34581665257752e-05	c1	TICAM1
4.89055949709947e-10	0.118519296641424	0.095	0.072	1.50272221667376e-05	c1	CCBL2
5.24738541271384e-10	0.474714227831479	0.024	0.013	1.61236411576458e-05	c1	ZBTB16
5.40924139205184e-10	0.635388908767579	0.013	0.006	1.66209760253577e-05	c1	ABCA1
6.02876891641243e-10	0.646675524397861	0.017	0.009	1.85245982494605e-05	c1	LOC102723540
6.5453834888369e-10	0.412643674483658	0.018	0.01	2.01119998461492e-05	c1	ZNF717
7.54989264695898e-10	0.210286617368047	0.079	0.058	2.31985551363108e-05	c1	NIPAL3
7.76416330066734e-10	0.217324101670662	0.076	0.056	2.38569445739605e-05	c1	SCO2
9.04919410050766e-10	1.00968374309264	0.01	0.004	2.78054587126299e-05	c1	EML5
9.28142881442e-10	0.128678835800457	0.086	0.065	2.85190463180683e-05	c1	TRIM44
9.31332415290433e-10	0.264804875997306	0.027	0.016	2.86170511246291e-05	c1	NR3C2
9.61934455554316e-10	0.139322489425088	0.075	0.055	2.95573600158175e-05	c1	EIF2D
9.85685428124728e-10	0.337859498971202	0.044	0.03	3.02871561499885e-05	c1	LMF1
9.95061441919027e-10	0.305681449050318	0.048	0.033	3.05752529258459e-05	c1	ALKBH2
1.07319700068135e-09	0.148459658459676	0.081	0.06	3.29761242399358e-05	c1	ENTPD4
1.08107773686326e-09	0.33833137163352	0.018	0.01	3.32182756205973e-05	c1	TMEM238
1.13297869569765e-09	0.519004835684315	0.024	0.014	3.48130363827016e-05	c1	CCDC65
1.18598908638883e-09	0.241113082730993	0.05	0.035	3.64418866574694e-05	c1	ID1
1.35178855863073e-09	0.572070773412675	0.026	0.015	4.15364070410464e-05	c1	LOC101060498
1.4604784143779e-09	0.224680914441499	0.04	0.026	4.48761202385897e-05	c1	LRIG1
1.68856567660873e-09	0.702229723590709	0.018	0.009	5.18845575451565e-05	c1	RPLP0P2
1.74328576347603e-09	0.370428230044762	0.037	0.024	5.35659416543279e-05	c1	NPIPB4
1.82006087869369e-09	0.39653809867082	0.021	0.012	5.5925010619621e-05	c1	ZNF814
1.86087489640493e-09	0.412195680473043	0.021	0.012	5.71791029418342e-05	c1	ACVR2A
1.93097592858285e-09	0.228447459412834	0.037	0.024	5.93330973575652e-05	c1	SYNGAP1
2.17163752161356e-09	0.440931497998777	0.032	0.02	6.67279061266197e-05	c1	ULBP2
2.7124614388335e-09	0.175830992500371	0.042	0.028	8.33458026310371e-05	c1	DEAF1
2.73304897608779e-09	0.640408757962036	0.013	0.007	8.39783958882495e-05	c1	ARC
2.90260119633622e-09	0.413985070439072	0.025	0.015	8.91882269598231e-05	c1	FAM65A
2.9072856014646e-09	0.2376271831313	0.037	0.024	8.93321646762029e-05	c1	AMPD3
3.07204768673442e-09	0.182032968833628	0.045	0.03	9.43948092702886e-05	c1	ITFG3
3.31591883952367e-09	0.37572572766618	0.023	0.013	0.000101888238182044	c1	LOC102725059
3.45086680425675e-09	0.129415482360742	0.073	0.054	0.000106034784294397	c1	WDR75
3.55127297351218e-09	0.11025720862566	0.079	0.059	0.000109119964657109	c1	CASP6
3.62081233130034e-09	0.247499632144182	0.04	0.027	0.000111256700503865	c1	SNX29
3.72265096682517e-09	0.646253919445898	0.011	0.005	0.000114385896257637	c1	ZNF467
3.85655430842763e-09	0.365225898600183	0.039	0.026	0.000118500344235056	c1	LOC101929837
3.93967890919285e-09	0.589892739002397	0.012	0.006	0.000121054513842769	c1	KLF3-AS1
4.55099604282965e-09	0.157482988615661	0.051	0.036	0.000139838455408027	c1	NHEJ1
4.5686164315382e-09	0.12460771866958	0.039	0.026	0.000140379877091874	c1	PLEKHG3
4.59181019043891e-09	0.154450196752845	0.056	0.04	0.000141092551721617	c1	ORAI2
5.16730627799363e-09	0.158409189288168	0.077	0.058	0.00015877582000391	c1	RABGEF1
5.26372447747143e-09	0.216794543424561	0.026	0.016	0.000161738462019265	c1	PNPLA4
5.78775761684339e-09	0.20980717466638	0.035	0.023	0.000177840428292747	c1	MIR17HG
6.23152865758568e-09	0.103105425385727	0.068	0.05	0.000191476181061635	c1	PARP11
6.26061294252654e-09	0.364803156478277	0.04	0.027	0.000192369853885013	c1	MIR22HG
6.35121702310417e-09	0.572841775492392	0.021	0.012	0.000195153845468922	c1	SEMA4C
6.40316373348128e-09	0.234720025187465	0.029	0.018	0.000196750012038679	c1	LINC01011
6.91785608749292e-09	0.428192787198215	0.015	0.008	0.000212564964000395	c1	FAM172BP
7.21607147384092e-09	0.989827630912736	0.011	0.005	0.00022172822817671	c1	LOC101928373
7.45943961206574e-09	0.219664209698817	0.083	0.063	0.000229206200959944	c1	YEATS4
7.48135092418876e-09	0.435624380601586	0.017	0.009	0.000229879469847548	c1	SOGA3
7.98586025735319e-09	0.24981252497271	0.036	0.023	0.000245381528127692	c1	RNF139-AS1
8.25288306685525e-09	0.281567103337767	0.037	0.024	0.000253586337995261	c1	ERC1
9.74424940238908e-09	0.252355513821066	0.033	0.022	0.000299411551387209	c1	NFRKB
1.25411559058043e-08	0.524208474961493	0.022	0.013	0.000385352097517648	c1	RND1
1.34871472376002e-08	0.169687317700828	0.056	0.04	0.00041441957316974	c1	CREG1
1.56638438548842e-08	0.253718140284429	0.029	0.018	0.000481302930129026	c1	SNAI1
1.62961441485648e-08	0.13180433822942	0.137	0.111	0.00050073162125295	c1	SERTAD3
1.65211722508372e-08	0.221314584222908	0.043	0.029	0.000507646059751475	c1	UBE2D4
1.75901718823514e-08	0.225615454063324	0.041	0.028	0.00054049321142901	c1	C10orf35
1.83520336613956e-08	0.343072102678013	0.029	0.018	0.000563902938313703	c1	TP73-AS1
1.92393317862138e-08	0.446767999623614	0.015	0.008	0.00059116694779499	c1	ACSS2
1.98317799699704e-08	0.336517040024395	0.014	0.007	0.00060937110313728	c1	SCART1
2.17261509952771e-08	0.339983349754199	0.029	0.019	0.000667579441631878	c1	RREB1
2.19577943315654e-08	0.262108739073287	0.044	0.03	0.000674697146426011	c1	SLC18B1
2.35143997328118e-08	0.101111179152599	0.073	0.055	0.000722526960590109	c1	AHCTF1
2.40714651162154e-08	0.617749119035125	0.024	0.014	0.00073964390862595	c1	RASL11A
2.52439265488469e-08	0.509768485706258	0.014	0.007	0.000775670131066419	c1	PLEKHG4
2.61720427432682e-08	0.103404006933863	0.08	0.061	0.000804188357372403	c1	CASP8AP2
2.81560540891341e-08	0.193926189200415	0.04	0.027	0.000865151073996825	c1	KAT2A
2.88973436482322e-08	0.11727700689424	0.079	0.06	0.00088792867827923	c1	BLVRA
3.03130335195848e-08	0.418703526287691	0.029	0.018	0.000931428580956282	c1	TRAF3IP2
3.47883192705683e-08	0.271561671448947	0.019	0.011	0.00106894068622675	c1	NEO1
3.7084275497086e-08	0.364231162540964	0.037	0.025	0.00113948853319896	c1	FAM26F
3.91256179522973e-08	0.259650272652088	0.036	0.024	0.00120221286282024	c1	CA11
4.32015558457529e-08	0.53194233464505	0.025	0.015	0.00132745420647245	c1	TMEM25
4.39223432918526e-08	0.198975222696201	0.039	0.027	0.00134960184232875	c1	SETD9
4.48272816895926e-08	1.0374625954648	0.011	0.005	0.00137740788447611	c1	H1F0
4.5248909636712e-08	0.146561607416781	0.062	0.046	0.00139036324640725	c1	METTL16
5.47219897461878e-08	0.519294674886128	0.013	0.006	0.00168144257893111	c1	BCL9
5.62546004438027e-08	0.5088888196159	0.021	0.012	0.00172853510783673	c1	LOC100129203
5.89552155042394e-08	0.638270930651013	0.011	0.006	0.00181151690679876	c1	C17orf51
6.43081855987906e-08	0.123902367273812	0.047	0.034	0.00197599761889404	c1	MFHAS1
6.63245717344581e-08	0.306173206911785	0.039	0.027	0.00203795511568469	c1	BDH1
6.80410715262533e-08	0.26049426388904	0.055	0.04	0.00209069800478719	c1	EPOR
6.89040956067715e-08	0.627553520538419	0.011	0.005	0.00211721614570927	c1	TLE2
7.15140184994372e-08	0.192570816129022	0.032	0.021	0.00219741124643221	c1	ASPH
7.80030236539005e-08	0.303622966487071	0.042	0.029	0.0023967989078134	c1	PPARD
8.36813122149235e-08	0.404197506902903	0.022	0.013	0.00257127568042795	c1	RFESD
8.41882727992056e-08	0.116479557924188	0.062	0.046	0.00258685305830119	c1	GTPBP3
8.99550884796267e-08	0.455236076723345	0.017	0.01	0.00276405000371349	c1	ZNF219
1.07083667406421e-07	0.498428910654027	0.019	0.011	0.00329035984839711	c1	MPP5
1.17163090180288e-07	0.80550139231387	0.01	0.004	0.00360007027196971	c1	KTN1-AS1
1.3070408394309e-07	0.157173386982483	0.05	0.037	0.00401614438731933	c1	F11R
1.3259712580127e-07	0.107885166366996	0.038	0.027	0.00407431188449561	c1	TMEM65
1.51467638928515e-07	0.188650900995739	0.032	0.022	0.00465414614135648	c1	NLE1
1.61816416622944e-07	0.207075265865145	0.048	0.034	0.00497213303357321	c1	NOL9
1.80589151527626e-07	0.493476293381851	0.017	0.01	0.00554896285898937	c1	KRT18
1.82748861693558e-07	0.173737664133685	0.034	0.023	0.00561532427325795	c1	TOP1MT
1.852778202683e-07	0.100757711922631	0.104	0.083	0.00569303158338407	c1	ACAT2
1.86826721920676e-07	0.103116935852192	0.044	0.031	0.00574062468445662	c1	GRK5
1.8906875498442e-07	0.452438660118181	0.022	0.013	0.00580951563440628	c1	CASC1
1.90139245942041e-07	0.394740437878254	0.023	0.014	0.0058424086100611	c1	LOC286190
1.93210897639304e-07	0.19341138819909	0.05	0.037	0.0059367912517629	c1	TMEM38B
1.9415973680219e-07	0.176626067612705	0.056	0.042	0.0059659462327209	c1	TMEM185B
2.01398220149068e-07	0.326943011260147	0.024	0.015	0.0061883631105204	c1	CTH
2.07334476921764e-07	0.81530667401657	0.01	0.005	0.00637076647237505	c1	GOLGA7B
2.10109264763746e-07	0.455712027915883	0.024	0.015	0.00645602737839561	c1	FAM169A
2.36784353978283e-07	0.731161631689162	0.013	0.007	0.00727567284469072	c1	EFNB1
2.46248715023825e-07	0.127677307177295	0.033	0.022	0.00756648426653707	c1	LOC101927451
2.694881719936e-07	0.283162049949951	0.026	0.017	0.00828056306084735	c1	HPGD
2.74731721849648e-07	0.630282070782719	0.018	0.011	0.00844168161727413	c1	NEK3
3.09524348227249e-07	0.71742024969045	0.015	0.008	0.00951075464797869	c1	METTL1
3.14798037729497e-07	0.114262213202082	0.07	0.054	0.00967279930531427	c1	LRRC8D
3.20098835115734e-07	0.527508561243533	0.021	0.013	0.00983567690660116	c1	NT5E
3.27931081098425e-07	0.122668258794391	0.058	0.043	0.0100763383289113	c1	SLC25A37
3.28580048427252e-07	0.274855104297142	0.038	0.027	0.0100962791480242	c1	ANKRD42
3.80220592453315e-07	0.203730986152975	0.034	0.023	0.011683038144313	c1	LINC01184
3.80745357639476e-07	0.303450532550736	0.037	0.026	0.0116991626041882	c1	SGK3
4.01045423784478e-07	0.232701638858921	0.027	0.018	0.0123229227366257	c1	SPATA32
4.12636689437071e-07	0.63125227476856	0.046	0.034	0.0126790875563329	c1	CCL20
4.12773993752127e-07	0.143713288382337	0.063	0.048	0.0126833065060216	c1	YRDC
5.4847085151579e-07	0.126973747103401	0.05	0.036	0.0168528638545257	c1	TTC32
5.52208725065904e-07	0.605235362133263	0.016	0.009	0.0169677174951	c1	ZNF781
5.54271958750854e-07	0.307069522563692	0.02	0.012	0.0170311144765375	c1	EGR3
5.55671532028043e-07	0.645455220486266	0.01	0.005	0.0170741191646257	c1	ZNF204P
5.6702043559428e-07	0.461879338126694	0.012	0.007	0.0174228369245054	c1	NKD1
6.0557315330958e-07	0.169274141450712	0.068	0.052	0.0186074462817435	c1	CENPBD1P1
6.64187421494169e-07	0.272355158958704	0.027	0.018	0.0204084869002513	c1	RLN2
7.2479078198899e-07	0.387907768078664	0.021	0.013	0.0222706463581757	c1	PAIP2B
7.30805379887586e-07	0.371478708428356	0.031	0.021	0.0224554569078058	c1	MFGE8
7.36140662410688e-07	0.248023099573806	0.046	0.034	0.0226193941338932	c1	DAPP1
7.41801400900034e-07	0.396290781844018	0.019	0.012	0.0227933316454553	c1	TSGA10
7.65517614541124e-07	0.506170881207399	0.01	0.005	0.0235220597420051	c1	NBPF9
7.85007090450304e-07	0.490474164381412	0.024	0.015	0.0241209128682665	c1	FLJ27354
8.60287108643337e-07	0.129867321386763	0.046	0.034	0.0264340419872838	c1	C7orf43
8.68876868175396e-07	0.13261076089999	0.041	0.03	0.0266979795284254	c1	SREBF1
8.90544869503253e-07	0.666916919454646	0.01	0.005	0.0273637722052264	c1	CES4A
9.22373330772201e-07	0.411707250759294	0.015	0.009	0.0283417653346374	c1	PABPC3
9.67352328663026e-07	0.12984916087147	0.045	0.033	0.0297238350028288	c1	ELL2
1.0842595928637e-06	0.20418257693173	0.037	0.026	0.033316044509923	c1	FAM206A
1.15448435396256e-06	0.522078136257865	0.017	0.01	0.0354738407442074	c1	TMEM30B
1.19507825721811e-06	0.343773960780266	0.02	0.012	0.0367211696095408	c1	NDRG2
1.25674836045359e-06	0.24924399723499	0.02	0.012	0.0386161068716573	c1	PIK3C2B
1.26608845127292e-06	0.22588993741098	0.041	0.03	0.0389030998422631	c1	EPHB6
1.27493016265239e-06	0.387341430502187	0.02	0.012	0.0391747791078201	c1	SEPN1
1.31338165061028e-06	0.113212045641863	0.061	0.046	0.0403562779783019	c1	POFUT2
1.32681060623718e-06	0.198491952932129	0.06	0.046	0.0407689094978499	c1	PRR3
1.38119541934124e-06	0.73311747045867	0.01	0.005	0.0424399916500983	c1	DYRK3
1.41277553898691e-06	0.240737959241684	0.021	0.013	0.0434103539864509	c1	CDC37L1-AS1
1.52681277569656e-06	0.215546216220809	0.035	0.025	0.046914376158828	c1	FOXJ2
1.5549896968914e-06	0.234408403065263	0.049	0.036	0.047780168416382	c1	CRY2
1.58452263850284e-06	0.237035836849262	0.031	0.021	0.0486876271132767	c1	TRIM47
