p_val	avg_log2FC	pct.1	pct.2	p_val_adj	cluster	gene
0	5.08067028097977	0.95	0.451	0	15	S100A9
0	5.06011583752385	0.925	0.427	0	15	S100A8
0	4.67396262198632	0.997	0.559	0	15	LYZ
0	4.21435122430985	0.999	0.596	0	15	TYROBP
0	3.91379726166412	0.997	0.557	0	15	FCER1G
0	3.82318187608595	0.998	0.647	0	15	IFI30
0	3.81925783230732	0.995	0.748	0	15	AIF1
0	3.76594994408358	0.997	0.594	0	15	SERPINA1
0	3.69780587552551	0.998	0.563	0	15	CST3
0	3.64307967073278	0.983	0.17	0	15	FCN1
0	3.63771850758492	0.965	0.535	0	15	LST1
0	3.23001743186534	0.987	0.767	0	15	TIMP1
0	3.14361537718603	0.983	0.701	0	15	RHOB
0	3.12854715358689	0.993	0.77	0	15	CTSS
0	3.0715321263916	0.998	0.832	0	15	IFITM3
0	3.04630004672879	0.92	0.613	0	15	LINC01272
0	3.03616691108959	0.842	0.19	0	15	VCAN
0	2.8331658764547	0.998	0.908	0	15	SAT1
0	2.72228966817612	0.961	0.708	0	15	CD68
0	2.71945391990084	0.921	0.364	0	15	MS4A7
0	2.67702258406038	0.854	0.436	0	15	S100A12
0	2.65493176488265	0.97	0.698	0	15	NAMPT
0	2.65114856849157	0.96	0.665	0	15	SPI1
0	2.62849516328636	0.997	0.815	0	15	PSAP
0	2.58351393842817	0.852	0.339	0	15	IL1B
0	2.49490253897851	0.965	0.542	0	15	C1orf162
0	2.49140448120705	0.923	0.57	0	15	C5AR1
0	2.48230563101583	0.925	0.537	0	15	PLAUR
0	2.47028435885658	0.933	0.711	0	15	SLC11A1
0	2.45655690562793	0.928	0.615	0	15	BCL2A1
0	2.37166488670675	1	0.978	0	15	FTL
0	2.36225407622726	0.882	0.428	0	15	CFD
0	2.34868568562352	0.908	0.418	0	15	FGL2
0	2.33543535925619	0.919	0.489	0	15	CYBB
0	2.29344361167971	0.838	0.24	0	15	LILRB2
0	2.28691412621329	0.982	0.738	0	15	TYMP
0	2.26849754088898	1	0.989	0	15	FTH1
0	2.2593431416792	0.957	0.926	0	15	MT2A
0	2.24111733883581	0.889	0.411	0	15	CD163
0	2.22541280966777	0.922	0.457	0	15	FGR
0	2.20368356096679	0.893	0.37	0	15	FPR1
0	2.17676361731336	0.861	0.477	0	15	CD14
0	2.1548889651326	0.91	0.373	0	15	CSTA
0	2.15258213711615	0.974	0.799	0	15	NPC2
0	2.12584644699114	0.87	0.62	0	15	MS4A6A
0	2.06378637528396	0.846	0.457	0	15	MAFB
0	2.0448120808246	0.924	0.667	0	15	GRN
0	1.987258433454	0.879	0.416	0	15	RAB31
0	1.96912585412653	0.985	0.847	0	15	GPX1
0	1.95397363403205	0.872	0.561	0	15	SLC7A7
0	1.93815556546849	0.863	0.706	0	15	MNDA
0	1.93721773214072	0.842	0.697	0	15	CFP
0	1.90863160695219	0.881	0.613	0	15	APLP2
0	1.90618568992709	0.866	0.248	0	15	PILRA
0	1.89758041142585	0.894	0.586	0	15	ZFAND5
0	1.87015318793731	0.866	0.409	0	15	KLF4
0	1.86702321346243	0.902	0.615	0	15	HLA-DRB1
0	1.86570418899284	0.863	0.665	0	15	AREG
0	1.86275748965277	0.775	0.625	0	15	LILRA5
0	1.85779697790063	0.817	0.529	0	15	FAM26F
0	1.84935987979049	0.836	0.502	0	15	RNF144B
0	1.84462559840281	0.88	0.18	0	15	CLEC4E
0	1.82236089489752	0.926	0.736	0	15	ASAH1
0	1.81369994571941	0.867	0.586	0	15	NCF2
0	1.80058077055178	0.85	0.657	0	15	WARS
0	1.7970701507367	0.927	0.514	0	15	GRINA
0	1.79556658828976	0.945	0.629	0	15	GLUL
0	1.79198041187657	0.842	0.34	0	15	LRRC25
0	1.76746908937463	0.944	0.586	0	15	COTL1
0	1.76238753448307	0.832	0.421	0	15	CLEC12A
0	1.74663224699522	0.951	0.833	0	15	TKT
0	1.73606674026817	0.867	0.659	0	15	NUDT16
0	1.73094161015026	0.804	0.24	0	15	THBD
0	1.70589339817615	0.997	0.896	0	15	DUSP1
0	1.70024151166503	0.895	0.676	0	15	AP1S2
0	1.68882028924482	0.999	0.941	0	15	S100A6
0	1.67972253695821	0.959	0.807	0	15	CTSB
0	1.67734869349764	0.886	0.528	0	15	RNF130
0	1.66866673712523	0.844	0.697	0	15	CLEC7A
0	1.64998780104561	0.827	0.556	0	15	KCTD12
0	1.64844737100639	0.912	0.716	0	15	SOD2
0	1.63703968596662	0.811	0.532	0	15	HCK
0	1.62900496364852	0.966	0.81	0	15	C10orf54
0	1.62090783254563	0.794	0.436	0	15	LILRB1
0	1.61436199596901	0.947	0.798	0	15	PYCARD
0	1.59544408126397	0.853	0.548	0	15	CXCL16
0	1.59274969041894	0.675	0.329	0	15	CXCL2
0	1.59204859807975	0.927	0.765	0	15	RGS2
0	1.58741984945566	0.808	0.431	0	15	FCGR3A
0	1.58737821116691	0.832	0.516	0	15	ETS2
0	1.57600159986914	0.878	0.546	0	15	ZEB2
0	1.56289596042061	0.771	0.662	0	15	IRAK3
0	1.5492059284205	0.988	0.857	0	15	ATP6V0C
0	1.53046782942855	0.83	0.445	0	15	CSF1R
0	1.52810699577894	0.906	0.856	0	15	LGALS9
0	1.52789704754822	1	0.932	0	15	S100A11
0	1.50938539613455	0.993	0.939	0	15	IFITM2
0	1.50792441134001	0.849	0.61	0	15	IGSF6
0	1.4793489205176	0.813	0.574	0	15	CPVL
0	1.47914428674991	0.767	0.598	0	15	ACSL1
0	1.46778793395844	0.778	0.302	0	15	LILRA2
0	1.45884738366372	0.824	0.54	0	15	FCGR2A
0	1.44787344438428	0.812	0.67	0	15	GCA
0	1.44250088853386	0.787	0.769	0	15	HMOX1
0	1.43897056265531	0.888	0.614	0	15	TMEM176B
0	1.43010559206486	0.847	0.624	0	15	FCGRT
0	1.4135693964644	0.999	0.982	0	15	CD74
0	1.41294571076443	0.738	0.49	0	15	MPEG1
0	1.41005003843817	0.75	0.548	0	15	PHC2
0	1.40714223179697	0.734	0.484	0	15	SLC31A2
0	1.39417423008611	0.823	0.531	0	15	PTPRE
0	1.39318112992391	0.911	0.712	0	15	PLIN2
0	1.39097918431146	0.875	0.929	0	15	TNFSF13B
0	1.38131285527346	0.744	0.438	0	15	CEBPD
0	1.38085767155892	0.977	0.84	0	15	ANXA5
0	1.38085456373781	0.799	0.589	0	15	TBXAS1
0	1.37980418131045	0.73	0.074	0	15	CD300E
0	1.37977088474359	0.999	0.923	0	15	GABARAP
0	1.37387828289416	0.783	0.74	0	15	C19orf38
0	1.36854729283401	0.731	0.088	0	15	FPR2
0	1.36538934946246	0.799	0.593	0	15	FBP1
0	1.34638705303498	0.757	0.257	0	15	LILRA1
0	1.34609002698598	0.798	0.626	0	15	ARL4A
0	1.32724609236517	0.813	0.499	0	15	CD300A
0	1.32426098032536	0.771	0.668	0	15	CD93
0	1.31083025606761	0.931	0.803	0	15	HLA-DRB4
0	1.30861724573237	0.723	0.16	0	15	TREM1
0	1.30097488663884	0.826	0.706	0	15	LTA4H
0	1.29725322278875	0.737	0.561	0	15	HBEGF
0	1.29274531983245	0.796	0.59	0	15	SLC25A37
0	1.29128286541375	0.847	0.396	0	15	MS4A4A
0	1.28262272690424	0.85	0.65	0	15	MFSD1
0	1.258407908072	0.927	0.837	0	15	SERPINB1
0	1.25831434619712	0.735	0.334	0	15	TLR2
0	1.25318274222041	0.902	0.83	0	15	VAMP5
0	1.25260707543895	0.881	0.747	0	15	HSBP1
0	1.24872228769502	0.904	0.806	0	15	CTSH
0	1.23930294315097	0.874	0.772	0	15	PPT1
0	1.23481226811799	0.975	0.789	0	15	LGALS1
0	1.23291539715552	0.789	0.595	0	15	FAM49A
0	1.20697091556052	0.874	0.699	0	15	HLA-DMA
0	1.19863775029085	0.732	0.434	0	15	EMR2
0	1.19371352470097	0.869	0.628	0	15	CD83
0	1.19124363481472	0.861	0.646	0	15	CNIH4
0	1.1881718216715	0.903	0.812	0	15	LOC100996809
0	1.1878528026868	0.967	0.852	0	15	ANXA2
0	1.17951830140285	0.95	0.78	0	15	ATP6V0B
0	1.16389588080432	0.776	0.679	0	15	PLXDC2
0	1.16180109919824	0.826	0.086	0	15	LOC100130520
0	1.15977012628066	0.889	0.737	0	15	UPP1
0	1.15867664606476	0.879	0.777	0	15	RILPL2
0	1.1459965083834	0.973	0.861	0	15	GSTP1
0	1.13617251448664	0.734	0.347	0	15	LOC100507639
0	1.12700519981491	0.763	0.433	0	15	LILRA6
0	1.12429918867558	0.759	0.655	0	15	SCIMP
0	1.11948028916417	0.763	0.648	0	15	THEMIS2
0	1.10736015151706	0.979	0.918	0	15	GNG5
0	1.104547221233	0.996	0.936	0	15	S100A10
0	1.09959803570699	0.764	0.544	0	15	CECR1
0	1.0959695062539	0.787	0.624	0	15	SYK
0	1.09306945440465	0.792	0.537	0	15	SNX10
0	1.09254889772433	0.929	0.808	0	15	AP2S1
0	1.08956359426499	0.754	0.64	0	15	IFNGR2
0	1.08198167066047	0.721	0.454	0	15	ITGAX
0	1.0755974838822	0.873	0.671	0	15	AGTRAP
0	1.07311553066707	0.751	0.55	0	15	PLBD1
0	1.05076939959241	0.925	0.777	0	15	NEAT1
0	1.04000214742492	0.694	0.156	0	15	EREG
0	1.03635086297977	0.969	0.857	0	15	TSPO
0	1.031536517696	0.767	0.628	0	15	TNFSF13
0	1.02767719590705	0.755	0.397	0	15	C15orf48
0	1.00649381785752	0.757	0.413	0	15	CLEC4A
0	0.999503176704334	0.816	0.637	0	15	GNAI2
0	0.960749954349987	0.736	0.059	0	15	AQP9
0	0.952163285009609	0.742	0.579	0	15	LY86
0	0.920535395482424	0.731	0.133	0	15	VNN1
0	0.914275810781636	1	0.962	0	15	S100A4
0	0.908798831954173	0.76	0.563	0	15	SLC43A2
0	0.891465981729624	0.825	0.383	0	15	TMEM176A
0	0.887226242163107	0.779	0.335	0	15	VEGFA
0	0.886752227297458	0.952	0.809	0	15	ITGB2
0	0.872295437176289	0.926	0.826	0	15	LGALS3
0	0.821567006273753	0.743	0.625	0	15	LTBR
0	0.820047347921448	0.642	0.062	0	15	RBP7
0	0.817370372345852	0.857	0.705	0	15	RIPK2
0	0.817360491876192	0.981	0.915	0	15	CALM2
0	0.806036458517955	0.96	0.888	0	15	FKBP1A
0	0.803887619127148	0.751	0.334	0	15	ASGR1
0	0.776376216191267	0.786	0.592	0	15	IL13RA1
0	0.776331660516981	0.789	0.303	0	15	BST1
0	0.77509862470628	0.743	0.437	0	15	PSTPIP2
0	0.774419353526837	0.836	0.722	0	15	SMCO4
0	0.757112852267538	0.717	0.203	0	15	CD33
0	0.747495579096304	0.727	0.2	0	15	ANPEP
0	0.706032805899328	0.697	0.215	0	15	LILRB4
0	0.69571805163644	0.72	0.376	0	15	EPB41L3
0	0.689387822855966	0.737	0.57	0	15	IRF8
0	0.684163147919404	0.797	0.301	0	15	OLR1
0	0.66541756251771	0.732	0.426	0	15	NCF1C
0	0.633584725733652	0.632	0.065	0	15	SERPINB2
0	0.623797214268737	0.725	0.349	0	15	KCNMA1
0	0.573201971328764	0.693	0.067	0	15	STAB1
0	0.555682845108425	0.799	0.547	0	15	ANKRD22
0	0.496937015904791	0.999	0.98	0	15	SH3BGRL3
0	0.486457348371693	0.651	0.092	0	15	PID1
0	0.446767578316938	0.706	0.44	0	15	FCHO2
0	0.435119986641247	1	0.991	0	15	SRGN
0	0.423501898733208	1	0.998	0	15	COX3
0	0.423342071535119	1	0.999	0	15	COX2
0	0.385473986509497	0.705	0.159	0	15	DSC2
0	0.364853968745022	0.726	0.292	0	15	IL3RA
0	0.353200796817604	0.648	0.111	0	15	SORT1
0	0.326606365813931	0.676	0.282	0	15	DAB2
0	0.312886463651171	1	0.999	0	15	COX1
0	0.312063900338354	0.605	0.108	0	15	RNASE2
0	-0.290019256103219	0.308	0.767	0	15	RIC3
0	-0.291970950972862	0.083	0.761	0	15	LOC102724246
0	-0.317929102052848	0.412	0.768	0	15	FAAH2
0	-0.32702776007832	0.563	0.828	0	15	NGFRAP1
0	-0.456878208647603	0.264	0.77	0	15	JAKMIP1
0	-0.486540000443821	0.457	0.845	0	15	TXK
0	-0.502078171827663	0.712	0.872	0	15	RTKN2
0	-0.63597356063056	0.378	0.792	0	15	PASK
0	-0.637460173621185	0.556	0.851	0	15	FOXP3
0	-0.7204432111955	0.731	0.857	0	15	MAL
0	-0.853907777446786	1	1	0	15	EEF1A1
0	-0.867960388126562	0.667	0.793	0	15	CCR7
0	-0.884789264257856	0.523	0.837	0	15	CD82
0	-0.892451592584145	1	1	0	15	RPLP1
0	-0.923356935693292	0.652	0.832	0	15	TNFRSF18
0	-0.92799967726359	1	0.999	0	15	RPS12
0	-0.997345622733879	0.341	0.815	0	15	GPR171
0	-1.03106650848975	0.248	0.788	0	15	CXCR6
0	-1.03388352259943	0.402	0.76	0	15	TRAT1
0	-1.05177925647466	0.3	0.752	0	15	CXCR3
0	-1.0905973700014	0.516	0.813	0	15	PDCD1
0	-1.09830570576915	0.382	0.793	0	15	FKBP11
0	-1.10679688452017	0.6	0.854	0	15	SIRPG
0	-1.10699578229431	0.57	0.871	0	15	CTLA4
0	-1.20683467453225	1	0.998	0	15	RPS18
0	-1.21900466115375	0.994	0.994	0	15	RPLP0
0	-1.25614562244528	0.577	0.864	0	15	PRDM1
0	-1.26069170964751	0.442	0.795	0	15	DUSP4
0	-1.26975425935581	0.574	0.82	0	15	PIM2
0	-1.3956706640879	0.42	0.867	0	15	FAIM3
0	-1.45805408394606	0.66	0.859	0	15	TIGIT
0	-1.46928668509612	0.904	0.968	0	15	IFITM1
0	-1.51213963501588	0.919	0.982	0	15	HSPA8
0	-1.51825529710383	0.535	0.841	0	15	SH2D2A
0	-1.53940037142722	0.693	0.809	0	15	ITM2A
0	-1.62315059085964	0.724	0.879	0	15	CD27
0	-1.90714537727596	0.438	0.772	0	15	PRF1
0	-1.91560086564667	0.923	0.977	0	15	JUN
0	-2.05953946131224	0.7	0.97	0	15	LDHB
0	-2.1275259511251	0.692	0.898	0	15	LTB
0	-2.44859132657259	0.602	0.938	0	15	RGS1
0	-2.61418470799463	0.553	0.867	0	15	CST7
0	-2.79377992610576	0.681	0.934	0	15	CD7
0	-2.80794554759889	0.492	0.894	0	15	IL7R
0	-3.31144877177964	0.54	0.815	0	15	CCL5
0	-3.4043948864041	0.723	0.957	0	15	CD69
0	-3.48273498748403	0.608	0.966	0	15	IL32
1.14839244791473e-307	1.01507697456228	0.844	0.659	3.44517734374418e-304	15	MAT2A
3.91415067272613e-307	-2.64404162147177	0.639	0.8	1.17424520181784e-303	15	GZMA
1.4729774544889e-305	0.520306365779989	0.589	0.255	4.4189323634667e-302	15	NRG1
1.45552339272531e-304	0.996373639272287	0.896	0.781	4.36657017817592e-301	15	TNFRSF1B
5.68195817376639e-304	0.891572054429814	0.924	0.728	1.70458745212992e-300	15	NR4A1
1.3701507894211e-302	-2.06458739300594	0.478	0.788	4.1104523682633e-299	15	CTSW
8.0996820344091e-302	-0.667279888658548	0.698	0.774	2.42990461032273e-298	15	MZB1
1.0515290072005e-301	0.828129769850162	0.93	0.843	3.15458702160149e-298	15	RNASET2
3.67701961059933e-301	1.03757795831112	0.847	0.736	1.1031058831798e-297	15	RNF13
1.75053409253951e-300	0.767853384488466	0.654	0.219	5.25160227761852e-297	15	PTGS2
2.12995703923057e-300	1.58240233843162	0.74	0.559	6.38987111769172e-297	15	CUX1
1.18409026400027e-298	1.00557919183571	0.78	0.685	3.5522707920008e-295	15	ODF3B
8.39425830761419e-298	0.355803391612095	0.677	0.397	2.51827749228426e-294	15	SLC37A2
4.1397404674424e-297	-2.49462358424658	0.353	0.737	1.24192214023272e-293	15	GZMB
1.32909901331539e-295	-0.845851255339961	0.536	0.774	3.98729703994616e-292	15	AQP3
3.61540142391325e-295	-0.756164834880543	0.35	0.737	1.08462042717397e-291	15	LEF1
8.54408566707478e-295	0.93567082093114	0.893	0.799	2.56322570012244e-291	15	GSTO1
1.68281322925372e-294	1.06285586182607	0.71	0.476	5.04843968776115e-291	15	TGFBI
1.90476877305551e-292	0.673760974769512	0.747	0.622	5.71430631916654e-289	15	MPP1
3.68866849271641e-292	0.272655577178396	0.682	0.448	1.10660054781492e-288	15	SERPING1
2.46492100761368e-291	0.702524712938741	0.96	0.842	7.39476302284105e-288	15	EMP3
6.70756133755868e-291	0.922712296935722	0.726	0.559	2.0122684012676e-287	15	CCDC88A
7.76009308093459e-290	-0.938108669227269	0.474	0.829	2.32802792428038e-286	15	RNF19A
1.23011733633351e-289	-0.365160171670381	0.213	0.715	3.69035200900054e-286	15	UNG
4.8210704232041e-289	1.00871617004075	0.739	0.653	1.44632112696123e-285	15	ALOX5
1.18906292939992e-288	-0.826901227392318	0.37	0.757	3.56718878819975e-285	15	GATA3
6.36506154754116e-288	0.790483259999771	0.688	0.403	1.90951846426235e-284	15	DOK3
2.87814044519381e-286	1.07456976307219	0.751	0.605	8.63442133558144e-283	15	BLVRB
7.82335268922322e-286	0.930116254678018	0.808	0.685	2.34700580676696e-282	15	SLC16A3
3.3145782712736e-285	1.01870687910714	0.721	0.513	9.94373481382079e-282	15	GNS
3.56173444237417e-284	0.934934436773252	0.803	0.62	1.06852033271225e-280	15	LINC00936
8.82521125417106e-284	-1.23426150142216	0.413	0.73	2.64756337625132e-280	15	LAG3
1.10705761319001e-283	-0.331909599953815	0.085	0.591	3.32117283957003e-280	15	LOC102725101
3.0750524536822e-282	1.17378802824994	0.729	0.533	9.22515736104661e-279	15	DUSP6
6.92028775446153e-282	-1.82221548026519	0.399	0.758	2.07608632633846e-278	15	KLRB1
1.64195397935567e-281	0.516675202908599	0.927	0.805	4.92586193806701e-278	15	ATF3
5.21456244536112e-278	-0.307747797765729	0.691	0.859	1.56436873360833e-274	15	ICA1
3.15422857975428e-277	0.80937485338321	0.662	0.288	9.46268573926282e-274	15	JDP2
1.93265563793341e-276	0.755674548081941	0.66	0.203	5.79796691380023e-273	15	SLC1A3
1.46476204218571e-275	0.602842818510769	0.709	0.615	4.39428612655713e-272	15	CD1D
2.81190121647726e-275	0.889356034635853	0.66	0.23	8.43570364943179e-272	15	PRAM1
4.29140670792285e-275	0.382742078470877	0.638	0.215	1.28742201237686e-271	15	HCAR3
9.88931709606224e-274	0.898123342392067	0.69	0.458	2.96679512881867e-270	15	TIMP2
1.98570568710264e-272	0.346430085032673	0.721	0.562	5.95711706130791e-269	15	CLEC10A
2.11220113993588e-271	0.840231050903426	0.71	0.49	6.33660341980764e-268	15	ALDH2
2.04788376361028e-270	0.415463609010281	0.607	0.106	6.14365129083083e-267	15	RIN2
1.76441135781569e-269	0.285331366611741	0.657	0.405	5.29323407344708e-266	15	TNFAIP6
7.85256460481823e-268	0.760648819467906	0.73	0.605	2.35576938144547e-264	15	NADK
3.26291390146946e-266	0.663645181994113	0.679	0.366	9.78874170440839e-263	15	LPCAT2
9.7970598948907e-266	-1.50169693873122	0.667	0.85	2.93911796846721e-262	15	ALOX5AP
8.43914801056495e-263	-0.330392998311492	0.617	0.788	2.53174440316948e-259	15	IL2RA
2.60819189899819e-260	0.846163007438304	0.723	0.601	7.82457569699456e-257	15	CAMK1
8.12214906741097e-260	-0.376720151526516	0.468	0.756	2.43664472022329e-256	15	GPR25
5.26688890657594e-259	-0.331986039058748	0.462	0.795	1.58006667197278e-255	15	STAM
1.18726892042412e-258	0.609000876249577	0.985	0.946	3.56180676127235e-255	15	YBX1
1.64233978295054e-256	1.30270372108638	0.802	0.692	4.92701934885161e-253	15	PLAC8
5.08237477999521e-255	0.828192542847903	0.689	0.508	1.52471243399856e-251	15	KYNU
1.06774770267839e-254	-0.655573911183613	0.475	0.748	3.20324310803518e-251	15	THEM4
1.60159124068139e-254	0.910842645692602	0.749	0.6	4.80477372204417e-251	15	HLA-DMB
1.42412122701844e-253	0.533177913177073	0.568	0.292	4.27236368105531e-250	15	MMP19
2.7875078009422e-251	0.688089073465217	0.942	0.843	8.3625234028266e-248	15	CSTB
4.19612356142174e-251	0.456835760517471	0.69	0.571	1.25883706842652e-247	15	HHEX
1.48049150882731e-250	-0.955800839154202	0.714	0.817	4.44147452648193e-247	15	TNFRSF4
2.63322019771691e-250	-0.491881086773209	0.486	0.762	7.89966059315072e-247	15	MAGEH1
3.23166735932885e-249	0.950407223377832	0.706	0.596	9.69500207798654e-246	15	CD86
5.53387546243031e-249	-0.323119675087333	0.16	0.697	1.66016263872909e-245	15	CD70
6.92206639951883e-248	1.67091604363759	0.691	0.587	2.07661991985565e-244	15	G0S2
9.19076469054849e-248	1.13811984275194	0.71	0.527	2.75722940716455e-244	15	MTSS1
3.12153189094207e-247	0.55555035187177	0.649	0.34	9.36459567282621e-244	15	MGST1
3.27388938785751e-247	0.903283394222764	0.778	0.624	9.82166816357252e-244	15	IFNGR1
3.50422015564446e-247	1.06259206953624	0.679	0.405	1.05126604669334e-243	15	LYN
6.04897202273494e-247	0.743940788355948	0.79	0.628	1.81469160682048e-243	15	NINJ1
6.21145843215768e-245	-0.513581520461716	0.709	0.871	1.8634375296473e-241	15	HIST1H1D
7.67723826983284e-245	0.389791305869961	0.477	0.108	2.30317148094985e-241	15	F13A1
1.45097929769255e-244	1.29181647925865	0.708	0.637	4.35293789307766e-241	15	C1QA
5.74115401823846e-243	0.869837935198989	0.775	0.606	1.72234620547154e-239	15	KDM6B
1.18228438114027e-241	0.573917557517247	0.677	0.461	3.5468531434208e-238	15	SAP30
1.44615703695463e-240	0.908270181860206	0.774	0.68	4.33847111086389e-237	15	RIN3
3.664873636771e-240	0.952905240545047	0.683	0.494	1.0994620910313e-236	15	RAB20
1.75321956756154e-239	0.567337717015565	0.735	0.582	5.25965870268462e-236	15	UNC93B1
3.83067633578945e-238	-0.756027507028531	0.09	0.678	1.14920290073683e-234	15	KLRC2
2.23298210978349e-237	-0.277883717413494	0.263	0.669	6.69894632935048e-234	15	LTA
7.67645705120231e-237	0.885406488345898	0.767	0.642	2.30293711536069e-233	15	SH3BP5
1.68312623442482e-236	0.761599810389318	0.856	0.713	5.04937870327447e-233	15	RNH1
8.85077350506303e-236	-0.857362640856328	0.425	0.717	2.65523205151891e-232	15	IL2RB
1.32075852786613e-234	0.9444644308769	0.707	0.638	3.96227558359838e-231	15	SIGLEC10
2.8379941455648e-234	0.646966049022148	0.69	0.578	8.51398243669441e-231	15	ITGAM
1.30994780628517e-233	0.909394111454987	0.744	0.608	3.9298434188555e-230	15	PLEK
1.58926752518241e-233	-1.05710921489067	0.792	0.913	4.76780257554724e-230	15	HIST1H4C
1.83794906839735e-233	0.781764684480878	0.645	0.397	5.51384720519206e-230	15	TCF7L2
2.03258616705229e-232	-1.5590869290446	0.458	0.736	6.09775850115686e-229	15	CD8B
2.83108207607893e-231	0.399649282640268	0.629	0.269	8.49324622823678e-228	15	SIRPA
1.16384669892107e-230	0.718208522601338	0.684	0.511	3.49154009676322e-227	15	SLC8A1
3.42051062806132e-230	0.355510070096779	0.687	0.599	1.0261531884184e-226	15	PVRL2
4.01655574660877e-229	0.490364569796105	0.999	0.98	1.20496672398263e-225	15	FOS
1.83415227114058e-227	0.858077339938831	0.864	0.736	5.50245681342173e-224	15	NFKBIZ
2.54884444088357e-227	0.565597119071528	0.95	0.813	7.64653332265071e-224	15	GPX4
7.96625095400142e-226	0.775448596231331	0.695	0.676	2.38987528620043e-222	15	PDK4
3.33723223116965e-225	0.814759648512911	0.784	0.665	1.0011696693509e-221	15	HLA-DQB1
2.4762047176312e-223	0.352226565956818	1	0.995	7.4286141528936e-220	15	TMSB10
4.39894374468195e-223	0.888290389258637	0.851	0.804	1.31968312340458e-219	15	LAP3
4.70661867479447e-223	-0.383250617941729	0.674	0.731	1.41198560243834e-219	15	NDFIP2
1.0839562683211e-222	0.963155194495687	0.821	0.772	3.25186880496331e-219	15	PLSCR1
1.14130647903976e-221	-0.540622683349045	0.371	0.717	3.42391943711928e-218	15	ABLIM1
1.07788999913997e-220	0.781541736711365	0.745	0.567	3.23366999741992e-217	15	PLEC
8.9002835139114e-218	0.99908120705481	0.674	0.502	2.67008505417342e-214	15	MEF2C
2.56922985809008e-216	0.961901042153481	0.857	0.855	7.70768957427025e-213	15	LIMS1
5.29812290785563e-216	0.484153128462022	0.734	0.608	1.58943687235669e-212	15	IFIT2
3.01985332628919e-215	-0.261915606431285	0.481	0.722	9.05955997886758e-212	15	CENPM
9.80814064843423e-215	0.98433264484466	0.731	0.569	2.94244219453027e-211	15	NAAA
4.90300869128501e-214	-1.08223116671325	0.978	0.983	1.4709026073855e-210	15	TSC22D3
1.33405261376407e-213	0.71461472258329	0.85	0.751	4.0021578412922e-210	15	PTPN6
2.54976499105509e-213	-0.967866091835926	0.566	0.733	7.64929497316526e-210	15	SH2D1A
2.55254084298854e-213	0.692529847564947	0.732	0.619	7.65762252896563e-210	15	CTNNA1
2.7505339291852e-212	1.10719297193848	0.686	0.621	8.25160178755561e-209	15	MARCH1
3.10598130267323e-212	0.805327672972942	0.698	0.571	9.31794390801968e-209	15	GNAQ
1.49078688385891e-211	0.293679214791823	0.538	0.434	4.47236065157674e-208	15	FN1
4.92831685649091e-211	0.646290681189279	0.888	0.836	1.47849505694727e-207	15	CARD16
4.89606258010633e-210	1.03668339487483	0.696	0.628	1.4688187740319e-206	15	RGS18
3.28040206068243e-209	0.772176338052646	0.817	0.715	9.84120618204729e-206	15	MGAT1
5.52129601495181e-209	0.542859249990862	0.689	0.711	1.65638880448554e-205	15	CEACAM4
3.43404795369253e-208	0.864947010653399	0.708	0.684	1.03021438610776e-204	15	METTL7A
6.06269916502913e-208	1.22060633823216	0.714	0.61	1.81880974950874e-204	15	PECAM1
1.16790020732353e-207	-0.293496582961759	0.158	0.63	3.50370062197059e-204	15	CHN1
6.96041962741817e-207	0.62409718214087	0.659	0.491	2.08812588822545e-203	15	FCGR1A
1.52455660819119e-206	1.0296172656573	0.647	0.371	4.57366982457357e-203	15	LRRK2
1.12381694234123e-205	-1.0544191343569	0.562	0.716	3.37145082702368e-202	15	C12orf75
1.71896179584536e-204	0.937520808167646	0.618	0.273	5.15688538753607e-201	15	CYP1B1
7.61988810974709e-204	-1.31005694863698	0.553	0.795	2.28596643292413e-200	15	BATF
1.06776358844213e-203	0.729092909181619	0.877	0.803	3.20329076532639e-200	15	SDCBP
4.58900738211779e-203	1.04048549437943	0.791	0.623	1.37670221463534e-199	15	IER3
6.7236131259169e-203	-0.786834667863936	0.638	0.797	2.01708393777507e-199	15	BTG3
1.00315339682393e-202	0.943382163744616	0.641	0.313	3.0094601904718e-199	15	P2RY13
7.00158408143932e-202	-0.441412516440165	0.452	0.736	2.1004752244318e-198	15	CCR6
1.65340963558633e-201	0.72121222355267	0.706	0.502	4.96022890675898e-198	15	OSM
1.73731104579877e-201	0.780269226618661	0.721	0.635	5.21193313739632e-198	15	LAT2
1.89374111580072e-201	0.602934224654786	0.618	0.197	5.68122334740216e-198	15	PYGL
3.02181121592483e-201	0.771849364628172	0.773	0.623	9.06543364777449e-198	15	PPIF
5.06116288936749e-201	-0.675669784858773	0.484	0.751	1.51834886681025e-197	15	STMN1
1.15566500919243e-200	0.694485221423833	0.895	0.833	3.46699502757728e-197	15	NAP1L1
3.12249656471617e-200	-0.354780253144972	0.612	0.755	9.36748969414851e-197	15	IKZF2
6.12068248832575e-200	0.732399571142579	0.836	0.749	1.83620474649773e-196	15	H2AFY
7.23521956026674e-200	-0.72683768070207	0.468	0.73	2.17056586808002e-196	15	PTTG1
4.14052331131226e-199	0.414293380382829	0.572	0.17	1.24215699339368e-195	15	CXCL3
2.10110806433903e-198	0.475065238312168	0.827	0.648	6.3033241930171e-195	15	MARCKSL1
3.32286489732822e-198	0.852650394890495	0.597	0.069	9.96859469198467e-195	15	CD302
9.11120077013196e-197	0.843912227580612	0.796	0.649	2.73336023103959e-193	15	CDKN1A
1.45487715837435e-196	-0.820591571559701	0.763	0.876	4.36463147512304e-193	15	ARID5B
6.32070559071831e-195	0.755132110169716	0.721	0.561	1.89621167721549e-191	15	HLA-DRB3
5.50024908671199e-194	-0.932761162610685	0.587	0.818	1.6500747260136e-190	15	TMEM173
2.34542861145039e-193	0.963942617321927	0.757	0.729	7.03628583435118e-190	15	PGD
1.85187210028476e-192	0.849559486546903	0.756	0.651	5.55561630085427e-189	15	MAP3K8
9.39686712680471e-192	0.657057008706922	0.937	0.869	2.81906013804141e-188	15	LITAF
1.42832546444586e-191	-0.274900176814638	0.498	0.753	4.28497639333758e-188	15	DCTPP1
1.89911787002435e-191	0.550820179567033	0.598	0.155	5.69735361007304e-188	15	CD300LF
4.32965890260336e-191	-0.737644469645769	0.531	0.743	1.29889767078101e-187	15	HNRNPLL
1.89276977711691e-190	0.427185490254248	0.668	0.535	5.67830933135073e-187	15	IL18
3.53868579646359e-190	0.678944358558421	0.817	0.708	1.06160573893908e-186	15	FLNA
5.1174283019491e-190	0.63213685448357	0.877	0.759	1.53522849058473e-186	15	CD63
1.0807777155211e-189	-0.298292802481195	0.527	0.766	3.24233314656329e-186	15	LAIR2
1.10577704710014e-189	0.554283537013283	0.944	0.744	3.31733114130041e-186	15	FOSB
7.29308323777138e-189	-1.82176385071237	0.469	0.719	2.18792497133141e-185	15	CD8A
7.55496806687971e-189	0.57105547603226	0.607	0.184	2.26649042006391e-185	15	MTMR11
3.13311747764296e-188	-1.45997052098612	0.651	0.823	9.39935243292889e-185	15	CLDND1
1.28889614208144e-187	0.914100596550267	0.687	0.624	3.86668842624433e-184	15	TRIB1
1.9099658711172e-187	0.518311520939397	0.725	0.737	5.7298976133516e-184	15	MGST2
2.72141438985648e-187	-1.43093223915347	0.917	0.961	8.16424316956943e-184	15	KLF6
5.01546487199238e-187	-0.514965383066111	0.37	0.674	1.50463946159771e-183	15	SYTL2
1.5553633374608e-186	0.583127045847711	0.827	0.633	4.6660900123824e-183	15	JUND
2.01912880201917e-186	0.654510174751586	0.844	0.776	6.05738640605751e-183	15	LRRFIP1
2.22730867283332e-186	0.701399443782967	0.665	0.589	6.68192601849997e-183	15	BTK
7.17526251321344e-186	1.27846435411751	0.734	0.732	2.15257875396403e-182	15	CH25H
1.9597562906898e-185	0.990722390263059	0.62	0.284	5.87926887206939e-182	15	CSF3R
1.86765279224036e-184	0.956371267293213	0.819	0.725	5.60295837672109e-181	15	SOCS3
3.20205738820964e-184	0.690329122279655	0.647	0.458	9.60617216462891e-181	15	CD300C
8.73901323284808e-184	0.734307752340704	0.643	0.476	2.62170396985442e-180	15	OTUD1
1.41188255773657e-183	0.745067618114757	0.661	0.477	4.2356476732097e-180	15	PIK3AP1
6.36186672838763e-181	0.899479258324183	0.777	0.741	1.90856001851629e-177	15	ATP1B3
1.54917410358409e-180	0.546595489470386	0.607	0.334	4.64752231075227e-177	15	CDC42EP2
8.48497493251775e-179	0.815197206501385	0.821	0.774	2.54549247975532e-175	15	DDX21
8.55533988657251e-179	0.959913828130312	0.666	0.594	2.56660196597175e-175	15	HRH2
2.38395839774923e-178	0.617646964556679	0.833	0.668	7.1518751932477e-175	15	ZNF331
3.26856311307587e-178	0.481540885290789	0.716	0.634	9.8056893392276e-175	15	CREG1
3.77994891291765e-178	0.790309537599418	0.622	0.215	1.13398467387529e-174	15	DAPK1
5.76729636924525e-178	0.772738174700808	0.821	0.745	1.73018891077358e-174	15	TNFSF10
1.97436829339353e-177	-0.567974557601192	0.42	0.703	5.92310488018058e-174	15	CLIC3
2.87132471103238e-177	0.825832382142716	0.695	0.655	8.61397413309715e-174	15	CTSZ
6.07686907061588e-177	0.860725486369914	0.799	0.756	1.82306072118477e-173	15	MIS18BP1
1.03973832485914e-175	0.654422971642699	0.486	0.2	3.11921497457741e-172	15	MCEMP1
1.71581577181879e-175	1.17809108901611	0.649	0.547	5.14744731545636e-172	15	ADM
2.89929480608562e-174	0.823570681753969	0.726	0.582	8.69788441825687e-171	15	PAG1
4.46892171495755e-173	0.703296994967568	0.72	0.654	1.34067651448726e-169	15	SCPEP1
6.28820613227459e-173	0.898840873329543	0.728	0.638	1.88646183968238e-169	15	ATP6V1B2
9.38245543125994e-173	0.676468600108532	0.838	0.759	2.81473662937798e-169	15	CMTM6
1.25766698616391e-172	-2.01561696616538	0.442	0.716	3.77300095849174e-169	15	GZMK
2.25618643699255e-172	0.640527945587271	0.885	0.872	6.76855931097766e-169	15	TALDO1
7.39501663235902e-172	0.602781022994491	0.7	0.622	2.21850498970771e-168	15	GAA
4.12123841196845e-171	0.64204698726318	0.839	0.77	1.23637152359054e-167	15	GLRX
2.11277116086193e-170	-0.537106011494103	0.429	0.696	6.33831348258578e-167	15	TNFRSF25
2.17813647828243e-170	0.292464071804598	0.732	0.57	6.53440943484729e-167	15	PDLIM7
2.79903904472277e-170	0.703230145073116	0.874	0.827	8.3971171341683e-167	15	IFI6
8.12950365602513e-170	0.945476631359939	0.709	0.717	2.43885109680754e-166	15	RNASE6
9.24062589400989e-170	-0.364368274186043	0.726	0.744	2.77218776820297e-166	15	FBLN7
1.59002271827963e-169	-0.392874835700173	0.673	0.771	4.7700681548389e-166	15	HOXB2
6.24284474062293e-169	-0.47125672022872	0.197	0.64	1.87285342218688e-165	15	KLRC4
4.80950934353863e-168	0.854046402332695	0.745	0.673	1.44285280306159e-164	15	MAPKAPK3
6.88627941944819e-168	-0.336018845502124	0.292	0.665	2.06588382583446e-164	15	RGS16
1.65954606794588e-167	0.650059315375823	0.817	0.683	4.97863820383763e-164	15	AHNAK
2.70494122407328e-167	-0.498991247805058	0.529	0.699	8.11482367221984e-164	15	TESPA1
2.82687877127121e-167	0.421168347030366	0.686	0.51	8.48063631381362e-164	15	UBALD2
4.43666893607038e-167	-0.597184309951117	0.706	0.744	1.33100068082111e-163	15	TOX
2.30200595673499e-166	0.684261342655823	0.697	0.542	6.90601787020498e-163	15	FOSL2
3.49009814668347e-166	0.729919674488274	0.671	0.592	1.04702944400504e-162	15	C3AR1
5.88478018088053e-165	0.675352572209156	0.651	0.633	1.76543405426416e-161	15	ALDH3B1
8.83399763563333e-165	0.565994989836041	0.91	0.86	2.65019929069e-161	15	ATP6V1F
2.56224288738042e-163	-0.576734295630689	0.64	0.711	7.68672866214126e-160	15	CD28
8.57901412131926e-163	-0.720689392910253	0.632	0.805	2.57370423639578e-159	15	GCHFR
1.7849284957452e-162	0.794753327318916	0.751	0.7	5.35478548723561e-159	15	UBE2D1
2.12334313938535e-162	-0.61830224581472	0.341	0.684	6.37002941815604e-159	15	NELL2
6.4650527005927e-160	0.884605780083703	0.62	0.356	1.93951581017781e-156	15	CDA
1.02277589999771e-159	1.46422625032036	0.568	0.249	3.06832769999312e-156	15	CXCL8
2.77473588135172e-159	-1.16967840680791	0.886	0.964	8.32420764405516e-156	15	HSP90AB1
3.3280084885525e-159	0.733058394355695	0.62	0.42	9.98402546565749e-156	15	NAIP
5.50868154676008e-159	0.529762260602482	0.64	0.479	1.65260446402803e-155	15	RASSF4
2.34095847335272e-158	0.642694126307427	0.626	0.455	7.02287542005815e-155	15	GAPT
9.25197300177612e-158	-0.656477739241207	0.723	0.893	2.77559190053284e-154	15	DNPH1
3.46879987535632e-157	0.959763117494414	0.606	0.259	1.0406399626069e-153	15	CD36
3.54831946110997e-157	-2.65967900764223	0.639	0.784	1.06449583833299e-153	15	NKG7
5.01913474770897e-157	0.605790510895111	0.617	0.294	1.50574042431269e-153	15	OSCAR
5.94698372566145e-157	0.267434851883571	1	0.998	1.78409511769843e-153	15	ACTB
6.51783373900308e-157	0.699154881291882	0.729	0.61	1.95535012170093e-153	15	PER1
2.3613636740002e-156	0.628574111418062	0.783	0.654	7.08409102200059e-153	15	REL
2.55041073133224e-156	0.487936883584611	0.928	0.885	7.65123219399672e-153	15	POMP
9.71325928187691e-156	0.60293099480566	0.867	0.822	2.91397778456307e-152	15	SYNGR2
1.5749384647709e-155	-0.508213622868264	0.721	0.788	4.72481539431269e-152	15	LDLRAD4
2.07005435788952e-155	0.650618791208169	0.642	0.491	6.21016307366856e-152	15	BCL6
2.14873505306686e-155	-0.376409497863598	0.553	0.697	6.44620515920058e-152	15	FUT8
5.07509247126211e-155	0.749526224273015	0.677	0.619	1.52252774137863e-151	15	AGFG1
6.75495130251237e-155	-0.462557287888089	0.49	0.7	2.02648539075371e-151	15	S1PR1
1.51793997368661e-154	0.7634224659227	0.743	0.731	4.55381992105982e-151	15	BLVRA
6.38342527025e-154	-0.447497468765099	0.52	0.707	1.915027581075e-150	15	CDC14A
6.85397547320562e-154	0.623548513708259	0.889	0.752	2.05619264196169e-150	15	NR4A2
1.97461476440503e-153	0.934080421332565	0.678	0.746	5.92384429321509e-150	15	TBC1D8
4.40115092991534e-153	0.251109432297724	0.68	0.584	1.3203452789746e-149	15	TFEB
9.85066852380233e-153	-1.19758228109276	0.929	0.94	2.9552005571407e-149	15	DNAJB1
1.26442008668344e-152	0.616564243178896	0.715	0.608	3.79326026005033e-149	15	PTTG1IP
1.61769759809147e-152	-0.261092132987752	0.701	0.752	4.8530927942744e-149	15	TNFRSF9
6.74961145472675e-152	0.977901296865764	0.754	0.747	2.02488343641802e-148	15	GK
8.76428302853537e-152	-0.31928686323081	0.287	0.664	2.62928490856061e-148	15	TNIP3
1.15697372901369e-151	0.262217540831623	0.709	0.552	3.47092118704106e-148	15	PLEKHO1
2.41614875015647e-150	0.655496756267196	0.645	0.532	7.24844625046942e-147	15	NAPSB
6.87862604576516e-149	0.751384735733929	0.616	0.483	2.06358781372955e-145	15	DMXL2
9.57891531065394e-148	0.748116749234681	0.738	0.713	2.87367459319618e-144	15	MYD88
1.46718321049751e-147	0.677456660672622	0.645	0.619	4.40154963149252e-144	15	PKP2
3.06827108880532e-146	0.727657638544054	0.608	0.353	9.20481326641597e-143	15	MCTP1
7.66383362238753e-146	-1.03116830343475	0.612	0.769	2.29915008671626e-142	15	APOBEC3G
5.08227443753978e-145	0.822413111610858	0.638	0.479	1.52468233126193e-141	15	RASSF2
4.94640963021387e-144	0.550974855807098	0.876	0.808	1.48392288906416e-140	15	ISG15
1.33997736191972e-143	-0.267052577937213	0.364	0.66	4.01993208575916e-140	15	TMIGD2
1.8917551081055e-143	0.623353751795481	0.818	0.788	5.67526532431649e-140	15	RTN4
6.56387189352143e-143	0.416769118758428	0.67	0.581	1.96916156805643e-139	15	LACTB
2.38932102044429e-141	0.730774137452648	0.691	0.577	7.16796306133288e-138	15	C20orf27
2.62973817932639e-141	-0.386698453029712	0.47	0.698	7.88921453797917e-138	15	IL21R
2.70625861288252e-140	0.778139957482625	0.581	0.204	8.11877583864755e-137	15	GPBAR1
5.30307305776316e-139	0.500242637284903	0.653	0.576	1.59092191732895e-135	15	RENBP
9.0040060997393e-139	0.514854612283206	0.658	0.573	2.70120182992179e-135	15	ASPH
9.15862385732441e-139	-0.741875793180735	1	0.998	2.74758715719732e-135	15	RPS8
1.60314705714114e-137	0.311588127936548	0.712	0.558	4.80944117142343e-134	15	DDAH2
1.93470437463145e-137	-0.268959778033708	0.488	0.669	5.80411312389436e-134	15	MCM6
2.3324316876849e-137	-0.504556951223577	0.563	0.746	6.99729506305469e-134	15	PDE4D
3.44888043150984e-137	-0.510957918187637	0.067	0.611	1.03466412945295e-133	15	KLRC3
6.97681606876494e-137	0.936932869211805	0.635	0.476	2.09304482062948e-133	15	NLRP3
8.11724385605409e-136	0.475559172029731	0.751	0.653	2.43517315681623e-132	15	CD151
9.40900650893571e-136	0.540505646237749	0.749	0.587	2.82270195268071e-132	15	CHMP1B
1.80231386083971e-135	0.320794053344944	0.619	0.579	5.40694158251912e-132	15	SMPDL3A
9.86611527684957e-135	-0.304045649068274	0.535	0.763	2.95983458305487e-131	15	APOBEC3C
1.93217193352686e-134	0.752122383741955	0.664	0.572	5.79651580058058e-131	15	ABHD5
9.77411752095212e-134	0.43661969260911	0.723	0.609	2.93223525628564e-130	15	NR4A3
2.74809419570021e-133	0.344150679635457	0.508	0.399	8.24428258710063e-130	15	FAM129B
1.33781886408878e-132	-0.283729384434227	0.45	0.683	4.01345659226633e-129	15	AP3M2
2.5236588833219e-132	-0.2942005408261	0.113	0.626	7.5709766499657e-129	15	LOC102724850
6.26911439783323e-132	0.573787139995605	0.838	0.864	1.88073431934997e-128	15	CD55
1.43348722409153e-131	0.59156012670618	0.626	0.42	4.30046167227458e-128	15	CEBPB
2.48472691229655e-131	0.977029517762457	0.828	0.636	7.45418073688965e-128	15	EGR1
3.20270012387797e-131	-0.763889416808236	0.613	0.795	9.60810037163391e-128	15	ITGAE
9.07619629094484e-130	-0.324355520443838	0.374	0.624	2.72285888728345e-126	15	BEX2
4.50338195560318e-129	0.815496376372306	0.62	0.464	1.35101458668095e-125	15	ZNF385A
1.37108022716616e-128	-0.785502146372865	0.43	0.681	4.11324068149849e-125	15	PTPN22
3.23952627469342e-128	-0.582608259527461	0.37	0.673	9.71857882408027e-125	15	METTL12
7.53777502361628e-128	-1.25901985424509	0.2	0.613	2.26133250708488e-124	15	LOC101060038
8.98813646514569e-128	0.461753716301963	0.779	0.689	2.69644093954371e-124	15	TXNDC17
1.29271510688242e-127	-0.369654331305707	0.346	0.663	3.87814532064725e-124	15	CFAP97
5.17000802139409e-127	-1.00447155778936	0.953	0.969	1.55100240641823e-123	15	MIF
6.53738119999267e-127	-0.289284708937859	0.348	0.647	1.9612143599978e-123	15	KIR2DL4
1.73520999198704e-126	0.476513295418006	0.713	0.666	5.20562997596112e-123	15	FNDC3B
1.54452358949301e-125	0.529427011234151	0.671	0.563	4.63357076847903e-122	15	IER5
1.59447008087116e-125	0.831991203508671	0.684	0.66	4.78341024261349e-122	15	STX11
2.93622337256385e-125	0.694767118428532	0.715	0.738	8.80867011769155e-122	15	LY96
7.76160846613683e-125	0.606886916442991	0.763	0.717	2.32848253984105e-121	15	MAN2B1
2.28112723311368e-124	-1.21489710055395	0.742	0.833	6.84338169934105e-121	15	TUBA4A
3.36708063244685e-124	0.634076497648716	0.683	0.716	1.01012418973405e-120	15	SOX4
4.67643333581345e-124	0.387837365583286	0.62	0.443	1.40293000074403e-120	15	SPG21
1.57990638653944e-122	-1.40121899029547	0.481	0.663	4.73971915961832e-119	15	LOC101929531
1.33916202939837e-121	0.33229566346245	0.706	0.603	4.0174860881951e-118	15	KLF3
2.06940660030847e-121	-0.679983490811585	0.516	0.693	6.2082198009254e-118	15	CCND2
2.5135993608471e-121	0.3345973457498	0.883	0.786	7.5407980825413e-118	15	SNX3
8.69979714162872e-121	0.581228098156044	0.631	0.524	2.60993914248861e-117	15	UBXN11
9.43824246174861e-121	-0.756207617263977	0.582	0.714	2.83147273852458e-117	15	H2AFX
1.19301895906346e-119	-0.322788595616028	0.468	0.729	3.57905687719037e-116	15	SAE1
1.36106313181416e-119	0.276344728136178	0.502	0.104	4.08318939544247e-116	15	FPR3
1.55375994664326e-117	0.897201780185871	0.738	0.744	4.66127983992977e-114	15	SGK1
5.78875801970987e-117	-0.39002348083519	0.693	0.735	1.73662740591296e-113	15	NMB
6.61047818485553e-117	0.996177825173358	0.614	0.571	1.98314345545666e-113	15	C1QB
2.29096198011567e-116	0.2947050758924	0.687	0.584	6.872885940347e-113	15	AVPI1
9.0448475422434e-114	1.38115229483642	0.712	0.843	2.71345426267302e-110	15	IL1R2
1.60594681799317e-113	-1.54839137623381	0.473	0.649	4.81784045397951e-110	15	IFNG
1.62774065922934e-113	0.353065865983176	0.609	0.568	4.88322197768802e-110	15	MERTK
1.00000866582021e-112	0.329459981518277	0.494	0.215	3.00002599746063e-109	15	FMNL2
4.40614550034723e-112	0.318132790996598	0.691	0.587	1.32184365010417e-108	15	OAS3
6.7896407629839e-112	-0.512763804490082	0.586	0.797	2.03689222889517e-108	15	IL6ST
9.08382438906232e-112	0.566478089621851	0.602	0.437	2.7251473167187e-108	15	SERPINB6
5.18387175254856e-111	0.452433968226535	0.813	0.719	1.55516152576457e-107	15	GLIPR2
1.6272963820996e-110	-0.381055903045878	0.633	0.663	4.88188914629879e-107	15	APOBEC3H
7.13235278710924e-110	0.515626681439786	0.765	0.708	2.13970583613277e-106	15	AMICA1
3.40298477241415e-109	0.399548818493649	0.672	0.678	1.02089543172425e-105	15	IFIT3
4.27185067723516e-109	-0.392383285191662	0.562	0.667	1.28155520317055e-105	15	DUSP16
8.68184887980171e-109	-0.355809845458289	0.543	0.75	2.60455466394051e-105	15	NUCB2
3.77865340786812e-108	-0.251755966921435	0.599	0.891	1.13359602236044e-104	15	ENTPD1
4.48773299954329e-108	0.445212713485886	0.644	0.612	1.34631989986299e-104	15	SEMA4A
7.9527660307146e-108	0.774547964315812	0.793	0.749	2.38582980921438e-104	15	HIF1A
9.52020894194718e-108	0.466917518630439	0.643	0.637	2.85606268258415e-104	15	GRASP
2.217290074246e-107	0.708080668002158	0.628	0.558	6.65187022273799e-104	15	UBE2R2
8.81123727968849e-107	0.328348929203223	0.6	0.459	2.64337118390655e-103	15	ABCA1
1.49374619954988e-106	0.391692200166102	0.657	0.566	4.48123859864963e-103	15	TRMT6
1.83462640021023e-106	-0.581655995736518	0.743	0.89	5.50387920063069e-103	15	PMAIP1
2.39637347985406e-106	0.442827713461753	0.605	0.453	7.18912043956217e-103	15	RASGEF1B
2.78778421393908e-106	0.428047840045027	0.552	0.299	8.36335264181725e-103	15	CDKN1C
5.60618386763952e-106	0.387911722251387	0.581	0.394	1.68185516029186e-102	15	TCN2
5.51014230078912e-105	-0.550997305677302	0.691	0.81	1.65304269023674e-101	15	HSPH1
1.80313985182296e-104	0.467337735048528	0.712	0.698	5.40941955546889e-101	15	NANS
3.54656647814006e-104	-2.66708989969676	0.575	0.683	1.06396994344202e-100	15	CCL4
7.89585442106984e-104	0.688497098759343	0.657	0.584	2.36875632632095e-100	15	MIDN
9.31304317044615e-104	0.607864181331338	0.625	0.535	2.79391295113384e-100	15	METRNL
1.38565437757069e-103	0.585080774624957	0.588	0.401	4.15696313271206e-100	15	HNMT
1.87533372000034e-103	0.678040366250744	0.6	0.502	5.62600116000103e-100	15	BRI3
2.52534964491272e-102	0.686284713263925	0.641	0.676	7.57604893473815e-99	15	CPM
2.89756549938407e-101	0.487188865033204	0.745	0.716	8.69269649815221e-98	15	FAM65B
7.95645097332879e-101	0.925810578202082	0.634	0.597	2.38693529199864e-97	15	BACH1
1.74650643738017e-100	0.677444326044879	0.606	0.518	5.2395193121405e-97	15	MEGF9
2.49277287008643e-99	-0.459380474140263	0.27	0.621	7.4783186102593e-96	15	PLA2G16
1.13672181016275e-98	0.250898814489673	0.923	0.874	3.41016543048826e-95	15	CTSD
1.14079612398307e-98	0.665777443732296	0.616	0.591	3.42238837194921e-95	15	VCL
5.07346473641521e-98	0.369443780727846	0.595	0.488	1.52203942092456e-94	15	NPL
1.00901231786661e-97	0.292461945706375	0.744	0.672	3.02703695359984e-94	15	TIPARP
7.23640546247243e-97	0.847989601475291	0.709	0.739	2.17092163874173e-93	15	SPP1
7.63561435716392e-97	-0.517035666082758	0.639	0.668	2.29068430714917e-93	15	PERP
1.40949759590319e-96	-0.671503050481212	0.327	0.632	4.22849278770957e-93	15	ITM2C
1.43366102829947e-96	-1.7002991497057	0.368	0.634	4.30098308489841e-93	15	GZMH
1.96822738917382e-96	0.370660922057595	0.75	0.65	5.90468216752146e-93	15	GABARAPL1
2.15249956148087e-96	0.636454540561449	0.742	0.742	6.4574986844426e-93	15	VASP
2.01052635232666e-95	0.463056130188911	0.744	0.692	6.03157905697999e-92	15	LYST
3.40419567689205e-94	0.639285436865431	0.666	0.628	1.02125870306762e-90	15	FAM45A
4.18117645737929e-94	-1.13516776081997	0.835	0.911	1.25435293721379e-90	15	BTG2
1.86864862755984e-93	0.302593655541836	0.574	0.34	5.60594588267951e-90	15	SIGLEC7
2.37859076608023e-93	0.333955876015409	0.639	0.518	7.13577229824069e-90	15	ARL5B
3.83588599289248e-93	0.348971813997631	0.808	0.735	1.15076579786774e-89	15	EIF4A3
4.69392855471353e-93	0.517861547939693	0.755	0.761	1.40817856641406e-89	15	CD4
5.25268114001696e-93	-0.447757526368709	0.438	0.648	1.57580434200509e-89	15	NCR3
7.96691214636762e-93	-0.338909513264529	0.186	0.634	2.39007364391029e-89	15	DERL3
1.14445609841534e-92	-0.320242018435317	1	0.999	3.43336829524602e-89	15	TMSB4X
2.2175201952168e-92	-0.752909071608853	0.446	0.641	6.65256058565041e-89	15	KLRG1
3.02374364591931e-92	0.383862802568807	0.936	0.928	9.07123093775793e-89	15	SLC25A5
3.22686870621941e-92	0.563983451065953	0.601	0.547	9.68060611865824e-89	15	IL1RAP
6.96915620120797e-92	0.59369798178424	0.592	0.525	2.09074686036239e-88	15	RHOQ
7.15575664709292e-92	0.344603047686493	0.573	0.456	2.14672699412787e-88	15	SPATA6
1.44593686118439e-91	-0.815511823307381	0.729	0.873	4.33781058355318e-88	15	YWHAQ
5.61970196810763e-91	-0.39148934270096	0.504	0.755	1.68591059043229e-87	15	PDE4B
7.91087409322704e-91	0.424962361041766	0.579	0.474	2.37326222796811e-87	15	DENND5A
2.13534150068434e-90	0.895800551520344	0.575	0.309	6.40602450205303e-87	15	LRP1
3.74045143250961e-90	0.619800337345221	0.597	0.548	1.12213542975288e-86	15	IL1RN
8.07496858586194e-90	0.658052453146952	0.743	0.687	2.42249057575858e-86	15	ABI3
3.58999417967048e-89	0.538115467269458	0.656	0.611	1.07699825390115e-85	15	HOTAIRM1
5.13673042539727e-87	0.486087971396802	0.83	0.845	1.54101912761918e-83	15	SAMHD1
6.97144919099451e-87	0.650137465914554	0.408	0.049	2.09143475729835e-83	15	C21orf128
3.19479880522571e-86	0.453217268570869	0.719	0.681	9.58439641567713e-83	15	PEA15
6.79730304350771e-86	-0.654044294059985	0.718	0.837	2.03919091305231e-82	15	CACYBP
1.46845066848905e-85	-0.355937291079912	0.645	0.746	4.40535200546715e-82	15	ID3
1.69494310724178e-85	-0.924126436808337	0.597	0.66	5.08482932172534e-82	15	ICOS
2.24953294209697e-85	0.471324738755227	0.547	0.273	6.74859882629092e-82	15	PTAFR
5.5617113186632e-85	0.812773285724334	0.604	0.581	1.66851339559896e-81	15	IRS2
1.53945555670016e-84	0.484733095854925	0.577	0.473	4.61836667010047e-81	15	SLC15A3
1.67502919311873e-84	0.639801197839459	0.57	0.411	5.02508757935618e-81	15	NBPF14
1.91739443794132e-84	-0.539407100594994	0.623	0.785	5.75218331382397e-81	15	CREM
2.0088070737986e-84	0.355734211143377	0.647	0.593	6.02642122139581e-81	15	SLC43A3
1.54555379604634e-83	0.494759007702262	0.626	0.567	4.63666138813903e-80	15	MX2
2.45878990876952e-83	-1.12152807296374	0.728	0.784	7.37636972630855e-80	15	TAGAP
4.22427384875657e-83	0.835540204826008	0.686	0.797	1.26728215462697e-79	15	CTSL
6.32510071984248e-83	-0.289283470898371	0.484	0.619	1.89753021595275e-79	15	LOC100996286
6.65327040192901e-83	0.294172675116568	0.685	0.652	1.9959811205787e-79	15	QPCT
7.99253007637528e-83	0.957326869576663	0.61	0.591	2.39775902291258e-79	15	POU2F2
1.0972490493566e-82	0.33074597124022	0.623	0.56	3.29174714806979e-79	15	GSN
3.15316462718899e-82	0.58602021075452	0.605	0.681	9.45949388156698e-79	15	SULF2
1.08946683924886e-81	0.303559056007853	0.664	0.619	3.26840051774659e-78	15	RRP12
3.42936948429107e-81	-0.288518313074089	0.528	0.699	1.02881084528732e-77	15	USP11
7.63259171753012e-81	-0.289836789043167	0.501	0.67	2.28977751525903e-77	15	CD59
1.23160043891128e-80	-2.01099698624728	0.624	0.71	3.69480131673385e-77	15	CXCL13
2.73975097761133e-80	-0.251000772884809	0.507	0.731	8.21925293283399e-77	15	TBC1D4
6.46896158778003e-80	0.500110407085122	0.633	0.594	1.94068847633401e-76	15	OGFRL1
7.4244610931553e-79	-0.687031279603975	0.65	0.769	2.22733832794659e-75	15	TSPYL2
2.61176619408497e-78	-0.306227484539949	0.605	0.705	7.8352985822549e-75	15	FBXO32
5.89604592996046e-78	-0.29207974445652	0.209	0.602	1.76881377898814e-74	15	CPNE7
7.68242187078535e-78	-0.480826599270962	0.567	0.653	2.30472656123561e-74	15	P2RY10
7.70219453121445e-78	-0.472527951456346	0.555	0.694	2.31065835936434e-74	15	TARSL2
1.94272373003177e-77	0.283761440673953	0.494	0.102	5.82817119009531e-74	15	ALOX15B
2.54498681979402e-77	0.290040288321216	0.504	0.11	7.63496045938206e-74	15	SH3PXD2B
5.01113556997082e-77	0.543489780969295	0.583	0.468	1.50334067099125e-73	15	DSE
8.6290619003475e-77	-0.754746638466591	0.512	0.671	2.58871857010425e-73	15	CMC1
9.19709958505653e-77	-2.02218136745145	0.4	0.628	2.75912987551696e-73	15	GNLY
5.56932995730602e-76	0.670200456512253	0.661	0.689	1.67079898719181e-72	15	SKAP2
1.16315093669674e-75	0.591217119034376	0.529	0.464	3.48945281009021e-72	15	VMO1
8.26736195026761e-75	0.319748233694995	0.513	0.396	2.48020858508028e-71	15	VSIG4
9.36312218256877e-75	0.443176177838042	0.623	0.723	2.80893665477063e-71	15	BCAT1
1.02065772638182e-74	0.470499448836233	0.653	0.599	3.06197317914546e-71	15	CMIP
1.14216743541052e-74	-0.361065549821757	0.457	0.676	3.42650230623155e-71	15	ANP32E
6.26030107676202e-74	0.468590306116654	0.533	0.177	1.87809032302861e-70	15	MSR1
1.28534703648616e-73	-0.339249079367978	0.47	0.64	3.85604110945849e-70	15	TMEM106C
2.83665988496985e-73	0.387549909264701	0.795	0.803	8.50997965490956e-70	15	ATOX1
1.07437959457331e-72	0.421198386865292	0.813	0.794	3.22313878371994e-69	15	PSMA4
5.55507611391592e-72	0.512480113840194	0.758	0.772	1.66652283417478e-68	15	TMPO
5.915211510226e-72	-0.590322108736375	0.421	0.642	1.7745634530678e-68	15	FAM107B
9.15871786576485e-72	-0.463394177541988	0.604	0.813	2.74761535972945e-68	15	UGP2
4.60051926663195e-71	-0.49830194069673	0.411	0.689	1.38015577998958e-67	15	PIM1
1.0600940247928e-70	0.312163229947294	0.692	0.605	3.1802820743784e-67	15	FUOM
1.2953354603971e-70	-0.290135909212624	0.444	0.642	3.8860063811913e-67	15	ACYP1
1.90974471586893e-70	0.568546523201753	0.585	0.515	5.72923414760679e-67	15	DPYSL2
2.36599260125217e-70	0.424355395152574	0.65	0.595	7.0979778037565e-67	15	PHLDA2
5.15978899155984e-70	-0.717248787543654	0.547	0.689	1.54793669746795e-66	15	RUNX3
1.89781918222755e-69	0.639520945826752	0.663	0.643	5.69345754668266e-66	15	TFRC
3.35707359050043e-69	-0.674673040689641	0.543	0.638	1.00712207715013e-65	15	FAM46C
2.11276116763947e-68	0.253200016624232	0.656	0.561	6.33828350291841e-65	15	MAFF
7.25302553246758e-68	0.499288639561802	0.591	0.547	2.17590765974027e-64	15	MCOLN1
1.0277175028611e-67	0.56733823017765	0.613	0.566	3.0831525085833e-64	15	EFHD2
2.22695712367353e-67	0.610248729967028	0.662	0.681	6.68087137102059e-64	15	BID
2.23634564979207e-67	0.701481161873834	0.64	0.586	6.70903694937622e-64	15	INSIG1
2.64131190450469e-67	0.594513206486807	0.653	0.651	7.92393571351407e-64	15	TESC
5.8351471739968e-67	0.585319062629179	0.63	0.637	1.75054415219904e-63	15	SH3TC1
2.70268046895137e-66	0.550585226489092	0.572	0.543	8.1080414068541e-63	15	BASP1
5.98242248299345e-66	-0.92193946158678	0.499	0.621	1.79472674489803e-62	15	LINC00861
7.02186094701976e-66	0.302121421908605	0.744	0.773	2.10655828410593e-62	15	IFI44L
1.54957106036858e-65	0.383502530152826	0.568	0.479	4.64871318110573e-62	15	ZMIZ1
1.96457528107999e-65	0.586364635694756	0.575	0.54	5.89372584323996e-62	15	PLXNC1
2.77152936015411e-65	-0.804603618787828	0.632	0.7	8.31458808046234e-62	15	FLT3LG
5.31861359910262e-65	-0.258359825246121	0.43	0.644	1.59558407973079e-61	15	DNAAF2
7.06191095498847e-65	0.659094764313362	0.617	0.618	2.11857328649654e-61	15	CAPNS1
1.44048732059699e-64	-1.13454475279612	0.223	0.575	4.32146196179096e-61	15	XCL1
1.57749726875684e-64	0.529578812227289	0.844	0.809	4.73249180627051e-61	15	TPM4
6.66018205799091e-64	-0.37675286693425	0.361	0.632	1.99805461739727e-60	15	TRAF1
1.86195981785863e-63	0.449966659999741	0.632	0.636	5.58587945357589e-60	15	RRBP1
2.52654059878428e-63	0.513067534855914	0.57	0.463	7.57962179635285e-60	15	HLA-DRB6
3.24917278826753e-63	0.314141709576874	0.619	0.553	9.74751836480258e-60	15	SMIM14
5.91340550071299e-63	0.324389623389544	0.628	0.721	1.7740216502139e-59	15	CXorf21
1.26366019954617e-62	0.470552848133631	0.738	0.753	3.79098059863852e-59	15	EIF4EBP1
1.83536590675397e-62	0.395993624765156	0.731	0.722	5.5060977202619e-59	15	PRCP
2.95203495603123e-62	-1.19359520369389	0.632	0.675	8.85610486809368e-59	15	TNF
3.67046135149155e-62	0.284491298234076	0.506	0.254	1.10113840544747e-58	15	FFAR3
3.79860372905057e-62	0.453792143603617	0.751	0.776	1.13958111871517e-58	15	COMT
7.836528924079e-62	-0.531438230356499	0.84	0.852	2.3509586772237e-58	15	HSPA1B
1.05368395290573e-61	-0.850118621185813	0.415	0.574	3.16105185871719e-58	15	KLRC1
1.27684044992985e-61	-0.729468643729416	0.417	0.599	3.83052134978956e-58	15	PRKCQ-AS1
1.38328045013147e-61	0.339796422986893	0.608	0.558	4.14984135039441e-58	15	SCARB2
3.40944977143847e-61	0.299576676101666	0.615	0.622	1.02283493143154e-57	15	RBBP8
4.6154678566777e-61	-0.25091713673158	0.485	0.626	1.38464035700331e-57	15	MAST4
2.31308832400989e-60	0.256361621257758	0.519	0.237	6.93926497202967e-57	15	FCGR1B
2.50600551901859e-60	-0.639897140038615	0.743	0.87	7.51801655705578e-57	15	EZR
2.6406075682417e-60	0.393164426530524	0.668	0.626	7.92182270472509e-57	15	LAIR1
2.84886982995699e-60	-0.271603798841993	0.59	0.73	8.54660948987098e-57	15	SATB1
3.69446387576563e-60	-0.460160261393413	0.641	0.762	1.10833916272969e-56	15	RPA3
4.61251292159477e-60	0.430540376010914	0.565	0.471	1.38375387647843e-56	15	UBE2E2
4.9202545797595e-60	-0.732820836634605	0.999	0.989	1.47607637392785e-56	15	ACTG1
1.99725767314339e-59	0.414633460173008	0.665	0.669	5.99177301943018e-56	15	ANXA4
3.69236401188538e-59	0.284726793318043	0.695	0.682	1.10770920356562e-55	15	CYSTM1
9.31458433935578e-59	0.35680072029484	0.517	0.292	2.79437530180673e-55	15	KIAA1598
2.53176282884885e-58	-0.389170640976683	0.519	0.731	7.59528848654654e-55	15	TMEM2
6.42352401938838e-58	0.265244091463408	0.525	0.357	1.92705720581652e-54	15	CLMN
8.2542315456633e-58	-0.393416976013563	0.561	0.639	2.47626946369899e-54	15	BCL2
3.45372811347425e-57	-0.411863101479754	0.684	0.846	1.03611843404227e-53	15	C1QBP
1.04462172673045e-56	0.323691954511738	0.832	0.787	3.13386518019134e-53	15	GBP2
1.40823827992146e-56	0.579635740129084	0.585	0.592	4.22471483976439e-53	15	IL10
1.84844340977684e-56	-2.07519958493613	0.799	0.831	5.54533022933053e-53	15	IGJ
3.92349686708781e-56	0.564011357572965	0.643	0.621	1.17704906012634e-52	15	JARID2
1.0267616418095e-55	-0.989493301636854	0.311	0.579	3.08028492542851e-52	15	KLRD1
1.22738328318491e-55	-0.346069063975166	0.637	0.681	3.68214984955473e-52	15	DNAJC9
1.57949661939105e-55	-0.946126291800716	0.549	0.643	4.73848985817316e-52	15	HOPX
3.01735121112882e-55	0.314742807554724	0.66	0.711	9.05205363338647e-52	15	HVCN1
6.50934686222008e-55	0.793053545534531	0.555	0.455	1.95280405866602e-51	15	TLR4
8.4683933712686e-55	0.268376288266325	0.813	0.786	2.54051801138058e-51	15	DEK
9.28006051797931e-55	0.346204277141824	0.787	0.779	2.78401815539379e-51	15	YWHAE
3.63549724349669e-54	-0.501499297903319	0.566	0.711	1.09064917304901e-50	15	DNAJB9
3.71801221361253e-54	0.502267355239156	0.569	0.566	1.11540366408376e-50	15	MYOF
6.75707876859719e-54	0.574751911153763	0.506	0.065	2.02712363057916e-50	15	HK3
4.2961163424227e-53	-0.32274185911705	0.531	0.675	1.28883490272681e-49	15	MRPS31
7.14747464720547e-53	-0.55057818234807	0.651	0.683	2.14424239416164e-49	15	LOC101928173
1.58200731357918e-52	0.52666799693693	0.602	0.591	4.74602194073753e-49	15	QSOX1
1.0584830755074e-51	0.505238019815286	0.617	0.65	3.17544922652219e-48	15	NAGA
1.50636977858642e-51	0.260242152832498	0.803	0.808	4.51910933575926e-48	15	SLA
2.03865784310239e-51	-0.579040519760561	0.658	0.761	6.11597352930717e-48	15	GBP5
6.51283623275002e-51	0.364430165728595	0.686	0.674	1.95385086982501e-47	15	ATP6AP1
7.70636389017794e-51	-0.508519174379779	0.757	0.841	2.31190916705338e-47	15	SEC11C
5.25677775660245e-50	0.468184956982705	0.682	0.649	1.57703332698074e-46	15	FAM110A
5.50837159749247e-50	-0.254205232522202	0.586	0.677	1.65251147924774e-46	15	PAFAH1B3
1.47067789555203e-49	0.320082680085129	0.589	0.582	4.4120336866561e-46	15	ACER3
3.94495203310506e-49	0.341527784424379	0.557	0.485	1.18348560993152e-45	15	FCGR2B
4.22695830102259e-49	-0.320344773220272	0.376	0.617	1.26808749030678e-45	15	LOC100130476
5.04099948652863e-49	0.709338473868257	0.591	0.554	1.51229984595859e-45	15	MXD1
2.95580935989373e-47	0.407444253101496	0.612	0.717	8.86742807968118e-44	15	H1F0
2.97947777394799e-47	-0.354771790594972	0.554	0.662	8.93843332184397e-44	15	MT1F
5.41255920463812e-47	0.411885526857409	0.652	0.604	1.62376776139143e-43	15	ICAM1
6.24008426241663e-47	-0.505068533764827	0.498	0.631	1.87202527872499e-43	15	TBCC
8.55096449098646e-47	0.341442528260161	0.58	0.604	2.56528934729594e-43	15	CYFIP1
2.02998565013882e-45	-0.406988614084427	0.742	0.865	6.08995695041645e-42	15	HSPD1
2.91665817053305e-45	-0.606791572200149	0.66	0.786	8.74997451159916e-42	15	CDK2AP2
4.42758917491589e-45	-0.299412624073456	0.394	0.636	1.32827675247477e-41	15	TNFSF8
5.30141673867773e-45	0.313718794419289	0.838	0.828	1.59042502160332e-41	15	TUBA1B
1.21138690496154e-44	-0.258695184737322	0.59	0.679	3.63416071488461e-41	15	CDK6
1.95372804786399e-44	0.280763704907885	0.643	0.623	5.86118414359197e-41	15	APPL1
2.30275185040987e-44	-0.744756898475478	0.904	0.943	6.9082555512296e-41	15	TNFAIP3
2.79075698163882e-44	-0.278246843948615	0.562	0.661	8.37227094491646e-41	15	TIFA
5.62776601504486e-44	-0.683588756054233	0.805	0.853	1.68832980451346e-40	15	HSPE1
7.1552684327623e-44	-0.913295736741361	0.969	0.961	2.14658052982869e-40	15	CXCR4
1.12257851759922e-43	-0.274693860192642	0.56	0.676	3.36773555279767e-40	15	SESN3
1.34628289723325e-43	-0.439226723552029	0.585	0.736	4.03884869169974e-40	15	MIR4435-1HG
1.60204435640397e-43	-0.46087263586989	0.535	0.649	4.80613306921192e-40	15	ERN1
3.14755351349564e-43	0.38691666745814	0.584	0.585	9.44266054048691e-40	15	SVIL
3.49360644154783e-43	0.399578943435304	0.747	0.807	1.04808193246435e-39	15	ATP6V0D1
3.90352178092337e-43	-0.575161079822406	0.703	0.851	1.17105653427701e-39	15	CORO1B
1.30281278497035e-42	-0.942354766221706	0.872	0.93	3.90843835491105e-39	15	SSR4
1.47365102131118e-42	0.350360723616132	0.569	0.673	4.42095306393354e-39	15	CSF2RB
1.50414951814504e-42	0.613407824499183	0.551	0.592	4.51244855443513e-39	15	FGD4
2.20993240026668e-42	-0.618749776323287	0.682	0.79	6.62979720080005e-39	15	TOB1
2.37315192830093e-42	-0.820375958571791	0.934	0.956	7.11945578490279e-39	15	HMGB1
3.14636362721846e-42	0.409071272259524	0.512	0.6	9.43909088165537e-39	15	CYP27A1
5.49936926117938e-42	0.528898022472217	0.521	0.357	1.64981077835382e-38	15	INSR
1.90792055770963e-41	0.274163130532847	0.763	0.765	5.7237616731289e-38	15	IRF7
3.4890073677305e-41	0.920765753346032	0.559	0.582	1.04670221031915e-37	15	NFIL3
6.14740024583629e-41	-0.415445457610311	0.434	0.561	1.84422007375089e-37	15	PPP1R2P9
7.74297770058451e-41	0.41045607764873	0.563	0.597	2.32289331017535e-37	15	TTYH3
3.55530424757962e-40	-0.335253759996392	0.629	0.771	1.06659127427389e-36	15	SDF2L1
4.44262827938451e-40	0.296777465479935	0.665	0.632	1.33278848381535e-36	15	NABP1
5.45497565848494e-40	0.285162694762365	0.488	0.224	1.63649269754548e-36	15	RAB32
6.31467363650348e-40	0.397702541418559	0.499	0.257	1.89440209095104e-36	15	NRGN
1.96693175073213e-38	0.292410443683062	0.563	0.534	5.9007952521964e-35	15	ASAP1
3.35917378757438e-38	-0.904424499364495	0.69	0.659	1.00775213627231e-34	15	PHLDA1
3.85565229529415e-38	-0.735327329605117	0.343	0.564	1.15669568858824e-34	15	CD40LG
4.09765336532207e-38	0.415179383116802	0.492	0.122	1.22929600959662e-34	15	PAPSS2
1.00639838088146e-37	-0.395933839346425	0.739	0.611	3.01919514264437e-34	15	CCL3
2.58704868269986e-37	-0.455961662530749	0.561	0.615	7.76114604809957e-34	15	TCF7
2.86036280074464e-37	0.490302183785637	0.463	0.078	8.58108840223391e-34	15	RETN
1.32870475892466e-36	0.41994865334854	0.549	0.521	3.98611427677397e-33	15	CORO1C
1.76054169390398e-36	-0.673052106445186	0.24	0.56	5.28162508171193e-33	15	MATK
1.99445772117021e-35	0.400180250201977	0.693	0.692	5.98337316351064e-32	15	ATP2B1
3.9398583976748e-35	0.405610702709043	0.649	0.634	1.18195751930244e-31	15	PFKFB3
5.7586943941392e-35	-0.30028181812106	0.277	0.579	1.72760831824176e-31	15	FXYD7
5.16892472894067e-34	-0.462521882808973	0.593	0.756	1.5506774186822e-30	15	RANBP1
1.1241899753363e-33	0.434707097890499	0.631	0.659	3.37256992600891e-30	15	PLEKHB2
1.73076178462338e-32	-0.945583457110545	0.913	0.931	5.19228535387014e-29	15	DDIT4
1.97358828011639e-32	0.517656947741694	0.545	0.589	5.92076484034916e-29	15	TFEC
4.87400277426375e-32	-0.696097409638669	0.9	0.936	1.46220083227913e-28	15	CRIP1
8.5554790954455e-32	0.252377772285977	0.533	0.491	2.56664372863365e-28	15	RAC1
1.77375970812725e-31	-0.611841224504089	0.819	0.893	5.32127912438175e-28	15	CALR
2.95273835688845e-30	0.335671831126317	0.654	0.648	8.85821507066534e-27	15	SLC20A1
3.43573431209799e-30	0.280256934171925	0.604	0.585	1.0307202936294e-26	15	TWISTNB
5.51268372560513e-30	0.344610542581035	0.64	0.681	1.65380511768154e-26	15	LAMP2
6.81570629560107e-30	0.4841286279631	0.546	0.534	2.04471188868032e-26	15	FAM46A
7.84145958326025e-30	0.543748423572409	0.757	0.823	2.35243787497808e-26	15	HN1
8.12924820928962e-30	-0.502236654947075	0.468	0.602	2.43877446278689e-26	15	ANKRD28
8.52864241765645e-30	-0.27592615209249	0.411	0.56	2.55859272529693e-26	15	FXYD1
1.06474844928716e-29	-0.260967644134568	0.632	0.725	3.19424534786147e-26	15	MANF
2.62208599958413e-29	-0.394687806003361	0.579	0.653	7.86625799875238e-26	15	ZC3H12A
4.82835725232836e-29	-0.334069267555485	0.63	0.777	1.44850717569851e-25	15	RAD21
6.67873920844847e-29	-0.317773570548103	0.511	0.6	2.00362176253454e-25	15	LOC101929065
8.39464618982427e-29	-0.407587876057603	0.611	0.717	2.51839385694728e-25	15	DDX39A
1.19226776018501e-28	-0.656458686908021	0.279	0.535	3.57680328055504e-25	15	KLRK1
5.03135703784436e-28	-0.259164611746753	0.374	0.549	1.50940711135331e-24	15	SPRY1
6.19454556002721e-28	-0.369033610919216	0.329	0.544	1.85836366800816e-24	15	MIR155HG
1.24010507552804e-27	0.378358515131666	0.528	0.545	3.72031522658411e-24	15	FLVCR2
1.88756849419996e-27	-0.518679715179949	0.546	0.639	5.66270548259989e-24	15	MAPRE2
2.78991759281796e-27	-0.350750863973072	0.681	0.886	8.36975277845388e-24	15	SELL
3.45068001979688e-27	-0.646548652348873	1	0.995	1.03520400593906e-23	15	GAPDH
3.83670332483705e-27	0.513423838464307	0.511	0.444	1.15101099745111e-23	15	PLXNB2
1.7853995533134e-26	-0.271441195956022	0.556	0.656	5.3561986599402e-23	15	LOC101927902
6.37464422640327e-26	-0.885726030743256	0.316	0.58	1.91239326792098e-22	15	RGCC
1.34948600230678e-25	-0.265352323795593	0.52	0.677	4.04845800692034e-22	15	STRA13
3.30595074430673e-25	-0.922961090471811	0.176	0.511	9.91785223292018e-22	15	XCL2
9.58278499191667e-25	-0.771770253067761	0.636	0.567	2.874835497575e-21	15	BMS1P20
2.60415326241905e-24	0.482065687656999	0.506	0.322	7.81245978725716e-21	15	NFAM1
4.54002581486187e-24	0.308395791436991	0.664	0.664	1.36200774445856e-20	15	PRMT9
5.05342927340841e-24	-0.397651373642496	0.633	0.722	1.51602878202252e-20	15	RAB27A
5.60835247144476e-24	0.389806797390629	0.464	0.354	1.68250574143343e-20	15	LOC100509457
7.07040908920018e-24	0.43447668555372	0.527	0.568	2.12112272676005e-20	15	IL6R
2.41561367026787e-23	-0.412007027052659	0.6	0.647	7.24684101080362e-20	15	MAF
2.69710145997674e-23	-0.699779001343408	0.789	0.791	8.09130437993023e-20	15	LINC00152
2.89114318471806e-23	-0.53225687181513	0.652	0.694	8.67342955415417e-20	15	PTGER4
1.10314609354043e-22	0.280371670744409	0.663	0.728	3.30943828062128e-19	15	FURIN
1.8232433982378e-22	-0.394870389067935	0.607	0.672	5.46973019471341e-19	15	SRRT
4.14642402240371e-22	-0.280965246122713	0.355	0.556	1.24392720672111e-18	15	FASLG
1.48494884863182e-21	0.56433752052918	0.485	0.362	4.45484654589545e-18	15	MARCKS
1.62811733752931e-21	0.299273202576195	0.559	0.575	4.88435201258794e-18	15	PNPLA6
2.27609552019722e-21	0.32336138849154	0.656	0.689	6.82828656059167e-18	15	LIPA
2.77047577393239e-21	-0.294091061914504	0.541	0.603	8.31142732179718e-18	15	HIST2H2BC
2.79378667560934e-21	0.364942174944278	0.493	0.378	8.38136002682803e-18	15	SGMS2
3.58655637261346e-21	0.963566228867197	0.49	0.34	1.07596691178404e-17	15	LGALS2
9.2275479291884e-21	-0.648063349237031	0.565	0.44	2.76826437875652e-17	15	SOCS1
1.13960385623983e-20	0.31349890558634	0.477	0.241	3.41881156871949e-17	15	ADAMTSL4
2.24175695232084e-20	-0.390904671827646	0.801	0.876	6.72527085696253e-17	15	PDIA6
2.78345809045335e-20	0.394188891353964	0.183	0.162	8.35037427136006e-17	15	LYPD2
3.10160529601318e-20	-0.536774914685981	0.709	0.791	9.30481588803953e-17	15	NOSIP
1.13009709155984e-19	-0.311610456767685	0.759	0.777	3.39029127467953e-16	15	FABP5
2.5027968723894e-19	-0.368272924670656	0.689	0.804	7.50839061716819e-16	15	DUT
3.15120814854583e-19	-0.398432705534735	0.632	0.618	9.45362444563748e-16	15	SLAMF1
5.31678081224413e-19	-0.575111331239689	0.919	0.944	1.59503424367324e-15	15	RAN
6.72645041286443e-19	0.300967013745597	0.646	0.683	2.01793512385933e-15	15	GNG10
1.44292080107314e-18	0.564757844574886	0.519	0.552	4.32876240321941e-15	15	CREB5
8.80133288067223e-18	-0.437882637477272	1	1	2.64039986420167e-14	15	RNR1
1.6462788260461e-17	0.395273362898937	0.621	0.663	4.9388364781383e-14	15	AHR
8.92509626778108e-17	0.629509340016315	0.503	0.505	2.67752888033432e-13	15	YBX3
2.46925353567834e-16	0.365388109549551	0.419	0.071	7.40776060703502e-13	15	PTX3
1.65089457263949e-15	-0.311786869334559	0.688	0.777	4.95268371791847e-12	15	NUCKS1
2.4479895662314e-15	-0.463464406929416	0.684	0.726	7.34396869869421e-12	15	PIK3R1
3.85319838875186e-15	-0.613179355822531	0.988	0.97	1.15595951662556e-11	15	UBC
5.53593220606637e-15	0.337320024070607	0.542	0.623	1.66077966181991e-11	15	CCRL2
2.51027778780461e-14	-0.72767946830745	0.938	0.934	7.53083336341384e-11	15	LSP1
3.38257098796024e-14	-0.699510480481198	0.961	0.959	1.01477129638807e-10	15	CORO1A
5.08124169029183e-14	-0.378237945140359	0.226	0.519	1.52437250708755e-10	15	LINC00892
1.44046563918502e-13	0.273625121254917	0.453	0.158	4.32139691755506e-10	15	CSF2RA
4.15364643529963e-13	0.358744565605353	0.694	0.749	1.24609393058989e-09	15	SERPINB9
8.22829811508343e-13	0.353029176117975	0.509	0.572	2.46848943452503e-09	15	LRG1
9.14680276814625e-13	-0.333506322783341	0.781	0.843	2.74404083044388e-09	15	HSPA5
1.22538559553727e-12	0.254043265328303	0.657	0.854	3.6761567866118e-09	15	MT1E
3.24624277042934e-12	1.02672730418969	0.478	0.495	9.73872831128803e-09	15	THBS1
9.16626137532217e-12	0.286123132287068	0.538	0.588	2.74987841259665e-08	15	ATP6V1A
9.31069435698246e-12	-0.317083613391446	0.724	0.75	2.79320830709474e-08	15	BCAS2
1.35149719826213e-11	-0.546334518250414	0.772	0.851	4.0544915947864e-08	15	IGLL5
1.54263885843718e-11	0.417438551553063	0.626	0.697	4.62791657531153e-08	15	KLF10
1.99972289819149e-11	0.481799921994977	0.703	0.844	5.99916869457446e-08	15	OAS1
5.3105379578844e-11	0.265260144739957	0.723	0.765	1.59316138736532e-07	15	XAF1
4.31918401935812e-10	0.365616845887391	0.482	0.505	1.29575520580744e-06	15	FNIP2
5.13330821411491e-10	0.324536342517765	0.381	0.439	1.53999246423447e-06	15	MARCO
5.95197531498898e-10	-0.756777019824156	0.497	0.454	1.78559259449669e-06	15	CCL4L2
7.14021111966404e-10	-0.403118986821212	0.796	0.823	2.14206333589921e-06	15	ARL6IP1
9.52145407133776e-10	0.388774949961624	0.633	0.731	2.85643622140133e-06	15	PELI1
1.18479253921946e-09	-0.333034000473504	0.81	0.83	3.55437761765838e-06	15	ACP5
2.98446519953927e-09	-0.381762524246603	0.584	0.625	8.95339559861781e-06	15	PELO
8.70989583920463e-09	-0.312683838991364	0.46	0.553	2.61296875176139e-05	15	CISH
1.74117697398414e-08	0.374733409778439	0.54	0.628	5.22353092195242e-05	15	PAK1
3.25564678164798e-08	-0.255845878466489	0.798	0.713	9.76694034494395e-05	15	H2AFV
4.67816986907619e-08	-0.311435437213972	0.666	0.56	0.000140345096072286	15	DNAJB4
5.65927213252997e-08	-0.27549816178149	0.103	0.462	0.000169778163975899	15	TNFSF9
9.03759138805431e-08	-0.470751450362814	0.597	0.661	0.000271127741641629	15	AES
9.39139456834256e-08	-0.41163676288988	0.53	0.606	0.000281741837050277	15	TPST2
1.2701148077931e-07	-0.375456665314225	0.999	0.994	0.00038103444233793	15	PTMA
1.39106593951074e-07	-0.288744407215075	0.702	0.749	0.000417319781853222	15	G3BP2
1.43061881926257e-07	0.300522086917778	0.535	0.587	0.000429185645778771	15	APP
6.83654892208754e-07	-0.502131437416907	0.747	0.815	0.00205096467662626	15	TUBA1A
1.07734750865452e-06	0.518436037703575	0.445	0.372	0.00323204252596356	15	CCR1
1.27688285343462e-06	0.60821724197035	0.519	0.723	0.00383064856030387	15	RBM47
2.998732212678e-06	-0.25921439482643	0.684	0.791	0.00899619663803401	15	ITGB1
5.77964345058732e-06	-0.339450940425282	0.96	0.898	0.017338930351762	15	IER2
1.50210547853934e-05	0.257905007145016	0.405	0.038	0.0450631643561803	15	CEACAM3
