p_val	avg_log2FC	pct.1	pct.2	p_val_adj	cluster	gene
0	3.60381075019974	0.989	0.753	0	17	STMN1
0	2.67241957797371	0.983	0.823	0	17	TUBA1B
0	2.44715400687533	0.95	0.7	0	17	TYMS
0	2.42165240575542	0.988	0.868	0	17	TUBB
0	2.26376326614704	0.878	0.471	0	17	RRM2
0	2.2349009132548	0.928	0.696	0	17	KIAA0101
0	2.19032534768942	0.987	0.816	0	17	HMGB2
0	2.16583375183932	0.995	0.847	0	17	HMGN2
0	2.05998273015173	0.995	0.823	0	17	H2AFZ
0	1.94309249612827	0.834	0.473	0	17	UBE2C
0	1.70479405542557	0.972	0.804	0	17	DUT
0	1.6733487123777	0.836	0.553	0	17	NUSAP1
0	1.63825566813684	0.839	0.771	0	17	BIRC5
0	1.51847771238148	0.894	0.689	0	17	PCNA
0	1.46839707761213	0.848	0.597	0	17	CDK1
0	1.45660058221406	0.871	0.561	0	17	CKS1B
0	1.45626056466513	0.842	0.559	0	17	MKI67
0	1.4522265649944	0.908	0.776	0	17	FABP5
0	1.44879249009631	0.888	0.522	0	17	ASF1B
0	1.44432135106395	0.875	0.588	0	17	MCM7
0	1.42400584698602	0.875	0.703	0	17	TK1
0	1.4054165950476	0.961	0.75	0	17	RANBP1
0	1.39645976381844	0.818	0.586	0	17	TOP2A
0	1.39063520328621	0.914	0.733	0	17	PTTG1
0	1.37916009910175	0.922	0.64	0	17	TMEM106C
0	1.35906398005365	0.911	0.693	0	17	CENPU
0	1.31548275860133	0.895	0.57	0	17	MAD2L1
0	1.30602907553511	0.922	0.632	0	17	CARHSP1
0	1.30085661524481	0.957	0.784	0	17	DEK
0	1.2693624834588	0.955	0.813	0	17	CKS2
0	1.26831903304511	0.773	0.559	0	17	CCNA2
0	1.25514614213587	0.853	0.624	0	17	MCM5
0	1.24517499454462	0.879	0.79	0	17	SMC4
0	1.22811925190135	0.893	0.729	0	17	CENPM
0	1.18242663108165	1	0.955	0	17	HMGB1
0	1.17648755009759	0.841	0.75	0	17	GINS2
0	1.17084236576235	0.876	0.706	0	17	SMC2
0	1.14817251730529	0.845	0.724	0	17	UBE2T
0	1.13928007708529	0.748	0.303	0	17	PLK1
0	1.13579472455428	0.929	0.775	0	17	NASP
0	1.13528255949054	0.802	0.552	0	17	CCNB2
0	1.13135901494885	0.837	0.559	0	17	ZWINT
0	1.10085364861597	0.948	0.762	0	17	RPA3
0	1.09491516039678	0.914	0.716	0	17	NUDT1
0	1.08995711799796	0.976	0.867	0	17	PKM
0	1.08294959323226	0.875	0.639	0	17	FEN1
0	1.0827578831481	0.808	0.487	0	17	UHRF1
0	1.06418872673412	0.87	0.582	0	17	RRM1
0	1.04729550048237	0.962	0.834	0	17	ANXA5
0	1.03996562578648	0.842	0.524	0	17	CLSPN
0	1.03922745331284	0.802	0.499	0	17	CDKN3
0	1.03878851364346	0.942	0.707	0	17	H2AFV
0	1.03305364861416	0.878	0.535	0	17	CENPW
0	1.02027632002595	0.822	0.432	0	17	DHFR
0	1.01165020108836	0.992	0.926	0	17	SLC25A5
0	1.00502536621493	0.915	0.744	0	17	H2AFY
0	1.00251486557264	0.931	0.79	0	17	PRDX3
0	1.00185667573388	0.955	0.747	0	17	SNRPD1
0	0.985809194726504	0.964	0.822	0	17	HN1
0	0.98560567894592	0.979	0.85	0	17	CALM3
0	0.971317214374248	0.835	0.555	0	17	CDCA8
0	0.967988987743527	0.866	0.637	0	17	RFC4
0	0.966900416322406	0.865	0.669	0	17	CDK4
0	0.966053838304147	0.909	0.678	0	17	ANP32E
0	0.946871345010673	0.983	0.902	0	17	PGAM1
0	0.945646558107605	0.925	0.899	0	17	ENTPD1
0	0.941732957174552	0.994	0.935	0	17	TPI1
0	0.890224969609406	0.896	0.715	0	17	DNMT1
0	0.888167926194211	0.991	0.943	0	17	RAN
0	0.883334519185346	0.81	0.603	0	17	AURKB
0	0.873705926304032	0.802	0.66	0	17	CENPN
0	0.87186501481188	0.815	0.598	0	17	KIFC1
0	0.866555654578207	0.872	0.634	0	17	GMNN
0	0.85881550782631	0.945	0.795	0	17	BANF1
0	0.852689453607015	0.852	0.651	0	17	DTYMK
0	0.851886988902128	0.765	0.57	0	17	TROAP
0	0.848963443328021	0.974	0.861	0	17	SNRPG
0	0.833186181489304	0.787	0.483	0	17	PKMYT1
0	0.829825713877405	0.857	0.703	0	17	EZH2
0	0.807619692222176	1	0.998	0	17	ACTB
0	0.798497650373583	0.808	0.475	0	17	NUF2
0	0.777645234993006	0.796	0.553	0	17	CENPK
0	0.764131377577582	1	0.985	0	17	PFN1
0	0.728477738700643	1	0.995	0	17	GAPDH
0	0.709112304091813	0.759	0.512	0	17	DTL
0	0.701520906566449	0.778	0.511	0	17	WDR34
0	0.671863487086511	0.769	0.457	0	17	KIF11
0	0.666532811952044	1	0.993	0	17	PTMA
0	0.654689722809412	0.917	0.741	0	17	HSBP1
0	0.651172858119412	0.778	0.353	0	17	FAM111B
0	0.641936693171826	0.81	0.563	0	17	HIRIP3
0	0.631430468373979	0.756	0.428	0	17	RAD51AP1
0	0.619032769131432	0.754	0.427	0	17	HJURP
0	0.614245355514834	0.75	0.348	0	17	SGOL1
0	0.607526585586168	0.81	0.656	0	17	ATAD5
0	0.600177749795997	0.762	0.567	0	17	SPC25
0	0.587462856870721	0.797	0.551	0	17	CDK2
0	0.583625958340616	0.805	0.623	0	17	RBBP8
0	0.562403884983219	0.8	0.461	0	17	CENPA
0	0.552883360229642	0.769	0.564	0	17	MND1
0	0.545967647543138	0.76	0.47	0	17	CEP55
0	0.527816438748608	0.715	0.365	0	17	CKAP2L
0	0.501451094429322	0.782	0.406	0	17	KIF2C
0	0.458913309602012	0.758	0.576	0	17	MCM10
0	0.379243514371259	0.685	0.242	0	17	KIF15
0	-0.916117022956953	1	1	0	17	EEF1A1
0	-1.03262197788909	0.999	0.999	0	17	RPS12
0	-1.94954036376502	0.97	0.984	0	17	JUNB
2.71632707267478e-305	1.18398591087134	0.781	0.579	8.14898121802435e-302	17	ASPM
2.88149493025394e-304	0.802528675880584	0.876	0.698	8.64448479076181e-301	17	HMGA1
3.34255043531582e-304	0.564292047306986	0.828	0.647	1.00276513059475e-300	17	SNRNP25
1.18388332478444e-303	0.801175697555927	0.966	0.832	3.55164997435333e-300	17	NAP1L1
4.34409141731779e-303	0.714681150969876	0.875	0.713	1.30322742519534e-299	17	SKA2
2.95880689069139e-302	-2.0573369543142	0.968	0.985	8.87642067207418e-299	17	ZFP36
1.6101801576227e-301	0.802490349888113	0.884	0.734	4.8305404728681e-298	17	SAE1
2.07190860007056e-300	0.701279480280083	0.748	0.526	6.21572580021168e-297	17	KIF23
6.07065971417694e-300	0.778473512200053	0.982	0.906	1.82119791425308e-296	17	COX5A
1.75602930560126e-297	0.536102722297417	0.768	0.574	5.26808791680376e-294	17	HIST1H3B
4.67790296644554e-296	0.910987103657095	0.938	0.805	1.40337088993366e-292	17	TPM4
1.75098380691195e-295	0.780944182879256	0.822	0.666	5.25295142073586e-292	17	PHF19
2.8039156721924e-295	0.697304575240017	0.821	0.591	8.41174701657721e-292	17	RFC2
2.81906644672383e-295	0.785772306381389	0.911	0.723	8.4571993401715e-292	17	LSM4
4.58295591557576e-295	0.829552836735423	0.87	0.685	1.37488677467273e-291	17	DNAJC9
9.83849118580198e-294	0.723769229792841	0.988	0.914	2.9515473557406e-290	17	GNG5
5.67810836430038e-293	0.852504046832671	0.959	0.836	1.70343250929011e-289	17	CACYBP
1.78111832407262e-292	0.58407996649114	0.781	0.517	5.34335497221785e-289	17	BCL2L12
1.53127608061914e-291	0.710235504092595	0.883	0.737	4.59382824185741e-288	17	SHMT2
2.62543336835185e-291	0.617565424167922	0.756	0.503	7.87630010505554e-288	17	MCM4
4.53310910036438e-291	1.543966722254	0.803	0.699	1.35993273010931e-287	17	CENPF
1.53210550590599e-289	0.793630436945447	0.954	0.895	4.59631651771797e-286	17	DNPH1
1.67064897182981e-288	0.791958001842059	0.845	0.715	5.01194691548942e-285	17	LMNB1
3.49782239752893e-288	0.771886706389332	0.791	0.656	1.04934671925868e-284	17	HELLS
3.97710200946946e-288	0.27821609618042	0.763	0.68	1.19313060284084e-284	17	MYBL2
2.77802993925762e-285	0.478611485740162	0.772	0.663	8.33408981777286e-282	17	DEPDC1B
1.17294336570813e-284	0.601221469092436	0.764	0.505	3.51883009712438e-281	17	FBXO5
1.21499788339523e-284	0.661302362019681	0.745	0.552	3.64499365018569e-281	17	CDC45
3.4728699646292e-284	0.973386887870454	0.749	0.503	1.04186098938876e-280	17	CCNB1
2.01772505690792e-283	0.437345553430576	0.768	0.589	6.05317517072376e-280	17	RCC1
1.17865178382881e-282	0.817976286126116	0.984	0.922	3.53595535148643e-279	17	ENO1
2.64908398019792e-281	0.528983538387971	0.761	0.531	7.94725194059377e-278	17	NCAPH
9.64355569134284e-281	0.765385255821883	0.962	0.869	2.89306670740285e-277	17	TALDO1
3.37456029104158e-280	0.455978453320978	0.748	0.619	1.01236808731248e-276	17	DIAPH3
3.6319647902893e-279	0.522861502503498	0.758	0.565	1.08958943708679e-275	17	ESCO2
6.42557191616882e-276	0.304341570993554	0.721	0.477	1.92767157485065e-272	17	OIP5
6.16149457741418e-275	0.723557983095425	0.884	0.681	1.84844837322425e-271	17	TXNDC17
8.22626904676194e-274	0.610314449870619	0.729	0.468	2.46788071402858e-270	17	FANCI
6.16880116167578e-273	0.731628029222745	0.883	0.675	1.85064034850273e-269	17	STRA13
4.01942047128158e-272	0.40517065181568	0.735	0.55	1.20582614138447e-268	17	SHCBP1
1.44247380978846e-271	0.604422184046063	0.758	0.547	4.32742142936538e-268	17	PRC1
2.92718914242313e-271	0.542850278709314	0.743	0.618	8.7815674272694e-268	17	RAD51
1.17131814705958e-266	0.718249392364527	0.86	0.711	3.51395444117873e-263	17	SMC1A
4.8216934059744e-266	0.710425603510536	0.921	0.792	1.44650802179232e-262	17	PSMA4
2.54405839689552e-265	0.805094135477273	0.932	0.775	7.63217519068656e-262	17	NUCKS1
2.79761898167021e-265	0.754444734472277	0.97	0.87	8.39285694501064e-262	17	TXN
8.62113303615865e-265	0.444350292858208	1	0.985	2.5863399108476e-261	17	PPIA
1.41820546825271e-264	1.15424405672702	0.732	0.511	4.25461640475812e-261	17	CDC20
5.89415998358022e-264	0.607057658407115	0.765	0.575	1.76824799507407e-260	17	CDCA3
2.7465068734519e-263	1.04794117538115	0.828	0.673	8.2395206203557e-260	17	MCM3
8.86730216684938e-263	0.549306273497102	0.751	0.657	2.66019065005481e-259	17	CDC6
6.58159959575538e-262	0.750351306290989	0.815	0.655	1.97447987872661e-258	17	RNASEH2A
5.41052036535502e-261	1.07876857912528	0.802	0.696	1.62315610960651e-257	17	CDCA7
6.29262506766324e-261	0.858526319382412	0.872	0.648	1.88778752029897e-257	17	SLBP
1.35050225090387e-260	0.815290485754107	0.733	0.494	4.05150675271161e-257	17	GGH
4.25267977613544e-260	0.35857680836397	0.72	0.505	1.27580393284063e-256	17	LOC102723602
2.0459753355793e-259	0.713116118562398	0.79	0.651	6.1379260067379e-256	17	CENPE
6.53927737431996e-258	0.474578200013512	0.776	0.725	1.96178321229599e-254	17	LMCD1
3.43522728906532e-257	0.637607074631513	0.985	0.927	1.0305681867196e-253	17	ATP5G3
1.92912881404473e-256	0.614261552995915	0.972	0.927	5.7873864421342e-253	17	MT2A
2.20403268555545e-255	0.705277953062914	0.93	0.759	6.61209805666636e-252	17	IDH2
4.36945222315668e-253	0.599841667760128	0.785	0.648	1.310835666947e-249	17	ACOT7
4.66331485296394e-252	0.788717488510613	0.815	0.661	1.39899445588918e-248	17	ATAD2
4.80606955517024e-252	0.447380317738144	0.735	0.609	1.44182086655107e-248	17	NEIL3
7.76378067381069e-250	0.905928009565655	0.888	0.778	2.32913420214321e-246	17	TMPO
1.4915592009604e-249	0.745669366776	0.753	0.6	4.47467760288122e-246	17	MCM2
6.58012015426238e-249	-1.37422748751791	0.984	0.983	1.97403604627871e-245	17	TSC22D3
2.80576893842731e-248	0.340016536937362	0.693	0.464	8.41730681528192e-245	17	SPAG5
3.26406883840827e-248	0.771475858930908	0.913	0.83	9.79220651522482e-245	17	MTHFD2
2.22032423065264e-247	0.774498695785939	0.822	0.646	6.66097269195791e-244	17	KIF20B
1.14327435678027e-245	0.515398977237196	0.733	0.593	3.4298230703408e-242	17	BRCA1
4.2988268596209e-245	0.749637874284304	0.729	0.507	1.28964805788627e-241	17	TCF19
1.46759159379322e-244	0.699835075877888	0.977	0.872	4.40277478137967e-241	17	YWHAQ
2.38366166768212e-242	-0.947796548675035	1	0.999	7.15098500304635e-239	17	MALAT1
2.74218660165275e-242	0.261675620741044	0.683	0.447	8.22655980495825e-239	17	CENPO
5.95883075216387e-242	0.599137935515914	0.987	0.923	1.78764922564916e-238	17	PSME2
1.6763127549836e-240	0.584292047547323	0.782	0.661	5.0289382649508e-237	17	NRM
1.6551441601017e-239	0.674886506721624	0.916	0.773	4.9654324803051e-236	17	YWHAE
3.86456066748954e-239	0.38606747278546	0.72	0.546	1.15936820024686e-235	17	DSCC1
4.78242398936208e-238	0.583385783802283	0.823	0.807	1.43472719680862e-234	17	CD38
9.79276333437082e-238	0.588406271178204	0.832	0.644	2.93782900031125e-234	17	ACYP1
3.17238013171346e-236	0.551745736892986	0.784	0.67	9.51714039514037e-233	17	BARD1
5.41135047219014e-236	0.355160610625286	0.704	0.537	1.62340514165704e-232	17	KIF4A
1.26611198752866e-234	0.618922063771486	0.967	0.885	3.79833596258599e-231	17	FKBP1A
2.81602512872961e-234	0.420867421048469	0.709	0.52	8.44807538618885e-231	17	MELK
3.19166391755159e-233	0.654616266760189	0.74	0.503	9.57499175265476e-230	17	LIG1
3.37936654771233e-231	0.610029310829594	0.788	0.64	1.0138099643137e-227	17	C19orf48
6.49729176244947e-230	0.717606376955035	0.722	0.538	1.94918752873484e-226	17	DLGAP5
8.0375185002823e-230	0.426845016616218	0.646	0.292	2.41125555008469e-226	17	CDCA2
4.26474764108959e-229	0.527238567732214	0.74	0.55	1.27942429232688e-225	17	TUBG1
6.05223025203338e-229	0.713061587599913	0.845	0.701	1.81566907561001e-225	17	USP1
1.16223434581554e-228	0.389744259805521	0.999	0.982	3.48670303744662e-225	17	CFL1
1.62013013724208e-228	0.450862955926457	0.716	0.545	4.86039041172624e-225	17	NCAPG2
8.38022552240639e-226	0.34727586130292	0.732	0.623	2.51406765672192e-222	17	POC1A
7.11250609515662e-225	0.294022229492235	0.681	0.458	2.13375182854699e-221	17	STIL
2.23501241765576e-223	0.71393847758531	0.733	0.594	6.70503725296727e-220	17	NCAPG
2.91853476722759e-223	0.576459881271382	0.885	0.737	8.75560430168278e-220	17	MIR4435-1HG
9.1904743872228e-223	1.50614681995852	0.813	0.721	2.75714231616684e-219	17	CXCL13
3.6342670756433e-222	0.539154007861046	0.992	0.944	1.09028012269299e-218	17	YBX1
8.24892859026219e-222	0.508974768530581	0.813	0.688	2.47467857707866e-218	17	HIST1H3D
1.2605509691252e-219	0.649452051432997	0.992	0.944	3.78165290737559e-216	17	LDHA
4.14114437479886e-219	0.629885502881394	0.885	0.716	1.24234331243966e-215	17	DDX39A
2.71442208988516e-215	0.81997976233539	0.799	0.676	8.14326626965548e-212	17	MCM6
3.12574668074661e-215	0.568843119270384	0.702	0.48	9.37724004223983e-212	17	CDCA5
6.78686344384227e-215	-1.84959629658627	0.963	0.979	2.03605903315268e-211	17	FOS
1.28943284726473e-214	-2.30263332828419	0.798	0.903	3.8682985417942e-211	17	IL7R
2.54030317502227e-213	-1.82566491970586	0.934	0.965	7.62090952506682e-210	17	CD69
8.13372827147371e-213	0.56125541707443	0.936	0.824	2.44011848144211e-209	17	TPR
7.07569162923497e-212	0.327928859338207	0.741	0.63	2.12270748877049e-208	17	KIAA1524
1.20015804978436e-211	0.569812925043596	0.981	0.882	3.60047414935308e-208	17	DBI
3.48976160300811e-211	0.531537236469464	0.911	0.803	1.04692848090243e-207	17	AP2S1
1.91234076113725e-210	0.504137870738189	0.795	0.634	5.73702228341174e-207	17	IFI30
3.05286914464094e-206	0.536505341879151	0.727	0.649	9.15860743392283e-203	17	ORC6
8.78042236522173e-205	0.52123819130487	0.894	0.784	2.63412670956652e-201	17	SMS
3.42342948413003e-204	-0.296771409325927	0.402	0.786	1.02702884523901e-200	17	LOC102724246
4.36800784287871e-202	0.567880470633656	0.895	0.812	1.31040235286361e-198	17	SNRPE
8.19032459982457e-202	0.368204426337287	0.688	0.509	2.45709737994737e-198	17	PBK
1.39427236333844e-201	0.456792356796617	0.97	0.882	4.18281709001532e-198	17	POMP
2.04230402226461e-200	0.658183436150073	0.855	0.63	6.12691206679384e-197	17	TUBA1C
2.65445150296309e-200	0.559568118671353	0.835	0.697	7.96335450888927e-197	17	SUPT16H
6.27539956943984e-197	0.711514628802557	0.945	0.863	1.88261987083195e-193	17	HSPD1
1.21439893818838e-196	0.563370542774871	0.774	0.679	3.64319681456514e-193	17	PAICS
4.42235405490487e-196	0.529375445562748	0.897	0.796	1.32670621647146e-192	17	GSTO1
4.67651773021427e-196	0.551542662027808	0.731	0.57	1.40295531906428e-192	17	CENPH
3.49280777578832e-195	0.892156958115387	0.747	0.713	1.04784233273649e-191	17	HMMR
1.53524070593019e-194	0.859018481214579	0.802	0.649	4.60572211779057e-191	17	KIF22
2.50344757714456e-193	0.618003599761693	0.762	0.655	7.51034273143369e-190	17	MTHFD1
3.27996714848148e-193	0.552938238754264	0.819	0.667	9.83990144544442e-190	17	CD59
7.64412987919517e-193	0.898524135916922	0.867	0.714	2.29323896375855e-189	17	H2AFX
3.73164262465194e-192	0.809572550032086	0.835	0.865	1.11949278739558e-188	17	MT1E
1.24485661349272e-190	0.424034611938182	0.823	0.648	3.73456984047816e-187	17	CD151
2.65695733700224e-189	0.493121820742236	0.693	0.541	7.97087201100673e-186	17	CHEK1
3.45949660150464e-189	0.36828124380618	0.702	0.535	1.03784898045139e-185	17	CHAF1B
2.79360495653597e-188	0.378949726830337	0.714	0.636	8.38081486960791e-185	17	ANLN
3.03616126543707e-187	0.682332395609406	0.744	0.622	9.10848379631121e-184	17	RACGAP1
3.04552500239155e-187	0.471220589600399	0.96	0.87	9.13657500717464e-184	17	BST2
7.81367102526804e-187	0.532132418170634	1	0.981	2.34410130758041e-183	17	CD74
1.0662890456168e-186	0.423185341699815	0.776	0.589	3.1988671368504e-183	17	POLD2
2.36740538688091e-186	2.30591395251676	0.963	0.914	7.10221616064272e-183	17	HIST1H4C
1.5028809503717e-182	0.554473628220056	0.948	0.873	4.50864285111509e-179	17	PDIA6
7.81547006435523e-182	0.867891287504468	0.838	0.717	2.34464101930657e-178	17	KPNA2
1.20010941909464e-180	0.499874869136266	0.861	0.798	3.60032825728393e-177	17	LAP3
2.45505980737998e-180	0.732810039734558	0.898	0.78	7.36517942213994e-177	17	RAD21
2.97277997374406e-180	0.345288155742443	0.815	0.677	8.91833992123219e-177	17	PAFAH1B3
8.143645558508e-180	1.1746210241567	0.725	0.681	2.4430936675524e-176	17	TPX2
8.1955481797485e-180	0.576113229966674	0.84	0.754	2.45866445392455e-176	17	MIS18BP1
4.16685481419777e-179	0.472071218792457	0.935	0.876	1.25005644425933e-175	17	VDAC1
4.38149713113263e-179	0.467952181259287	0.984	0.944	1.31444913933979e-175	17	SUB1
4.4973532553919e-179	0.329193478486199	0.687	0.552	1.34920597661757e-175	17	HIST1H2AH
6.69109856243676e-179	0.45078564121393	0.781	0.66	2.00732956873103e-175	17	ARL3
3.71092457056384e-178	0.512843788590792	0.682	0.566	1.11327737116915e-174	17	HIST1H3C
3.8319406183591e-177	-0.725340466346932	0.999	0.997	1.14958218550773e-173	17	RPS18
2.96915375401302e-175	0.400038907473801	0.895	0.804	8.90746126203905e-172	17	DECR1
3.34972864732663e-175	0.371255710043477	1	0.989	1.00491859419799e-171	17	ACTG1
3.11914946341733e-174	0.297591070747391	0.711	0.634	9.357448390252e-171	17	CDCA7L
1.71448121039415e-173	0.492265750176778	0.774	0.709	5.14344363118245e-170	17	SCCPDH
9.35950855317829e-173	0.556135752300235	0.825	0.669	2.80785256595349e-169	17	PRKDC
1.57319329448975e-172	0.383313296112219	0.779	0.616	4.71957988346926e-169	17	PPIF
7.80657865521682e-171	0.488444980469193	0.819	0.688	2.34197359656504e-167	17	HLA-DMA
9.53370995710748e-171	0.971508714972662	0.936	0.82	2.86011298713225e-167	17	ARL6IP1
6.11657399356647e-170	0.708298546106573	0.739	0.731	1.83497219806994e-166	17	HMGB3
6.74734779046189e-170	0.624821763457563	0.667	0.5	2.02420433713857e-166	17	KIF14
3.73031758893068e-169	0.319327583388196	0.747	0.723	1.1190952766792e-165	17	SOX4
7.48140958044389e-169	0.457756081979326	0.776	0.802	2.24442287413317e-165	17	LAYN
5.74256961177931e-168	0.728868330554503	0.641	0.393	1.72277088353379e-164	17	GTSE1
8.75190592260199e-168	0.533063432451364	0.635	0.43	2.6255717767806e-164	17	MXD3
1.17269570759322e-167	0.446359370958001	0.738	0.678	3.51808712277965e-164	17	AURKA
2.0763563912292e-167	0.428022434237783	0.964	0.854	6.22906917368761e-164	17	EIF5A
7.30306729390357e-166	0.623765413403933	0.773	0.711	2.19092018817107e-162	17	NDC80
1.00535036595787e-165	0.367766552400196	0.705	0.629	3.01605109787361e-162	17	KNSTRN
4.13642384775358e-165	0.407621230462594	0.722	0.601	1.24092715432607e-161	17	CTNNAL1
2.5031532395439e-164	0.362949880536878	0.922	0.801	7.50945971863169e-161	17	BTG3
8.03118981909151e-164	0.51756890725229	0.827	0.818	2.40935694572745e-160	17	GGCT
1.41692582377128e-163	0.45350456305726	0.993	0.936	4.25077747131384e-160	17	CRIP1
1.84846874727868e-162	0.568874593238085	0.862	0.81	5.54540624183605e-159	17	LOC100996809
2.10413868118663e-162	0.455819513971878	0.998	0.967	6.3124160435599e-159	17	HSP90AA1
2.70743457151598e-162	0.450382070914824	0.702	0.605	8.12230371454793e-159	17	CCDC34
3.02815741478116e-162	0.57206694142106	0.789	0.762	9.08447224434349e-159	17	TNFRSF9
2.34544382728246e-160	0.374719289821083	0.929	0.791	7.03633148184737e-157	17	LINC00152
2.68802832930566e-159	0.556318937875167	0.866	0.8	8.06408498791698e-156	17	HLA-DRB4
5.31998513373015e-159	0.409844885906671	0.96	0.892	1.59599554011905e-155	17	PRDX1
1.27195285809343e-156	-1.39884726894947	0.975	0.977	3.8158585742803e-153	17	JUN
5.30144206025171e-155	0.453208280106314	0.798	0.685	1.59043261807551e-151	17	LOC101928173
9.20702746865227e-155	0.385843567294301	0.902	0.797	2.76210824059568e-151	17	DUSP4
9.81408146833306e-155	0.255582596720161	0.605	0.341	2.94422444049992e-151	17	RAD54L
1.02230254318073e-154	0.396794063176968	0.932	0.832	3.0669076295422e-151	17	PRDX5
1.39434652815461e-153	0.360658561556472	0.778	0.655	4.18303958446383e-150	17	MPST
1.46021366224869e-153	0.385956085036184	0.922	0.783	4.38064098674606e-150	17	CDK2AP2
2.83826507045083e-153	0.613674656099892	0.944	0.855	8.51479521135249e-150	17	GSTP1
3.955162463232e-153	0.332719148296181	0.958	0.856	1.1865487389696e-149	17	DYNLL1
4.96321820227775e-153	-1.53522770331891	0.955	0.962	1.48896546068333e-149	17	CXCR4
9.84819126172966e-152	0.444837715685068	0.775	0.588	2.9544573785189e-148	17	HNRNPAB
2.03488556393073e-151	-0.460642932517931	1	1	6.10465669179218e-148	17	RPLP1
2.22306469531544e-151	0.474558585119666	0.888	0.809	6.66919408594633e-148	17	TMEM14C
3.84592663935417e-151	0.48942295870678	0.802	0.784	1.15377799180625e-147	17	AHCY
5.63602324826227e-149	0.761456258295258	0.484	0.286	1.69080697447868e-145	17	LOC102723407
6.14146245559394e-149	0.463122215339133	0.889	0.867	1.84243873667818e-145	17	SIRPG
9.94650017166817e-149	0.418493662452839	0.827	0.738	2.98395005150045e-145	17	ATP1B3
1.50563574527902e-147	0.440977961172518	0.983	0.913	4.51690723583706e-144	17	CALM2
4.62783623152024e-147	0.303630930092554	0.672	0.613	1.38835086945607e-143	17	PHGDH
5.66820422692222e-147	0.987682365075305	0.884	0.857	1.70046126807667e-143	17	HIST1H1E
5.95117062933429e-146	-1.58165444241098	0.858	0.913	1.78535118880029e-142	17	BTG2
1.02306147200668e-145	0.331341472363156	0.805	0.728	3.06918441602004e-142	17	PGD
1.74486370629232e-145	-1.79205303044742	0.656	0.831	5.23459111887695e-142	17	ANXA1
8.39372296514605e-145	0.422879264661699	0.776	0.756	2.51811688954381e-141	17	MYL6B
1.9420501056404e-143	0.314235189673695	0.835	0.858	5.8261503169212e-140	17	LGALS9
1.02600237640399e-141	0.508119094741639	0.883	0.883	3.07800712921197e-138	17	CTLA4
1.02716108303177e-141	0.311470383423173	0.639	0.492	3.0814832490953e-138	17	HIST1H3G
3.20877174820272e-141	0.403917232099291	0.837	0.751	9.62631524460817e-138	17	TOX
3.87339933914073e-141	0.469834651287136	0.863	0.725	1.16201980174222e-137	17	RAB27A
6.89904513316613e-141	0.27759697952095	0.758	0.647	2.06971353994984e-137	17	TSPAN3
5.58081340246553e-140	0.329372137663382	0.639	0.537	1.67424402073966e-136	17	CCNE2
3.67101279087059e-138	0.480564387444521	0.837	0.752	1.10130383726118e-134	17	CCT5
1.22204780809122e-137	0.341682722780434	0.762	0.747	3.66614342427367e-134	17	ETV7
7.62454137679564e-137	-0.755409884510203	0.557	0.753	2.28736241303869e-133	17	PTGER2
6.64895849555856e-136	0.39817978853475	0.716	0.544	1.99468754866757e-132	17	MIR155HG
9.3943417625112e-133	0.301604243037977	0.752	0.713	2.81830252875336e-129	17	LYRM4
4.89109359681224e-132	0.435095741481907	0.942	0.881	1.46732807904367e-128	17	PPA1
5.25791375845494e-132	0.464089976953985	0.796	0.756	1.57737412753648e-128	17	DCTPP1
8.607963219284e-132	0.406117388041855	0.897	0.838	2.5823889657852e-128	17	CCT6A
1.96353778238936e-131	-0.816996437459351	0.999	0.998	5.89061334716807e-128	17	RPS8
2.97974154218445e-131	0.453650412581044	0.878	0.801	8.93922462655334e-128	17	RBPJ
4.44868055090369e-131	0.326264511803561	0.725	0.554	1.33460416527111e-127	17	WDR54
1.38077179402259e-130	0.300780828571373	0.615	0.411	4.14231538206778e-127	17	DEPDC1
3.70261222787189e-130	0.414758508918426	0.925	0.83	1.11078366836157e-126	17	RPS27L
4.82310586076834e-130	0.34774050644595	0.882	0.856	1.4469317582305e-126	17	LIMS1
9.35107392070843e-130	0.276132219633921	0.629	0.52	2.80532217621253e-126	17	C21orf58
2.01179743854401e-129	0.372776255573736	0.887	0.743	6.03539231563202e-126	17	HMGN3
4.25813501858461e-129	0.285751928844095	0.878	0.78	1.27744050557538e-125	17	PHPT1
1.89856748753092e-128	0.317767896335956	0.84	0.756	5.69570246259275e-125	17	RNASEH2B
2.11204630875453e-128	0.433763031738224	0.936	0.814	6.3361389262636e-125	17	ITM2A
3.60575350723443e-127	0.390306333822224	0.679	0.586	1.08172605217033e-123	17	BUB1
5.51387818933633e-127	0.98381640076874	0.799	0.755	1.6541634568009e-123	17	HIST1H2AM
2.60551034522998e-125	0.430738934265403	0.694	0.66	7.81653103568995e-122	17	BRCA2
5.04582722626306e-125	0.273023741659848	0.873	0.799	1.51374816787892e-121	17	ATOX1
1.25763996299581e-124	0.357288446178229	0.752	0.735	3.77291988898742e-121	17	CCDC50
6.42031873505861e-122	0.559332672933724	0.815	0.779	1.92609562051758e-118	17	CKAP2
9.90851424184399e-122	0.376544840807599	0.814	0.772	2.9725542725532e-118	17	APOBEC3C
1.25700954049029e-121	0.25725911169012	0.768	0.653	3.77102862147087e-118	17	SPTBN1
1.51608344880162e-121	0.615826045271177	0.684	0.637	4.54825034640486e-118	17	DERL3
3.90447568098506e-121	0.411887452313457	0.862	0.765	1.17134270429552e-117	17	SDF2L1
3.96848781591176e-121	0.331836999076052	0.73	0.6	1.19054634477353e-117	17	SLC1A5
5.30183619781651e-121	0.310102137487273	0.938	0.853	1.59055085934495e-117	17	CTSC
9.49131600986171e-120	-0.355265480708798	0.622	0.866	2.84739480295851e-116	17	TXK
3.0166535914846e-119	0.263259512195815	0.818	0.706	9.0499607744538e-116	17	ADI1
3.97059664133536e-119	0.362380355636724	0.861	0.81	1.19117899240061e-115	17	IMPDH2
9.22012798240145e-119	0.338721867252695	0.705	0.723	2.76603839472043e-115	17	IL21
1.89809682663316e-118	0.299704664954955	0.687	0.604	5.69429047989949e-115	17	FANCL
3.21711093907116e-118	0.490040050743289	0.815	0.75	9.65133281721349e-115	17	NUCB2
3.90626427767933e-118	0.382966146216891	0.712	0.663	1.1718792833038e-114	17	NCAPD2
1.20032061242952e-117	0.452845573832236	0.912	0.789	3.60096183728857e-114	17	TUBB4B
3.04654546930376e-117	0.27119843015143	0.931	0.838	9.13963640791129e-114	17	P4HB
2.66816878376885e-116	0.289522092082256	0.781	0.597	8.00450635130653e-113	17	VOPP1
8.03002272120023e-116	0.263874427443856	0.852	0.723	2.40900681636007e-112	17	C12orf75
4.4262360974758e-114	0.325452725735047	0.685	0.596	1.32787082924274e-110	17	SLC43A3
4.85689951089256e-114	0.519632123314987	0.781	0.793	1.45706985326777e-110	17	HAVCR2
5.27557238418881e-113	0.338238436296486	0.763	0.711	1.58267171525664e-109	17	RUVBL2
6.52055286939014e-112	0.364424070150357	0.698	0.758	1.95616586081704e-108	17	ZBED2
8.07501749008691e-112	0.323696288556788	0.718	0.793	2.42250524702607e-108	17	C3orf14
6.79087322136347e-110	0.34703320975209	0.876	0.793	2.03726196640904e-106	17	NHP2
1.13473063049124e-109	0.254241189012769	0.847	0.729	3.40419189147373e-106	17	TYMP
4.66447100215554e-109	0.345320424917098	0.662	0.676	1.39934130064666e-105	17	TRIP13
6.63155313253378e-109	0.369488187742718	0.73	0.721	1.98946593976013e-105	17	SMCO4
1.21827443318421e-107	0.303407309756865	0.908	0.826	3.65482329955264e-104	17	KDELR2
2.43227487866324e-107	0.277597162239415	0.749	0.613	7.29682463598971e-104	17	UBE2S
2.45137481409071e-105	0.261331163613066	0.667	0.589	7.35412444227213e-102	17	SPATS2L
1.78620783258798e-104	0.399445557445081	0.806	0.744	5.35862349776394e-101	17	PRDX4
1.07449285509868e-103	0.271233094021415	0.572	0.411	3.22347856529605e-100	17	ECT2
1.25612871127064e-101	0.425166036814484	0.862	0.825	3.76838613381191e-98	17	IFI6
2.41608167035059e-100	0.27121152942631	0.89	0.759	7.24824501105177e-97	17	HSPB1
3.62364524750353e-100	0.318345280817954	0.692	0.636	1.08709357425106e-96	17	LOC100506100
5.47447147630025e-100	0.855113144625558	0.803	0.811	1.64234144289007e-96	17	HIST1H1B
1.86297943141256e-99	0.340877046263782	0.653	0.63	5.58893829423768e-96	17	NEK2
2.21778916662706e-97	0.261039166653608	0.719	0.656	6.65336749988119e-94	17	TESC
4.07852153703454e-97	0.352310758593226	0.762	0.77	1.22355646111036e-93	17	GPR25
2.11993274182965e-96	0.378122953810874	0.95	0.888	6.35979822548896e-93	17	CALR
4.28390273689007e-95	0.323029691785607	0.695	0.79	1.28517082106702e-91	17	FOXM1
7.2700082967282e-94	0.265719311925937	0.88	0.798	2.18100248901846e-90	17	ITGAE
3.32238013410918e-93	0.409151318551823	0.886	0.839	9.96714040232755e-90	17	SEC11C
4.72199935454577e-92	0.304972369700546	0.705	0.686	1.41659980636373e-88	17	POU2AF1
6.97639860650661e-92	0.330254491975806	0.61	0.578	2.09291958195198e-88	17	MTFR2
1.93318863633663e-91	0.292642582528559	0.622	0.618	5.79956590900988e-88	17	BUB1B
5.3130677196885e-91	-0.96143647693829	0.643	0.798	1.59392031590655e-87	17	TOB1
1.07923635032025e-90	0.251771340003924	0.802	0.852	3.23770905096075e-87	17	OAS1
1.50799240925723e-90	0.305780007584652	0.898	0.844	4.5239772277717e-87	17	C1QBP
4.65816659434128e-90	0.443149981866956	0.757	0.799	1.39744997830238e-86	17	IL2RA
9.49150570358106e-90	-0.959884512353711	0.873	0.893	2.84745171107432e-86	17	DUSP1
2.26176698748465e-88	0.28539180571363	0.681	0.63	6.78530096245395e-85	17	LOC100506844
6.7707396834574e-86	0.301679358578647	0.792	0.763	2.03122190503722e-82	17	MX1
1.81472256443302e-85	0.502417341925422	0.655	0.617	5.44416769329905e-82	17	HIST1H2BH
8.44924550287727e-85	0.280279262496429	0.675	0.674	2.53477365086318e-81	17	GEM
8.64869294135208e-84	0.293216565083403	0.795	0.719	2.59460788240562e-80	17	MANF
2.20184794500492e-81	-1.33814392682078	0.818	0.908	6.60554383501476e-78	17	LTB
9.12188208283626e-81	0.330384605181202	1	0.995	2.73656462485088e-77	17	TMSB10
1.32083808729042e-76	0.288743112990574	0.704	0.775	3.96251426187127e-73	17	HMOX1
2.98703102917333e-76	0.48938426878559	0.646	0.632	8.96109308751998e-73	17	HIST1H2AL
7.35831563001217e-76	0.312103642446987	0.733	0.603	2.20749468900365e-72	17	CDC25B
1.95042821779782e-75	0.531206993992196	0.638	0.591	5.85128465339346e-72	17	ARHGAP11A
3.95827078878722e-74	0.301263214219197	0.522	0.432	1.18748123663617e-70	17	HIST1H2AI
6.41134514702792e-73	0.260451519658101	0.785	0.789	1.92340354410838e-69	17	GBP1
3.89363950329768e-72	-1.43224945991671	0.898	0.896	1.1680918509893e-68	17	IER2
1.31762626060603e-71	0.28112959057095	0.862	0.899	3.95287878181809e-68	17	EPSTI1
9.8317586363964e-71	0.486545037445618	0.832	0.816	2.94952759091892e-67	17	HIST1H1C
1.0960826155488e-70	0.529303955355979	0.75	0.724	3.28824784664639e-67	17	UNG
2.3262603408233e-68	-0.431098871405227	0.501	0.698	6.97878102246989e-65	17	PLAC8
1.82984805272823e-67	0.594723710045606	0.652	0.767	5.4895441581847e-64	17	CASC5
4.86485614080301e-65	0.284803133618733	0.675	0.606	1.4594568422409e-61	17	HLA-DRB1
1.87790865197965e-62	0.386815611157248	0.666	0.711	5.63372595593894e-59	17	CDKN2A
1.9936747398692e-60	0.28903216735499	0.741	0.722	5.98102421960759e-57	17	GALNT2
4.99813987754028e-60	0.420052642767191	0.758	0.801	1.49944196326208e-56	17	CTSH
4.59884046406864e-59	-0.667150905726128	0.655	0.807	1.37965213922059e-55	17	CCR7
8.04808813880581e-59	0.366797787996477	0.787	0.839	2.41442644164174e-55	17	TNFRSF18
1.80769762506351e-57	0.426428710062632	0.913	0.865	5.42309287519054e-54	17	HSP90B1
2.55244866973771e-57	0.334320663656455	0.877	0.781	7.65734600921312e-54	17	LGALS1
1.02843655937206e-56	2.74853143524846	0.796	0.836	3.08530967811618e-53	17	IGJ
4.28712447211949e-55	0.583422018755502	0.878	0.879	1.28613734163585e-51	17	HIST1H1D
6.07416152081479e-55	0.330814297269996	0.696	0.657	1.82224845624444e-51	17	HLA-DQB1
1.11723084362259e-54	-1.13487089943875	0.928	0.947	3.35169253086778e-51	17	TNFAIP3
1.23545327327716e-54	0.255390094930826	0.595	0.606	3.70635981983148e-51	17	CAMK1
1.95645369948027e-54	0.326569375871838	0.608	0.582	5.86936109844081e-51	17	CDKN2C
4.23839073244835e-53	0.298074579495971	0.605	0.74	1.2715172197345e-49	17	SKA3
4.94006687365656e-52	0.315145495634012	0.582	0.598	1.48202006209697e-48	17	PRR11
8.87576813632541e-51	0.475105953178435	0.75	0.633	2.66273044089762e-47	17	GNLY
3.5653569288001e-48	-0.473115200256342	0.391	0.629	1.06960707864003e-44	17	TCF7
6.11601247762446e-47	-0.443722715228314	0.69	0.81	1.83480374328734e-43	17	PASK
1.33101471499014e-46	0.407974394636817	0.578	0.577	3.99304414497042e-43	17	SGOL2
1.71853384749646e-46	0.38523584817721	0.688	0.692	5.15560154248938e-43	17	HIST1H2BF
2.07052679328212e-46	-0.376900299486503	0.605	0.738	6.21158037984635e-43	17	SATB1
2.12819845989014e-46	0.923077984235373	0.715	0.783	6.38459537967041e-43	17	MZB1
4.85609923551869e-46	-0.441280538471501	0.395	0.611	1.45682977065561e-42	17	LOC101929065
3.58864305365133e-45	-1.00511814602685	0.945	0.941	1.0765929160954e-41	17	DNAJB1
6.57978232916162e-43	0.263824650952174	0.515	0.444	1.97393469874849e-39	17	SKA1
1.41237761410212e-39	-1.00795328319884	0.978	0.961	4.23713284230637e-36	17	KLF6
2.25999766331527e-39	-0.317744527168779	0.785	0.693	6.77999298994582e-36	17	MT1X
3.68202965035664e-39	-0.950887648290912	0.752	0.786	1.10460889510699e-35	17	SLC2A3
9.57256066938572e-38	0.262825421190943	0.785	0.864	2.87176820081572e-34	17	FOXP3
1.1204202929093e-36	-0.95919692874206	0.922	0.898	3.36126087872791e-33	17	PPP1R15A
2.56974627645047e-36	-0.53465852535903	0.776	0.848	7.70923882935141e-33	17	SAMHD1
1.28007364568707e-35	-1.24857289580135	0.812	0.824	3.84022093706122e-32	17	CCL5
3.65324089238821e-35	-0.365752976190341	0.573	0.721	1.09597226771646e-31	17	CDC14A
1.11191862237428e-33	-0.442669377547279	0.692	0.83	3.33575586712284e-30	17	GPR171
1.21724805616414e-33	-0.566024904264152	0.81	0.868	3.65174416849241e-30	17	CD55
7.77223573167709e-33	0.563508092910303	0.696	0.76	2.33167071950313e-29	17	CD79A
3.47052612084813e-32	-1.1421491046281	0.986	0.972	1.04115783625444e-28	17	NFKBIA
7.87772362190544e-32	-1.26643799446518	0.798	0.815	2.36331708657163e-28	17	GADD45B
2.07554803131096e-31	0.287352905767073	0.622	0.609	6.22664409393289e-28	17	HIST1H2AB
2.95048046911008e-31	0.702859745844503	0.828	0.811	8.85144140733023e-28	17	GZMA
5.76622651326523e-31	-0.595050766429359	0.495	0.655	1.72986795397957e-27	17	KLRG1
6.5390177218983e-31	-1.10966255429008	0.7	0.739	1.96170531656949e-27	17	FOSB
3.30206134919924e-30	-0.296816824286871	0.981	0.937	9.90618404759773e-27	17	RGS1
1.34697795568981e-29	-0.973942491722645	0.75	0.786	4.04093386706944e-26	17	TAGAP
2.28852517583584e-29	-0.437313326510497	0.444	0.656	6.86557552750754e-26	17	CAPG
3.23360467267975e-29	-0.287838072812055	0.463	0.637	9.70081401803924e-26	17	BEX2
4.33430772078333e-28	0.372949602938736	0.642	0.683	1.300292316235e-24	17	HIST1H2AG
4.48925271357674e-27	-0.390391731840039	0.635	0.718	1.34677581407302e-23	17	S1PR1
4.57391310251289e-27	-0.265930421165112	0.564	0.695	1.37217393075387e-23	17	LIPA
4.02665663229566e-26	-0.856241101736625	0.58	0.653	1.2079969896887e-22	17	KLF2
5.09192353479719e-26	-0.843353924727604	0.934	0.937	1.52757706043916e-22	17	S100A10
7.67615620270809e-26	-0.439918718672206	0.642	0.766	2.30284686081243e-22	17	TIMP1
3.07834210288131e-25	-0.272984992336852	0.512	0.68	9.23502630864392e-22	17	P2RY8
9.66338182100277e-25	-1.04667251607486	0.943	0.931	2.89901454630083e-21	17	DDIT4
7.32151083566105e-24	0.267056684962201	0.624	0.66	2.19645325069831e-20	17	HIST1H3H
3.30936355610995e-23	-0.31847868134937	0.561	0.688	9.92809066832984e-20	17	SYTL2
5.8196611938798e-23	-0.886052347360477	0.848	0.843	1.74589835816394e-19	17	SERTAD1
8.45082640917308e-23	-0.563346254674828	0.988	0.977	2.53524792275192e-19	17	FTL
1.24323478959693e-22	-0.789123061471631	0.531	0.635	3.72970436879079e-19	17	AOAH
2.46635251535527e-22	-0.627171872426536	0.669	0.723	7.39905754606582e-19	17	SOCS3
2.85020670502775e-22	-1.06356874933761	0.708	0.8	8.55062011508325e-19	17	CTSW
4.69383948767031e-22	0.385941155163945	0.649	0.657	1.40815184630109e-18	17	HIST1H4F
1.64081553585446e-21	-0.786379177921387	0.992	0.986	4.92244660756339e-18	17	PABPC1
3.72533230333402e-20	-0.47902851700084	0.983	0.97	1.11759969100021e-16	17	IFITM1
3.77711441885265e-20	-0.733923533583957	0.613	0.683	1.1331343256558e-16	17	AHNAK
4.07848084622862e-20	3.23234708011939	0.729	0.748	1.22354425386859e-16	17	LOC100293211
5.88126143830803e-20	-0.652575264501644	0.85	0.879	1.76437843149241e-16	17	FAIM3
8.3922239506095e-20	0.257370651966074	0.501	0.537	2.51766718518285e-16	17	TTK
1.10607304551389e-18	-0.659978763723031	0.693	0.73	3.31821913654168e-15	17	PIK3R1
4.70432224087438e-18	-0.54705522620055	0.515	0.656	1.41129667226231e-14	17	HOPX
7.35172168600173e-18	-0.251016156456091	0.388	0.565	2.20551650580052e-14	17	WDR86-AS1
1.26078887471824e-17	-0.332707962776354	0.559	0.718	3.78236662415473e-14	17	CLIC3
1.50095004711421e-17	-0.51035388278353	0.612	0.654	4.50285014134264e-14	17	ERN1
1.52054014523245e-17	0.962314001838089	0.774	0.855	4.56162043569734e-14	17	IGLL5
6.02181837218945e-17	-0.336550947209261	0.951	0.873	1.80654551165684e-13	17	DNAJA1
9.07722809349924e-17	-0.25445817727351	0.663	0.794	2.72316842804977e-13	17	NPC2
1.26498922386688e-16	0.338194519356487	0.601	0.699	3.79496767160064e-13	17	HIST2H2AB
1.65906101970372e-16	-0.66670580256837	0.755	0.784	4.97718305911115e-13	17	GPR183
9.81521945414511e-16	-0.291779704359194	0.465	0.415	2.94456583624353e-12	17	CCL4L1
1.91026008357167e-15	-0.935173855879369	0.58	0.636	5.73078025071502e-12	17	EGR1
2.03660879115463e-15	-0.829249722527519	0.615	0.665	6.1098263734639e-12	17	DUSP2
2.28898800561118e-15	-1.11151081241548	0.628	0.727	6.86696401683355e-12	17	GZMK
2.99460652795755e-15	-0.314600498151386	0.515	0.457	8.98381958387266e-12	17	ODC1
4.97804178004707e-15	-0.30334030926339	0.641	0.622	1.49341253401412e-11	17	LOC101060038
8.85500642847719e-15	-0.290724222729197	0.859	0.897	2.65650192854316e-11	17	SELL
9.50329441167614e-15	-0.477275696995248	0.628	0.727	2.85098832350284e-11	17	FAM65B
5.13220338270992e-14	-0.710003042224404	0.598	0.662	1.53966101481298e-10	17	AREG
1.85419854151693e-13	-0.268622966003939	0.688	0.64	5.56259562455078e-10	17	CDKN1A
2.44945483943992e-13	-0.318840397633986	0.659	0.74	7.34836451831975e-10	17	CH25H
2.6741580073425e-13	-0.265673054889313	0.422	0.428	8.02247402202749e-10	17	FCGR3A
5.31622483067192e-13	-0.389990839459587	0.566	0.49	1.59486744920158e-09	17	SNORA78
6.36979908918808e-13	-0.450549410669569	0.682	0.774	1.91093972675642e-09	17	TRAT1
1.26005542565451e-12	-0.250787802624092	0.509	0.612	3.78016627696353e-09	17	BCL2A1
1.31865896879641e-12	-0.252069521674367	0.987	0.982	3.95597690638923e-09	17	VIM
1.39798259496037e-12	0.265245345235688	0.521	0.625	4.1939477848811e-09	17	KIF20A
1.84486949737482e-12	-0.586241786737814	0.591	0.651	5.53460849212446e-09	17	MYADM
2.14438131149969e-11	-0.533482754542294	0.643	0.738	6.43314393449908e-08	17	UPP1
2.71602672969088e-11	-0.301234512858255	0.469	0.571	8.14808018907265e-08	17	FXYD1
5.24139064944619e-11	-0.406278045807493	0.481	0.604	1.57241719483386e-07	17	TUBB2A
8.13558524460328e-11	-0.28261736345935	0.377	0.427	2.44067557338098e-07	17	BCL3
1.78867603168767e-10	-0.527916821007029	0.999	0.989	5.36602809506302e-07	17	FTH1
3.67016626205392e-10	-0.554831670033038	0.457	0.444	1.10104987861617e-06	17	SOCS1
6.6184880707321e-10	-0.666276879683869	0.718	0.738	1.98554642121963e-06	17	DDIT3
1.07799720883441e-09	-0.475873599997081	1	1	3.23399162650324e-06	17	RNR2
1.39663180549051e-09	-0.298506076193042	0.838	0.732	4.18989541647153e-06	17	NFKBIZ
2.16066348301398e-09	-0.712514136436796	0.766	0.749	6.48199044904193e-06	17	NR4A2
3.73448526463066e-09	-0.264331766608925	0.571	0.673	1.1203455793892e-05	17	SMIM3
3.86344418056076e-09	-1.07959877172971	0.907	0.871	1.15903325416823e-05	17	CST7
8.39295732906052e-09	-0.346938629078365	0.911	0.837	2.51788719871816e-05	17	EMP3
9.39475914222962e-09	-0.29464278537231	0.368	0.541	2.81842774266889e-05	17	FGFBP2
2.28112960975614e-08	-0.314049341204734	0.662	0.606	6.84338882926841e-05	17	TPST2
3.06686367737609e-08	-0.25706866977956	0.434	0.445	9.20059103212826e-05	17	ADRB2
3.60104565760652e-08	-0.417589722069556	0.953	0.93	0.000108031369728196	17	S100A11
5.8806765332077e-08	-0.412366501114193	0.712	0.629	0.000176420295996231	17	JUND
1.3035871270738e-07	-0.266640510598719	0.56	0.515	0.000391076138122141	17	NCF1
4.2087513842826e-07	-0.341893900825414	0.889	0.807	0.00126262541528478	17	ITGB2
6.79932138914578e-07	-0.386608054245715	0.518	0.578	0.00203979641674373	17	PPP1R2P9
7.46648117862923e-07	-0.267728250414868	0.532	0.611	0.00223994435358877	17	PER1
1.2646372748832e-06	-0.25932635346261	0.626	0.604	0.0037939118246496	17	ZFAND2A
1.29110452500736e-06	-0.894882404447219	0.717	0.772	0.00387331357502208	17	KLRB1
1.3283770899246e-06	-0.420418562277636	0.705	0.604	0.0039851312697738	17	PRKCQ-AS1
1.86933493815356e-06	-0.281983512710925	0.545	0.591	0.00560800481446068	17	FXYD7
2.57024339463076e-06	-0.411024765713123	0.752	0.664	0.00771073018389229	17	LOC284454
3.43956588373639e-06	-0.615700786077181	0.779	0.761	0.0103186976512092	17	CSRNP1
4.20102923867574e-06	-0.83063855868989	0.495	0.582	0.0126030877160272	17	RGCC
5.94591382802695e-06	-0.445743328625179	0.828	0.781	0.0178377414840808	17	PRF1
7.25746268245047e-06	-0.265476447126697	0.579	0.637	0.0217723880473514	17	NABP1
7.53741091203548e-06	-0.737701992613696	0.85	0.851	0.0226122327361064	17	CLEC2B
8.11161574632969e-06	-0.538088736043956	0.715	0.804	0.0243348472389891	17	ATF3
1.03511439804435e-05	-0.332939362208052	0.748	0.87	0.0310534319413304	17	MAL
1.19416058300469e-05	-0.522567807140351	0.746	0.774	0.0358248174901408	17	TSPYL2
1.23385626702272e-05	-0.263606700038246	0.787	0.762	0.0370156880106816	17	RGS2
1.31505392604471e-05	-0.292617366820163	0.555	0.547	0.0394516177813413	17	KLRK1
