p_val	avg_log2FC	pct.1	pct.2	p_val_adj	cluster	gene
0	3.61384365728768	0.992	0.733	0	19	STMN1
0	2.61709423444934	0.985	0.827	0	19	TUBA1B
0	2.44790336595053	0.952	0.658	0	19	TYMS
0	2.41739366257385	0.988	0.867	0	19	TUBB
0	2.2668729573026	0.879	0.444	0	19	RRM2
0	2.25025641618265	0.934	0.636	0	19	KIAA0101
0	2.19969889184008	0.986	0.809	0	19	HMGB2
0	2.16642383450069	0.997	0.85	0	19	HMGN2
0	2.07764611076067	0.995	0.827	0	19	H2AFZ
0	1.94763898088907	0.82	0.447	0	19	UBE2C
0	1.68395256332185	0.97	0.801	0	19	DUT
0	1.68284966162009	0.844	0.52	0	19	NUSAP1
0	1.65158331721936	0.838	0.722	0	19	BIRC5
0	1.57558882875225	0.896	0.671	0	19	PCNA
0	1.48526252567821	0.852	0.554	0	19	CDK1
0	1.46646874806293	0.852	0.527	0	19	MKI67
0	1.45918782637311	0.891	0.488	0	19	ASF1B
0	1.45912664426713	0.866	0.547	0	19	CKS1B
0	1.45279285542693	0.873	0.578	0	19	MCM7
0	1.43724315929377	0.963	0.75	0	19	RANBP1
0	1.4295625523189	0.878	0.662	0	19	TK1
0	1.42930512163971	0.916	0.716	0	19	PTTG1
0	1.41000728136698	0.926	0.616	0	19	TMEM106C
0	1.40933697240922	0.827	0.553	0	19	TOP2A
0	1.40257917215195	0.911	0.773	0	19	FABP5
0	1.35187139526237	0.913	0.68	0	19	CENPU
0	1.3392256511524	0.896	0.548	0	19	MAD2L1
0	1.3226434223803	0.917	0.626	0	19	CARHSP1
0	1.28544813044358	0.774	0.514	0	19	CCNA2
0	1.28382205123336	0.957	0.78	0	19	DEK
0	1.27876062883151	0.957	0.812	0	19	CKS2
0	1.25329549792282	0.882	0.761	0	19	SMC4
0	1.24537547287925	0.999	0.954	0	19	HMGB1
0	1.2413243069285	0.855	0.622	0	19	MCM5
0	1.23459917776097	0.894	0.712	0	19	CENPM
0	1.1944972896254	0.845	0.7	0	19	GINS2
0	1.17462098893004	0.877	0.683	0	19	SMC2
0	1.15975167138456	0.752	0.296	0	19	PLK1
0	1.15105124595646	0.852	0.704	0	19	UBE2T
0	1.14770085837145	0.93	0.771	0	19	NASP
0	1.14317488537845	0.807	0.54	0	19	CCNB2
0	1.13353586351414	0.835	0.536	0	19	ZWINT
0	1.12502136116284	0.951	0.756	0	19	RPA3
0	1.10294173254319	0.909	0.705	0	19	NUDT1
0	1.09169954458806	0.877	0.624	0	19	FEN1
0	1.08745398188073	0.812	0.461	0	19	UHRF1
0	1.08090277834527	0.877	0.577	0	19	RRM1
0	1.0747615435232	0.941	0.704	0	19	H2AFV
0	1.05354335271114	0.808	0.489	0	19	CDKN3
0	1.05353248466576	0.978	0.871	0	19	PKM
0	1.04860498640889	0.982	0.843	0	19	CALM3
0	1.03840164313066	0.842	0.498	0	19	CLSPN
0	1.0359337865577	0.88	0.534	0	19	CENPW
0	1.02387486832251	0.82	0.433	0	19	DHFR
0	1.00021571446194	0.955	0.75	0	19	SNRPD1
0	0.994997559805638	0.932	0.787	0	19	PRDX3
0	0.989936981203887	0.912	0.656	0	19	ANP32E
0	0.985063648049814	0.834	0.518	0	19	CDCA8
0	0.982073494011932	0.963	0.817	0	19	HN1
0	0.981329373218294	0.992	0.928	0	19	SLC25A5
0	0.972617098841323	0.87	0.625	0	19	RFC4
0	0.963140193320821	0.866	0.658	0	19	CDK4
0	0.961692477442446	0.929	0.877	0	19	ENTPD1
0	0.960557440661136	0.984	0.901	0	19	PGAM1
0	0.946995209327977	0.994	0.935	0	19	TPI1
0	0.919424804464362	0.992	0.941	0	19	RAN
0	0.893487431415721	0.974	0.856	0	19	SNRPG
0	0.890223043475394	0.893	0.704	0	19	DNMT1
0	0.888651972487472	0.81	0.613	0	19	AURKB
0	0.888357787297914	0.817	0.567	0	19	KIFC1
0	0.878628679422456	0.872	0.617	0	19	GMNN
0	0.863441759636105	0.765	0.525	0	19	TROAP
0	0.861721431583003	0.855	0.63	0	19	DTYMK
0	0.855133566580112	0.79	0.449	0	19	PKMYT1
0	0.838718516719903	0.856	0.681	0	19	EZH2
0	0.830868244348398	0.887	0.725	0	19	SAE1
0	0.809978035425273	1	0.998	0	19	ACTB
0	0.807610229820114	0.811	0.458	0	19	NUF2
0	0.789847698665074	0.799	0.526	0	19	CENPK
0	0.78623112069153	1	0.985	0	19	PFN1
0	0.775195763145296	1	0.995	0	19	GAPDH
0	0.746837139854004	0.879	0.692	0	19	SKA2
0	0.716621158195391	0.781	0.498	0	19	WDR34
0	0.715763985893693	0.762	0.486	0	19	DTL
0	0.682778989508974	0.772	0.429	0	19	KIF11
0	0.682557195209073	1	0.994	0	19	PTMA
0	0.6682881201459	0.785	0.34	0	19	FAM111B
0	0.662225675312544	0.816	0.532	0	19	HIRIP3
0	0.64051228233027	0.765	0.42	0	19	RAD51AP1
0	0.621979676379873	0.76	0.392	0	19	HJURP
0	0.617146143885539	0.75	0.335	0	19	SGOL1
0	0.616957904681714	0.805	0.615	0	19	ATAD5
0	0.611788718057586	0.771	0.517	0	19	SPC25
0	0.595976229413627	0.802	0.537	0	19	CDK2
0	0.573599705509495	0.806	0.619	0	19	RBBP8
0	0.566543001528477	0.8	0.408	0	19	CENPA
0	0.561134558578708	0.765	0.543	0	19	MND1
0	0.539125199530949	0.772	0.534	0	19	HIST1H3B
0	0.538438372910329	0.76	0.434	0	19	CEP55
0	0.532482713225914	0.722	0.327	0	19	CKAP2L
0	0.511948776604631	0.787	0.36	0	19	KIF2C
0	0.464060088502332	0.755	0.527	0	19	MCM10
0	0.383263918642232	0.685	0.22	0	19	KIF15
0	0.280793248488441	0.767	0.615	0	19	MYBL2
0	-0.870193190487812	1	1	0	19	EEF1A1
0	-0.993770755355785	0.999	0.999	0	19	RPS12
0	-1.95256678547512	0.97	0.985	0	19	JUNB
1.1936699781284e-305	1.19741427559049	0.778	0.538	3.5810099343852e-302	19	ASPM
2.08262818397178e-305	0.930756830332954	0.965	0.835	6.24788455191533e-302	19	ANXA5
7.13677752896122e-302	0.88266096198456	0.962	0.832	2.14103325868836e-298	19	CACYBP
1.46504239300163e-301	0.824681879431437	0.852	0.68	4.3951271790049e-298	19	LMNB1
3.37396831600064e-301	0.702309029725436	0.828	0.591	1.01219049480019e-297	19	RFC2
5.5861877478297e-301	0.719515530441692	0.75	0.504	1.67585632434891e-297	19	KIF23
5.86701266508352e-301	0.528812459726729	0.767	0.52	1.76010379952506e-297	19	ESCO2
1.05987796729296e-300	0.556705703340478	0.838	0.644	3.17963390187888e-297	19	SNRNP25
1.33042029475289e-299	-2.01514690105343	0.967	0.986	3.99126088425866e-296	19	ZFP36
9.11250390277953e-298	0.78204711136718	0.822	0.642	2.73375117083386e-294	19	PHF19
7.39670094091043e-297	1.55584921749127	0.809	0.665	2.21901028227313e-293	19	CENPF
8.10800560400284e-297	0.867686962701643	0.796	0.631	2.43240168120085e-293	19	CENPN
4.42252403805578e-295	0.841393453412702	0.871	0.677	1.32675721141673e-291	19	DNAJC9
2.03147720210007e-294	0.783960338443145	0.795	0.623	6.0944316063002e-291	19	HELLS
2.21605776642406e-294	0.843883487822172	0.945	0.794	6.64817329927218e-291	19	BANF1
3.38985918735276e-292	0.627570414370412	0.758	0.494	1.01695775620583e-288	19	MCM4
1.16887713865399e-290	0.672686465637959	0.748	0.519	3.50663141596198e-287	19	CDC45
7.43023776639492e-290	0.79479152244435	0.967	0.827	2.22907132991848e-286	19	NAP1L1
7.30961046639943e-289	0.789887511255258	0.913	0.721	2.19288313991983e-285	19	LSM4
2.21345711155035e-287	0.488344143411207	0.77	0.634	6.64037133465105e-284	19	DEPDC1B
6.10723290638356e-287	0.577773644431087	0.789	0.517	1.83216987191507e-283	19	BCL2L12
6.46983754050404e-287	0.605705857658848	0.769	0.485	1.94095126215121e-283	19	FBXO5
1.18489374714589e-286	0.460545615414092	0.75	0.586	3.55468124143767e-283	19	DIAPH3
4.0015252754205e-286	0.704235335355272	0.887	0.729	1.20045758262615e-282	19	SHMT2
2.12264417098988e-285	0.804430101339344	0.956	0.887	6.36793251296963e-282	19	DNPH1
4.09843757081664e-283	0.775016753562793	0.981	0.907	1.22953127124499e-279	19	COX5A
4.17047622882094e-282	0.932440571563046	0.912	0.739	1.25114286864628e-278	19	H2AFY
5.8217845129255e-282	0.990321438331978	0.753	0.478	1.74653535387765e-278	19	CCNB1
5.88926675275395e-282	0.439565226100008	0.766	0.581	1.76678002582618e-278	19	RCC1
8.08770238818801e-282	0.533830156849194	0.762	0.501	2.4263107164564e-278	19	NCAPH
2.0832476461514e-281	0.615313594842553	0.766	0.538	6.24974293845419e-278	19	CDCA3
2.49226858938955e-281	0.626287493483483	0.733	0.448	7.47680576816864e-278	19	FANCI
5.83076926487006e-280	0.555526276960539	0.759	0.599	1.74923077946102e-276	19	CDC6
1.42998075626813e-276	0.481820759845652	1	0.986	4.2899422688044e-273	19	PPIA
3.6419246219134e-276	0.403922479858532	0.738	0.511	1.09257738657402e-272	19	SHCBP1
6.24334313016222e-276	0.304926522752946	0.723	0.444	1.87300293904867e-272	19	OIP5
6.3538485685291e-275	0.755368818332341	0.876	0.708	1.90615457055873e-271	19	HMGA1
2.38272378635342e-274	0.540918583296544	0.744	0.571	7.14817135906026e-271	19	RAD51
2.9373123838923e-274	0.878537850016776	0.938	0.803	8.81193715167689e-271	19	TPM4
6.66589821159589e-273	0.765706663714747	0.766	0.565	1.99976946347877e-269	19	MCM2
1.68417364126327e-270	1.06179436392486	0.83	0.658	5.05252092378981e-267	19	MCM3
5.38456541591618e-269	0.572521670523867	0.919	0.741	1.61536962477485e-265	19	HSBP1
1.02368608162297e-268	0.452870203439358	0.743	0.568	3.07105824486891e-265	19	NEIL3
2.27644391347665e-268	0.611796864907848	0.76	0.549	6.82933174042996e-265	19	PRC1
1.19971579560585e-267	0.798347940192619	0.985	0.918	3.59914738681756e-264	19	ENO1
4.19261276962331e-266	1.17189865701499	0.734	0.476	1.25778383088699e-262	19	CDC20
1.26679816342337e-265	0.734500361612297	0.884	0.67	3.80039449027012e-262	19	STRA13
2.9125317505448e-265	0.718268708573504	0.794	0.63	8.7375952516344e-262	19	CENPE
8.1467385348488e-264	1.0952168341511	0.8	0.668	2.44402156045464e-260	19	CDCA7
1.47961414290121e-263	0.758314091218635	0.82	0.642	4.43884242870363e-260	19	RNASEH2A
1.66909485426624e-262	0.834484431194196	0.873	0.645	5.00728456279872e-259	19	SLBP
7.40655888499447e-262	0.814485017713558	0.741	0.492	2.22196766549834e-258	19	GGH
7.71526575869317e-262	0.829078718261947	0.928	0.768	2.31457972760795e-258	19	NUCKS1
1.91089845168721e-260	0.705753694814434	0.861	0.697	5.73269535506163e-257	19	SMC1A
5.54621922265847e-260	0.613568332739088	0.789	0.618	1.66386576679754e-256	19	ACOT7
2.52004121268025e-259	0.813749895822492	0.817	0.644	7.56012363804076e-256	19	ATAD2
5.1050627552124e-259	0.488264487853312	0.773	0.699	1.53151882656372e-255	19	LMCD1
5.52453099538857e-258	0.744602569284443	0.979	0.864	1.65735929861657e-254	19	YWHAQ
6.41934880717067e-256	0.725884470445092	0.964	0.87	1.9258046421512e-252	19	TALDO1
8.52701973069933e-255	0.773654857962163	0.736	0.491	2.5581059192098e-251	19	TCF19
1.0150863207814e-254	0.517170353315493	0.738	0.556	3.04525896234419e-251	19	BRCA1
1.84723201398796e-252	0.78824707595279	0.83	0.632	5.54169604196387e-249	19	KIF20B
6.84110519936877e-252	0.356984226941485	0.74	0.568	2.05233155981063e-248	19	POC1A
2.61133495518996e-251	0.693594657859417	0.881	0.679	7.8340048655699e-248	19	TXNDC17
4.04231634073351e-251	0.363260901460721	0.722	0.495	1.21269490222005e-247	19	LOC102723602
7.65497765248037e-250	0.652261483974134	0.988	0.918	2.29649329574411e-246	19	GNG5
9.95144603281218e-250	0.689303984519943	0.97	0.869	2.98543380984365e-246	19	TXN
1.98709677875675e-249	0.690527996777587	0.919	0.79	5.96129033627026e-246	19	PSMA4
8.60151568159777e-249	0.715696328634738	0.929	0.763	2.58045470447933e-245	19	IDH2
5.21842672192882e-248	0.392779807626848	0.722	0.513	1.56552801657865e-244	19	DSCC1
3.96015127010739e-247	0.607507967303023	0.838	0.63	1.18804538103222e-243	19	ACYP1
9.24575875001781e-246	0.630625246630559	0.986	0.924	2.77372762500534e-242	19	ATP5G3
3.94247686746216e-244	0.896780218632423	0.883	0.769	1.18274306023865e-240	19	TMPO
5.29635039995098e-244	0.588388865859016	0.787	0.645	1.5889051199853e-240	19	NRM
1.89652955845341e-242	0.761788905170809	0.916	0.816	5.68958867536024e-239	19	MTHFD2
2.17981970579709e-241	0.342308234486336	0.689	0.433	6.53945911739127e-238	19	SPAG5
1.0783117014163e-240	0.360815062387949	0.706	0.497	3.23493510424889e-237	19	KIF4A
5.70147349324718e-240	1.61230688037116	0.816	0.695	1.71044204797415e-236	19	CXCL13
6.20830875918762e-240	0.265517541862031	0.68	0.43	1.86249262775629e-236	19	CENPO
8.9557463663163e-240	0.630968484965145	0.888	0.719	2.68672390989489e-236	19	MIR4435-1HG
1.02773470488829e-239	0.727240271762148	0.726	0.505	3.08320411466486e-236	19	DLGAP5
1.55822008408154e-239	0.658247643579794	0.742	0.489	4.67466025224461e-236	19	LIG1
4.51388279295103e-236	0.545055342303594	0.781	0.65	1.35416483788531e-232	19	BARD1
3.21596645958897e-235	0.613331784579189	0.787	0.618	9.6478993787669e-232	19	C19orf48
3.91782329303978e-235	0.422271453674004	0.998	0.983	1.17534698791193e-231	19	CFL1
3.92751923560496e-234	0.525142011517821	0.817	0.664	1.17825577068149e-230	19	HIST1H3D
9.22315195627064e-234	-0.927299565420521	1	0.999	2.76694558688119e-230	19	MALAT1
5.31014455977153e-233	0.56003926311161	0.823	0.777	1.59304336793146e-229	19	CD38
5.65512722769343e-233	0.425880330013911	0.708	0.486	1.69653816830803e-229	19	MELK
1.71828944642296e-232	0.722027649854051	0.741	0.564	5.15486833926889e-229	19	NCAPG
4.30242846628617e-231	0.437101660066806	0.973	0.92	1.29072853988585e-227	19	MT2A
1.36373307904561e-230	0.719483976491587	0.848	0.687	4.09119923713683e-227	19	USP1
6.61173823908468e-228	0.431373505882509	0.654	0.285	1.9835214717254e-224	19	CDCA2
7.45652376707132e-226	0.530355107410674	0.743	0.544	2.23695713012139e-222	19	TUBG1
6.76418598961718e-225	0.658516012163799	0.92	0.773	2.02925579688515e-221	19	YWHAE
8.3552394767112e-225	0.455999280298247	0.711	0.507	2.50657184301336e-221	19	NCAPG2
2.27595887210786e-222	-1.31292593505556	0.983	0.983	6.82787661632358e-219	19	TSC22D3
4.03418844998052e-222	0.850680789941961	0.798	0.657	1.21025653499416e-218	19	MCM6
5.62658561407983e-221	0.692953485999749	0.991	0.944	1.68797568422395e-217	19	LDHA
1.1958217710404e-220	-1.85759451980901	0.965	0.98	3.58746531312119e-217	19	FOS
2.38601809630296e-220	0.295940576497866	0.676	0.43	7.15805428890888e-217	19	STIL
2.76732234716509e-218	0.328434249118954	0.751	0.619	8.30196704149526e-215	19	KIAA1524
2.59102656266367e-217	0.374937883985854	0.688	0.43	7.77307968799102e-214	19	PBK
3.55992079871663e-216	0.60173661517608	0.965	0.882	1.06797623961499e-212	19	FKBP1A
1.18639348601687e-214	0.904749520708599	0.755	0.654	3.5591804580506e-211	19	HMMR
2.81347357211916e-214	0.560789868373728	0.986	0.924	8.44042071635748e-211	19	PSME2
7.88785376760929e-214	0.645148932182031	0.877	0.711	2.36635613028279e-210	19	DDX39A
4.87757627987888e-213	0.56671505144177	0.937	0.818	1.46327288396366e-209	19	TPR
3.93017570178421e-212	0.534805692059762	0.731	0.62	1.17905271053526e-208	19	ORC6
2.00688227861984e-211	0.570604521106104	0.696	0.439	6.02064683585951e-208	19	CDCA5
2.75642018921501e-209	0.569448592277229	0.779	0.658	8.26926056764504e-206	19	PAICS
8.19701295463132e-207	0.529307538011287	0.895	0.77	2.4591038863894e-203	19	SMS
1.30207141317185e-205	0.740019266844264	0.947	0.854	3.90621423951555e-202	19	HSPD1
6.48972365965108e-204	0.715608756476042	0.752	0.596	1.94691709789533e-200	19	RACGAP1
2.27684720834308e-201	0.874350225278477	0.81	0.632	6.83054162502924e-198	19	KIF22
9.48226963095881e-201	0.38422887889456	0.713	0.582	2.84468088928764e-197	19	ANLN
2.24248966338519e-200	0.943974757480215	0.873	0.711	6.72746899015558e-197	19	H2AFX
4.91629562793993e-200	0.577113502122048	0.898	0.802	1.47488868838198e-196	19	SNRPE
1.33233476533638e-199	0.372778760958684	0.706	0.497	3.99700429600914e-196	19	CHAF1B
2.38873293240166e-199	-0.349079279190505	0.497	0.19	7.16619879720497e-196	19	FCN1
8.11605391728236e-199	0.557598641295348	0.836	0.689	2.43481617518471e-195	19	SUPT16H
2.1339347985894e-198	0.829165315074068	0.834	0.828	6.4018043957682e-195	19	MT1E
2.78598100996921e-198	2.34885533292973	0.965	0.906	8.35794302990764e-195	19	HIST1H4C
1.04969928799743e-196	0.333935713418307	0.696	0.513	3.14909786399229e-193	19	HIST1H2AH
1.19174101401177e-194	0.670579755166797	0.856	0.632	3.5752230420353e-191	19	TUBA1C
2.58381839224394e-192	0.549824872876103	0.819	0.649	7.75145517673181e-189	19	CD59
5.59555698803757e-191	0.49444166637264	0.992	0.948	1.67866709641127e-187	19	YBX1
9.5976073007026e-191	0.620394276633837	0.762	0.646	2.87928219021078e-187	19	MTHFD1
1.33826155338604e-190	0.532730939238359	0.981	0.885	4.01478466015811e-187	19	DBI
2.96663276502445e-188	0.501227880981837	0.692	0.52	8.89989829507334e-185	19	CHEK1
9.52626152295624e-188	0.776559694232299	0.902	0.766	2.85787845688687e-184	19	RAD21
1.48412467053246e-187	1.18504750491095	0.727	0.63	4.45237401159738e-184	19	TPX2
1.94604140337795e-186	0.544824501739409	0.72	0.556	5.83812421013384e-183	19	CENPH
4.27723177899196e-186	0.646211365173149	0.777	0.669	1.28316953369759e-182	19	NDC80
1.42908033622338e-185	0.416485668807183	1	0.989	4.28724100867015e-182	19	ACTG1
1.13139623381879e-184	0.47417306846515	0.784	0.77	3.39418870145637e-181	19	LAYN
2.79515148871699e-183	0.884457550602611	0.837	0.702	8.38545446615098e-180	19	KPNA2
1.39182597667982e-181	0.439267053762229	0.972	0.882	4.17547793003947e-178	19	POMP
5.03509087233361e-181	0.431598555316902	0.738	0.571	1.51052726170008e-177	19	CTNNAL1
8.21102518482736e-180	0.418575480522591	0.922	0.789	2.46330755544821e-176	19	BTG3
1.12968811694137e-178	0.452185579752851	0.738	0.638	3.38906435082412e-175	19	AURKA
2.77365508065937e-176	0.54120094003193	0.949	0.876	8.32096524197812e-173	19	PDIA6
3.19038345208925e-176	0.511948566333372	0.683	0.534	9.57115035626776e-173	19	HIST1H3C
3.41348815628364e-176	0.448501644811843	0.916	0.811	1.02404644688509e-172	19	AP2S1
1.96012258965882e-175	0.505721878169169	0.992	0.934	5.88036776897645e-172	19	CRIP1
2.08785609361047e-175	0.452651195067061	0.781	0.652	6.2635682808314e-172	19	ARL3
3.42841232909893e-175	0.739472031542793	0.645	0.357	1.02852369872968e-171	19	GTSE1
6.154438086641e-175	0.351002821118226	0.81	0.667	1.8463314259923e-171	19	PAFAH1B3
8.49025804843336e-175	0.416299441447518	0.778	0.595	2.54707741453001e-171	19	POLD2
8.35620424510231e-174	0.516453352747229	0.895	0.831	2.50686127353069e-170	19	SIRPG
1.15601002709471e-173	0.468823599753049	0.898	0.789	3.46803008128413e-170	19	GSTO1
2.67061802378884e-173	0.602864097016105	0.789	0.731	8.01185407136653e-170	19	TNFRSF9
2.00042918909291e-172	0.412807793688447	0.897	0.793	6.00128756727873e-169	19	DECR1
6.40240362602137e-171	0.455336930820172	0.901	0.778	1.92072108780641e-167	19	DUSP4
2.22038536895628e-170	0.98913098955293	0.941	0.82	6.66115610686884e-167	19	ARL6IP1
1.69086474360424e-169	0.632958217723179	0.666	0.473	5.07259423081271e-166	19	KIF14
2.33476878369731e-169	-0.275885027313804	0.396	0.735	7.00430635109194e-166	19	LOC102724246
2.36522883442058e-169	0.451988267394084	0.959	0.871	7.09568650326174e-166	19	BST2
2.72821134764717e-169	0.557403770914605	0.823	0.666	8.18463404294151e-166	19	PRKDC
9.62967261069825e-169	0.370699557401646	0.704	0.602	2.88890178320948e-165	19	KNSTRN
2.28836089403005e-168	0.489407965842132	0.77	0.698	6.86508268209016e-165	19	SCCPDH
2.82865479509208e-168	0.45322012987565	0.984	0.943	8.48596438527624e-165	19	SUB1
1.33001978233969e-167	0.408825768664259	0.927	0.79	3.99005934701907e-164	19	LINC00152
1.44153121759083e-167	0.397681958247635	0.818	0.649	4.32459365277249e-164	19	CD151
9.05307889493802e-166	0.464582827358661	0.941	0.872	2.7159236684814e-162	19	VDAC1
2.22537183942669e-165	0.696034356974469	0.741	0.712	6.67611551828007e-162	19	HMGB3
2.6283333313045e-165	0.456597712757637	0.699	0.574	7.88499999391351e-162	19	CCDC34
1.56724739128598e-164	0.517804932243739	0.825	0.803	4.70174217385795e-161	19	GGCT
3.69346333897607e-163	0.281081805150736	0.709	0.623	1.10803900169282e-159	19	CDCA7L
7.77041939653328e-161	0.444280264074097	0.924	0.773	2.33112581895998e-157	19	CDK2AP2
2.63393231669204e-160	0.456766741634889	0.998	0.967	7.90179695007613e-157	19	HSP90AA1
1.00487660682581e-159	0.351655199807999	0.785	0.62	3.01462982047742e-156	19	PPIF
1.16247225883254e-158	-1.73148673249296	0.936	0.951	3.48741677649762e-155	19	CD69
5.92386831177463e-157	-2.18582661207463	0.802	0.87	1.77716049353239e-153	19	IL7R
8.32987310028658e-157	0.566155438565892	0.88	0.844	2.49896193008597e-153	19	CTLA4
1.26906778509654e-156	0.525582378488939	0.837	0.747	3.80720335528963e-153	19	MIS18BP1
1.86751296926811e-156	0.259826088189269	0.748	0.702	5.60253890780434e-153	19	SOX4
2.80503606078034e-153	0.48412916628383	0.791	0.666	8.41510818234102e-150	19	LOC101928173
4.3833655932403e-153	-0.697389693855095	0.999	0.998	1.31500967797209e-149	19	RPS18
5.06979851058851e-153	0.369027213063896	0.785	0.648	1.52093955317655e-149	19	MPST
1.77295939340446e-152	0.41456366586465	0.965	0.86	5.31887818021339e-149	19	EIF5A
3.24500891697878e-152	0.53471814005007	0.627	0.42	9.73502675093635e-149	19	MXD3
8.2301426317048e-152	0.440199931447158	0.78	0.744	2.46904278951144e-148	19	MYL6B
2.95312104171204e-151	0.258489402152719	0.603	0.325	8.85936312513613e-148	19	RAD54L
6.0571492997799e-151	0.314671522670661	0.648	0.482	1.81714478993397e-147	19	HIST1H3G
9.06035230240366e-151	0.426961470733856	0.838	0.74	2.7181056907211e-147	19	TOX
1.18142258351745e-149	0.47331068062296	0.809	0.77	3.54426775055236e-146	19	AHCY
3.87486118696518e-149	0.504602676366811	0.934	0.794	1.16245835608955e-145	19	ITM2A
5.16873165038057e-149	0.368570985474533	0.871	0.797	1.55061949511417e-145	19	LAP3
8.52628584929467e-149	0.995018841629794	0.89	0.847	2.5578857547884e-145	19	HIST1H1E
2.03828351007311e-148	0.304962016161596	0.622	0.352	6.11485053021934e-145	19	DEPDC1
4.47630586530267e-147	0.297866143684659	0.67	0.575	1.3428917595908e-143	19	PHGDH
6.98304753606185e-146	0.332108225318399	0.635	0.499	2.09491426081856e-142	19	CCNE2
4.02774565758448e-145	0.436879961709664	0.777	0.586	1.20832369727535e-141	19	HNRNPAB
7.81524502874405e-144	0.340547707148285	0.957	0.851	2.34457350862321e-140	19	DYNLL1
1.28485846508041e-142	0.481219159382467	0.887	0.804	3.85457539524122e-139	19	TMEM14C
1.9583382074292e-142	0.357339932847608	0.761	0.72	5.87501462228761e-139	19	ETV7
3.51362534215466e-142	0.482513176062807	0.852	0.716	1.0540876026464e-138	19	RAB27A
2.27208595508778e-141	-1.46438479370255	0.952	0.96	6.81625786526333e-138	19	CXCR4
7.47414492148821e-141	-1.23694453138036	0.803	0.66	2.24224347644646e-137	19	IFI30
2.35191778151099e-139	0.394891478986009	0.687	0.553	7.05575334453298e-136	19	BUB1
4.29444127181826e-139	0.395855012362892	0.933	0.835	1.28833238154548e-135	19	PRDX5
1.77338072708029e-138	0.321466883902729	0.733	0.549	5.32014218124088e-135	19	WDR54
1.78743496436727e-138	0.371892856746229	0.962	0.893	5.36230489310181e-135	19	PRDX1
8.21539466737727e-138	-1.76048927668757	0.653	0.818	2.46461840021318e-134	19	ANXA1
1.36822363889792e-137	0.279781104740718	0.633	0.483	4.10467091669375e-134	19	C21orf58
6.46991755420132e-136	0.405600283372981	0.816	0.748	1.94097526626039e-132	19	APOBEC3C
2.86863647086301e-135	0.308504394979816	0.754	0.699	8.60590941258902e-132	19	LYRM4
1.87500297897705e-134	0.46625742763551	0.801	0.741	5.62500893693116e-131	19	DCTPP1
1.38548187905665e-133	-1.55368120951219	0.856	0.912	4.15644563716995e-130	19	BTG2
7.14017701517303e-133	0.427502569833278	0.898	0.826	2.14205310455191e-129	19	CCT6A
2.05726895165022e-132	0.416799419431793	0.984	0.911	6.17180685495065e-129	19	CALM2
3.5792640838735e-132	0.378250507579485	0.826	0.737	1.07377922516205e-128	19	ATP1B3
2.43330916996394e-131	0.468382388100869	0.835	0.743	7.29992750989182e-128	19	CCT5
6.88057170144019e-131	0.265393483659112	0.772	0.636	2.06417151043206e-127	19	SPTBN1
4.50549795462087e-130	0.309869602815752	0.697	0.591	1.35164938638626e-126	19	FANCL
1.30052866545811e-128	0.317172664755103	0.851	0.704	3.90158599637432e-125	19	C12orf75
1.5321857351793e-128	0.379933965100308	0.715	0.538	4.59655720553791e-125	19	MIR155HG
3.75174042419037e-128	-1.33604367518186	0.975	0.974	1.12552212725711e-124	19	JUN
2.41845040829352e-127	0.490750139704414	0.825	0.734	7.25535122488056e-124	19	NUCB2
2.87528592134379e-127	0.514255821911781	0.912	0.784	8.62585776403137e-124	19	TUBB4B
2.9354062287102e-127	0.996302569275593	0.799	0.742	8.8062186861306e-124	19	HIST1H2AM
5.4048668569374e-127	-0.81010633104444	0.999	0.999	1.62146005708122e-123	19	RPS8
1.87617677358015e-125	0.459039722209786	0.88	0.794	5.62853032074046e-122	19	RBPJ
2.04459358551772e-125	0.352602023304841	0.699	0.672	6.13378075655315e-122	19	IL21
6.09062550350498e-124	-0.434274212657292	1	1	1.8271876510515e-120	19	RPLP1
4.5818246805247e-123	0.384541440503479	0.86	0.799	1.37454740415741e-119	19	IMPDH2
1.85992781878087e-122	0.393057161491406	0.714	0.645	5.5797834563426e-119	19	NCAPD2
2.26540966520539e-122	0.365734792517283	0.702	0.719	6.79622899561616e-119	19	ZBED2
3.67105755662965e-122	0.257764750930755	0.809	0.728	1.10131726698889e-118	19	PGD
4.02633121687702e-122	0.370372674556719	0.943	0.875	1.20789936506311e-118	19	PPA1
1.85539008933167e-121	0.353037910442244	0.668	0.619	5.566170267995e-118	19	TRIP13
4.00861874619912e-121	0.283351773605497	0.987	0.951	1.20258562385974e-117	19	ARPC1B
2.30032476281713e-120	0.353581597761598	0.765	0.692	6.90097428845139e-117	19	RUVBL2
2.37989347266e-120	0.295384436298874	0.688	0.614	7.13968041798001e-117	19	DERL3
8.18006972414269e-120	0.261909462562852	0.82	0.7	2.45402091724281e-116	19	ADI1
9.18419124511176e-120	0.566838807455223	0.805	0.763	2.75525737353353e-116	19	CKAP2
1.11415634246814e-119	0.309285822081573	0.834	0.749	3.34246902740442e-116	19	RNASEH2B
1.7586983272049e-118	0.490321888766042	0.942	0.863	5.27609498161469e-115	19	GSTP1
3.39650125030455e-118	0.422446079893865	0.681	0.649	1.01895037509137e-114	19	BRCA2
1.07764499328869e-117	0.287893726189392	0.883	0.785	3.23293497986607e-114	19	PHPT1
2.46758652692083e-117	0.36482172883097	0.863	0.758	7.40275958076249e-114	19	SDF2L1
2.96677439808684e-117	0.336742931033413	0.73	0.589	8.90032319426053e-114	19	SLC1A5
4.34883544519157e-117	0.40761623681205	0.921	0.832	1.30465063355747e-113	19	RPS27L
1.62302367450982e-116	0.324315703759253	0.717	0.759	4.86907102352945e-113	19	C3orf14
2.25535801033921e-116	0.327461200841	0.699	0.727	6.76607403101762e-113	19	FOXM1
7.07718232962641e-114	0.303421022797775	0.938	0.85	2.12315469888792e-110	19	CTSC
1.82152455910851e-113	0.33004923820168	0.887	0.75	5.46457367732554e-110	19	HMGN3
7.91703211886413e-113	0.311617634802832	0.684	0.573	2.37510963565924e-109	19	SLC43A3
4.6755991952923e-112	-0.713448210339003	0.556	0.723	1.40267975858769e-108	19	PTGER2
6.36336521052117e-112	0.282545074708975	0.9	0.786	1.90900956315635e-108	19	BATF
1.95303489401371e-111	0.513088306130928	0.786	0.774	5.85910468204113e-108	19	HAVCR2
5.29664718952267e-111	0.296867780252177	0.846	0.702	1.5889941568568e-107	19	LAG3
5.83719731565587e-111	0.859063280620804	0.808	0.782	1.75115919469676e-107	19	HIST1H1B
3.50465702022364e-110	0.294837328093126	0.88	0.85	1.05139710606709e-106	19	LIMS1
9.98900813246668e-110	0.294479184718402	0.758	0.604	2.99670243974e-106	19	UBE2S
4.31956713902967e-109	0.275666080500374	0.581	0.393	1.2958701417089e-105	19	ECT2
8.86528943534971e-109	0.276048123999055	0.952	0.853	2.65958683060491e-105	19	HSPE1
5.10169545048679e-108	0.347576052824236	0.649	0.58	1.53050863514604e-104	19	NEK2
1.3086711466573e-107	0.298842698404581	0.753	0.732	3.92601343997191e-104	19	CCDC50
1.5550255380504e-107	-0.436053629222929	0.514	0.805	4.66507661415121e-104	19	APOC1
4.31240727997137e-107	0.266962837017254	0.931	0.832	1.29372218399141e-103	19	P4HB
9.27045337326113e-107	0.348740969142576	0.874	0.793	2.78113601197834e-103	19	NHP2
1.23280595564672e-106	0.379524365793736	0.763	0.737	3.69841786694015e-103	19	GPR25
6.74064510898277e-104	0.336060606433269	0.692	0.627	2.02219353269483e-100	19	LOC100506100
3.81474567672491e-103	0.259245144706795	0.668	0.571	1.14442370301747e-99	19	SPATS2L
6.51111714119008e-103	0.256554120310849	0.784	0.611	1.95333514235703e-99	19	VOPP1
3.97402780108648e-102	0.309833168532306	0.819	0.742	1.19220834032594e-98	19	PRDX4
6.8514263663605e-100	0.289829880552471	0.88	0.781	2.05542790990815e-96	19	ITGAE
3.06356231498614e-99	-1.02351246136102	0.87	0.896	9.19068694495842e-96	19	DUSP1
6.05439312689011e-99	0.334104370284561	0.613	0.553	1.81631793806703e-95	19	MTFR2
1.04457731766527e-98	0.293424483448257	0.622	0.558	3.13373195299582e-95	19	BUB1B
2.41651480875318e-97	0.280330175962843	0.912	0.83	7.24954442625955e-94	19	KDELR2
3.14260570782772e-97	0.465864353367989	0.762	0.777	9.42781712348316e-94	19	IL2RA
8.01810374572396e-94	0.292865934789888	0.678	0.612	2.40543112371719e-90	19	LOC100506844
2.61561785739469e-93	0.282262504421609	0.69	0.662	7.84685357218407e-90	19	GEM
3.19102294757993e-91	0.506664865377092	0.664	0.593	9.5730688427398e-88	19	HIST1H2BH
1.16718798094928e-90	0.301683480849796	0.734	0.727	3.50156394284784e-87	19	SMCO4
1.83079667832996e-88	0.367230881907091	0.952	0.889	5.49239003498987e-85	19	CALR
5.04966033609167e-88	0.321262993527743	0.899	0.841	1.5148981008275e-84	19	C1QBP
1.54083898597853e-86	0.356877327503527	0.855	0.826	4.62251695793559e-83	19	IFI6
5.36401043924096e-86	0.327922910899928	0.882	0.84	1.60920313177229e-82	19	SEC11C
2.27346611662037e-83	0.349402659530307	0.738	0.59	6.82039834986111e-80	19	CDC25B
3.77135827243805e-83	0.558899079392134	0.755	0.703	1.13140748173142e-79	19	UNG
7.9735748008086e-83	-0.325559904484258	0.616	0.821	2.39207244024258e-79	19	TXK
2.21902161770475e-82	0.251741527668918	0.706	0.658	6.65706485311424e-79	19	INPP1
2.78161552241453e-82	0.496401109252573	0.648	0.606	8.3448465672436e-79	19	HIST1H2AL
4.46627245568168e-81	0.250794674931169	0.823	0.804	1.3398817367045e-77	19	SNX9
9.78972297423674e-81	0.602560301430173	0.662	0.714	2.93691689227102e-77	19	CASC5
1.61060780670182e-79	0.256206076191634	0.797	0.718	4.83182342010546e-76	19	MANF
1.45521449965402e-77	-0.90534836420986	0.638	0.782	4.36564349896207e-74	19	TOB1
7.249169040204e-77	0.531549224284326	0.634	0.557	2.1747507120612e-73	19	ARHGAP11A
2.87895084837731e-76	-1.41483871270208	0.898	0.902	8.63685254513193e-73	19	IER2
8.04197562491474e-76	0.310387472819736	0.53	0.401	2.41259268747442e-72	19	HIST1H2AI
3.92757449277405e-73	-0.352653360541015	0.534	0.396	1.17827234783222e-69	19	C15orf48
3.15880673039925e-72	-0.531892361487576	0.498	0.695	9.47642019119774e-69	19	PLAC8
3.62179989783974e-71	0.418281623540593	0.789	0.815	1.08653996935192e-67	19	TNFRSF18
1.38917252075353e-69	0.309863182175917	0.745	0.701	4.1675175622606e-66	19	GALNT2
9.94224664018191e-69	-0.285325792387893	0.518	0.371	2.98267399205457e-65	19	MS4A7
5.16727566742225e-67	-1.29950112079714	0.816	0.897	1.55018270022668e-63	19	LTB
2.75284826008109e-66	0.290687334508465	1	0.995	8.25854478024327e-63	19	TMSB10
1.27309679856301e-65	0.256939801840856	0.867	0.889	3.81929039568904e-62	19	EPSTI1
1.44697321731978e-65	0.475308938893122	0.826	0.811	4.34091965195935e-62	19	HIST1H1C
5.58633148953099e-64	0.601866032041907	0.88	0.865	1.6758994468593e-60	19	HIST1H1D
5.42878842910843e-62	0.581443452201452	0.747	0.608	1.62863652873253e-58	19	GNLY
1.17374770379824e-60	0.392142102833447	0.661	0.692	3.52124311139471e-57	19	CDKN2A
2.12372261076831e-59	0.288815702678262	0.83	0.804	6.37116783230493e-56	19	TNFRSF4
7.64868812663856e-59	-0.525907248459602	0.739	0.736	2.29460643799157e-55	19	AIF1
1.59963668760563e-58	-0.267309535400851	0.408	0.607	4.79891006281688e-55	19	LINC01272
6.50316457291238e-53	0.32385009717166	0.613	0.574	1.95094937187371e-49	19	CDKN2C
5.76756175675132e-52	0.304720042047312	0.602	0.704	1.73026852702539e-48	19	SKA3
1.62746314817447e-50	-0.348892565012027	0.92	0.845	4.88238944452342e-47	19	GPX1
3.18201092655876e-50	0.413530779268668	0.58	0.549	9.54603277967628e-47	19	SGOL2
1.05562902034558e-49	0.393188876344306	0.689	0.672	3.16688706103675e-46	19	HIST1H2BF
1.24655975966517e-46	-0.944150692308899	0.545	0.433	3.73967927899552e-43	19	S100A8
3.39718878421516e-46	0.305570902570194	0.789	0.83	1.01915663526455e-42	19	FOXP3
2.76001056720776e-45	0.312970806294281	0.575	0.577	8.28003170162327e-42	19	PRR11
5.85871601288449e-45	0.831073221236713	0.821	0.777	1.75761480386535e-41	19	GZMA
6.08987362446311e-45	0.340029325156829	0.914	0.865	1.82696208733893e-41	19	HSP90B1
1.66794354937575e-44	0.267651924105765	0.514	0.406	5.00383064812726e-41	19	SKA1
1.95207148073947e-44	-0.635098841832728	0.652	0.783	5.8562144422184e-41	19	CCR7
2.03191586799328e-44	0.643236113281377	0.797	0.834	6.09574760397984e-41	19	IGJ
1.49725296683673e-43	0.526582152220234	0.709	0.767	4.49175890051019e-40	19	MZB1
4.71206165769351e-43	-0.262870439589341	0.784	0.683	1.41361849730805e-39	19	MT1X
2.90075608276677e-40	-0.435240248355913	0.396	0.606	8.70226824830032e-37	19	TCF7
1.69567610403882e-39	-0.416762518492446	0.395	0.594	5.08702831211645e-36	19	LOC101929065
1.80914207306577e-39	-0.924914111919971	0.988	0.979	5.42742621919732e-36	19	FTL
3.04191749128799e-39	-0.979110761300242	0.923	0.902	9.12575247386397e-36	19	PPP1R15A
3.26276820669256e-39	-0.946495525117488	0.746	0.78	9.78830462007769e-36	19	SLC2A3
3.58891453085173e-39	-0.359150849496418	0.602	0.716	1.07667435925552e-35	19	SATB1
1.41478451428662e-38	-1.10596846283723	0.695	0.751	4.24435354285987e-35	19	FOSB
3.33596561101864e-38	-0.300788485582405	0.32	0.558	1.00078968330559e-34	19	LOC102725101
4.72948367576819e-38	0.299200655409388	0.627	0.575	1.41884510273046e-34	19	HIST1H2AB
6.56079841563241e-38	-1.04957130794577	0.925	0.931	1.96823952468972e-34	19	TNFAIP3
4.26426117738684e-37	-0.584920860908827	0.453	0.67	1.27927835321605e-33	19	CAPG
5.03838203163628e-35	-0.554341661162534	0.767	0.829	1.51151460949088e-31	19	SAMHD1
6.23780932005051e-35	0.283985483891109	0.777	0.72	1.87134279601515e-31	19	CD8B
1.13102613972536e-34	-1.2516021573035	0.795	0.816	3.39307841917608e-31	19	GADD45B
1.92450251795386e-33	0.261160231017394	0.764	0.699	5.77350755386158e-30	19	CD8A
2.50239184817876e-32	-0.585799993408181	0.809	0.857	7.50717554453627e-29	19	CD55
1.00048578718474e-31	-0.844632842039155	0.645	0.766	3.00145736155422e-28	19	TIMP1
1.00515684311424e-31	-0.344643423064141	0.702	0.672	3.01547052934271e-28	19	HLA-DQB1
1.62923453371878e-31	-0.926684733927491	0.945	0.935	4.88770360115635e-28	19	DNAJB1
3.5697895081221e-30	-0.301849842731013	0.56	0.69	1.07093685243663e-26	19	LIPA
4.57175140258551e-30	-1.10679074762259	0.985	0.972	1.37152542077565e-26	19	NFKBIA
7.93845261870183e-30	-0.657634967333724	0.655	0.802	2.38153578561055e-26	19	NPC2
8.81027963776665e-30	-0.5305290947497	0.49	0.635	2.64308389133e-26	19	BCL2A1
5.9573828161851e-29	-0.938030994882392	0.98	0.958	1.78721484485553e-25	19	KLF6
1.19525754936836e-28	0.372431514669389	0.646	0.669	3.58577264810508e-25	19	HIST1H2AG
5.48150439307452e-28	-0.92020680523361	0.934	0.928	1.64445131792236e-24	19	S100A10
5.87589145591218e-28	-0.252129713157787	0.534	0.638	1.76276743677365e-24	19	ZBTB10
1.08448824661208e-27	0.404640939342114	0.651	0.633	3.25346473983623e-24	19	HIST1H4F
1.22478936299049e-27	-0.406875622655073	0.696	0.776	3.67436808897148e-24	19	PASK
2.51161594253293e-27	-0.640203482145354	0.675	0.733	7.53484782759879e-24	19	SOCS3
1.98312652948795e-26	-0.834025465161298	0.572	0.647	5.94937958846385e-23	19	KLF2
3.91803064904551e-26	0.271639128402305	0.62	0.639	1.17540919471365e-22	19	HIST1H3H
7.70723077246477e-26	-0.858395722636487	0.845	0.845	2.31216923173943e-22	19	SERTAD1
1.12190879405749e-25	-0.780344922966606	0.641	0.571	3.36572638217246e-22	19	BMS1P20
3.41467506788604e-24	-0.747227714912834	0.992	0.986	1.02440252036581e-20	19	PABPC1
1.08786135822898e-23	-0.570850016360515	0.495	0.625	3.26358407468693e-20	19	KLRG1
2.66451044281159e-23	-0.326721437499114	0.575	0.69	7.99353132843478e-20	19	CDC14A
8.83854677132249e-23	-0.919319184381708	0.755	0.776	2.65156403139675e-19	19	TAGAP
1.76093509899923e-22	0.346932922107918	0.605	0.668	5.28280529699769e-19	19	HIST2H2AB
5.04487339812138e-21	-0.337099470210289	0.423	0.62	1.51346201943641e-17	19	C1QA
6.5223284803604e-21	-0.256211039670218	0.512	0.663	1.95669854410812e-17	19	P2RY8
7.89577766741815e-21	-0.765578491950348	0.999	0.99	2.36873330022545e-17	19	FTH1
2.1013566849765e-20	-0.756101541613844	0.757	0.785	6.3040700549295e-17	19	GPR183
2.4294819404884e-20	-0.274103979929444	0.462	0.61	7.28844582146519e-17	19	BEX2
2.8909339063932e-20	-0.729191148372835	0.617	0.68	8.67280171917959e-17	19	AHNAK
3.17792654871e-20	-0.384539679876711	0.688	0.795	9.53377964613001e-17	19	GPR171
4.88192359034963e-20	-0.987879254730524	0.6	0.669	1.46457707710489e-16	19	AREG
1.51973603349992e-19	-1.18399817670664	0.806	0.797	4.55920810049975e-16	19	CCL5
3.99118670501806e-19	-0.752438257820001	0.53	0.617	1.19735601150542e-15	19	AOAH
5.78905999248599e-19	-0.947669838646314	0.565	0.64	1.7367179977458e-15	19	EGR1
1.29596304634263e-18	-0.266284332272361	0.632	0.59	3.88788913902789e-15	19	LOC101060038
3.46770290894646e-18	0.267904478365383	0.523	0.564	1.04031087268394e-14	19	KIF20A
4.05548549788402e-18	-0.975624956226508	0.947	0.929	1.21664564936521e-14	19	DDIT4
4.72871646132514e-18	-0.367391546885921	0.634	0.693	1.41861493839754e-14	19	S1PR1
2.0800663761122e-17	0.566183296320225	0.778	0.843	6.24019912833659e-14	19	IGLL5
2.42958207886722e-17	-0.64887593491822	0.691	0.726	7.28874623660166e-14	19	PIK3R1
2.65571656252107e-17	1.31306472929806	0.731	0.744	7.96714968756322e-14	19	LOC100293211
2.97594303560652e-17	0.258252331190574	0.495	0.502	8.92782910681955e-14	19	TTK
3.94373412008458e-17	-0.597180657037705	0.599	0.663	1.18312023602538e-13	19	MYADM
4.35755614174911e-17	-0.281922193782715	0.55	0.656	1.30726684252473e-13	19	SYTL2
1.32379921550629e-16	-0.367177593587081	0.578	0.479	3.97139764651886e-13	19	SNORA78
2.47232610113382e-16	-0.279996158886662	0.86	0.876	7.41697830340146e-13	19	SELL
4.2516142039262e-16	-0.495191661297805	0.627	0.719	1.27548426117786e-12	19	FAM65B
5.21394841658883e-16	-0.356028259357101	0.831	0.744	1.56418452497665e-12	19	PRF1
7.51923784046615e-16	-0.315814986679506	0.948	0.877	2.25577135213985e-12	19	DNAJA1
6.27728460211894e-15	-0.312110278476478	0.954	0.863	1.88318538063568e-11	19	ATP6V0C
1.132979635894e-14	-0.495951496567419	0.507	0.637	3.398938907682e-11	19	HOPX
4.9545209070389e-14	-0.759702002495831	0.763	0.754	1.48635627211167e-10	19	NR4A2
8.56777459929476e-14	-0.256473672706837	0.607	0.629	2.57033237978843e-10	19	MS4A6A
9.08653199509954e-14	-0.77212440561244	0.621	0.67	2.72595959852986e-10	19	DUSP2
9.65632156416292e-14	-0.570882917861946	0.642	0.733	2.89689646924888e-10	19	UPP1
1.51913279950461e-13	-1.17167422681783	0.625	0.611	4.55739839851384e-10	19	TYROBP
2.38062493860945e-13	-0.472983946756762	0.613	0.638	7.14187481582836e-10	19	ERN1
4.97870099911544e-13	-0.973569333218508	0.712	0.777	1.49361029973463e-09	19	CTSW
1.21458043002385e-12	-0.264285777823233	0.512	0.459	3.64374129007156e-09	19	ODC1
1.6146867114319e-12	-0.327485313480067	0.56	0.693	4.8440601342957e-09	19	CLIC3
2.4600599422941e-12	-0.64304990340622	0.399	0.587	7.38017982688231e-09	19	SERPINA1
2.90760334778802e-12	-0.653697436386399	0.712	0.744	8.72281004336405e-09	19	DDIT3
6.41664185056788e-12	-0.64000495804692	0.848	0.856	1.92499255517036e-08	19	FAIM3
7.0544524213341e-12	-0.322561395797824	0.509	0.672	2.11633572640023e-08	19	SPI1
2.51714846028613e-11	-0.270399294760759	0.773	0.71	7.55144538085839e-08	19	SOD2
6.69693951086374e-11	-0.299569488508555	0.675	0.687	2.00908185325912e-07	19	GRN
9.00279841204342e-11	-0.257550735184367	0.438	0.4	2.70083952361303e-07	19	CCL4L1
9.4861542563337e-11	-0.270904555771522	0.486	0.618	2.84584627690011e-07	19	PLEK
1.68959786794308e-10	-0.411987678023064	0.984	0.966	5.06879360382924e-07	19	IFITM1
1.72899409470948e-10	-0.490708244104065	1	1	5.18698228412845e-07	19	RNR2
2.16830134873592e-10	-0.37547225959392	0.485	0.594	6.50490404620776e-07	19	TUBB2A
5.45740038969761e-10	-0.669770593375693	0.834	0.842	1.63722011690928e-06	19	RNASET2
9.09648132247964e-10	-0.283623280760341	0.57	0.656	2.72894439674389e-06	19	SMIM3
1.3842237182759e-09	-0.963769957275558	0.448	0.462	4.15267115482769e-06	19	S100A9
1.50858096215384e-09	-0.297271911893735	0.659	0.603	4.52574288646153e-06	19	TPST2
1.90642530151049e-09	-0.39671217135592	0.697	0.592	5.71927590453146e-06	19	PRKCQ-AS1
2.14336168946706e-09	-0.354778331649976	0.415	0.422	6.43008506840119e-06	19	FCGR3A
3.2786584677789e-09	-0.448770829098255	0.573	0.545	9.83597540333672e-06	19	LST1
4.2088831979253e-09	-0.688187579858134	0.553	0.63	1.26266495937759e-05	19	GLUL
6.6063648895887e-09	-0.286659333631592	0.371	0.527	1.98190946687661e-05	19	PLAUR
7.48919093706065e-09	-0.261874936472341	0.38	0.423	2.2467572811182e-05	19	BCL3
7.85752390928959e-09	-0.364686818580478	0.666	0.718	2.35725717278688e-05	19	CH25H
9.61318265475987e-09	-0.283130544032243	0.986	0.98	2.88395479642796e-05	19	VIM
3.86031299117822e-08	-0.283070525351208	0.465	0.548	0.000115809389735346	19	FXYD1
6.45588241086898e-08	-0.55744432171226	0.833	0.768	0.000193676472326069	19	NKG7
9.01031167964999e-08	-0.546889403752602	0.414	0.538	0.0002703093503895	19	C1orf162
9.15529927701039e-08	-0.268376803306503	0.562	0.521	0.000274658978310312	19	KLRK1
9.19857818365486e-08	-0.288525470620103	0.535	0.603	0.000275957345509646	19	PER1
9.95802619791498e-08	-0.531886489799814	0.452	0.438	0.000298740785937449	19	SOCS1
1.05873345249708e-07	-1.03197122524749	0.63	0.692	0.000317620035749123	19	GZMK
2.50739611074697e-07	-0.345260209057644	0.695	0.658	0.000752218833224091	19	CDKN1A
3.45611152203802e-07	-0.761360815576838	0.489	0.583	0.00103683345661141	19	RGCC
5.52736320721316e-07	-0.551187943739381	0.717	0.801	0.00165820896216395	19	ATF3
7.75473767127925e-07	-0.596860231380701	0.777	0.767	0.00232642130138377	19	CSRNP1
1.06597985414422e-06	-0.274391034942109	0.574	0.63	0.00319793956243265	19	NABP1
1.55130705072635e-06	-0.322213115229801	0.835	0.736	0.00465392115217904	19	NFKBIZ
2.46878817979687e-06	-0.398410803295428	0.707	0.623	0.0074063645393906	19	JUND
2.78081483974567e-06	-0.571257956745396	0.645	0.668	0.00834244451923702	19	ZNF331
3.02387205782433e-06	-0.557161165299344	0.749	0.667	0.00907161617347299	19	CCL4
3.77648860648856e-06	-0.428521324858256	0.466	0.615	0.0113294658194657	19	LOC102725018
4.49911589444491e-06	-0.58692827106344	0.827	0.805	0.0134973476833347	19	YPEL5
5.8358857207699e-06	-0.604672221865505	0.959	0.94	0.0175076571623097	19	S100A6
7.05421045680911e-06	-0.343137121973481	0.499	0.584	0.0211626313704273	19	SESN1
7.88429928832386e-06	-0.396335412830632	0.753	0.663	0.0236528978649716	19	LOC284454
8.47905144822556e-06	-0.364724048951361	0.909	0.845	0.0254371543446767	19	EMP3
8.98120537589499e-06	-0.300987994243922	0.562	0.514	0.026943616127685	19	NCF1
9.4473626484133e-06	-0.321874143417892	0.998	0.98	0.0283420879452399	19	HSPA8
1.44710434077968e-05	-0.254919320068245	0.693	0.644	0.0434131302233905	19	GABARAPL1
1.62238526404911e-05	-0.277704709614223	0.793	0.788	0.0486715579214732	19	GCHFR
