statistic	p.value	sumsq	meansq	gene	method	p_adjust
166.35164377406	2.475104091901e-53	182.74338844788	91.3716942239398	CTSW	anova	3.40079302227197e-49
117.562669812231	6.60900701150971e-41	148.957298139699	74.4786490698494	RPS26	anova	4.54038781690717e-37
110.549417115858	5.77616399657425e-39	143.229379790468	71.6146898952339	HLA-B	anova	2.64548311043101e-35
97.4846226752456	3.1482196518535e-35	131.840034513927	65.9200172569636	TRDV3	anova	1.08141345041168e-31
92.5340149821183	9.05454112566592e-34	127.25897380913	63.6294869045651	S100A4	anova	2.48818790133299e-30
88.7189660754265	1.25304119474765e-32	123.621710614485	61.8108553072424	KIR3DL2	anova	2.86946433597212e-29
86.4176420882142	6.21732157623292e-32	121.380858660629	60.6904293303143	GZMB	anova	1.22037140653486e-28
82.7196756718556	8.37889302039274e-31	117.703790235187	58.8518951175935	CHI3L2	anova	1.43907487625245e-27
63.3224289853446	1.26163525795069e-24	96.7277080240644	48.3638540120322	HSPA1B	anova	1.92609649380472e-21
63.1425224267327	1.44654924077032e-24	96.5187114117562	48.2593557058781	TRGV9	anova	1.98755865681841e-21
62.7822494916761	1.90285547528762e-24	96.0993253210008	48.0496626605004	GNLY	anova	2.37683947549562e-21
61.4436057177582	5.28771940660395e-24	94.5309317110689	47.2654658555344	SRGN	anova	6.05443872056152e-21
60.3841931309036	1.19166850947e-23	93.2782838994913	46.6391419497457	LITAF	anova	1.25950194770137e-20
59.0673755862656	3.28689859420689e-23	91.7070271543193	45.8535135771596	AREG	anova	3.22585619174305e-20
58.7875919997705	4.08032561918155e-23	91.3711272999462	45.6855636499731	TRGV8	anova	3.7375782671703e-20
57.4886889444203	1.11686104845659e-22	89.8021604722079	44.901080236104	TXNIP	anova	9.59104425362098e-20
57.3554527971596	1.23874088282772e-22	89.6403284340781	44.8201642170391	PRF1	anova	1.00119410176782e-19
56.665414951893	2.11989297054438e-22	88.7995076238567	44.3997538119283	TSC22D3	anova	1.61818496751554e-19
56.3933507611644	2.62109919781029e-22	88.4667520175649	44.2333760087824	CLECL1	anova	1.89546857778492e-19
54.1347096893967	1.53976067683483e-21	85.6768035726094	42.8384017863047	RPS14	anova	1.05781558498553e-18
48.9054793590312	9.86918915088437e-20	79.0235572704385	39.5117786352193	XCL1	anova	6.4572694730072e-17
48.5357287505576	1.3288315552029e-19	78.5425399986143	39.2712699993071	HSPA1A	anova	8.01779268757629e-17
48.523356803928	1.34213414711976e-19	78.5264203444973	39.2632101722487	FKBP5	anova	8.01779268757629e-17
46.6699745915288	6.00194673163264e-19	76.0933838807406	38.0466919403703	RPS27	anova	3.43611450385969e-16
44.8456129771371	2.65084343023235e-18	73.6625440760189	36.8312720380095	AL157402.2	anova	1.4569035492557e-15
44.235942499471	4.36548591955591e-18	72.8421197361534	36.4210598680767	ISG20	anova	2.3069914051807e-15
43.4981880680443	7.99685135782694e-18	71.8438523262037	35.9219261631019	S100A6	anova	4.06950880209415e-15
42.9790734027993	1.22567039911949e-17	71.1378039157963	35.5689019578982	HSP90AA1	anova	6.01453974425064e-15
42.4556983306116	1.88690973736241e-17	70.4229065002372	35.2114532501186	NR4A2	anova	8.75893048498584e-15
42.4394197811202	1.91243023689647e-17	70.4006216331656	35.2003108165828	RPL41	anova	8.75893048498584e-15
41.6365144087096	3.71402787657429e-17	69.2977486179028	34.6488743089514	DNAJB1	anova	1.64615300077841e-14
40.28242772875	1.14330575106787e-16	67.4211092886489	33.7105546443244	C20orf204	anova	4.90906906864766e-14
40.2365632899108	1.18781904917063e-16	67.3571757618991	33.6785878809495	KIR2DL3	anova	4.94564658654682e-14
39.7173181732637	1.83133416595837e-16	66.6316623028837	33.3158311514418	GZMA	anova	7.40074454125529e-14
38.9233275304448	3.55677893130853e-16	65.5161765420483	32.7580882710241	CXCR3	anova	1.39628978617655e-13
36.6641445251754	2.38013629566201e-15	62.3013663099365	31.1506831549682	HLA-A	anova	9.08418686177669e-13
36.5113298263827	2.70848614737773e-15	62.0816985028128	31.0408492514064	XCL2	anova	1.00579999094514e-12
36.2911789979043	3.26321612136108e-15	61.7647380195901	30.8823690097951	RPL37	anova	1.1799102501974e-12
35.4709720112265	6.54315174278907e-15	60.5786449014762	30.2893224507381	CD8A	anova	2.30520269092107e-12
35.3899821541722	7.00935933898584e-15	60.4610788380576	30.2305394190288	CD55	anova	2.40771493294164e-12
35.2485336162756	7.90511275203644e-15	60.2555563313942	30.1277781656971	TUBB	anova	2.6491768100727e-12
35.0755123965636	9.15880102042083e-15	60.0038236233136	30.0019118116568	BTG1	anova	2.99623633382338e-12
34.9564896693779	1.01354782747789e-14	59.8304398258063	29.9152199129031	PCSK1N	anova	3.23863887198749e-12
34.8951726690814	1.06788215559514e-14	59.7410491735496	29.8705245867748	NR4A1	anova	3.33470473133572e-12
34.5342419480246	1.45257722942547e-14	59.2139229999159	29.6069614999579	CXCR6	anova	4.43520247384576e-12
34.4901097439453	1.50831125163548e-14	59.1493584217456	29.5746792108728	CAPG	anova	4.5052601298851e-12
34.4402152788384	1.57391554674217e-14	59.0763345513202	29.5381672756601	CREM	anova	4.60119140685902e-12
34.2196744282669	1.90002367205035e-14	58.7531864475472	29.3765932237736	PLPP1	anova	5.43881776124413e-12
33.5433207333044	3.38870806657767e-14	57.7583594915984	28.8791797457992	RPL39	anova	9.5022140479137e-12
32.2656690235831	1.01551871735296e-13	55.863326714158	27.931663357079	RPL37A	anova	2.79064543528595e-11
31.9812730011913	1.29760821263358e-13	55.4386719114965	27.7193359557483	GADD45B	anova	3.49590918462459e-11
31.654810286435	1.71991263285077e-13	54.9499212602734	27.4749606301367	RPS4Y1	anova	4.54453837987877e-11
31.5612004636427	1.86476626758252e-13	54.8095233560629	27.4047616780315	CD52	anova	4.83431858803468e-11
31.5268910687617	1.92087555162923e-13	54.7580370628062	27.3790185314031	RPS29	anova	4.88756112581215e-11
30.2566155500758	5.7746194682209e-13	52.8410248937565	26.4205124468783	UBB	anova	1.44260493624282e-10
30.0139936004837	7.13058176421467e-13	52.4724735017976	26.2362367508988	RPS21	anova	1.74953916857696e-10
29.7063463177744	9.31999157865662e-13	52.0040292439962	26.0020146219981	EEF1B2	anova	2.20787386708176e-10
29.7169039751932	9.23468646628496e-13	52.020125782307	26.0100628911535	TRDV1	anova	2.20787386708176e-10
29.6490962449729	9.79655036888018e-13	51.9167182564379	25.9583591282189	TRBC1	anova	2.28143393336294e-10
29.2925451913348	1.33683413499927e-12	51.3719698882255	25.6859849441127	PRDM1	anova	3.02422336249909e-10
29.2875854273174	1.34263191493773e-12	51.3643803047933	25.6821901523966	FOS	anova	3.02422336249909e-10
29.0350493460177	1.67380932052339e-12	50.9775083142357	25.4887541571178	NFKBIZ	anova	3.70937742967603e-10
29.0160878505665	1.70176458385538e-12	50.9484259394997	25.4742129697498	RPS28	anova	3.71146752097983e-10
28.3880648480829	2.94775597359506e-12	49.9824669380232	24.9912334690116	MT-ATP8	anova	6.32846360581189e-10
28.2113811932058	3.44138584694448e-12	49.7097545454361	24.8548772727181	ARID5B	anova	7.27456023646417e-10
28.0481138810106	3.97114224570778e-12	49.4573755263286	24.7286877631643	GSTP1	anova	8.26719612970074e-10
27.4837958703016	6.51905335133006e-12	48.5822674083056	24.2911337041528	PLEK	anova	1.33689243354142e-09
26.7312802766527	1.26495606384811e-11	47.4085519316502	23.7042759658251	CEBPD	anova	2.55595534077545e-09
26.0179763354883	2.37600104949646e-11	46.288796292584	23.144398146292	PTMS	anova	4.73134122030165e-09
25.8184608624144	2.83515236856489e-11	45.9743305424758	22.9871652712379	EEF1A1	anova	5.56499907772594e-09
25.1350568052926	5.19892985154187e-11	44.8929702500704	22.4464851250352	CST7	anova	9.92129113335908e-09
25.1465094745968	5.1462906241537e-11	44.9111459417606	22.4555729708803	EMP3	anova	9.92129113335908e-09
25.0770860604462	5.47379634545156e-11	44.8009408174188	22.4004704087094	B2M	anova	1.0302734491302e-08
24.76441761045	7.22881214156416e-11	44.3037582361093	22.1518791180546	NFKBIA	anova	1.34221457871745e-08
24.6957920514941	7.68419213318736e-11	44.1944501097799	22.09722505489	TRGV4	anova	1.40774399879992e-08
24.017178687121	1.40731901521782e-10	43.1099440475241	21.5549720237621	CD8B	anova	2.5442846406701e-08
23.9125677060869	1.54516196035317e-10	42.9421795938554	21.4710897969277	BCL3	anova	2.75721108250032e-08
23.5672069956859	2.10418194419291e-10	42.3872129554606	21.1936064777303	VIM	anova	3.7065974247706e-08
23.4253995617739	2.38896252149953e-10	42.1588441591262	21.0794220795631	GFOD1	anova	4.15498038549412e-08
23.2782799752883	2.72544443087728e-10	41.921614694139	20.9608073470695	TIGIT	anova	4.68095081003173e-08
23.00959667207	3.46776389173451e-10	41.4875584624191	20.7437792312096	LAYN	anova	5.88235504597927e-08
22.9461896509953	3.67075556036742e-10	41.384972568987	20.6924862844935	MT-ND5	anova	6.15075382920102e-08
22.9071286770149	3.80170744946757e-10	41.3217470342378	20.6608735171189	RPL36A	anova	6.21850718520052e-08
22.918416807701	3.76338889119201e-10	41.3400206906539	20.670010345327	KLRC2	anova	6.21850718520052e-08
22.8419387760691	4.03079837263554e-10	41.2161789997955	20.6080894998978	ANXA6	anova	6.51566701647204e-08
22.8017763592394	4.1787935308329e-10	41.15110959973	20.575554799865	TNFRSF18	anova	6.67635152484234e-08
22.669843684209	4.70449464380856e-10	40.9371931884481	20.468596594224	IRF8	anova	7.42985705815283e-08
22.5840735455498	5.08141965344042e-10	40.7979892701674	20.3989946350837	PDCD4	anova	7.93394386798539e-08
22.2038625090714	7.15350410131882e-10	40.1796201033167	20.0898100516584	SYTL3	anova	1.1043724309227e-07
22.111758240198	7.77210333235956e-10	40.0295053650525	20.0147526825263	TYROBP	anova	1.18654110874023e-07
21.3849759181643	1.49723268621319e-09	38.840598645123	19.4202993225615	IER2	anova	2.2606568251175e-07
21.2777880743047	1.64954444224231e-09	38.6645960733987	19.3322980366993	RPS4X	anova	2.4635587648271e-07
21.1517463150678	1.84869616808519e-09	38.4574175781842	19.2287087890921	ZFP36L2	anova	2.73129949994521e-07
21.0743149195481	1.98284987119356e-09	38.3300244690438	19.1650122345219	RPL35A	anova	2.89833587555314e-07
20.8707741915441	2.38405162771334e-09	37.994726403742	18.997363201871	TRGV2	anova	3.44809151208224e-07
20.4975174342137	3.34395069407873e-09	37.3782457915941	18.689122895797	CD7	anova	4.78602943090018e-07
20.4339017785649	3.54265541521219e-09	37.2729687497902	18.6364843748951	FCRL6	anova	5.01815313453768e-07
20.3768593298802	3.73090156434152e-09	37.1785180885666	18.5892590442833	PHYKPL	anova	5.23087627490331e-07
20.3349285941315	3.87565997882286e-09	37.1090582255508	18.5545291127754	HSPH1	anova	5.35400001884233e-07
20.3289790295084	3.89665212433939e-09	37.099200407919	18.5496002039595	ATP5F1E	anova	5.35400001884233e-07
19.9440027964303	5.52873503544527e-09	36.4602031581853	18.2301015790926	PTP4A3	anova	7.52126924623941e-07
19.7583695485421	6.54609582412174e-09	36.1512842594051	18.0756421297026	RPL32	anova	8.81797613955223e-07
19.5010250747771	8.27521623712289e-09	35.7221658511089	17.8610829255545	MT2A	anova	1.10389777765115e-06
19.3105691353428	9.84451095396842e-09	35.4039361808461	17.7019680904231	LINC01871	anova	1.30061135103391e-06
19.2847195120984	1.00794039797445e-08	35.3607019661249	17.6803509830625	CSF1	anova	1.31896200649228e-06
19.2494814997131	1.04087084711739e-08	35.3017490254898	17.6508745127449	SLC2A3	anova	1.34920428673518e-06
18.8403760438613	1.51236475377627e-08	34.6159320168112	17.3079660084056	CD160	anova	1.94204595484916e-06
18.8238144369346	1.53543556587499e-08	34.5881145536339	17.2940572768169	PHLDA1	anova	1.95341524769651e-06
18.711169596418	1.70202287296089e-08	34.3988007601948	17.1994003800974	NKG7	anova	2.14548571325529e-06
18.6639364963422	1.77717239031274e-08	34.3193616991426	17.1596808495713	HLA-DRB1	anova	2.21984987662701e-06
18.6268050829123	1.83858406876929e-08	34.2568881318438	17.1284440659219	CRYBG1	anova	2.27586892836847e-06
18.5159865731213	2.03484533477356e-08	34.070310143669	17.0351550718345	IRF1	anova	2.49631918748113e-06
18.3800664961241	2.30455500257007e-08	33.8412122972796	16.9206061486398	CXCR4	anova	2.80217572878874e-06
18.36274375598	2.34141704761722e-08	33.8119937942052	16.9059968971026	RPL34	anova	2.82202370475971e-06
18.1929191333899	2.73571526675446e-08	33.5253031502322	16.7626515751161	PLEKHF1	anova	3.26858502306141e-06
18.1413032845743	2.86830272851955e-08	33.4380792368761	16.719039618438	RPL10	anova	3.39745512843609e-06
18.1257942993104	2.90938912143651e-08	33.4118630696503	16.7059315348251	SERF2	anova	3.41666722466134e-06
18.015418841714	3.21939406021762e-08	33.225178487152	16.612589243576	HAPLN3	anova	3.7486842701178e-06
17.8055404401349	3.90344993568241e-08	32.8696778968928	16.4348389484464	RPLP2	anova	4.50700858119969e-06
17.7276637947204	4.19292405219413e-08	32.7375933236068	16.3687966618034	UBASH3B	anova	4.80089803976228e-06
17.5905378436246	4.75608341061462e-08	32.5047882456214	16.2523941228107	ARL6IP5	anova	5.38243182987712e-06
17.58527280639	4.77916072230719e-08	32.4958437118616	16.2479218559308	IL7R	anova	5.38243182987712e-06
17.4074390739235	5.62840321936214e-08	32.1934761686191	16.0967380843095	GZMH	anova	6.28733823040941e-06
17.3740314066955	5.80411442120098e-08	32.136618630921	16.0683093154605	HSPE1	anova	6.4313332376856e-06
17.3067384009266	6.17496640714823e-08	32.022037641163	16.0110188205815	SMAP2	anova	6.76413552617418e-06
17.3018320448816	6.20291904146977e-08	32.0136807327243	16.0068403663621	LINC00944	anova	6.76413552617418e-06
17.2424304606309	6.55160638540397e-08	31.912473195667	15.9562365978335	BATF	anova	7.08811588468114e-06
17.0297918711007	7.96937647139932e-08	31.549729648619	15.7748648243095	HLA-E	anova	8.5546275560177e-06
16.9935746141085	8.23992255286461e-08	31.4878753620039	15.7439376810019	GBP2	anova	8.77647564933022e-06
16.967383081558	8.44130983659059e-08	31.4431308501259	15.721565425063	FCER1G	anova	8.92181516575036e-06
16.8892748275947	9.07174344520817e-08	31.3096299756214	15.6548149878107	IFITM3	anova	9.51494312497406e-06
16.8510489414946	9.39731143412655e-08	31.2442601795323	15.6221300897661	CCL4L2	anova	9.78174690188627e-06
16.8104746039167	9.75573938868718e-08	31.1748491540791	15.5874245770396	TNFRSF9	anova	1.00784856541776e-05
16.7979637916565	9.86900574573053e-08	31.1534415229413	15.5767207614706	CDC42	anova	1.01194133542043e-05
16.7240475288545	1.05657006704763e-07	31.0269108360717	15.5134554180358	ZC3H12A	anova	1.07535353490626e-05
16.7080009078935	1.07233618286181e-07	30.9994306735337	15.4997153367669	RPL38	anova	1.08337493768538e-05
16.5703849405077	1.21763468393483e-07	30.7635937203263	15.3817968601632	NCR3	anova	1.22118982169815e-05
16.4125174532921	1.40885833429167e-07	30.492682540098	15.246341270049	HOPX	anova	1.40273286327301e-05
16.396289946096	1.4301508253272e-07	30.4648126988196	15.2324063494098	FTH1	anova	1.41368865755365e-05
16.2499153547562	1.63744153324681e-07	30.2132338886888	15.1066169443444	KLRC1	anova	1.60703190477223e-05
16.162709736657	1.77503289974411e-07	30.0631891468066	15.0315945734033	LAG3	anova	1.72971291081447e-05
15.7858750866626	2.51644182114195e-07	29.4134217381324	14.7067108690662	PIM1	anova	2.43492328327397e-05
15.7321182057272	2.64503816597643e-07	29.3205453913004	14.6602726956502	MT-ND3	anova	2.54145625178435e-05
15.6514062426309	2.850627580617e-07	29.1810117057487	14.5905058528743	MT-ND4	anova	2.71997381650539e-05
15.5758691467823	3.05756520714274e-07	29.0503298259983	14.5251649129991	RPS15	anova	2.89730661697526e-05
15.5318049618258	3.18518666543476e-07	28.974055004178	14.487027502089	AC020571.1	anova	2.99756608103243e-05
15.5167207988409	3.23009341217531e-07	28.947937265264	14.473968632632	RPS3A	anova	3.01914853627814e-05
15.4269136729473	3.5109426738961e-07	28.7923636032439	14.3961818016219	RPS12	anova	3.25948326617111e-05
15.3375062094103	3.81492689833416e-07	28.6373536784445	14.3186768392222	TRGV5	anova	3.51792587806116e-05
15.1437683851383	4.56753217688647e-07	28.3010202655656	14.1505101327828	PIM2	anova	4.18385947402801e-05
15.0862657514128	4.81841311966167e-07	28.2010780075842	14.1005390037921	PDE4B	anova	4.38443683868552e-05
15.0547349881792	4.96181250345615e-07	28.1462534356711	14.0731267178355	EIF5	anova	4.48521735509786e-05
15.0258516886836	5.09693274107142e-07	28.09601810221	14.048009051105	CYTIP	anova	4.57724548119747e-05
15.0046590817187	5.19842150770783e-07	28.0591502554925	14.0295751277463	DDX5	anova	4.63807217635751e-05
14.9882926262941	5.27818628097105e-07	28.030673289856	14.015336644928	UTY	anova	4.67885674197047e-05
14.9713398670384	5.36210574898919e-07	28.0011716181817	14.0005858090908	MT-ND4L	anova	4.72277775584048e-05
14.8741374747441	5.86983052866325e-07	27.8319276056291	13.9159638028146	TP53INP1	anova	5.13703639897026e-05
14.7068250928906	6.85956324039848e-07	27.5402534741948	13.7701267370974	HNRNPL	anova	5.96521512171361e-05
14.4123588977406	9.0265891323772e-07	27.0258102678642	13.5129051339321	RPS27A	anova	7.80033551439389e-05
14.3620921592836	9.46003258355637e-07	26.9378515401429	13.4689257700714	CTLA4	anova	8.12380298112903e-05
14.3537270643369	9.53416748470892e-07	26.9232099715711	13.4616049857856	FAM118A	anova	8.13661249937271e-05
14.3296809732076	9.75054152118484e-07	26.8811153377027	13.4405576688514	GPRIN3	anova	8.18042145029407e-05
14.3281906762048	9.76411293921563e-07	26.8785061417458	13.4392530708729	GIMAP1	anova	8.18042145029407e-05
14.3308258928146	9.74012816667948e-07	26.8831198260428	13.4415599130214	RPL35	anova	8.18042145029407e-05
14.2557243792822	1.04474529359744e-06	26.751589236822	13.375794618411	CCNE2	anova	8.69987899032053e-05
14.222930163615	1.07722980931985e-06	26.694125548535	13.3470627742675	FASLG	anova	8.91634793979202e-05
14.1447351271725	1.15884238776895e-06	26.557037389588	13.278518694794	PELI1	anova	9.53442778918885e-05
14.087775108245	1.22217868506014e-06	26.4571146504449	13.2285573252224	CLEC2B	anova	9.99567567424187e-05
14.0773415819926	1.23415172471856e-06	26.4388057737924	13.2194028868962	CD46	anova	0.000100338726021497
13.9203334332708	1.42924338673199e-06	26.1630708421315	13.0815354210658	PTPRCAP	anova	0.000115516494904103
13.7586528796232	1.6626061800889e-06	25.8787079819985	12.9393539909992	RPL13	anova	0.000133591864996617
13.4222962814458	2.27821237108343e-06	25.28574858932	12.64287429466	TNFSF14	anova	0.000181992081271432
13.4013752917971	2.32332738061571e-06	25.2488056013044	12.6244028006522	IL2RB	anova	0.000184523226645433
13.2981098031487	2.559519212207e-06	25.0663500046996	12.5331750023498	SLA2	anova	0.000202113758481174
13.2098313887398	2.78048140879113e-06	24.9102346628993	12.4551173314496	CAPN2	anova	0.000218307511753086
13.179791829195	2.85996336878699e-06	24.857081999646	12.428540999823	MAP3K8	anova	0.000220763464534456
13.18304229582	2.85125389968509e-06	24.8628341684715	12.4314170842358	CCL3L1	anova	0.000220763464534456
13.1874711386958	2.83942991315741e-06	24.8706713621266	12.4353356810633	SOCS3	anova	0.000220763464534456
13.1473300029572	2.94842375720448e-06	24.7996265205768	12.3998132602884	TNFAIP3	anova	0.000226320348737371
12.9979660095963	3.39224597176698e-06	24.5350360931862	12.2675180465931	NAP1L4	anova	0.000258941442511546
12.9824068557369	3.44217885962775e-06	24.5074525808466	12.2537262904233	DNAJA1	anova	0.000261301312327543
12.9565616631333	3.52676002883681e-06	24.4616249299612	12.2308124649806	VPS37B	anova	0.000266251004374823
12.9021276656544	3.71179671482336e-06	24.3650684561359	12.182534228068	MT-ND6	anova	0.000278688999244115
12.8691245517244	3.82870343910991e-06	24.3065026640614	12.1532513320307	OXNAD1	anova	0.000285904267681359
12.8145744430069	4.03010629167244e-06	24.2096608448644	12.1048304224322	SUN2	anova	0.000299317083500429
12.7071089463832	4.45856899044036e-06	24.018734322223	12.0093671611115	EPHA1	anova	0.000329358806068014
12.6466477403687	4.71945653344195e-06	23.9112324467646	11.9556162233823	IGKV3D-20	anova	0.000346766485398355
12.6299538356222	4.79415597357163e-06	23.8815394277302	11.9407697138651	ANXA2	anova	0.000350381399345075
12.6058390480632	4.90416436106587e-06	23.8386388616208	11.9193194308104	FOSB	anova	0.000356524964661614
12.5955400169252	4.95191693397699e-06	23.8203137729568	11.9101568864784	RPL28	anova	0.000358101782488652
12.5490295602558	5.1734556953372e-06	23.7375355486083	11.8687677743042	SFT2D1	anova	0.000372163776198603
12.4979369895569	5.42832034346672e-06	23.6465605159283	11.8232802579642	PECAM1	anova	0.000388464174579337
12.4744428843045	5.54971477349415e-06	23.6047124447963	11.8023562223982	G3BP2	anova	0.000395093683874662
12.3691086355752	6.12841176892106e-06	23.4169758688215	11.7084879344108	ICAM2	anova	0.000434043184046264
12.3341097849208	6.33381993996098e-06	23.3545565057507	11.6772782528754	TNFSF8	anova	0.00044629069730802
12.2790631246795	6.67098040985963e-06	23.2563409509246	11.6281704754623	SOCS1	anova	0.000467649340976895
12.2159620266827	7.07972675206203e-06	23.1436919441692	11.5718459720846	FAM3C	anova	0.00049378398768189
12.1342941018699	7.64634648824336e-06	22.9977979032431	11.4988989516216	SAT1	anova	0.000530610104790221
11.9712841337413	8.91731113443698e-06	22.7062566387135	11.3531283193568	TMEM14C	anova	0.000615697763754593
11.9099292831492	9.44892284162219e-06	22.5964083567438	11.2982041783719	RGS2	anova	0.000645911442009398
11.9146640623145	9.40678748933124e-06	22.6048876536327	11.3024438268163	LAPTM4B	anova	0.000645911442009398
11.8984423962877	9.55193598271392e-06	22.5758354515493	11.2879177257746	HPGD	anova	0.00064652019902704
11.9003445091831	9.53480039685029e-06	22.5792422713959	11.289621135698	CYTH4	anova	0.00064652019902704
11.885475350184	9.66957992745777e-06	22.552608921239	11.2763044606195	SMC4	anova	0.000651274648055244
11.8762188673371	9.75444941799373e-06	22.5360270046363	11.2680135023181	HAVCR2	anova	0.000653786024406019
11.8652224064547	9.8562456635451e-06	22.5163262403171	11.2581631201586	GPR171	anova	0.000657402016587911
11.817729844291	1.03083001923554e-05	22.4312172645309	11.2156086322655	ZFP36L1	anova	0.000684232099724459
11.8007673890713	1.04747580690882e-05	22.400810492975	11.2004052464875	DNAJB4	anova	0.000691383874462865
11.796537806036	1.05166833888456e-05	22.3932278169132	11.1966139084566	AHSA1	anova	0.000691383874462865
11.777982927829	1.07026086208286e-05	22.3599595890678	11.1799797945339	IVNS1ABP	anova	0.000700256392619928
11.7447504295294	1.1043903975487e-05	22.3003603788629	11.1501801894315	HLA-DPB1	anova	0.000718875377492774
11.7401677657886	1.10918180515625e-05	22.2921403588122	11.1460701794061	CDK17	anova	0.000718875377492774
11.7326577370267	1.11707913596162e-05	22.2786686951848	11.1393343475924	BCL2L11	anova	0.000720594710240034
11.6594953001499	1.1970343794755e-05	22.1473783170198	11.0736891585099	NCF1	anova	0.000768563195046421
11.6267339664	1.23467827635401e-05	22.0885585746179	11.0442792873089	HSPA6	anova	0.000789045558935074
11.6044549670191	1.26095505926386e-05	22.0485484495641	11.024274224782	ERAP2	anova	0.000802107523809514
11.5872577686289	1.28162191672342e-05	22.0176588159374	11.0088294079687	FYN	anova	0.000811497010865427
11.5593709520883	1.31586121678706e-05	21.9675578248513	10.9837789124257	ITGB7	anova	0.000829354730213495
11.5500865891318	1.3274633066822e-05	21.9508747687476	10.9754373843738	CD9	anova	0.000832846841726638
11.4879580674275	1.40779254111615e-05	21.8391985251384	10.9195992625692	C5orf17	anova	0.000879230432497086
11.4290357631912	1.48848654634013e-05	21.7332249730645	10.8666124865323	CYTOR	anova	0.000925421047362599
11.3786646263332	1.56114608167512e-05	21.64258422385	10.821292111925	TNFRSF1B	anova	0.000961890007274265
11.3802008996554	1.55887819178503e-05	21.6453493204545	10.8226746602272	TAP1	anova	0.000961890007274265
11.3110714046928	1.66428173648492e-05	21.5208853147335	10.7604426573667	RBM38	anova	0.00102085852943316
11.287216299699	1.70229291254697e-05	21.4779166006969	10.7389583003484	DYNLL1	anova	0.00103953353859535
11.2215437792293	1.81150547581893e-05	21.3595747617681	10.6797873808841	SLC7A5	anova	0.00110099506332596
11.2172040521687	1.81896564319501e-05	21.3517519904056	10.6758759952028	MT-CO3	anova	0.00110099506332596
11.1647703013091	1.91157950556064e-05	21.2572098088055	10.6286049044028	RPL8	anova	0.00115197817571944
11.1356266871087	1.96509016752244e-05	21.2046413222268	10.6023206611134	CMIP	anova	0.00117905410051347
11.1113369622507	2.01083714352486e-05	21.160817090749	10.5804085453745	PTGDR	anova	0.00120125662400137
11.050211727736	2.13075238025767e-05	21.0504886282454	10.5252443141227	PLCL1	anova	0.00126738258462079
10.9856416905887	2.26524233584654e-05	20.933873174163	10.4669365870815	SH3BGRL3	anova	0.00134157024545394
10.9183066823158	2.41458926103664e-05	20.8121882254264	10.4060941127132	SRSF3	anova	0.0014238822509289
10.8342728591072	2.614934603489e-05	20.6602171202542	10.3301085601271	SLC25A10	anova	0.00153543595948456
10.8244060458467	2.639528461805e-05	20.6423655369452	10.3211827684726	RHOH	anova	0.00154328174745535
10.8039471017798	2.69126738383303e-05	20.6053447734227	10.3026723867114	TRBV23-1	anova	0.00156685409586568
10.7994982985775	2.7026522614277e-05	20.597293648927	10.2986468244635	PPDPF	anova	0.00156685409586568
10.7909543229458	2.72465296475293e-05	20.5818304246966	10.2909152123483	PRDX1	anova	0.001568020708778
10.7898581067009	2.72748871468663e-05	20.5798463587617	10.2899231793808	MT-CYB	anova	0.001568020708778
10.7811062868889	2.75023501246155e-05	20.5640055089291	10.2820027544645	FTL	anova	0.00157450954463424
10.7641443357514	2.79486398483033e-05	20.5333005321231	10.2666502660615	DDX3Y	anova	0.00159342037973314
10.7326911258912	2.87955652422853e-05	20.4763500416531	10.2381750208265	PIK3R1	anova	0.00162819368900823
10.7367671428729	2.8684373943746e-05	20.4837312041006	10.2418656020503	HLA-DQB1	anova	0.00162819368900823
10.6807755835806	3.02502718476905e-05	20.3823124916946	10.1911562458473	P2RY10	anova	0.00169648463341742
10.6831953050183	3.01808568362507e-05	20.3866964968688	10.1933482484344	AKAP13	anova	0.00169648463341742
10.6711366558219	3.05283818973659e-05	20.3648478688892	10.1824239344446	CLEC2D	anova	0.00170512181816995
10.6240375144374	3.19247275383515e-05	20.2794867354955	10.1397433677477	B3GNT7	anova	0.00177589375051396
10.5610489689109	3.38930057233087e-05	20.1652685574306	10.0826342787153	NUTM2A-AS1	anova	0.00187778184934783
10.5407058847928	3.45543954747029e-05	20.1283655385916	10.0641827692958	E2F1	anova	0.00190673652137517
10.5049590416838	3.57481692971445e-05	20.0635023604457	10.0317511802229	ITGA1	anova	0.00196471938457106
10.4523129335459	3.75821950923462e-05	19.9679351870674	9.98396759353368	PDE3B	anova	0.00205728828911887
10.435077756119	3.82029324221478e-05	19.9366382322532	9.96831911612662	RBKS	anova	0.00208296941063616
10.4300162017672	3.83871777764136e-05	19.9274461027466	9.96372305137332	TRGV10	anova	0.00208382673047552
10.4263284134158	3.8521978860319e-05	19.9207485486166	9.96037427430831	TLE1	anova	0.00208382673047552
10.4157780660919	3.89102627746114e-05	19.9015863067376	9.95079315336879	TRBV21-1	anova	0.00209657651185553
10.2931087149255	4.37242759990981e-05	19.6786452716766	9.83932263583829	FLT3LG	anova	0.00234676387588909
10.2853531493327	4.40480223922254e-05	19.6645414743049	9.83227073715246	GLIPR2	anova	0.0023549409636933
10.2810435166805	4.42289627850662e-05	19.6567037912703	9.82835189563514	TRG-AS1	anova	0.00235544941343725
10.2563630030259	4.52796595042172e-05	19.6118125750731	9.80590628753657	PDIA3	anova	0.00240209467794573
10.1836593634353	4.85228779274068e-05	19.4795113008024	9.73975565040119	CD2	anova	0.00256424747200988
10.1277573486029	5.1174551960554e-05	19.3777223992935	9.68886119964677	PRKCA	anova	0.00269401664344066
10.0614352749719	5.45100660365118e-05	19.2568900877721	9.62844504388604	POLG	anova	0.00285865766160944
10.0371110681114	5.57874326766014e-05	19.2125546889465	9.60627734447327	ECI2	anova	0.00291452214819963
10.0309741747031	5.61144318979619e-05	19.2013674389346	9.60068371946732	PLK2	anova	0.00292050111468938
9.99656323758862	5.79839995190134e-05	19.1386259366197	9.56931296830983	MPV17	anova	0.00300641567317451
9.94728262421201	6.0771009370572e-05	19.0487368027257	9.52436840136284	AC016831.7	anova	0.00313907394267541
9.9179816590226	6.24915148962696e-05	18.9952711126327	9.49763555631635	EIF5A	anova	0.0032158554856732
9.8892470055341	6.42263081291986e-05	18.9428243123348	9.4714121561674	KDM6B	anova	0.00329279654363876
9.88452063486476	6.45162526511388e-05	18.9341963174375	9.46709815871873	LGALS1	anova	0.00329536546998754
9.84390019587591	6.70630266150329e-05	18.8600276748875	9.43001383744374	LCP1	anova	0.00341276290996501
9.77106887366374	7.18850113777072e-05	18.7269736021192	9.3634868010596	SPINT2	anova	0.00364464965435313
9.74628550557083	7.36041111902677e-05	18.6816763459109	9.34083817295544	GADD45G	anova	0.00371809002850838
9.71782035692693	7.56296440973142e-05	18.6296366178288	9.31481830891438	OSER1	anova	0.00380641505456812
9.67701989065584	7.86310349539638e-05	18.5550209911778	9.27751049558888	DEDD2	anova	0.00394303073090315
9.66418277505018	7.95999057134277e-05	18.5315385662736	9.26576928313682	RNPEPL1	anova	0.00397710074364544
9.6530631326263	8.04488441600781e-05	18.511195527963	9.25559776398151	HIST1H2BH	anova	0.00400495332883867
9.6191133790083	8.30974857555321e-05	18.4490721924378	9.22453609621889	ARL4A	anova	0.00412187528621304
9.60842130322947	8.39496576087833e-05	18.4295030212669	9.21475151063343	PCLAF	anova	0.00414916653073627
9.59855546936075	8.4743766138597e-05	18.4114443124598	9.2057221562299	NAMPT	anova	0.00417340267650295
9.55496442575588	8.83438024369205e-05	18.3316336945735	9.16581684728674	PDE4D	anova	0.00428920086743211
9.56386068187638	8.75968154850341e-05	18.3479244944141	9.17396224720703	SASH3	anova	0.00428920086743211
9.5572434074413	8.81518367008855e-05	18.3358070910608	9.16790354553039	NME2	anova	0.00428920086743211
9.55786778368764	8.80993167391044e-05	18.3369504673475	9.16847523367377	TMIGD2	anova	0.00428920086743211
9.53226067496914	9.02793023202756e-05	18.2900523932245	9.14502619661223	HAX1	anova	0.00436773807704432
9.52296147800291	9.10843113349733e-05	18.2730185720056	9.13650928600282	SLC44A2	anova	0.00439122258857029
9.46297056795824	9.64538379101317e-05	18.1630938473165	9.08154692365823	AC243829.4	anova	0.00463383123386437
9.44827544006423	9.78169469843524e-05	18.136157557688	9.068078778844	CH25H	anova	0.00468294373367597
9.42894479893738	9.96395725809141e-05	18.1007185912888	9.05035929564439	CDKN1B	anova	0.00475363794188111
9.39906776447139	0.000102523961390244	18.0459320254452	9.02296601272261	GLO1	anova	0.00487432259343234
9.34593026659947	0.000107862904870018	17.9484533850837	8.97422669254185	AC068775.1	anova	0.00511047004453119
9.34121071913145	0.000108350400529088	17.9397931746052	8.96989658730262	KLRB1	anova	0.00511592612807448
9.33320909825549	0.000109181975936828	17.9251095799413	8.96255478997064	TPT1	anova	0.00513753544305483
9.32954148443485	0.000109565276729651	17.9183788499397	8.95918942496986	WDR24	anova	0.00513797577564986
9.27816872456033	0.000115078570404424	17.8240758737258	8.91203793686289	TCF7	anova	0.00537816175971695
9.24877803004252	0.000118357283116777	17.7701037456022	8.88505187280108	WARS	anova	0.00551264091533734
9.21870616051609	0.000121809189232282	17.7148650719048	8.85743253595238	MT-CO2	anova	0.00565425087855256
9.18051656240801	0.000126339155606029	17.644692197948	8.822346098974	CDKN2A	anova	0.00584478113813751
9.17243012660835	0.000127319864167829	17.6298302012863	8.81491510064314	DLGAP1-AS1	anova	0.00587038568344286
9.15086533415878	0.000129972774921017	17.5901908336418	8.7950954168209	KANSL1	anova	0.00597266196459791
9.14247688284331	0.000131019671565963	17.5747693815164	8.7873846907582	RPL22	anova	0.00600070095772112
9.12900239517395	0.000132719085843811	17.5499951019172	8.77499755095862	HSPA8	anova	0.00605833966609292
9.11832504275745	0.000134081441693451	17.5303613912653	8.76518069563265	ZNF394	anova	0.00610026161876826
9.11298674160868	0.000134767832819544	17.5205444755933	8.76027223779664	RPL36	anova	0.00611125420112388
9.09746368195409	0.000136783896268711	17.4919953678006	8.7459976839003	DDIT4	anova	0.00618227215372397
9.07156899796113	0.000140214662314264	17.4443619602519	8.72218098012594	TMEM109	anova	0.00631655560720653
9.05712037128901	0.000142166403446215	17.4177785186323	8.70888925931613	PER1	anova	0.00638355027238887
9.04899172084467	0.000143276410543231	17.4028213333448	8.70141066667238	PCBP2	anova	0.00641243609401953
9.04059294710424	0.000144432454365662	17.3873658866792	8.6936829433396	DUSP4	anova	0.006443188061637
8.99358137559657	0.00015107860535347	17.3008321809501	8.65041609047506	SPINK2	anova	0.00671786419921257
8.98816465716548	0.000151863867620074	17.2908591889455	8.64542959447277	ACP5	anova	0.00673099851967685
8.97131478599197	0.000154332919164752	17.2598327482143	8.62991637410713	DKK3	anova	0.0068184382936453
8.95249508777527	0.000157138341327138	17.2251732731161	8.61258663655806	COX7C	anova	0.00692013080075282
8.94478871392596	0.000158301856290187	17.2109789594038	8.60548947970192	TMA7	anova	0.00694909746142866
8.90302835055809	0.000164759127948677	17.1340426809322	8.56702134046608	BAIAP2	anova	0.00720952362425103
8.87985122736635	0.000168456494583773	17.0913295794763	8.54566478973817	PPP2CA	anova	0.00734791185898745
8.85008008644892	0.000173328405122212	17.0364504917607	8.51822524588033	HVCN1	anova	0.00753649457714935
8.6972770594	0.00020065458457561	16.7545328706309	8.37726643531546	RPRD1A	anova	0.00869142786601365
8.69467657281346	0.000201155317423023	16.7497314761937	8.37486573809687	RELB	anova	0.00869142786601365
8.66273414287622	0.000207409373475217	16.6907450023789	8.34537250118945	CCL5	anova	0.00893355734028049
8.65809479832112	0.000208333828860365	16.68217626044	8.34108813022	MTHFD2	anova	0.00894533377669191
8.64710631550838	0.000210539994165428	16.6618793180572	8.33093965902859	TFIP11	anova	0.00901189881567906
8.63494524867292	0.000213008962500192	16.6394139969168	8.31970699845838	TNF	anova	0.00908926442469764
8.62915340926428	0.000214195043914808	16.6287137266222	8.31435686331109	MMP28	anova	0.00911157864826458
8.57066600035235	0.000226550741840313	16.52062656239	8.26031328119502	STX5	anova	0.00960742960767252
8.54620427741463	0.000231928527819878	16.4754023432426	8.23770117162132	TSTD1	anova	0.009805224529985
8.53549369939716	0.000234323403391825	16.4555975637499	8.22779878187495	DUSP5	anova	0.00987608454786404
8.53053908883959	0.000235439642025151	16.446435376322	8.22321768816101	CHN2	anova	0.009892784958488
8.52325618413848	0.00023709013716845	16.4329668617441	8.21648343087207	TRBV6-2	anova	0.00993176367284909
8.50246655198189	0.000241865863158099	16.3945147489275	8.19725737446377	COPG1	anova	0.0101010241938975
8.46675488729707	0.000250296217711171	16.3284452659514	8.16422263297572	DHRS7	anova	0.0104214243374288
8.4359091534713	0.000257815244516445	16.2713599716923	8.13567998584615	MAGED2	anova	0.0107020587905014
8.39651354939669	0.000267749480756023	16.1984271681333	8.09921358406663	RFC4	anova	0.0110476812780413
8.39834053511566	0.000267280381920814	16.201810062166	8.10090503108299	TRAV9-2	anova	0.0110476812780413
8.38379366044117	0.000271038468164322	16.174873052383	8.08743652619148	TRGC2	anova	0.0111499058460413
8.37247574508661	0.000273999069871071	16.1539126360898	8.07695631804488	B3GNT2	anova	0.0111981396292768
8.36998117487604	0.000274655971984445	16.1492924665461	8.07464623327304	TRGV3	anova	0.0111981396292768
8.37432057314393	0.000273514282000724	16.1573293534434	8.0786646767217	IL16	anova	0.0111981396292768
8.36169356310475	0.000276849757204358	16.1339422679396	8.06697113396978	YPEL5	anova	0.0112209901592563
8.36389672982497	0.000276264851811285	16.1380230613985	8.06901153069923	PPIA	anova	0.0112209901592563
8.34898106862395	0.000280249111783761	16.1103939958888	8.0551969979444	PDXDC1	anova	0.0112591309821897
8.35017796914795	0.000279927276552463	16.1126112234567	8.05630561172836	SREBF1	anova	0.0112591309821897
8.35134878069664	0.000279612815780422	16.1147800972776	8.05739004863878	SCUBE1	anova	0.0112591309821897
8.34325297614628	0.00028179449758172	16.0997824994183	8.04989124970916	CACYBP	anova	0.0112882110693086
8.33968365384655	0.000282761795462827	16.0931699076449	8.04658495382244	NOP53	anova	0.011294032179242
8.3355291659237	0.000283891878375488	16.0854729426729	8.04273647133646	SH2D1B	anova	0.0113063026344325
8.32905426252699	0.000285662205778939	16.0734763639673	8.03673818198366	HSP90AB1	anova	0.0113439269000076
8.30318218131523	0.000292847424439595	16.0255336346568	8.0127668173284	FOSL2	anova	0.0114949230292416
8.3017978664487	0.000293236956918643	16.0229680700293	8.01148403501466	CBLB	anova	0.0114949230292416
8.30034053914146	0.00029364759703521	16.0202671539559	8.01013357697794	SEPT6	anova	0.0114949230292416
8.31044691131075	0.000290811710656138	16.0389968739482	8.01949843697408	BLOC1S1	anova	0.0114949230292416
8.30576258863478	0.000292122710988411	16.0303158386205	8.01515791931023	AC020916.1	anova	0.0114949230292416
8.28973568790987	0.000296653247260888	16.0006116738483	8.00030583692417	CD63	anova	0.0115795898220585
8.24566456991051	0.000309478844373789	15.9189070035083	7.95945350175414	CYFIP2	anova	0.0120460037441809
8.23584897830465	0.000312410435929857	15.9007049076737	7.95035245383687	JUN	anova	0.0120916039145809
8.23858185438111	0.000311591424298513	15.9057729425017	7.95288647125084	PIN4	anova	0.0120916039145809
8.22080726615017	0.000316957144025493	15.8728081385483	7.93640406927415	CPD	anova	0.012233121232894
8.19117364408403	0.000326110097652064	15.8178370504336	7.9089185252168	ATF3	anova	0.0125511281281215
8.17697387058715	0.000330589670661454	15.791490592969	7.89574529648452	COMMD5	anova	0.0126175057635788
8.18051898963604	0.000329465539906301	15.7980685920522	7.89903429602611	RNF213	anova	0.0126175057635788
8.17837647993689	0.000330144453606656	15.7940931734796	7.89704658673978	PACSIN2	anova	0.0126175057635788
8.16973968958827	0.00033289554827616	15.7780668141043	7.88903340705214	TMEM200A	anova	0.0126511265315059
8.1684383248893	0.000333312067278393	15.7756518971261	7.88782594856307	LDLR	anova	0.0126511265315059
8.1495532174474	0.00033941578186834	15.7406037826908	7.87030189134541	TAGLN2	anova	0.0128473081070826
8.13428745071932	0.000344431728574636	15.7122680202515	7.85613401012573	MCL1	anova	0.0130013515126799
8.12036079016486	0.0003490726359376	15.6864142408804	7.84320712044018	XIST	anova	0.013033309830931
8.1248362595181	0.000347574422264275	15.69472298357	7.84736149178502	RAMMET	anova	0.013033309830931
8.12692823044353	0.000346876329485695	15.6986066211506	7.84930331057528	TBX21	anova	0.013033309830931
8.12262721803073	0.000348313114338438	15.6906219259014	7.84531096295069	GRAP2	anova	0.013033309830931
8.08579432947086	0.000360864943681245	15.6222293337469	7.81111466687344	YWHAZ	anova	0.0134370848947976
8.08039355762231	0.000362743237808371	15.6121989616545	7.80609948082723	ITM2C	anova	0.0134705191553703
8.07465927838277	0.000364748275485866	15.6015486274632	7.8007743137316	BTG2	anova	0.0135084671298539
8.06861406334735	0.000366874096230875	15.5903201549845	7.79516007749223	RNF139	anova	0.013514343383947
8.068844699129	0.000366792764358042	15.5907485532645	7.79537427663224	RPL27	anova	0.013514343383947
8.05229780291369	0.000372674131560803	15.5600108402588	7.7800054201294	CALM1	anova	0.013691290287822
8.04792302142748	0.000374244867530274	15.5518833783928	7.77594168919639	DNAAF2	anova	0.0137123319463092
8.02378017344807	0.000383033641261854	15.5070247010193	7.75351235050963	THRAP3	anova	0.0139970272099412
7.99796587872328	0.000392660489961775	15.4590488954713	7.72952444773563	MT-ND1	anova	0.0143107563185008
7.99332781501712	0.000394415744798677	15.4504278060637	7.72521390303187	KLRF2	anova	0.014336699295063
7.98792312278852	0.000396471077721585	15.4403812473487	7.72019062367433	RPS5	anova	0.0143733841896954
7.96196829033406	0.000406492328859519	15.3921276255809	7.69606381279046	THEMIS	anova	0.0146593296549339
7.96432898791106	0.000405570426665904	15.3965169854757	7.69825849273783	LAMTOR4	anova	0.0146593296549339
7.93856909208235	0.000415744884291357	15.3486149806366	7.67430749031829	MGST3	anova	0.0149147120369797
7.94110077133046	0.000414733676160294	15.3533233081369	7.67666165406843	CORO1B	anova	0.0149147120369797
7.91821265325063	0.00042396627633649	15.3107526383455	7.65537631917273	PIM3	anova	0.0151700433251651
7.9120451647711	0.000426489256428921	15.2992798419202	7.64963992096012	NT5E	anova	0.0152206815151516
7.90259162980854	0.000430385805595737	15.2816930053825	7.64084650269127	ID2	anova	0.0153199506965944
7.89202273103549	0.000434784460187697	15.2620293182347	7.63101465911737	RBL2	anova	0.0153967486674715
7.89455167003387	0.000433727850048356	15.2667346508231	7.63336732541154	KIR3DL3	anova	0.0153967486674715
7.88673862461372	0.000437000557457209	15.2521973648467	7.62609868242334	CD247	anova	0.0154354438546582
7.88238089262542	0.000438836681982907	15.2440887090395	7.62204435451976	EGR3	anova	0.0154605538729362
7.87923394331528	0.000440167464246878	15.2382328078806	7.61911640394031	KLF9	anova	0.0154677773881128
7.876017781925	0.000441531705616214	15.2322479328574	7.61612396642868	PET100	anova	0.0154761368244051
7.86369318992791	0.00044679904922644	15.2093116944912	7.6046558472456	CCNH	anova	0.0156209133241
7.85470072021364	0.000450682102212701	15.1925748701815	7.59628743509073	PPP1R16B	anova	0.0157166804172653
7.83027742906259	0.000461400375842932	15.1471108417581	7.57355542087904	ARL2	anova	0.0160497244660301
7.82125831557606	0.000465422907310322	15.1303190402315	7.56515952011576	SH2D2A	anova	0.0161487645112218
7.80971722504398	0.00047062169096791	15.1088296965646	7.55441484828231	PMCH	anova	0.0162880151987383
7.76429894582638	0.000491653815191127	15.0242383884621	7.51211919423104	RHOC	anova	0.0169731744239349
7.75850019738848	0.000494406218656626	15.0134355936688	7.50671779683442	EPAS1	anova	0.0170254171537395
7.73962190185635	0.000503474622212784	14.978262051965	7.48913102598249	CD38	anova	0.0172512252099842
7.74100429775026	0.000502804937176195	14.9808379118879	7.49041895594397	HNRNPH2	anova	0.0172512252099842
7.73000121152224	0.000508160143588674	14.9603345825226	7.48016729126131	PRDX6	anova	0.0173684586390756
7.70745050344957	0.000519315390946468	14.9183064553145	7.45915322765723	RHOB	anova	0.0177056909965371
7.69866942934658	0.000523725442212929	14.9019385596004	7.45096927980019	STMN1	anova	0.0178118504356575
7.69401407604108	0.00052607871077154	14.8932604350097	7.44663021750485	PFN1	anova	0.0178477073728419
7.68941021029139	0.000528416403661713	14.8846779075713	7.44233895378567	RASAL3	anova	0.0178828605574186
7.66036630261621	0.000543406548320652	14.8305254971851	7.41526274859254	GZMM	anova	0.0183449778229134
7.59467934490109	0.000578904421923406	14.7079963102869	7.35399815514345	SPRY1	anova	0.0194954577383029
7.57283610519976	0.000591217835309645	14.66723387599	7.33361693799501	HIST1H4C	anova	0.0198614500174927
7.56938338886151	0.000593188141343346	14.6607898578244	7.33039492891218	SF1	anova	0.0198790367367258
7.56273146167148	0.000597002712775088	14.6483743515357	7.32418717576785	WDR41	anova	0.0199581928796343
7.5350756809328	0.000613128150187124	14.5967476372747	7.29837381863735	STAT4	anova	0.0204475261737162
7.52239202740753	0.000620669410365693	14.5730657046085	7.28653285230425	SNX6	anova	0.0206489048388005
7.51589328327648	0.0006245693846195	14.560930635409	7.28046531770448	PRSS21	anova	0.0206872109086195
7.5154570369506	0.000624832061650443	14.5601160078844	7.2800580039422	HIC1	anova	0.0206872109086195
7.50237945838925	0.000632758228101255	14.5356939165963	7.26784695829816	ACOT7	anova	0.0208992741685366
7.49290990467109	0.000638560618500739	14.5180078155858	7.2590039077929	TENT5C	anova	0.0210403426815351
7.48976784406848	0.000640497681279708	14.5121390943736	7.25606954718681	MTFP1	anova	0.0210536797626392
7.46764232930185	0.000654306178458458	14.4708081747803	7.23540408739015	SORBS3	anova	0.0214562455656783
7.46211000736022	0.000657805401078581	14.4604723084399	7.23023615421996	GPCPD1	anova	0.021519633835285
7.45136335944771	0.00066465655476916	14.4403931060883	7.22019655304414	EGR1	anova	0.0216921165380719
7.42946451130799	0.000678840179392371	14.3994705372518	7.19973526862589	STRAP	anova	0.02210252148069
7.39983774205266	0.000698514504037301	14.3440930134214	7.1720465067107	RPS18	anova	0.0226893363722754
7.37919604260903	0.000712559861633614	14.3055007994253	7.15275039971267	EIF4A1	anova	0.0230909728746365
7.37487666471876	0.000715534645285796	14.2974242177198	7.14871210885989	CD101	anova	0.0231328141793573
7.36921392163494	0.000719453529145608	14.2868352383267	7.14341761916334	HSPA5	anova	0.0232049096020203
7.36303771131695	0.000723752353911577	14.2752854491704	7.13764272458522	PCM1	anova	0.0232888930743444
7.34693694926309	0.000735080718940123	14.2451730778971	7.12258653894856	PSMB9	anova	0.02358898134424
7.34492065915548	0.000736511862931512	14.2414017925113	7.12070089625563	RPS15A	anova	0.02358898134424
7.3016589275277	0.000767902379604204	14.1604670673967	7.08023353369836	RNF144A	anova	0.0245371597575855
7.29644676011045	0.000771773954755417	14.150713788283	7.07535689414151	WDSUB1	anova	0.0246036522931309
7.29284617535083	0.000774459904039077	14.1439759008172	7.07198795040862	RPL21	anova	0.0246321275034651
7.28252896058013	0.000782208438147826	14.1246676792089	7.06233383960445	S100PBP	anova	0.0247432499571771
7.28100949329713	0.000783356166766525	14.1218238998565	7.06091194992823	ANXA7	anova	0.0247432499571771
7.28125882943194	0.000783167714871243	14.1222905510929	7.06114527554645	FBL	anova	0.0247432499571771
7.27077707189411	0.000791129419735774	14.1026721912843	7.05133609564214	LSM6	anova	0.0249314638237833
7.26719431288187	0.000793869414755285	14.0959660054947	7.04798300274735	ZNF274	anova	0.0249605623769739
7.21236382049372	0.000837012178117506	13.993305772452	6.99665288622601	PEA15	anova	0.0261971465315137
7.21238116174576	0.0008369981673927	13.9933382493949	6.99666912469743	CORO1A	anova	0.0261971465315137
7.20964199518899	0.000839214179267794	13.9882082321843	6.99410411609217	VCP	anova	0.0262063700525898
7.2041396147127	0.000843683492390106	13.9779027520334	6.98895137601669	DUSP1	anova	0.0262861931642632
7.1952710294018	0.000850937412295643	13.9612915136543	6.98064575682717	MBNL1	anova	0.0263925057447904
7.19568792172637	0.000850595021987687	13.9620724025267	6.98103620126333	SLC12A7	anova	0.0263925057447904
7.18835569769203	0.000856637165975667	13.9483378181615	6.97416890908073	IRF4	anova	0.0265094474335713
7.18172522295645	0.000862138163111803	13.9359169023868	6.9679584511934	JAK3	anova	0.0266197266542835
7.17684815509572	0.000866207088204672	13.9267801500126	6.96339007500632	ALOX5AP	anova	0.0266853932554533
7.14493823540128	0.000893309908802956	13.8669891659117	6.93349458295586	RGS1	anova	0.0274587878007889
7.10926020180681	0.000924623748877876	13.8001159415682	6.90005797078412	IL6ST	anova	0.028357880155317
7.10194382778324	0.000931180240478715	13.786399634923	6.89319981746148	CKS2	anova	0.0284953596975001
7.09254310819868	0.000939673231951496	13.7687743008876	6.88438715044381	RPS3	anova	0.0285558127292927
7.09095984653748	0.000941111255285089	13.7658056991843	6.88290284959215	CD27	anova	0.0285558127292927
7.09056641929514	0.000941468934961398	13.7650680195376	6.88253400976881	KAT8	anova	0.0285558127292927
7.09061644671942	0.000941423445545927	13.7651618215669	6.88258091078347	NFKBIB	anova	0.0285558127292927
7.08489702630649	0.000946638391070201	13.7544375458089	6.87721877290447	SLAMF6	anova	0.0285863988863837
7.08551402113308	0.000946074423391393	13.7555944786491	6.87779723932455	GRAMD1A	anova	0.0285863988863837
7.07521789173627	0.000955530014923719	13.7362872087017	6.86814360435083	STXBP5	anova	0.0287916280812542
7.0638435350126	0.000966086271186106	13.7149558233628	6.85747791168138	PIK3IP1	anova	0.0290460073656392
7.02210686195217	0.00100583515579589	13.6366631399383	6.81833156996916	GPR65	anova	0.0301750546738768
7.01828209036532	0.00100955897867641	13.6294867802808	6.81474339014042	AHNAK	anova	0.0302207851133198
7.00735431479668	0.00102027485449917	13.6089817066387	6.80449085331935	SERPINB9	anova	0.0304751663061273
6.99048035600261	0.00103704659225104	13.577314865894	6.78865743294702	CCDC28A	anova	0.0309089374783715
6.97796284481054	0.00104966704259547	13.5538203089167	6.77691015445833	POMZP3	anova	0.0311499463612565
6.97957665240673	0.00104803133591666	13.5568494803331	6.77842474016655	LUC7L2	anova	0.0311499463612565
6.97228660162712	0.00105544072092525	13.543165434191	6.77158271709551	LAMP1	anova	0.0312537834170539
6.95951383678148	0.00106854972254481	13.5191875482246	6.75959377411228	LGALS3	anova	0.0315739208339047
6.93683840024445	0.00109222651295844	13.4766124322844	6.73830621614222	LPAR6	anova	0.0322042752962425
6.92300905556787	0.0011069246805998	13.4506420579716	6.72532102898581	AP002387.2	anova	0.0324711543934986
6.92166134982784	0.00110836764268929	13.4481109920149	6.72405549600747	RFNG	anova	0.0324711543934986
6.92545305186564	0.00110431275613853	13.4552319343566	6.72761596717831	DSTN	anova	0.0324711543934986
6.91575871536444	0.00111470978162341	13.437025130364	6.718512565182	NEAT1	anova	0.032491539806458
6.91441586962257	0.00111615769931937	13.4345030154965	6.71725150774826	NAA20	anova	0.032491539806458
6.91783939269062	0.00111247002761511	13.4409329661186	6.72046648305932	ZFP36	anova	0.032491539806458
6.89235327132735	0.00114021906962892	13.3930606627093	6.69653033135464	PSMD2	anova	0.0331217970754787
6.87342153151266	0.00116128113152546	13.3574922800735	6.67874614003674	AL357060.1	anova	0.0336624530530797
6.86334281879228	0.0011726530062803	13.3385540490169	6.66927702450847	TXNDC11	anova	0.0339205311711396
6.85573745076573	0.00118130822293072	13.3242620948195	6.66213104740977	SELENOK	anova	0.034099107107286
6.84819748185025	0.00118995238976116	13.3100920032219	6.65504600161095	HCST	anova	0.0342766160069568
6.81866988337704	0.0012244205429768	13.2545899727542	6.6272949863771	ZFP14	anova	0.0351956867374502
6.80302950746736	0.0012430825765453	13.2251848804293	6.61259244021465	LPIN2	anova	0.0356575252645772
6.79979306971169	0.00124697983546277	13.2190995780313	6.60954978901567	PSMB10	anova	0.0356947977901219
6.78362266178211	0.00126663667054756	13.1886923703511	6.59434618517557	ZNF589	anova	0.0361625166203113
6.7820351321781	0.00126858318857278	13.1857068873572	6.59285344367859	FUNDC2	anova	0.0361625166203113
6.75849416665104	0.00129780282882598	13.1414307534741	6.57071537673707	OPA3	anova	0.0369188630808882
6.74900924689894	0.00130976605695556	13.1235885584383	6.56179427921914	TBCD	anova	0.0371822016995235
6.74043029888037	0.0013206820232109	13.1074491909288	6.55372459546438	CPNE1	anova	0.037414785564779
6.72779047077966	0.00133693192686507	13.0836677530783	6.54183387653914	NBL1	anova	0.0377312342055771
6.72747170168515	0.0013373443273738	13.0830679615779	6.54153398078897	STN1	anova	0.0377312342055771
6.72514077395526	0.00134036380180865	13.0786820642595	6.53934103212973	ARL4D	anova	0.037738931632891
6.71948925098778	0.0013477132373651	13.0680476915381	6.53402384576905	SDCBP	anova	0.0378682615161481
6.71545257817899	0.00135298744792839	13.0604515992121	6.53022579960604	RPS6	anova	0.0379388725194614
6.71303704136715	0.00135615344003321	13.0559059714514	6.52795298572569	CCNJL	anova	0.0379502001345342
6.69315729994059	0.00138249379188323	13.0184916675182	6.50924583375909	CHRM3-AS2	anova	0.0385481771766482
6.69267940394439	0.00138313328588701	13.0175921637231	6.50879608186157	MALAT1	anova	0.0385481771766482
6.68595016305891	0.0013921696132685	13.0049258339775	6.50246291698875	TOMM7	anova	0.0387214787172251
6.68313733020103	0.0013959643733796	12.9996310451585	6.49981552257924	MARCH6	anova	0.0387485868489611
6.67298413390875	0.00140974862366238	12.9805177890715	6.49025889453574	APOBEC3H	anova	0.0390181701725293
6.67180672058598	0.00141135593709949	12.9783012030323	6.48915060151613	TMEM50B	anova	0.0390181701725293
6.66630220901757	0.00141889473605043	12.9679381327353	6.48396906636764	SUSD6	anova	0.0391478186211503
6.65342075652047	0.00143669530316508	12.9436847100356	6.47184235501781	AP1S1	anova	0.0395595059428622
6.64890720409608	0.00144298542625181	12.9351858014423	6.46759290072117	ICAM3	anova	0.0396532395133997
6.64384039851949	0.00145007954743482	12.9256446894691	6.46282234473454	ARID4B	anova	0.0397686486661766
6.62463774390751	0.00147728513336545	12.8894806522034	6.44474032610168	CDT1	anova	0.0404340592279706
6.61416989701277	0.00149233101204012	12.8697639076147	6.43488195380733	PRKACB	anova	0.0406837859234747
6.61467471308228	0.00149160189666562	12.8707148011844	6.4353574005922	COA3	anova	0.0406837859234747
6.60354568006157	0.00150775913582701	12.8497505937245	6.42487529686223	YPEL3	anova	0.041022991141115
6.5824010520808	0.00153894328778019	12.8099133992628	6.4049566996314	DDX59	anova	0.041624174752165
6.58566748428082	0.00153408394584993	12.8160679993299	6.40803399966496	TNFSF9	anova	0.041624174752165
6.58318760749972	0.00153777174825568	12.8113954419654	6.4056977209827	RPS19	anova	0.041624174752165
6.57778703634691	0.00154583374682365	12.8012193561955	6.40060967809773	HIST1H2BK	anova	0.0416465797673665
6.57856282986171	0.001544673031074	12.8026811863307	6.40134059316535	TMEM140	anova	0.0416465797673665
6.54617117744092	0.00159388962017556	12.7416361747052	6.37081808735261	AKNA	anova	0.042857227751883
6.54252582909006	0.00159952619215308	12.734764988811	6.3673824944055	ITGA4	anova	0.042924784922233
6.53699576713706	0.0016081152474414	12.724340808728	6.36217040436401	PCSK6	anova	0.0430711569197755
6.53159410286927	0.00161654962959041	12.7141581209505	6.35707906047523	ZFAND2A	anova	0.0431550353680479
6.53096896078943	0.00161752861823469	12.7129796300988	6.35648981504942	RPS25	anova	0.0431550353680479
6.52456634133618	0.0016275896520798	12.7009092786757	6.35045463933783	DAZAP2	anova	0.0433393058518923
6.51514057981826	0.00164251579421366	12.6831382782575	6.34156913912877	ATP6V0E1	anova	0.0436521605657557
6.49186901133229	0.00167995922858951	12.6392559478927	6.31962797394636	DPF2	anova	0.0445610806965634
6.46303310327192	0.00172754789274723	12.5848674594893	6.29243372974467	SUB1	anova	0.0457350829409383
6.4604533029486	0.00173187087359413	12.5800008626633	6.29000043133166	TGIF1	anova	0.0457613573138142
6.37577400275641	0.00187996846438985	12.4201924343089	6.21009621715444	ASAP1	anova	0.0495792067192255
6.37292236359808	0.00188517145631649	12.4148084881598	6.20740424407991	TCIRG1	anova	0.0496211797122385
6.36984913780533	0.00189079495021034	12.4090060162683	6.20450300813417	TNFRSF14	anova	0.0496392860563093
6.36663321323632	0.00189669761132186	12.4029339342004	6.2014669671002	SAMD12	anova	0.0496392860563093
6.36746728111251	0.00189516494710524	12.4045087804999	6.20225439024996	ZNF217	anova	0.0496392860563093
