p_val	avg_log2FC	pct.1	pct.2	p_val_adj	cluster	gene
0	3.07924092225495	0.99	0.826	0	18	FOXP3
0	3.05181665347835	0.972	0.799	0	18	TNFRSF4
0	2.62331018129611	0.987	0.813	0	18	TNFRSF18
0	2.45073824837342	0.963	0.741	0	18	MAGEH1
0	2.31952792314142	0.958	0.666	0	18	LOC101928173
0	2.08800325418403	0.993	0.783	0	18	BATF
0	2.01760992831236	0.906	0.777	0	18	IL2RA
0	1.98994748976086	0.937	0.819	0	18	IL1R2
0	1.90624357556103	0.936	0.802	0	18	NGFRAP1
0	1.85851433571042	0.972	0.846	0	18	CTLA4
0	1.70789055990953	0.977	0.773	0	18	TNFRSF1B
0	1.66580478762734	0.946	0.645	0	18	ICOS
0	1.65034854892074	0.963	0.809	0	18	PIM2
0	1.59637100075916	0.959	0.829	0	18	ACP5
0	1.57133699649067	0.862	0.741	0	18	LAIR2
0	1.5574189315541	0.903	0.854	0	18	RTKN2
0	1.55422859353834	0.999	0.945	0	18	IL32
0	1.53484819811098	0.975	0.844	0	18	TIGIT
0	1.51939205871676	0.986	0.85	0	18	CTSC
0	1.51795832833125	0.965	0.876	0	18	ENTPD1
0	1.43704535484556	0.972	0.886	0	18	DNPH1
0	1.42546180137638	0.882	0.732	0	18	TNFRSF9
0	1.38448402687962	0.884	0.713	0	18	TBC1D4
0	1.37547305653548	0.899	0.768	0	18	LAYN
0	1.3675476169063	0.983	0.869	0	18	PKM
0	1.31379985329814	0.945	0.774	0	18	GBP2
0	1.31157906736828	0.911	0.723	0	18	MIR4435-1HG
0	1.30758469890525	0.889	0.866	0	18	GNG8
0	1.30750328809026	0.959	0.777	0	18	DUSP4
0	1.27430435709611	0.955	0.831	0	18	CARD16
0	1.26641853503021	0.959	0.77	0	18	IGFLR1
0	1.25762295712324	0.98	0.872	0	18	CD27
0	1.25677874239754	0.858	0.7	0	18	CCR8
0	1.23470615196165	0.952	0.877	0	18	PMAIP1
0	1.22453783972849	0.935	0.752	0	18	GBP5
0	1.22274430851467	0.981	0.892	0	18	LTB
0	1.21767866133328	0.992	0.916	0	18	CD7
0	1.18704546540159	0.956	0.842	0	18	CORO1B
0	1.12805620245705	0.88	0.678	0	18	IL21R
0	1.07374616372859	0.925	0.741	0	18	CD4
0	1.06966779830358	0.943	0.83	0	18	SIRPG
0	1.0663273640251	0.897	0.834	0	18	ADTRP
0	1.0513730385567	0.878	0.719	0	18	ETV7
0	0.975899367823085	0.809	0.769	0	18	LOC101929450
0	0.945838425872081	0.921	0.695	0	18	IL2RB
0	0.879019049835213	0.825	0.664	0	18	F5
0	0.856207644205116	0.832	0.702	0	18	SOX4
0	0.74659291257831	0.827	0.664	0	18	INPP5F
0	0.462822648947567	0.817	0.739	0	18	CCL22
0	0.421357281451112	0.797	0.565	0	18	HLF
0	0.327878444872396	0.705	0.265	0	18	LAPTM4B
0	0.266114572442561	0.856	0.765	0	18	MZB1
0	-0.273159301008628	0.059	0.611	0	18	LINC01272
0	-1.02979349053571	1	0.999	0	18	RPS12
9.38827326194735e-307	0.705317317222846	0.805	0.733	2.81648197858421e-303	18	TBC1D8
1.23466711435484e-306	1.28575805520371	0.924	0.705	3.70400134306453e-303	18	LAG3
7.40990547542668e-304	1.16983863028172	0.961	0.83	2.222971642628e-300	18	SH2D2A
2.10175519143804e-300	0.844485656629352	0.88	0.773	6.30526557431413e-297	18	STAM
3.91511148359834e-298	0.787870637647833	0.828	0.85	1.1745334450795e-294	18	EBI3
4.25415117713015e-298	1.00602679020834	0.998	0.956	1.27624535313905e-294	18	S100A4
5.55972709044544e-296	0.873612739941091	0.78	0.515	1.66791812713363e-292	18	PTP4A3
6.09451769172689e-296	-2.38833376922969	0.532	0.818	1.82835530751807e-292	18	ANXA1
1.10655173753397e-290	1.04602035915686	0.853	0.836	3.31965521260192e-287	18	ICA1
8.81758408049317e-289	-0.672168779841733	1	1	2.64527522414795e-285	18	RPLP1
2.7676807153354e-288	0.341411992471074	0.744	0.505	8.3030421460062e-285	18	FAIM2
1.50508896876294e-287	0.646667910556756	1	0.999	4.51526690628882e-284	18	ACTB
1.36516401872196e-282	1.25248542302393	0.945	0.824	4.09549205616587e-279	18	SYNGR2
5.98730895606335e-281	0.907120029372186	0.979	0.882	1.79619268681901e-277	18	FKBP1A
2.46216689585971e-278	0.828450487223481	0.89	0.68	7.38650068757914e-275	18	TXNDC17
1.39472545294891e-276	0.540714055376054	0.799	0.593	4.18417635884674e-273	18	ATP1B1
4.00914365980964e-274	0.927066261655935	0.991	0.91	1.20274309794289e-270	18	SAT1
2.25018309216319e-265	0.887783187372766	0.983	0.919	6.75054927648957e-262	18	ENO1
1.39827793637533e-264	0.788340493248909	0.844	0.733	4.194833809126e-261	18	GK
4.99962330240632e-261	0.796899735278183	0.909	0.65	1.4998869907219e-257	18	PHLDA1
4.66394605550743e-260	-1.94505457720544	0.546	0.851	1.39918381665223e-256	18	ALOX5AP
3.09849101757972e-259	0.660019976983234	0.787	0.565	9.29547305273917e-256	18	GCNT1
1.58189457927017e-258	1.04824443388899	0.983	0.912	4.7456837378105e-255	18	UCP2
2.89653327102295e-258	0.462037412410151	0.785	0.588	8.68959981306886e-255	18	CAMK1
1.58694795849993e-254	0.809686116940539	0.871	0.692	4.7608438754998e-251	18	CD28
6.34998423005358e-252	-0.337244093861059	0.42	0.781	1.90499526901607e-248	18	CTSL
4.12234721949873e-250	0.497710543754408	0.778	0.723	1.23670416584962e-246	18	ZBTB32
4.20249586473901e-250	0.972213658736262	0.971	0.868	1.2607487594217e-246	18	ZFP36L1
3.00647877584295e-246	0.880654590811117	0.899	0.744	9.01943632752885e-243	18	TYMP
7.70066358851914e-246	0.731189591916516	0.876	0.752	2.31019907655574e-242	18	HOXB2
4.04094087304924e-241	0.346829620683413	0.789	0.584	1.21228226191477e-237	18	FANCL
1.32328369591883e-240	0.365456398939892	0.724	0.486	3.96985108775649e-237	18	SERPINE2
1.62565388572185e-240	0.536018321752128	0.726	0.468	4.87696165716556e-237	18	C14orf182
2.07202261982631e-238	-0.841196540995219	1	0.998	6.21606785947893e-235	18	RPS18
5.40495015416257e-238	0.732978235258007	0.826	0.651	1.62148504624877e-234	18	CD59
1.54718795564756e-236	0.879594194085062	0.851	0.72	4.64156386694268e-233	18	PELI1
2.00268910765913e-236	0.763418071335503	0.905	0.797	6.00806732297739e-233	18	ATOX1
1.04969089280051e-233	0.806278338082862	0.884	0.682	3.14907267840152e-230	18	CCND2
2.62198115286481e-233	-2.02964040081561	0.901	0.952	7.86594345859444e-230	18	CD69
7.34578405814466e-231	0.865983332129323	0.918	0.767	2.2037352174434e-227	18	BIRC3
1.20140729808025e-230	0.518164979602973	0.772	0.644	3.60422189424074e-227	18	SDC4
3.48076203347162e-229	0.380164756256993	0.792	0.714	1.04422861004149e-225	18	ZBED2
1.45947317855073e-227	0.778926038300991	0.869	0.715	4.37841953565219e-224	18	PTTG1
4.06604376728535e-226	-0.322745210539516	0.041	0.581	1.2198131301856e-222	18	LOC102725101
1.01185440615042e-224	0.685906467544709	0.799	0.631	3.03556321845125e-221	18	GADD45A
1.16837649883526e-223	-2.6739790780596	0.475	0.785	3.50512949650579e-220	18	GZMA
1.49168840405026e-223	0.78030460526845	0.906	0.734	4.47506521215079e-220	18	CXCR3
4.54707824017814e-223	0.814558382554154	0.944	0.833	1.36412347205344e-219	18	CACYBP
7.4256546908288e-223	0.564618287018026	0.819	0.642	2.22769640724864e-219	18	FAM110A
5.83712517204594e-221	0.529040863298053	0.805	0.661	1.75113755161378e-217	18	IL18R1
8.23333030185404e-221	0.757954165260613	0.94	0.864	2.46999909055621e-217	18	ARID5B
8.50713186158769e-217	0.828104872268685	0.895	0.763	2.55213955847631e-213	18	GLRX
3.02608861406222e-215	0.669180616945314	0.769	0.575	9.07826584218667e-212	18	OTUD5
6.61542502961246e-215	0.504263236523962	0.784	0.607	1.98462750888374e-211	18	PHACTR2
1.33563268466231e-212	0.696874214603671	0.864	0.734	4.00689805398691e-209	18	SHMT2
1.21125329753992e-210	0.290232865310055	0.786	0.621	3.63375989261976e-207	18	SLC27A2
1.16102155852494e-209	0.515393433105813	0.71	0.509	3.48306467557483e-206	18	IL1R1
1.17599677185291e-208	0.598989378942323	0.925	0.764	3.52799031555873e-205	18	RAD21
2.61765283887088e-206	0.783671037567904	0.996	0.845	7.85295851661265e-203	18	CST7
2.20898223470644e-205	0.703510453700257	0.952	0.845	6.62694670411931e-202	18	CALM3
8.26322509213214e-205	0.643695294489439	0.744	0.588	2.47896752763964e-201	18	IL12RB2
2.10596025251248e-204	0.543937786023428	0.737	0.614	6.31788075753743e-201	18	IKZF4
2.2286682736956e-202	0.804158018732771	0.916	0.75	6.68600482108679e-199	18	RANBP1
2.75551620097047e-202	0.433315190030109	0.81	0.659	8.2665486029114e-199	18	THADA
5.28428475550554e-200	0.4497373800613	1	0.995	1.58528542665166e-196	18	GAPDH
9.71706425354955e-200	0.688629023662811	0.761	0.648	2.91511927606487e-196	18	GEM
1.1680159900365e-199	0.533850755903658	0.839	0.745	3.50404797010951e-196	18	GBP4
7.41257741817319e-198	0.738939197021064	0.794	0.72	2.22377322545196e-194	18	MAP1LC3A
5.77117411393311e-197	-1.57733012376233	0.929	0.981	1.73135223417993e-193	18	VIM
2.58919994324067e-194	0.726135086881086	0.968	0.902	7.767599829722e-191	18	PGAM1
1.01436665812119e-193	0.685238050301656	0.808	0.607	3.04309997436357e-190	18	SLAMF1
5.35454227218207e-191	-3.13324296810353	0.655	0.798	1.60636268165462e-187	18	CCL5
9.30505052163769e-191	0.435496092147624	0.942	0.846	2.79151515649131e-187	18	GPX1
1.64891856764494e-190	0.654526073928799	0.951	0.835	4.94675570293482e-187	18	PRDX5
3.25718670774262e-189	0.483510431212075	0.827	0.673	9.77156012322787e-186	18	MAPKAPK3
1.85637834108621e-188	0.660980606428752	0.874	0.726	5.56913502325862e-185	18	HNRNPLL
4.53946778593137e-188	0.720979082119822	0.806	0.618	1.36184033577941e-184	18	TRAF1
1.22361451534432e-186	-1.5684134696207	0.905	0.96	3.67084354603297e-183	18	CXCR4
1.854811085397e-184	0.28231317398042	0.768	0.545	5.564433256191e-181	18	BTLA
2.48878740766693e-181	-0.400118949815255	0.594	0.823	7.46636222300078e-178	18	TXK
5.9735486769957e-181	0.459647742019705	0.741	0.703	1.79206460309871e-177	18	LMCD1
9.42001466723687e-181	0.585719947097795	0.954	0.852	2.82600440017106e-177	18	DYNLL1
6.99383126979583e-180	0.603674416457376	0.907	0.789	2.09814938093875e-176	18	LINC00152
2.00794043385422e-179	0.734710824409938	0.935	0.854	6.02382130156267e-176	18	FAIM3
6.54877450672306e-178	-0.891987571094648	0.633	0.797	1.96463235201692e-174	18	GPR171
2.26860869535016e-177	0.290681451578506	0.703	0.696	6.80582608605049e-174	18	ACTG2
5.17990379616186e-177	0.690944025420471	0.792	0.62	1.55397113884856e-173	18	NINJ1
4.29597049497723e-176	-0.347780422347136	0.147	0.547	1.28879114849317e-172	18	NAPSB
6.09450455420911e-175	-0.926638025773556	0.425	0.746	1.82835136626273e-171	18	TRAT1
1.91646717107163e-174	0.661560023598043	0.858	0.803	5.74940151321489e-171	18	SNX9
1.68418664199518e-173	0.500362650242214	0.916	0.838	5.05255992598554e-170	18	SEC11C
5.43240807432346e-171	0.273959728721912	0.814	0.844	1.62972242229704e-167	18	CPA5
3.19897471468588e-170	0.358259223568253	0.755	0.819	9.59692414405765e-167	18	LOC101928353
2.37066749299307e-168	0.789331448851957	0.901	0.826	7.11200247897922e-165	18	IFI6
5.39645200857868e-167	-1.57696860092171	0.411	0.721	1.6189356025736e-163	18	CD8B
1.13001909872265e-166	0.551882521716861	0.795	0.638	3.39005729616796e-163	18	TNIP3
2.31177761502494e-166	0.536982676501943	0.915	0.795	6.93533284507482e-163	18	TMEM173
1.41396475699869e-165	0.603919208896918	0.995	0.952	4.24189427099606e-162	18	ARPC1B
4.24500792598677e-164	0.486213597632227	0.737	0.521	1.27350237779603e-160	18	NFKBID
9.98901389511115e-164	0.3480911392633	0.768	0.774	2.99670416853334e-160	18	PTPLA
3.87348955665991e-163	-1.88681575616177	0.356	0.706	1.16204686699797e-159	18	CD8A
1.45234782061757e-162	0.579124421637188	0.794	0.725	4.35704346185271e-159	18	FBLN7
9.90449006037482e-162	0.479990127414747	0.774	0.593	2.97134701811245e-158	18	NEDD9
1.27384466410121e-161	0.532115237821263	0.792	0.648	3.82153399230363e-158	18	DUSP16
3.34119004112832e-161	0.36776982437184	0.723	0.517	1.0023570123385e-157	18	PRKAR1B
5.4259372505836e-161	-0.905029696376984	0.741	0.859	1.62778117517508e-157	18	CD55
1.21018921891936e-159	0.506224389761352	0.948	0.87	3.63056765675807e-156	18	TXN
7.03260338756956e-159	-2.06766357247362	0.637	0.777	2.10978101627087e-155	18	CTSW
1.63380225709341e-158	0.436695714499336	0.772	0.636	4.90140677128024e-155	18	TFRC
4.54843874315883e-156	0.51395235849539	0.881	0.79	1.36453162294765e-152	18	PRDX3
5.31265354133904e-156	0.499176147966414	0.769	0.67	1.59379606240171e-152	18	CD79B
1.9251022619793e-155	0.454061330457325	0.922	0.877	5.7753067859379e-152	18	SELL
2.25090277391413e-155	0.278605335285686	0.738	0.558	6.75270832174239e-152	18	NCOA5
4.51708322823321e-154	0.378457297722697	0.716	0.595	1.35512496846996e-150	18	ZC3H12D
1.08075206414777e-153	0.529723911228662	0.972	0.893	3.24225619244331e-150	18	PRDX1
1.56294342173122e-152	0.549082772551189	0.887	0.809	4.68883026519366e-149	18	CNIH1
3.38256829916046e-151	0.569876010910584	0.762	0.624	1.01477048974814e-147	18	CREB3L2
5.49281186420746e-151	0.635991380806141	0.986	0.943	1.64784355926224e-147	18	LDHA
1.13927139847847e-150	0.590865375257036	0.921	0.832	3.41781419543541e-147	18	RPS27L
1.3192855881098e-150	-0.79292605579026	0.604	0.742	3.95785676432941e-147	18	AIF1
1.23039199108496e-147	0.576802757616391	0.826	0.833	3.69117597325488e-144	18	OAS1
6.99688972930079e-147	0.488601584646614	0.884	0.851	2.09906691879024e-143	18	LIMS1
1.65368512487486e-146	0.352894618954928	0.998	0.983	4.96105537462457e-143	18	MYL6
5.23890105170359e-146	0.355566922094767	1	0.985	1.57167031551108e-142	18	PFN1
5.92568520971345e-146	0.531594426417159	0.936	0.82	1.77770556291403e-142	18	ARL6IP1
6.40503159988879e-146	-0.764026079076382	1	0.998	1.92150947996664e-142	18	RPS8
8.93712130674136e-146	0.544993081933271	0.771	0.631	2.68113639202241e-142	18	BCL2L1
1.35179588522449e-144	0.522177052358547	0.82	0.702	4.05538765567347e-141	18	ADI1
2.15667346866215e-142	0.295318768933163	0.757	0.697	6.47002040598646e-139	18	MT1L
2.45027497930726e-141	0.655495243862371	0.877	0.802	7.35082493792178e-138	18	UGP2
1.35398380485704e-140	0.458776224918479	0.744	0.695	4.06195141457113e-137	18	ASB2
3.40153681538694e-139	0.547546549516233	0.858	0.835	1.02046104461608e-135	18	MAL
4.70560588403966e-139	0.324370371411695	1	0.989	1.4116817652119e-135	18	ACTG1
8.15736013825511e-139	-0.760926532646829	0.318	0.654	2.44720804147653e-135	18	KLRC2
1.68625815298874e-138	0.496470687549142	0.875	0.758	5.05877445896621e-135	18	CXCR6
1.3838616065674e-137	0.406131833559304	0.775	0.74	4.15158481970219e-134	18	MYL6B
2.0111008741356e-137	0.335044946926759	0.74	0.66	6.0333026224068e-134	18	INPP1
2.22767442227911e-137	0.552761451347525	0.746	0.696	6.68302326683733e-134	18	HAPLN3
5.66939235561011e-137	0.273960701779608	0.748	0.646	1.70081770668303e-133	18	MTHFD1
6.00223657975932e-137	0.438215576261048	0.954	0.872	1.8006709739278e-133	18	BST2
6.43286792185284e-137	0.344015436045	0.744	0.615	1.92986037655585e-133	18	CTNNA1
1.38069712515619e-136	0.278588828492973	0.665	0.603	4.14209137546856e-133	18	STAC
5.05905358035189e-136	0.323103256658017	0.764	0.67	1.51771607410557e-132	18	GCA
7.63454271786658e-134	0.490498323660118	0.688	0.633	2.29036281535997e-130	18	VDR
3.05604620711651e-133	-0.669117507502955	0.454	0.699	9.16813862134952e-130	18	PLAC8
4.49783798026811e-133	0.477545936263172	0.965	0.863	1.34935139408043e-129	18	EZR
7.21933268146437e-133	0.517386999323232	0.879	0.784	2.16579980443931e-129	18	PHPT1
1.49046373823614e-132	0.412128988629668	0.989	0.934	4.47139121470843e-129	18	LSP1
1.12221126813409e-131	-0.551105794000008	0.297	0.659	3.36663380440226e-128	18	SYTL2
1.46679227128006e-131	0.372881268649895	0.747	0.722	4.40037681384017e-128	18	MGST2
3.12924701684201e-130	0.284769133904778	0.785	0.65	9.38774105052602e-127	18	SYT11
3.52798269300165e-130	0.561379796530854	0.881	0.891	1.05839480790049e-126	18	EPSTI1
6.15026182838226e-129	0.421002537680509	0.808	0.77	1.84507854851468e-125	18	HAVCR2
8.91974198350672e-129	0.275779536188093	0.718	0.579	2.67592259505202e-125	18	IRF4
1.87966309265474e-127	0.776924124382201	0.777	0.746	5.63898927796421e-124	18	ID3
4.22787863199971e-127	0.399729316036228	0.896	0.771	1.26836358959991e-123	18	YWHAE
5.4994235613068e-127	0.54734459496802	0.841	0.742	1.64982706839204e-123	18	SERPINB9
1.55080667434584e-126	0.381185810928566	0.781	0.743	4.65242002303753e-123	18	FAAH2
1.88504729885909e-126	-2.36440284423846	0.489	0.718	5.65514189657727e-123	18	GZMB
5.90940481876557e-126	0.371235579306446	0.705	0.609	1.77282144562967e-122	18	TRIB1
3.11019350515625e-125	0.37382964381993	0.976	0.923	9.33058051546875e-122	18	ATP5G3
6.17024781443315e-124	0.295486300292687	0.729	0.602	1.85107434432995e-120	18	MAPK13
2.2939521450143e-123	0.519680439173028	0.963	0.891	6.8818564350429e-120	18	CALR
3.86216572694182e-123	0.703437813357214	0.714	0.657	1.15864971808255e-119	18	LTA
4.95762373344125e-123	0.430528309488474	0.719	0.675	1.48728712003238e-119	18	LINC01281
1.18038585228472e-122	0.407225256389285	0.711	0.574	3.54115755685416e-119	18	SPATS2L
3.75147679821575e-122	0.281405021073294	0.715	0.59	1.12544303946473e-118	18	POU2F2
1.08701131572908e-121	0.481923426657127	0.732	0.616	3.26103394718724e-118	18	MAST4
6.19418736443068e-121	-1.37385927152205	0.747	0.847	1.8582562093292e-117	18	CLEC2B
2.95058425189168e-120	0.333214768657735	0.999	0.995	8.85175275567503e-117	18	TMSB10
1.4522389228209e-119	0.42852160108914	0.897	0.806	4.35671676846271e-116	18	TPM4
3.75804629088299e-119	0.449922984397051	0.886	0.76	1.1274138872649e-115	18	CMTM6
1.07995517931764e-118	0.270840176920143	0.997	0.969	3.23986553795293e-115	18	UBC
1.50072718252262e-118	0.288906592417339	0.821	0.763	4.50218154756787e-115	18	CKAP2
1.61124693658845e-118	-0.491152441533912	0.46	0.694	4.83374080976535e-115	18	S1PR1
2.28886157977203e-118	-0.296673322462356	0.246	0.637	6.8665847393161e-115	18	ZBTB10
1.26382343419826e-117	0.328750126279486	0.872	0.795	3.79147030259479e-114	18	DECR1
1.49233207338559e-115	-1.29515868403859	0.889	0.93	4.47699622015678e-112	18	S100A10
1.52463594242881e-115	0.407760212067155	0.947	0.909	4.57390782728644e-112	18	COX5A
1.96452843049464e-115	0.270493876934678	0.757	0.621	5.89358529148393e-112	18	MCM5
4.34534966245119e-115	0.299903546555901	0.987	0.943	1.30360489873536e-111	18	SUB1
1.8491867994662e-113	-1.0592903001347	0.611	0.807	5.54756039839861e-110	18	ATF3
2.78940982759605e-112	0.456227447137692	0.88	0.808	8.36822948278814e-109	18	ISG15
8.66659548143914e-112	0.287794610425397	0.987	0.934	2.59997864443174e-108	18	TPI1
1.31226238624163e-111	0.510178156810092	0.878	0.756	3.93678715872488e-108	18	HSPB1
2.9962035398328e-111	0.287338208867508	0.668	0.499	8.9886106194984e-108	18	DFNB31
4.85729279177251e-111	0.535981961066069	0.745	0.716	1.45718783753175e-107	18	NDFIP2
9.12281203993948e-111	0.29281068214873	0.794	0.643	2.73684361198185e-107	18	P2RY10
1.54963237210359e-110	-2.92383757778674	0.666	0.771	4.64889711631076e-107	18	NKG7
2.7902440827029e-110	0.338369407532295	0.843	0.831	8.37073224810869e-107	18	MT1E
8.50959061581255e-110	0.302998992457152	0.876	0.818	2.55287718474376e-106	18	MTHFD2
1.63121464526778e-109	-1.00713073385635	0.952	0.965	4.89364393580333e-106	18	IFITM1
1.72381837778559e-109	0.449852156893364	0.936	0.868	5.17145513335676e-106	18	TUBB
1.84891108554458e-109	0.569608807943382	0.749	0.738	5.54673325663374e-106	18	IKZF2
3.7234510515545e-109	0.390243915766553	0.873	0.787	1.11703531546635e-105	18	BTG3
4.48260657139722e-109	0.337471687572341	0.779	0.698	1.34478197141917e-105	18	PGM2L1
9.9791279437192e-109	-1.97955396017202	0.463	0.698	2.99373838311576e-105	18	GZMK
1.49953932602422e-108	-2.12609477079796	0.405	0.701	4.49861797807267e-105	18	CXCL13
3.05741210585656e-107	0.337413035832753	0.744	0.786	9.17223631756969e-104	18	CADM1
1.91322956308948e-106	0.382067268418384	0.934	0.875	5.73968868926844e-103	18	PDIA6
4.72074942544544e-105	0.297295039390748	0.77	0.711	1.41622482763363e-101	18	CENPM
9.92435672329358e-105	0.296445615353847	0.728	0.657	2.97730701698807e-101	18	GNA15
3.26534032481973e-104	-0.262212086316858	0.368	0.642	9.79602097445918e-101	18	TMIGD2
7.48212080662621e-103	0.329921548194911	0.862	0.758	2.24463624198786e-99	18	RPA3
7.55908493256803e-103	0.332462963000765	0.683	0.572	2.26772547977041e-99	18	ZNRF1
8.203476488435e-103	0.278026248682454	0.707	0.678	2.4610429465305e-99	18	METTL7A
1.07908717317364e-101	0.421590583592945	0.772	0.676	3.23726151952093e-98	18	TNFRSF25
1.75715186938348e-100	0.424314323938396	0.891	0.746	5.27145560815043e-97	18	IRF1
7.79529352312067e-100	0.254883320058682	0.702	0.548	2.3385880569362e-96	18	RELB
2.08616127644773e-99	0.420698658514513	0.888	0.819	6.2584838293432e-96	18	TPR
1.07910792814731e-98	0.301822082396335	0.671	0.608	3.23732378444194e-95	18	ZC2HC1A
1.78848858616562e-97	0.362225819997833	0.866	0.796	5.36546575849686e-94	18	CTSA
1.00310838097666e-95	0.456327762107323	0.869	0.827	3.00932514292999e-92	18	STAT1
5.46158749360829e-95	0.446714157260331	0.868	0.78	1.63847624808249e-91	18	CREM
3.09587236176062e-94	0.328605695789792	0.786	0.72	9.28761708528187e-91	18	HERC5
1.2143688337008e-93	-0.281409515658929	0.293	0.604	3.64310650110241e-90	18	LOC100996286
1.80951735428093e-92	0.309764642498304	0.81	0.727	5.42855206284279e-89	18	IFI35
1.98890677746717e-91	0.272757245477678	0.909	0.833	5.96672033240151e-88	18	SERPINB1
3.14887094257651e-91	-0.757067892628239	0.336	0.631	9.44661282772952e-88	18	KLRG1
6.0506060417112e-90	0.33844401362355	0.71	0.571	1.81518181251336e-86	18	NFKB2
2.89418934612615e-88	0.261871496908395	0.841	0.772	8.68256803837845e-85	18	COMT
6.93455713615091e-88	0.425678178618844	0.87	0.831	2.08036714084527e-84	18	CD82
1.01923255445e-87	-0.964251206406748	0.474	0.691	3.05769766335001e-84	18	PTGER4
6.03837441646814e-87	0.315926020751432	0.927	0.847	1.81151232494044e-83	18	PRDM1
7.74025530023817e-87	0.308867932589485	0.707	0.651	2.32207659007145e-83	18	TIAM1
8.31732777513041e-87	-0.694949286541405	0.641	0.724	2.49519833253912e-83	18	PTGER2
1.0417070787814e-86	0.25904298192544	0.928	0.826	3.1251212363442e-83	18	SQSTM1
8.05732674474567e-86	0.289443416140779	0.924	0.872	2.4171980234237e-82	18	VDAC1
2.34942975789292e-85	-1.08794899246145	0.323	0.633	7.04828927367877e-82	18	GLUL
3.14363941612676e-85	0.273843040914382	0.96	0.918	9.43091824838028e-82	18	GNG5
4.61109076843433e-85	0.266525020126718	0.615	0.548	1.3833272305303e-81	18	TNFRSF8
5.42166439517795e-83	-0.310222795301341	0.367	0.637	1.62649931855338e-79	18	APOE
3.55434387756487e-82	-0.598238094286423	0.401	0.286	1.06630316326946e-78	18	LOC102723407
1.06734692734259e-81	-1.09663993234373	0.386	0.642	3.20204078202777e-78	18	HOPX
5.35212768220067e-81	0.255782773961363	0.806	0.717	1.6056383046602e-77	18	PDCL3
2.86329980171083e-80	-0.868559043996231	0.242	0.567	8.5898994051325e-77	18	KLRC1
2.75329975384885e-79	0.310306097590347	0.751	0.67	8.25989926154655e-76	18	PAFAH1B3
2.97930662065438e-79	0.358120542500763	0.732	0.629	8.93791986196314e-76	18	MAF
6.73673066205033e-79	0.263230322823008	0.889	0.827	2.0210191986151e-75	18	CCT6A
1.21649095235612e-78	0.270380714193617	0.616	0.602	3.64947285706835e-75	18	LRRC32
3.68348681489145e-78	-0.368498419551576	0.302	0.616	1.10504604446744e-74	18	MS4A6A
2.20506780939691e-77	0.318840586332945	0.853	0.754	6.61520342819072e-74	18	PTPN6
3.52805625103777e-77	0.260583811471345	0.818	0.755	1.05841687531133e-73	18	SDF2L1
3.88832718704169e-77	-0.564450778081492	0.534	0.742	1.16649815611251e-73	18	SGK1
6.18466147254973e-77	0.450985587135531	0.696	0.723	1.85539844176492e-73	18	FCRL3
4.53925349569934e-76	0.266066525457173	0.878	0.795	1.3617760487098e-72	18	BANF1
1.32452551565519e-75	0.330710648873009	0.923	0.857	3.97357654696558e-72	18	HSPD1
4.40695808045297e-75	0.268600335941115	0.994	0.958	1.32208742413589e-71	18	CORO1A
6.90843537542079e-73	0.299121682864785	0.92	0.876	2.07253061262624e-69	18	PPA1
1.85735454054411e-72	-0.820976120558429	0.437	0.669	5.57206362163233e-69	18	CAPG
4.32467567756795e-72	-0.508177863474869	0.336	0.606	1.29740270327038e-68	18	TCF7
2.09390927165218e-71	-0.428204239099116	0.622	0.737	6.28172781495654e-68	18	NUCB2
7.69984363364542e-71	-0.507817863545723	0.273	0.588	2.30995309009363e-67	18	KLRC3
2.76558694310182e-70	-2.94168535520802	0.542	0.67	8.29676082930548e-67	18	CCL4
1.63952291921722e-69	-0.468834539480242	0.591	0.725	4.91856875765165e-66	18	CH25H
1.1578763850831e-68	0.25189490320476	0.798	0.746	3.47362915524931e-65	18	APOBEC3C
4.45296726659855e-68	0.266207862636538	0.862	0.804	1.33589017997956e-64	18	SNRPE
5.94893048064071e-68	-0.905930683911956	0.745	0.772	1.78467914419221e-64	18	FKBP11
7.50476649444386e-68	-0.930155200007904	0.401	0.624	2.25142994833316e-64	18	AOAH
7.57972116837093e-68	-0.319980992184712	0.603	0.71	2.27391635051128e-64	18	RIPK2
9.97534426504669e-68	-0.308890781538816	0.274	0.604	2.99260327951401e-64	18	PECAM1
6.19065948617428e-64	-1.38071146889461	0.54	0.649	1.85719784585228e-60	18	LOC101929531
9.6390776100358e-64	-0.472299537140133	0.566	0.778	2.89172328301074e-60	18	FABP5
4.07454000027405e-63	-1.22895333483391	0.33	0.593	1.22236200008221e-59	18	LOC101060038
3.02754088393142e-62	0.371502549633024	0.783	0.656	9.08262265179427e-59	18	REL
5.73784300450586e-58	-0.370469436417277	1	1	1.72135290135176e-54	18	EEF1A1
1.97421786309537e-57	-1.7098975958833	0.47	0.618	5.9226535892861e-54	18	GZMH
2.99106029169219e-57	0.347900043451064	0.91	0.837	8.97318087507656e-54	18	HSPA1A
2.745499186631e-56	-0.490272516640326	0.399	0.626	8.23649755989299e-53	18	TNFSF8
4.84083342947113e-56	-1.05942186895879	0.692	0.778	1.45225002884134e-52	18	TAGAP
5.54244327828645e-56	0.292166744919971	0.592	0.502	1.66273298348594e-52	18	TOX2
7.0536522458383e-56	-0.458334380661598	0.437	0.62	2.11609567375149e-52	18	KLRC4
2.1815083322758e-55	0.30266832417546	0.794	0.761	6.54452499682742e-52	18	MX1
3.95700546605106e-55	-0.305099361858784	0.596	0.671	1.18710163981532e-51	18	PPP1R14B
4.61184967173769e-53	0.256650572405087	0.724	0.752	1.38355490152131e-49	18	HPGD
1.78486609668735e-52	-0.456716273604287	0.525	0.67	5.35459829006205e-49	18	MYC
4.89516624845242e-52	0.256945496918762	0.693	0.627	1.46854987453572e-48	18	RAB11FIP1
7.00713812136795e-51	-1.04131959941868	0.306	0.564	2.10214143641039e-47	18	KLRD1
1.61119867626367e-50	-1.21202611674756	0.544	0.667	4.83359602879101e-47	18	AREG
1.86647039205335e-50	0.268467933848902	0.649	0.593	5.59941117616006e-47	18	NINJ2
6.86971857410313e-49	-0.727688866487197	0.674	0.567	2.06091557223094e-45	18	BMS1P20
3.38636682652797e-45	-0.432375953461758	0.648	0.701	1.01591004795839e-41	18	ABLIM1
1.16219810861293e-43	-0.368239961582915	0.066	0.185	3.48659432583879e-40	18	FCN1
4.64219134571707e-43	-0.591191934830823	0.437	0.629	1.39265740371512e-39	18	BCL2A1
8.05812269764669e-43	-0.909915264003195	0.974	0.98	2.41743680929401e-39	18	FOS
7.33113058500424e-41	-0.372917562393468	0.765	0.866	2.19933917550127e-37	18	HIST1H1D
4.04587567651239e-40	-0.558458789762315	0.692	0.694	1.21376270295372e-36	18	CLIC3
3.015808542924e-39	-0.480418860091218	0.566	0.682	9.04742562877201e-36	18	TMEM107
3.21277263695701e-39	-1.34345593434876	0.691	0.734	9.63831791087102e-36	18	KLRB1
3.73359424017215e-39	-0.422388590995965	0.658	0.806	1.12007827205165e-35	18	APOC1
6.23355961258629e-39	-0.672627121826155	1	1	1.87006788377589e-35	18	RNR2
9.33813027259779e-39	-0.324916548889837	0.319	0.508	2.80143908177934e-35	18	CYBB
1.79570793351627e-38	-0.352901578840042	1	0.999	5.38712380054881e-35	18	COX2
8.88494572550181e-38	-0.266780454335882	0.226	0.538	2.66548371765054e-34	18	WDR86-AS1
1.65483774554399e-37	-0.549806299331226	0.53	0.636	4.96451323663197e-34	18	ERN1
2.36227745630177e-37	-1.39958920206912	0.5	0.603	7.08683236890532e-34	18	CCL3
1.39066223001146e-36	-0.318913500660528	0.493	0.646	4.17198669003439e-33	18	SH3BP5
8.6874493423248e-36	-2.07842206505982	0.752	0.831	2.60623480269744e-32	18	IGJ
1.23896402809292e-35	-0.371316089117066	0.232	0.542	3.71689208427876e-32	18	CECR1
3.18166385689528e-35	-0.299520969015468	0.485	0.579	9.54499157068583e-32	18	CPNE7
2.5000218457833e-34	-0.33059583625296	0.492	0.617	7.5000655373499e-31	18	PLEK
1.66447502803977e-33	-1.34001157948805	0.549	0.632	4.99342508411932e-30	18	IFNG
2.04662874041994e-33	-0.823614902186148	0.585	0.679	6.13988622125981e-30	18	AHNAK
6.43410709445085e-33	-0.316676092388262	0.643	0.545	1.93023212833526e-29	18	LST1
1.99000300923556e-32	-0.675824037081478	0.681	0.772	5.97000902770669e-29	18	RGS2
5.12473801865961e-32	-0.663847101709879	0.295	0.55	1.53742140559788e-28	18	MATK
2.98239054078564e-31	-0.685110809042824	0.64	0.726	8.94717162235692e-28	18	PIK3R1
1.46324725150207e-30	-0.414909116562675	0.319	0.562	4.3897417545062e-27	18	LMO4
4.33840019332872e-30	0.311988377914055	0.608	0.654	1.30152005799862e-26	18	CRADD
1.01870133503527e-29	-0.592138238538898	1	0.998	3.0561040051058e-26	18	COX3
1.71516426652553e-29	-0.497238378513974	0.998	0.994	5.14549279957659e-26	18	RPLP0
3.49471972433623e-29	-0.30867939978496	0.511	0.642	1.04841591730087e-25	18	PXN
1.88083121270173e-28	-0.428840351673429	0.946	0.922	5.6424936381052e-25	18	MT2A
9.22445266363706e-28	-0.331971521477469	0.678	0.773	2.76733579909112e-24	18	PASK
3.70250829533163e-27	-1.00398386314919	0.493	0.439	1.11075248859949e-23	18	S100A8
4.26480441127466e-27	-0.268860993113891	0.24	0.52	1.2794413233824e-23	18	BACH2
7.86479734728133e-27	-0.391283831737311	0.583	0.686	2.3594392041844e-23	18	TARSL2
1.78699199084009e-26	-0.389174303322576	0.208	0.504	5.36097597252028e-23	18	LINC00892
4.60402919012005e-26	-0.319150938871284	0.603	0.662	1.38120875703602e-22	18	P2RY8
9.61504600108865e-26	-0.447094168126523	0.655	0.66	2.88451380032659e-22	18	NELL2
2.08892808759791e-24	-1.2285522975958	0.904	0.869	6.26678426279374e-21	18	IL7R
2.22314372523215e-24	-0.496720495873079	0.619	0.718	6.66943117569645e-21	18	FAM65B
8.14476472519606e-24	-0.77444467328182	0.943	0.935	2.44342941755882e-20	18	CRIP1
1.94758814837123e-23	-0.51342089032327	0.743	0.811	5.84276444511369e-20	18	CTSH
2.86503561905708e-23	-0.255844180045236	0.469	0.601	8.59510685717125e-20	18	KLF3
5.65786914391837e-23	-0.733989108949343	0.572	0.647	1.69736074317551e-19	18	KLF2
5.18193235282726e-21	-0.326320789419937	0.524	0.622	1.55457970584818e-17	18	LAIR1
5.68315768898256e-21	-0.746841646284285	0.694	0.697	1.70494730669477e-17	18	LYAR
5.70077486188716e-21	-1.01139725441458	0.933	0.931	1.71023245856615e-17	18	S100A11
1.16384467332271e-20	-0.728006727654722	0.987	0.985	3.49153401996812e-17	18	ZFP36
1.23502832251014e-20	-0.308278920098557	0.212	0.447	3.70508496753043e-17	18	C1QC
1.31782748176005e-20	-0.301490527495909	0.316	0.536	3.95348244528014e-17	18	PLAUR
5.30893019048625e-19	-0.727548668050042	0.721	0.77	1.59267905714587e-15	18	ID2
6.31374761946192e-19	-0.324011994978095	0.577	0.558	1.89412428583857e-15	18	C1QB
6.37595717177419e-19	-0.344937807581143	0.58	0.629	1.91278715153226e-15	18	C1QA
1.58828398565186e-18	-0.384573571698964	0.469	0.395	4.76485195695559e-15	18	C15orf48
1.8034848827702e-17	-0.528695919373395	0.636	0.698	5.41045464831059e-14	18	AMICA1
9.742821467621e-17	-0.368499781607222	0.702	0.739	2.9228464402863e-13	18	PNP
1.28436993531829e-16	-0.662780644107205	0.327	0.522	3.85310980595487e-13	18	KLRK1
5.9207467916272e-16	-0.351712308908768	0.529	0.59	1.77622403748816e-12	18	LOC101929065
1.10974730466609e-15	0.411849983260286	0.627	0.682	3.32924191399827e-12	18	CD70
2.22006560009687e-15	-0.665386060474297	0.416	0.59	6.6601968002906e-12	18	SERPINA1
2.7639370782668e-15	-0.372956109799208	0.485	0.587	8.2918112348004e-12	18	SESN1
1.49877646825615e-14	-0.641370407461284	0.692	0.725	4.49632940476846e-11	18	NR3C1
1.64919005837036e-14	-0.45217908961698	0.719	0.786	4.94757017511109e-11	18	CCR7
2.39441890288715e-14	-1.0949713673948	0.499	0.559	7.18325670866144e-11	18	XCL1
4.50164104698936e-13	-0.366732991087484	0.504	0.596	1.35049231409681e-09	18	CDC25B
5.00723533442316e-13	-0.260527789933777	0.694	0.616	1.50217060032695e-09	18	IER3
6.1648607406461e-13	-0.827702443998431	0.825	0.829	1.84945822219383e-09	18	TUBA4A
6.80788544101385e-13	-0.47620760663594	0.618	0.668	2.04236563230416e-09	18	METTL12
7.81741629789005e-13	-0.353254674131516	0.766	0.663	2.34522488936702e-09	18	CMC1
8.01211949519512e-13	-1.40835536284519	0.652	0.606	2.40363584855853e-09	18	TYROBP
8.80215575454649e-13	-0.424743822654611	0.782	0.707	2.64064672636395e-09	18	RHOB
1.79614691296374e-12	-0.367816176994721	0.993	0.979	5.38844073889121e-09	18	FTL
1.85259459375366e-12	-0.267824526610687	0.743	0.707	5.55778378126099e-09	18	MNDA
2.04812234233044e-12	-0.266599777643342	0.655	0.729	6.14436702699131e-09	18	RNF13
4.92918660203929e-12	-0.672360241215068	0.778	0.778	1.47875598061179e-08	18	CD97
4.94008819983541e-12	-0.411026223594569	0.996	0.985	1.48202645995062e-08	18	JUNB
1.29680390856024e-11	-0.441232202238067	0.485	0.582	3.89041172568071e-08	18	PAG1
2.80874030773264e-11	-0.842884562736804	0.999	1	8.42622092319793e-08	18	RNR1
3.62810639714983e-11	-0.290085483312002	0.974	0.931	1.08843191914495e-07	18	TNFAIP3
6.92813525193924e-11	-1.69006993996372	0.682	0.655	2.07844057558177e-07	18	IFI30
7.76838384433485e-11	-0.290167025946206	0.75	0.689	2.33051515330045e-07	18	FLT3LG
8.07020849316254e-11	-0.492669446343635	0.494	0.554	2.42106254794876e-07	18	MS4A1
9.61720798149022e-11	-0.319346830282894	0.891	0.807	2.88516239444706e-07	18	TUBA1A
1.82840859723171e-10	-0.253556295949805	0.385	0.531	5.48522579169513e-07	18	DUSP6
2.43745381124732e-10	-1.33297524476679	0.732	0.611	7.31236143374196e-07	18	GNLY
8.68174027412483e-10	-0.524940948635917	0.722	0.784	2.60452208223745e-06	18	NOSIP
1.76944236775571e-09	-0.560820764466284	0.991	0.986	5.30832710326712e-06	18	PABPC1
2.41490058108768e-09	-0.268245564770741	0.858	0.834	7.24470174326303e-06	18	ANXA5
2.42733051783263e-09	-0.408794644266062	0.88	0.809	7.2819915534979e-06	18	CLDND1
2.94417827263327e-09	-0.604070779580417	0.773	0.779	8.83253481789981e-06	18	TOB1
3.3940681364851e-09	-0.477570796354858	0.633	0.639	1.01822044094553e-05	18	BHLHE40
7.65197178077263e-09	-0.611891936818748	0.468	0.543	2.29559153423179e-05	18	C1orf162
1.02852591840416e-08	-1.02630495769877	0.497	0.451	3.08557775521249e-05	18	S100A9
1.06092864431491e-08	-0.298231894677295	0.318	0.508	3.18278593294472e-05	18	FGFBP2
1.19814637744647e-08	-1.72966083823013	0.454	0.565	3.59443913233942e-05	18	CST3
1.34524662123641e-08	-0.673600508608602	0.677	0.769	4.03573986370922e-05	18	TIMP1
1.58591896723554e-08	-0.303287216492698	0.546	0.552	4.75775690170662e-05	18	CRTAM
2.65469077173201e-08	-0.789538542095822	0.918	0.909	7.96407231519602e-05	18	BTG2
3.41052701650424e-08	-0.550597009490301	0.892	0.907	0.000102315810495127	18	HIST1H4C
4.32821337752199e-08	-0.670548620369252	0.488	0.552	0.00012984640132566	18	CD40LG
5.12915752401779e-08	-0.420556442989693	0.814	0.756	0.000153874725720534	18	CD63
1.8950893022221e-07	-0.310190892780213	0.655	0.661	0.000568526790666629	18	LPAR6
2.34310939548919e-07	-0.426859491541092	0.845	0.788	0.000702932818646758	18	LGALS1
2.68970986911139e-07	-0.886959074472712	0.363	0.492	0.000806912960733416	18	XCL2
3.61959003282808e-07	-0.262475194748978	0.274	0.499	0.00108587700984842	18	CD300A
4.38490054978446e-07	-0.503773267641644	0.619	0.658	0.00131547016493534	18	MYADM
7.10132424419884e-07	-0.378230409705922	0.64	0.627	0.00213039727325965	18	HLA-DRB1
9.55355220445485e-07	-0.510749144576176	0.537	0.56	0.00286606566133646	18	ZEB2
1.44710344809419e-06	-0.463418434258905	0.618	0.711	0.00434131034428257	18	CD68
2.17027322903904e-06	-0.467203130769501	0.698	0.739	0.00651081968711712	18	STMN1
2.20818306077425e-06	-0.27634902541158	0.411	0.455	0.00662454918232274	18	PTGDS
2.69110441784587e-06	-0.382958492465828	0.994	0.983	0.00807331325353761	18	TSC22D3
2.98085923533347e-06	-0.362654808730624	0.755	0.78	0.00894257770600042	18	RTN4
3.10346034397613e-06	-0.771450561550666	0.778	0.746	0.00931038103192838	18	FOSB
3.37841515854179e-06	-0.674679151989185	0.601	0.588	0.0101352454756254	18	ANKRD28
4.40631832567144e-06	-0.562551998163819	0.784	0.847	0.0132189549770143	18	IGLL5
6.52562400990442e-06	-0.250659194661819	0.675	0.632	0.0195768720297133	18	JUND
6.53816338292709e-06	-0.690515739304837	0.932	0.901	0.0196144901487813	18	IER2
1.57051924415968e-05	-0.409622847739088	0.677	0.713	0.0471155773247905	18	SOD2
