p_val	avg_log2FC	pct.1	pct.2	p_val_adj	cluster	gene
0	0.940728353697112	0.84	0.475	0	c11	LTB
0	1.7531251489353	0.499	0.177	0	c11	SELL
0	2.0585343186981	0.457	0.137	0	c11	CCR7
0	1.78510265495097	0.453	0.155	0	c11	LEF1
0	1.92780481874406	0.377	0.104	0	c11	MAL
0	1.09499472318037	0.987	0.873	0	c11	DNAJB1
0	0.820290941863779	0.998	0.95	0	c11	JUNB
0	0.62794822125411	0.992	0.963	0	c11	RPS13
0	0.580919280462951	0.998	0.978	0	c11	RPS3A
0	0.523107516725481	0.997	0.979	0	c11	RPL37
0	0.657862827725091	0.998	0.982	0	c11	RPS8
0	0.509680054537101	0.998	0.991	0	c11	RPL34
0	0.59739336751645	1	0.993	0	c11	RPL32
0	0.506301675801041	0.999	0.993	0	c11	RPL11
0	0.508016311703131	0.999	0.995	0	c11	RPL39
0	0.530615915778536	1	0.996	0	c11	RPL13
0	0.561107969642472	0.999	0.996	0	c11	RPS12
0	0.496698629320335	1	0.998	0	c11	EEF1A1
5.40596052680279e-303	0.421320587572645	1	0.998	1.66108949107069e-298	c11	RPL10
2.41234726230488e-289	0.436806761893155	1	0.991	7.41241943288419e-285	c11	RPL19
8.05713444829895e-289	1.46879623898041	0.676	0.362	2.47571570192882e-284	c11	SOCS3
2.69897443459081e-284	0.458814687632978	0.999	0.989	8.29313874516717e-280	c11	RPL18A
1.64654183710534e-282	0.570353992328463	0.989	0.951	5.05932910287359e-278	c11	RPL5
1.15379104199755e-280	0.523552420575943	0.994	0.973	3.54525373474586e-276	c11	TPT1
1.27956198712609e-277	0.423179282259506	0.998	0.994	3.93171011784234e-273	c11	RPL30
1.701470213848e-276	1.02164772160777	0.892	0.669	5.22810752609074e-272	c11	BTG2
8.72846156229014e-274	0.45373345675528	1	0.99	2.68199438424489e-269	c11	RPS18
2.22851123097793e-273	0.49574287446248	0.997	0.974	6.84754645942588e-269	c11	RPL3
9.39402276688143e-267	1.69079883734634	0.391	0.135	2.88650137557966e-262	c11	TCF7
5.30331995864369e-265	0.554812281817856	0.994	0.962	1.62955112369245e-260	c11	RPS6
4.12293131676021e-262	0.464095783294187	0.995	0.979	1.26685310570091e-257	c11	RPL36
2.38269085884065e-252	0.566758001431987	0.994	0.95	7.32129420195968e-248	c11	RPLP0
3.15818504867542e-252	0.556722012555921	0.986	0.941	9.70415519906496e-248	c11	RPS5
1.56294328569827e-246	0.695127656434489	0.941	0.837	4.80245583396506e-242	c11	EEF1B2
2.55689067605082e-235	1.11892450909157	0.68	0.362	7.85655798030134e-231	c11	KLF2
7.95433896474004e-235	0.709415990514081	0.993	0.953	2.44412973369567e-230	c11	JUN
1.12757998827651e-233	0.379345410167653	0.999	0.99	3.46471502997724e-229	c11	RPS27A
4.37730873855867e-232	0.523444127052278	0.979	0.926	1.34501565609692e-227	c11	RPL9
1.68881231281762e-229	0.445340649898127	0.999	0.976	5.18921359359471e-225	c11	RPL18
2.99368527130878e-228	0.424363226263615	0.997	0.987	9.19869673315049e-224	c11	RPS4X
6.78125798021685e-225	0.446872417877959	0.999	0.983	2.08367713958123e-220	c11	RPL12
6.72296382132221e-224	0.439151350144439	0.997	0.975	2.06576509337768e-219	c11	RPL29
1.92813539419203e-222	0.433927161095606	0.996	0.979	5.92458162573384e-218	c11	RPS23
1.79149543923751e-221	0.562563657003619	0.97	0.898	5.50472803614509e-217	c11	RPL22
8.96470449724987e-221	0.410830711867376	0.996	0.977	2.75458475086997e-216	c11	RPL35A
1.50652887762278e-219	1.12145830083399	0.738	0.452	4.62911128227153e-215	c11	NR4A1
3.3751096726904e-219	0.378254549530045	0.997	0.987	1.03706994912758e-214	c11	RPS21
1.56404126925663e-218	2.20957671661117	0.211	0.053	4.80582960804485e-214	c11	FAAH2
3.94918447614419e-213	0.401092665737311	0.997	0.979	1.21346591398483e-208	c11	RPS25
3.58602307633947e-209	1.17005804404546	0.749	0.498	1.10187731066683e-204	c11	HSPE1
1.56692233815095e-204	0.585312572557347	0.997	0.947	4.81468226843643e-200	c11	FOS
3.99929243720733e-203	0.832073016682982	0.908	0.739	1.2288625871807e-198	c11	HSP90AB1
3.14989230349601e-199	0.38326987434462	0.998	0.984	9.67867408095219e-195	c11	RPS14
8.85542168482275e-194	1.49682546793087	0.413	0.176	2.72100542109549e-189	c11	AREG
1.51893512422572e-193	0.796636509566429	0.797	0.516	4.66723195620837e-189	c11	FOSB
4.50539596254813e-193	0.960424773805792	0.818	0.585	1.38437301741216e-188	c11	DNAJA1
3.62857440881413e-190	0.81667516690389	0.89	0.775	1.11495205859632e-185	c11	PABPC1
4.36344780346455e-190	0.630250326112198	0.927	0.678	1.34075660657055e-185	c11	IL7R
1.54866608154626e-186	0.398381384083898	0.991	0.969	4.7585862687672e-182	c11	RPL14
1.41807223948697e-185	1.75680438222901	0.455	0.217	4.3573105702716e-181	c11	ZFAND2A
9.98654668358409e-184	0.333032960843348	0.998	0.992	3.06856619946488e-179	c11	RPS3
4.35045980268829e-183	0.72923219462235	0.924	0.743	1.33676578357203e-178	c11	PPP1R15A
8.83245760598818e-183	0.415875010576806	0.987	0.953	2.71394924859199e-178	c11	RPS9
1.10196230230479e-180	0.308909619183333	0.999	0.995	3.38599956629194e-176	c11	RPS15A
1.94130538512907e-178	1.26165010084174	0.518	0.269	5.9650490568861e-174	c11	NOSIP
9.05206676301091e-173	1.20415770326697	0.584	0.335	2.78142855427036e-168	c11	HSPH1
1.92721991359324e-172	0.91661428056638	0.843	0.678	5.92176862849796e-168	c11	HSPA1B
2.52726209383421e-166	0.774887561979358	0.929	0.803	7.76551823572438e-162	c11	HSP90AA1
3.2740267600622e-166	0.775278217515879	0.797	0.573	1.00601020256431e-161	c11	LDHB
4.07597236797991e-165	0.608149690073019	0.908	0.774	1.25242402950919e-160	c11	EEF1G
2.45938801766541e-160	0.553981677398281	0.998	0.955	7.5569615618805e-156	c11	DUSP1
2.67793369184466e-158	0.264814044951082	1	0.998	8.22848685493109e-154	c11	RPS27
2.2193321473224e-156	1.06912909708386	0.717	0.5	6.81934188907753e-152	c11	CYCS
6.30665730184452e-155	1.06391831053041	0.612	0.373	1.93784658913777e-150	c11	HSPD1
8.55937361078228e-155	1.25557952543589	0.425	0.203	2.63003872938507e-150	c11	CD55
2.21277688364285e-151	0.32928394348054	1	0.997	6.79919953036939e-147	c11	RPLP1
7.53319709214206e-150	0.562562015012104	0.921	0.811	2.31472547050249e-145	c11	RPL4
3.41939825863288e-149	1.56928556888799	0.265	0.098	1.05067850293013e-144	c11	PASK
1.73603509671313e-148	0.361571364323382	0.994	0.97	5.33431504167044e-144	c11	RPL8
2.08070329405126e-141	0.4407596182156	0.974	0.906	6.39337701163131e-137	c11	RPSA
2.26607530945214e-137	1.83706364867523	0.166	0.048	6.96296960335358e-133	c11	TXK
2.05359786040617e-136	1.40036391717515	0.377	0.18	6.31009014567005e-132	c11	SOD2
4.64269695689598e-136	0.23778756604689	1	0.998	1.42656149394543e-131	c11	RPL28
4.19081644893446e-135	0.574329892735698	0.971	0.884	1.28771217026409e-130	c11	HSPA8
6.55965223019317e-135	0.869370351611293	0.818	0.669	2.01558434077146e-130	c11	HSPA1A
3.89682458883886e-134	0.220652221130888	1	0.999	1.19737729141252e-129	c11	RPL41
2.60466089636063e-132	2.27446620539949	0.107	0.023	8.00334153624732e-128	c11	ADTRP
4.24860772328255e-128	1.57386551589025	0.284	0.12	1.30546969513303e-123	c11	BAG3
4.41589071086748e-127	0.418818119941121	0.966	0.901	1.35687073872825e-122	c11	RPL10A
6.47456692889516e-127	0.343554741060387	0.993	0.964	1.98944018024162e-122	c11	RPLP2
6.61841067496455e-127	0.554928931010899	0.988	0.954	2.03363904809636e-122	c11	FTH1
6.63398636722631e-127	0.831176953076717	0.764	0.585	2.03842499105763e-122	c11	SLC2A3
5.07549253694477e-121	0.618495547487749	0.84	0.68	1.55954659182702e-116	c11	LRRC75A-AS1
2.1734207580648e-120	2.00608247133417	0.143	0.041	6.67826996330572e-116	c11	TAF4B
1.84993704397304e-119	0.395561619057734	0.985	0.944	5.68430155501597e-115	c11	RPS2
9.15857501271512e-119	0.415822876390953	0.967	0.902	2.81415534415697e-114	c11	RPS16
3.61028848291413e-118	1.47567047419934	0.227	0.086	1.10933334214503e-113	c11	SESN3
1.69994868466443e-115	2.09849603046963	0.101	0.023	5.22343232336839e-111	c11	LYPD3
2.02691257261253e-115	1.470138020153	0.196	0.069	6.22809426186651e-111	c11	ZBTB10
2.30086990708579e-115	1.35351620952935	0.204	0.073	7.06988296350252e-111	c11	SPINT2
5.63491240323703e-115	0.468307658503708	0.939	0.871	1.73143953414264e-110	c11	SARAF
3.83619878139176e-112	0.254478716080196	0.997	0.989	1.17874879955825e-107	c11	RPS15
3.9313149668517e-112	1.58414622583582	0.172	0.057	1.20797514986452e-107	c11	CMTM8
3.21925836422515e-110	1.29051672950007	0.239	0.096	9.89181517575463e-106	c11	SH3YL1
2.64584509461258e-108	0.46780644491595	0.922	0.826	8.12988822221607e-104	c11	RPL36A
5.32603492873989e-105	0.956689448173318	0.461	0.264	1.63653075255391e-100	c11	ZNF331
7.24318731634151e-105	1.13476315365666	0.279	0.124	2.22561416669226e-100	c11	LDLRAP1
5.67658672343886e-103	1.46148140171626	0.226	0.092	1.74424480251106e-98	c11	MYC
8.43738154771744e-103	0.509370921724059	0.964	0.891	2.59255422816714e-98	c11	ZFP36
3.10272186591684e-101	0.394641682992415	0.942	0.864	9.53373347740266e-97	c11	RPL38
3.21450375182348e-100	0.740096196706987	0.561	0.351	9.877205678228e-96	c11	GAS5
6.38617766590409e-100	2.52251468001276	0.076	0.016	1.96228081140235e-95	c11	ACTN1
6.63634591729996e-100	0.643464875380608	0.747	0.561	2.03915001000876e-95	c11	SNHG8
1.10288714644482e-99	1.08391925872273	0.36	0.185	3.38884133488101e-95	c11	DNAJB4
1.2013391237507e-99	0.319228070791242	0.98	0.94	3.69135472554877e-95	c11	RPL24
5.89961484833433e-99	0.237433057284128	0.999	0.993	1.81277465444769e-94	c11	RPS19
5.91580259012772e-99	0.785258604872463	0.684	0.48	1.81774866186854e-94	c11	GADD45B
3.47812427105437e-97	0.360525502397008	0.962	0.911	1.06872324476688e-92	c11	NACA
7.18577908012524e-96	0.878754578140166	0.455	0.262	2.20797433795008e-91	c11	DNAJB9
1.23153354611853e-95	0.341628708029324	0.971	0.922	3.78413312715842e-91	c11	GNB2L1
1.95724716696865e-94	1.84472410431341	0.118	0.034	6.01403336994458e-90	c11	IL23A
2.4941145670657e-94	2.17014411864417	0.078	0.017	7.66366583022278e-90	c11	SCML1
6.85632197661355e-94	0.763233428259532	0.566	0.361	2.10674205375404e-89	c11	SERTAD1
8.78037069283082e-93	0.452261216275846	0.892	0.78	2.69794450278613e-88	c11	EEF2
1.63135860733482e-92	1.13192700505103	0.285	0.135	5.0126755927577e-88	c11	MARCKSL1
4.97579210857629e-91	4.04201393587648	0.02	0.001	1.52891164120224e-86	c11	KRT73-AS1
1.3312375712605e-89	0.585535939433761	0.731	0.538	4.09049368521212e-85	c11	GLTSCR2
2.06363178402594e-88	0.287731462017643	0.993	0.973	6.34092138277651e-84	c11	EIF1
2.6979340585737e-86	0.886837251729483	0.467	0.283	8.2899419817794e-82	c11	DDIT3
1.01456918121597e-85	0.282586834758411	0.997	0.981	3.11746672312232e-81	c11	RPS29
7.45029953583206e-84	1.07956305827333	0.399	0.237	2.28925353837512e-79	c11	MRPL18
2.60253818968477e-83	0.5997997063089	0.692	0.501	7.99681909544438e-79	c11	EIF3E
2.79623254005677e-83	0.870155648368584	0.373	0.205	8.59198372583242e-79	c11	AQP3
9.55342101235011e-82	0.727272080791449	0.516	0.33	2.93547967446482e-77	c11	TMEM123
1.16835936593294e-80	2.40838692958102	0.056	0.011	3.59001782370214e-76	c11	MDS2
7.50040204614808e-79	0.237750169164113	0.995	0.979	2.30464853671992e-74	c11	RPS7
9.46856205884208e-78	0.543830585879882	0.89	0.783	2.90940506382041e-73	c11	IER2
4.86628376894362e-77	0.489064751763912	0.792	0.64	1.49526301368331e-72	c11	ZFAS1
7.50775301178473e-77	0.259546301003505	0.99	0.963	2.30690726793109e-72	c11	RPL6
1.49790676831675e-76	0.684229980766591	0.64	0.473	4.60261812700687e-72	c11	YPEL5
1.08615587675624e-72	0.689841212238702	0.513	0.342	3.33743116250891e-68	c11	RNASET2
1.67468908173087e-72	0.612891893724078	0.611	0.425	5.14581714143444e-68	c11	CSRNP1
4.46483394326808e-72	1.13772931655502	0.183	0.078	1.37190952574798e-67	c11	LOC100996286
2.314010906328e-71	1.03524618313664	0.257	0.13	7.11026131187403e-67	c11	TESPA1
2.29647580789617e-69	0.767388177924009	0.4	0.24	7.05638121492255e-65	c11	GPR183
2.40441216750731e-68	1.26419827240487	0.162	0.067	7.38803726709971e-64	c11	C1orf228
4.98134508893793e-68	0.498695227380472	0.916	0.823	1.53061790547796e-63	c11	UBB
6.69961050153381e-68	0.532167116222202	0.534	0.352	2.0585893188063e-63	c11	PIK3IP1
7.47327245280714e-68	0.63748914641631	0.509	0.337	2.29631242657405e-63	c11	NFKBIZ
1.00897471868537e-67	1.00486884413514	0.371	0.226	3.10027661810453e-63	c11	CDKN1A
1.75189172976929e-67	0.73841669669409	0.593	0.426	5.38303771806211e-63	c11	HSPB1
9.72334201680627e-67	1.18963105993734	0.166	0.07	2.98769130150406e-62	c11	BEX2
1.81111311747727e-66	0.464234945210232	0.854	0.739	5.56500727607241e-62	c11	RPL21
4.10152163656808e-66	0.807526923723063	0.499	0.346	1.26027455326827e-61	c11	EGR1
9.78909875186653e-66	1.43986191805031	0.235	0.12	3.00789637348603e-61	c11	HSPA6
3.64681888634174e-65	0.441845617007541	0.815	0.713	1.12055803920623e-60	c11	NPM1
6.55868845833421e-64	0.769796746439379	0.331	0.189	2.01528820259235e-59	c11	BIRC3
1.24356023051894e-63	0.877514106506883	0.309	0.173	3.82108752031556e-59	c11	PRMT9
1.29584374809199e-62	0.768361021400116	0.514	0.363	3.98173908476225e-58	c11	CACYBP
1.73505070035271e-62	0.850919860016783	0.277	0.148	5.33129028697378e-58	c11	S1PR1
1.86867625119617e-61	2.31430225435053	0.055	0.013	5.74188151705048e-57	c11	HBEGF
4.58708239925329e-61	0.207161349632527	0.993	0.977	1.40947280881856e-56	c11	RPL7A
1.01526724238449e-60	0.419319549821728	0.806	0.656	3.11961165567483e-56	c11	NFKBIA
1.7592285029142e-60	0.197392181157463	0.993	0.981	5.40558142090445e-56	c11	RPL26
1.36077451602496e-59	1.46519547882046	0.092	0.03	4.18125185538988e-55	c11	NGFRAP1
3.79431122348715e-59	0.558603531987072	0.453	0.291	1.1658780096409e-54	c11	CAMK4
8.78971653100151e-58	2.46591280928674	0.041	0.008	2.70081619848083e-53	c11	EDA
2.43372957460573e-57	0.191549070153711	0.995	0.98	7.47812086389104e-53	c11	FAU
6.51453192368955e-57	0.506270075546655	0.662	0.495	2.00172022419209e-52	c11	NR4A2
7.63083235522174e-57	0.619913678903623	0.426	0.272	2.34472585778898e-52	c11	SNHG5
1.16139277447996e-56	0.708102869422815	0.33	0.193	3.56861157814457e-52	c11	ICAM2
1.83622967848453e-56	0.920013947652818	0.313	0.187	5.64218293307943e-52	c11	EIF4A3
3.57934284482994e-56	0.467170360216792	0.676	0.523	1.09982467593089e-51	c11	SERP1
7.75940404932148e-56	2.27824585846066	0.037	0.007	2.38423208223501e-51	c11	TCEA3
4.26778075743319e-55	1.09279153377312	0.127	0.051	1.31136099333649e-50	c11	PLK2
9.83265967901527e-55	0.797161387631675	0.368	0.233	3.02128133957102e-50	c11	NEU1
1.09527805551037e-54	0.813610050287842	0.281	0.16	3.36546088116672e-50	c11	ARL4A
1.38101474386414e-54	0.592817940026291	0.627	0.48	4.24344400347133e-50	c11	TUBA1A
6.02271232816799e-54	1.76894594697921	0.063	0.018	1.85059881707618e-49	c11	IFNGR2
8.86748456139463e-54	1.85708979283731	0.059	0.016	2.72471198117973e-49	c11	VIPR1
9.35544789208639e-54	0.222508523387127	0.981	0.956	2.87464847380139e-49	c11	RPL35
4.07498118614281e-53	0.748860232222661	0.332	0.201	1.2521194690661e-48	c11	IL6ST
6.59740319589093e-53	0.797554107912972	0.274	0.155	2.02718408000141e-48	c11	PLK3
7.02488800537286e-53	0.397033721297559	0.76	0.622	2.15853733741092e-48	c11	RPL7
3.84099313078768e-52	0.535317263552487	0.468	0.317	1.18022195929713e-47	c11	CCDC109B
1.31938144448242e-51	0.617302383819299	0.418	0.274	4.05406336446113e-47	c11	IFRD1
2.63674792352635e-51	0.64837233577708	0.341	0.207	8.10193534461942e-47	c11	FOXP1
4.068354251346e-51	0.534813700006532	0.435	0.287	1.25008321081109e-46	c11	SNHG1
4.1141508819177e-51	2.82853553213064	0.026	0.004	1.26415514148685e-46	c11	TMEM45B
6.57078218979982e-51	0.221615533077336	0.983	0.946	2.01900424345979e-46	c11	RPL15
7.37262175832179e-51	0.748897119341026	0.279	0.16	2.26538548767954e-46	c11	RASGRP2
1.2229864068882e-50	0.890699453689318	0.228	0.123	3.75787033244536e-46	c11	SATB1
2.11995498401287e-50	1.94617273766593	0.047	0.011	6.51398567937633e-46	c11	GRASP
4.18594048879383e-50	0.425800872176904	0.684	0.532	1.28621393399168e-45	c11	SNHG6
9.25529069688302e-50	0.904084635142948	0.21	0.11	2.84387317243125e-45	c11	SGK1
1.05031843184304e-49	0.64041843313992	0.436	0.292	3.22731344552412e-45	c11	SNHG15
1.68251014499107e-48	0.807941696869314	0.223	0.12	5.16984892251407e-44	c11	SNORA78
2.08273047123861e-48	0.274707206692814	0.945	0.87	6.39960591897487e-44	c11	RPL27
3.03821846991421e-48	0.809932988200148	0.235	0.129	9.33553389250539e-44	c11	TUBB2A
3.49071434611877e-48	0.427252481711689	0.779	0.656	1.07259179713191e-43	c11	TNFAIP3
5.28066990243692e-47	0.546079305618321	0.705	0.59	1.62259144092179e-42	c11	DDIT4
1.43377141736058e-46	2.30726400928006	0.029	0.005	4.40554943412386e-42	c11	FAM153A
3.30314451711049e-46	0.585704224096627	0.381	0.249	1.01495721577254e-41	c11	TSPYL2
8.50595839218879e-46	0.259371525789575	0.947	0.882	2.61362583516785e-41	c11	RPL37A
1.24682181452041e-45	0.501067702710217	0.46	0.32	3.83110938947686e-41	c11	MYADM
1.80251745853334e-45	2.18712705214235	0.036	0.008	5.53859539483539e-41	c11	WNT7A
3.01670423265099e-45	0.918794960500929	0.148	0.07	9.2694270956667e-41	c11	BACH2
3.48388822754017e-45	0.765004966276342	0.369	0.246	1.07049433567627e-40	c11	CHMP1B
6.23805877299792e-45	1.15789467296717	0.161	0.08	1.91676831917907e-40	c11	AP3M2
1.15427892985577e-44	2.51332955256529	0.026	0.004	3.54675286776783e-40	c11	RGMB
6.31515704675758e-44	0.462971645875007	0.576	0.433	1.9404583057572e-39	c11	RPSAP58
8.7849309994706e-44	0.80521355789375	0.179	0.092	2.69934574820733e-39	c11	TNFSF8
1.40244706376173e-43	1.77477441271083	0.044	0.011	4.30929909282066e-39	c11	AIF1
1.55270557289313e-43	0.577023794630242	0.566	0.432	4.77099841382871e-39	c11	IRF1
2.02927199455312e-43	1.39186676077348	0.084	0.032	6.23534405766337e-39	c11	SLC40A1
6.06152944034305e-43	0.516959949477205	0.397	0.265	1.86252615113421e-38	c11	PIM2
1.44721415730945e-42	0.740169328526759	0.271	0.164	4.44685494116475e-38	c11	ILF3-AS1
2.96528959145519e-42	4.43234046263968	0.01	0.001	9.11144532766435e-38	c11	EDAR
3.93952799472475e-42	0.209125427045157	0.972	0.932	1.21049876693907e-37	c11	RPL23A
6.12907932604649e-42	1.68672749341285	0.054	0.016	1.8832822045143e-37	c11	VSIG1
7.12082367963426e-42	1.6299467639947	0.052	0.015	2.18801549204122e-37	c11	EIF4EBP3
1.04724480061577e-41	0.997804859231345	0.147	0.071	3.21786909885209e-37	c11	FXYD7
1.38747833192623e-41	0.947013306694092	0.142	0.068	4.26330467050971e-37	c11	SERINC5
2.68784028352873e-41	0.648270451484784	0.223	0.124	8.25892683919872e-37	c11	KLF3
5.08914052760553e-41	0.495800653318376	0.461	0.328	1.56374020991735e-36	c11	SBDS
8.1641898191974e-41	0.64594071918812	0.302	0.19	2.50861060574479e-36	c11	DGKA
1.31793209953847e-40	0.5572955596258	0.413	0.288	4.04960996225185e-36	c11	EIF2S3
2.0988754674271e-40	0.476726291413911	0.438	0.305	6.44921464876326e-36	c11	FAIM3
4.90148332504811e-40	0.430931919830467	0.426	0.292	1.50607878128753e-35	c11	FLT3LG
8.6100837269859e-40	0.847758692651072	0.155	0.078	2.64562042679096e-35	c11	FXYD1
3.2019603128619e-39	0.424585162728393	0.802	0.674	9.83866345333076e-35	c11	RPL17
3.24731190996286e-39	0.560020069175239	0.365	0.244	9.97801530574289e-35	c11	PRKCQ-AS1
3.79102709678923e-39	0.231154076764282	0.948	0.891	1.16486889603043e-34	c11	UBA52
5.87039604479242e-39	0.601372916897567	0.269	0.164	1.80379659268337e-34	c11	RCAN3
6.75561958264575e-39	0.638634179140359	0.36	0.244	2.07579922915956e-34	c11	H2AFX
7.74367241965933e-39	0.61037487920881	0.25	0.149	2.37939822438872e-34	c11	RASA3
1.70600266105021e-38	3.10103105778455	0.016	0.002	5.24203437660899e-34	c11	SULT1B1
1.81236963496857e-38	0.441876096895063	0.48	0.341	5.56886817736793e-34	c11	RPL21P28
3.06583150704455e-38	0.926273405025199	0.125	0.059	9.4203804716958e-34	c11	FBLN5
6.46711213373608e-38	1.19955006306885	0.155	0.08	1.98714954533309e-33	c11	ID3
9.82523252464056e-38	1.09951090384748	0.111	0.05	3.0189991978463e-33	c11	RIC3
1.06604569275073e-37	0.211479556759862	0.942	0.883	3.27563860011516e-33	c11	PFDN5
1.2404840752518e-37	1.15984618909397	0.075	0.028	3.81163541802622e-33	c11	LINC00176
1.41683743811085e-37	0.547048232664681	0.411	0.291	4.35351639608321e-33	c11	BCAS2
1.44543485958147e-37	0.593124519226817	0.241	0.144	4.441387693036e-33	c11	THEM4
1.54621019253071e-37	1.03016482921065	0.186	0.104	4.75104005858911e-33	c11	FKBP4
1.56494616576101e-37	0.541227981187321	0.464	0.336	4.80861008353386e-33	c11	RPS14P3
1.17253876162136e-36	2.32708541368849	0.026	0.005	3.60285985283394e-32	c11	LEF1-AS1
2.43970750613679e-36	1.30308718269069	0.072	0.027	7.49648925410653e-32	c11	BEX5
2.70999723882267e-36	0.955694706768334	0.187	0.105	8.32700851573041e-32	c11	LPAR6
3.87380083247081e-36	0.878075648063058	0.214	0.127	1.1903027817933e-31	c11	CHMP7
4.30984554086649e-36	1.65278079976415	0.04	0.011	1.32428623934205e-31	c11	SNN
9.03758466879547e-36	0.183391227236134	0.985	0.959	2.77697864118078e-31	c11	H3F3B
1.11844050448674e-35	0.60291854498163	0.248	0.151	3.43663213813642e-31	c11	CD28
1.7339132439627e-35	0.960860722129845	0.14	0.072	5.32779522472419e-31	c11	ARHGEF18
3.14236724750996e-35	0.588717406220366	0.326	0.218	9.65555184142385e-31	c11	NXT1
4.49498462858461e-35	0.433189812577989	0.376	0.255	1.38117392682519e-30	c11	TRAT1
1.10066171053682e-34	0.39434725581716	0.496	0.364	3.38200323796647e-30	c11	TUBB4B
2.28972271852339e-34	0.17169624295629	0.988	0.957	7.03563099720683e-30	c11	FXYD5
3.16989813651384e-34	0.262041402849635	0.744	0.627	9.74014600406609e-30	c11	LEPROTL1
3.47967467444859e-34	0.465742257126845	0.443	0.322	1.06919963721782e-29	c11	RPS18P9
4.32509008650431e-34	1.31029564741364	0.055	0.018	1.32897043088018e-29	c11	LOC101927613
4.33487953407263e-34	0.257850219811306	0.827	0.722	1.3319784344345e-29	c11	RPL31
6.33147643270849e-34	2.45082719679876	0.025	0.005	1.94547276347834e-29	c11	AK5
2.1349289235828e-33	0.888002228572864	0.11	0.051	6.55999610349288e-29	c11	ZNF10
6.52861751616841e-33	1.24591214231248	0.089	0.039	2.00604830419307e-28	c11	TRABD2A
8.9904773287697e-33	1.02882598486876	0.146	0.078	2.76250396881107e-28	c11	NFKBIE
1.8751646111243e-32	1.33466725348011	0.056	0.02	5.76181830060165e-28	c11	CITED4
2.39163720934865e-32	1.51060675847595	0.04	0.011	7.34878365316559e-28	c11	SCGB3A1
4.72622351710876e-32	3.47026194184127	0.011	0.001	1.45222670010201e-27	c11	DACT1
6.1329128339999e-32	0.628977248609752	0.256	0.163	1.88446012650315e-27	c11	DEDD2
7.57850248588069e-32	0.347536454890764	0.606	0.478	2.32864645883656e-27	c11	RGCC
1.11398829272356e-31	0.517780593905083	0.332	0.226	3.42295182705169e-27	c11	FAM65B
1.20728332276603e-31	1.21593199128342	0.072	0.029	3.70961946586317e-27	c11	GSTM3
3.33290689628888e-31	0.608759145654922	0.212	0.127	1.02410230202268e-26	c11	C6orf48
2.99733350603232e-30	0.632833970628369	0.229	0.144	9.20990666398551e-26	c11	NELL2
4.03722471240169e-30	0.932281821746135	0.166	0.095	1.24051803737967e-25	c11	GLA
4.68324803567248e-30	1.49559844839789	0.048	0.016	1.43902162392108e-25	c11	ANKRD55
5.51707635599738e-30	0.269987793796808	0.715	0.6	1.69523205190732e-25	c11	RPL13A
7.86336297010615e-30	1.81155964407338	0.059	0.022	2.41617553982452e-25	c11	CXCR5
1.0104229647236e-29	1.9328178010772	0.029	0.007	3.10472664370622e-25	c11	SLC22A17
1.13010120014003e-29	3.68092875500102	0.007	0	3.47246195767028e-25	c11	NOG
1.52074436076645e-29	0.969150781928232	0.103	0.05	4.67279119732707e-25	c11	IL6R
1.92325661295304e-29	1.00393549648324	0.072	0.03	5.90959059462082e-25	c11	LOC101928152
2.63086575044605e-29	0.689579192903744	0.179	0.105	8.08386119139558e-25	c11	KDM6B
2.77968256515309e-29	0.216021188752175	0.879	0.789	8.5411306179459e-25	c11	TOMM7
3.13039104789753e-29	0.501747829793597	0.37	0.266	9.61875257287475e-25	c11	RSL1D1
3.23540576793778e-29	0.637093471090653	0.218	0.136	9.94143130314243e-25	c11	ABLIM1
5.16042523390317e-29	0.359786611989242	0.519	0.4	1.58564386162143e-24	c11	EIF3L
8.34762382761463e-29	0.75531374271944	0.169	0.098	2.56497437351115e-24	c11	C1orf162
9.54838899227424e-29	1.0486207201239	0.067	0.027	2.93393348565611e-24	c11	HSBP1L1
2.41214363504823e-28	2.82191463850636	0.017	0.003	7.41179374741271e-24	c11	CELA1
4.27363149433757e-28	0.98631870560126	0.132	0.072	1.31315874926511e-23	c11	MAFF
9.31650293905889e-28	1.0841300020318	0.085	0.039	2.86268185808463e-23	c11	PHLDB3
9.34418414947373e-28	0.331472367475781	0.632	0.511	2.87118746360879e-23	c11	HNRNPA1P10
1.09857959315011e-27	0.763056960939003	0.115	0.059	3.37560551587235e-23	c11	ANK3
1.65382118549854e-27	0.831975211005852	0.102	0.05	5.08169635668137e-23	c11	DPP4
3.80987532524173e-27	0.21518127840927	0.905	0.831	1.17066039118703e-22	c11	HNRNPA1
6.03118437859347e-27	1.08629086470453	0.076	0.034	1.85320202401042e-22	c11	DPEP2
6.1349385039051e-27	0.350463749174158	0.501	0.387	1.88508255409492e-22	c11	SOCS1
6.96016173589407e-27	0.434425977079951	0.213	0.133	2.13864889658817e-22	c11	TNFRSF25
1.15204862178337e-26	0.445537314329999	0.196	0.119	3.53989980015375e-22	c11	CDC14A
1.73007328596034e-26	0.414665878736767	0.223	0.138	5.31599618577033e-22	c11	PLAC8
1.98352439886156e-26	0.642183633053115	0.32	0.228	6.0947754203819e-22	c11	CKS2
2.0368085262497e-26	0.539001203335111	0.413	0.313	6.25850155860745e-22	c11	ODC1
2.09568824809902e-26	1.24342283427418	0.06	0.024	6.43942127993386e-22	c11	CCDC184
2.30602545700648e-26	0.668331878675616	0.167	0.099	7.08572442174381e-22	c11	PPP1R15B
2.31856128908907e-26	0.632597945224677	0.147	0.083	7.12424327298397e-22	c11	LSR
2.88018713024767e-26	0.304391327409952	0.676	0.561	8.84995099511201e-22	c11	HNRNPA0
7.06514310414539e-26	1.22704517877894	0.065	0.028	2.17090652161075e-21	c11	RAB3A
2.70253186960425e-25	0.574565660109987	0.222	0.144	8.30406967573299e-21	c11	IMPDH2
2.73620804084757e-25	0.612279446294861	0.17	0.102	8.40754644711232e-21	c11	FAM159A
3.03515215076711e-25	0.401670506479985	0.549	0.44	9.3261120136621e-21	c11	SELK
4.59013668248931e-25	0.513925722428075	0.202	0.127	1.41041129842849e-20	c11	SORL1
1.12139164004901e-24	0.233445145649198	0.841	0.741	3.4457000923786e-20	c11	RPL27A
1.13426398514862e-24	0.761842557071373	0.153	0.09	3.48525294716616e-20	c11	BEX4
1.41489748537448e-24	0.314799863301885	0.586	0.476	4.34755550331016e-20	c11	EIF4B
2.67461888255934e-24	0.706861096102176	0.179	0.111	8.21830144044008e-20	c11	LOC101929910
4.56050095000799e-24	0.252963748607125	0.695	0.588	1.40130512690896e-19	c11	EIF4A2
8.06017488873045e-24	0.647291834866909	0.232	0.156	2.47664993806021e-19	c11	RNF139
8.95999630405789e-24	1.85378889269884	0.022	0.005	2.75313806434787e-19	c11	F2RL1
9.85300354077044e-24	0.625344293819168	0.265	0.184	3.02753239797253e-19	c11	RAPGEF6
1.02874764705591e-23	0.181290173892646	0.889	0.82	3.16103289510871e-19	c11	PNRC1
1.05103792511197e-23	0.749033672753969	0.178	0.111	3.22952423249155e-19	c11	CD83
1.11868909873572e-23	0.913514456449664	0.078	0.037	3.43739599368525e-19	c11	LOC102724889
1.47851613463221e-23	0.348613209101477	0.464	0.361	4.54303652688438e-19	c11	ARHGAP15
1.6567157848733e-23	0.796238632132238	0.117	0.064	5.09059059218018e-19	c11	TMEM63A
1.9439680893749e-23	0.239273837645651	0.738	0.636	5.97323074822225e-19	c11	SRSF5
2.06873674151809e-23	0.903349429972803	0.075	0.035	6.35660738566264e-19	c11	SPG20
2.20954626762119e-23	0.846681483800866	0.097	0.05	6.78927281651964e-19	c11	CYSLTR1
2.32256130104907e-23	0.424456603864412	0.283	0.195	7.13653410973349e-19	c11	SNHG16
2.9832503112907e-23	0.401851609822985	0.373	0.278	9.16663323150294e-19	c11	ZC3HAV1
3.71048641121547e-23	0.435788345601751	0.384	0.289	1.14012115957418e-18	c11	STAT3
6.00953657701697e-23	0.31837753626605	0.52	0.416	1.84655030402e-18	c11	SMDT1
7.34609461039752e-23	0.45253107310967	0.178	0.11	2.25723449093685e-18	c11	MAML2
8.17771828462198e-23	1.32453340739807	0.049	0.019	2.5127674973158e-18	c11	LINC01215
1.07786600303497e-22	0.701799147329802	0.143	0.085	3.31195886752556e-18	c11	CFAP36
1.27820021347288e-22	0.539726991348407	0.284	0.201	3.92752579593812e-18	c11	ZC3H12A
1.30548830853475e-22	0.471871766729944	0.298	0.211	4.01137392563474e-18	c11	PTGER2
1.8999836188871e-22	0.913509150709217	0.123	0.07	5.8380796657544e-18	c11	TSPYL4
2.03984216969763e-22	0.582948641359444	0.124	0.07	6.2678230348299e-18	c11	RASSF3
2.70698451400674e-22	0.573215267848095	0.2	0.13	8.31775131618852e-18	c11	P2RY8
3.01903248086088e-22	0.30051234445531	0.433	0.33	9.27658110394122e-18	c11	ITK
3.65515354809182e-22	1.7240399481261	0.031	0.01	1.12311903072217e-17	c11	CFP
4.08747952558845e-22	1.02681983363119	0.084	0.042	1.25595983382756e-17	c11	LY96
9.11546542946532e-22	0.331238579139502	0.384	0.288	2.80090906251181e-17	c11	PTP4A1
1.21130721555846e-21	0.278719798947346	0.562	0.453	3.72198368124649e-17	c11	AES
1.26409868742413e-21	2.09958646385411	0.017	0.004	3.88419603684812e-17	c11	SUSD4
1.35504789495991e-21	1.65090412350656	0.032	0.011	4.16365566684331e-17	c11	ATG9B
1.43906002778101e-21	0.541307181796246	0.13	0.075	4.42179974736272e-17	c11	FBLN7
1.82315326756831e-21	0.196037882478468	0.836	0.743	5.60200304525716e-17	c11	SRSF7
1.87333281833998e-21	1.65277302770993	0.024	0.007	5.75618975091326e-17	c11	ARC
1.98138318921941e-21	0.279221480359441	0.565	0.457	6.08819612551448e-17	c11	EIF3H
2.113679363027e-21	0.512727588298216	0.247	0.171	6.49470257877305e-17	c11	RNF138
2.40770778230599e-21	1.38505224606111	0.038	0.014	7.39816370269162e-17	c11	LOC101929285
4.33023640674026e-21	0.390350520921838	0.315	0.23	1.33055174069908e-16	c11	TRADD
6.58171249030044e-21	0.96155817800306	0.085	0.044	2.02236279689462e-16	c11	CHRM3-AS2
6.69424067125965e-21	1.09197356909911	0.064	0.03	2.05693933105795e-16	c11	EPHX2
7.77870833439921e-21	0.634547546596846	0.125	0.072	2.39016370991085e-16	c11	ARL4D
1.06515181192427e-20	0.339694089092906	0.312	0.223	3.2728919724997e-16	c11	SNHG7
1.15374130686164e-20	0.196408448589665	0.965	0.93	3.54510091359375e-16	c11	FTL
1.5544037266986e-20	0.429842370344502	0.262	0.181	4.7762163310268e-16	c11	SNHG9
1.66366001857128e-20	0.824960495903275	0.056	0.024	5.11192813906398e-16	c11	PCSK1N
1.69113320800284e-20	0.950676581082011	0.142	0.087	5.19634500823031e-16	c11	OSM
1.97537451919493e-20	0.431428929906472	0.249	0.172	6.06973328513025e-16	c11	PDE3B
2.28881980144373e-20	0.697995286897725	0.124	0.073	7.03285660389615e-16	c11	BNIP3
4.32022234064315e-20	1.32206050769405	0.032	0.011	1.32747471860942e-15	c11	KLF5
4.71118868381494e-20	4.51354106657178	0.004	0	1.44760694687582e-15	c11	ANKRD36BP2
5.10719059203177e-20	0.805952402636414	0.121	0.07	1.5692864532136e-15	c11	LOC646513
6.33883655186043e-20	0.986494517105101	0.072	0.036	1.94773430729015e-15	c11	ZNF815P
6.91565634329708e-20	0.632357694894089	0.09	0.048	2.12497372460489e-15	c11	ITGA6
9.88851672003473e-20	0.34607240189312	0.347	0.258	3.03844453256507e-15	c11	MGAT4A
1.11561115973485e-19	0.459933158704156	0.202	0.135	3.42793841051726e-15	c11	RELB
1.13325911375679e-19	0.355096571018681	0.47	0.385	3.48216527884048e-15	c11	HIST1H4C
1.27340391200096e-19	0.254616047203727	0.598	0.496	3.91278820040536e-15	c11	SF1
1.40273966702145e-19	0.233876519968928	0.67	0.569	4.3101981748568e-15	c11	EIF3F
2.43097770152931e-19	0.243848447453404	0.405	0.309	7.46966518348911e-15	c11	JUND
3.04214114738695e-19	0.141297003988189	0.957	0.908	9.34758710357589e-15	c11	EEF1D
3.24812776644389e-19	0.871678351219324	0.087	0.046	9.98052218795213e-15	c11	NPIPB11
4.83604133090325e-19	0.842053779056131	0.069	0.034	1.48597041974664e-14	c11	APP
5.20824511343813e-19	2.29557413851948	0.014	0.003	1.60033747600613e-14	c11	PCSK5
6.07632035769117e-19	0.286359088512078	0.676	0.575	1.86707095630777e-14	c11	SOD1
6.11245205960114e-19	1.15103297185356	0.051	0.022	1.87817314435364e-14	c11	PRKCA
7.68771680528017e-19	0.69120324521832	0.127	0.077	2.36220474275844e-14	c11	ARL5B
7.73469567841017e-19	1.08842798149666	0.057	0.026	2.37663994110509e-14	c11	LOC102724428
7.93186989729769e-19	2.94994642666525	0.009	0.001	2.43722566334266e-14	c11	KALRN
8.71979572947431e-19	0.497100668032591	0.225	0.157	2.67933163379557e-14	c11	NFKB1
1.01235415780929e-18	0.792211210463126	0.058	0.026	3.11066062070061e-14	c11	IFNG-AS1
1.26566973316341e-18	0.578115331303151	0.141	0.087	3.88902338909122e-14	c11	SC5D
1.50324172500678e-18	1.66884242430167	0.02	0.005	4.61901084842833e-14	c11	GREM2
1.62454334459214e-18	0.732460490284653	0.074	0.037	4.99173433492826e-14	c11	GCSAM
2.46120195356986e-18	0.229016124458455	0.527	0.421	7.5625352427341e-14	c11	UXT
3.54336266157302e-18	0.488855119536103	0.191	0.128	1.08876904502154e-13	c11	TSPYL1
3.58984762845977e-18	0.303197937523256	0.286	0.208	1.10305248079683e-13	c11	LOC642441
4.51960840011848e-18	0.460611051673372	0.165	0.106	1.3887400731044e-13	c11	LOC101929065
5.2046017767832e-18	0.398645976695117	0.299	0.223	1.59921798795217e-13	c11	ALKBH7
6.23242851150167e-18	0.798420272855569	0.093	0.052	1.91503830872912e-13	c11	ANKRD37
8.68944359101701e-18	0.181853941707562	0.815	0.728	2.6700053322118e-13	c11	HINT1
1.34211911530474e-17	0.293659325466929	0.438	0.347	4.12392940559688e-13	c11	NSA2
1.51578454489548e-17	0.105441297529217	0.994	0.979	4.65755117110035e-13	c11	PTMA
1.60183218167385e-17	0.536985639928096	0.223	0.157	4.92194974462925e-13	c11	ALG13
1.78592463844944e-17	0.441724503314042	0.266	0.193	5.48761063656359e-13	c11	BRE-AS1
2.2554852787494e-17	0.362757158515167	0.217	0.15	6.93042961601328e-13	c11	TLE4
2.32859684850299e-17	0.875660996782774	0.058	0.028	7.15507953639513e-13	c11	FHL1
2.6780922045403e-17	0.301445226536905	0.445	0.354	8.22897391689099e-13	c11	PIM1
4.80446702809909e-17	1.46950501408294	0.026	0.009	1.47626858372401e-12	c11	LOC101928370
6.93245079074846e-17	0.896120540818556	0.046	0.021	2.13013415447328e-12	c11	MORN3
1.1149782615523e-16	0.25335095070032	0.397	0.309	3.42599370427174e-12	c11	DDX3X
1.35466090947954e-16	0.398102689907347	0.294	0.22	4.16246657655777e-12	c11	UPP1
1.40682190650479e-16	4.63073666602311	0.003	0	4.32274167211727e-12	c11	GPRC5B
1.41768300620684e-16	0.64884204688193	0.149	0.097	4.35611457317175e-12	c11	ARRDC2
1.45727149254712e-16	0.713699517634669	0.079	0.043	4.47775811514952e-12	c11	LOC101927596
2.04974517473146e-16	0.20692044134402	0.573	0.477	6.29825199839736e-12	c11	CCNL1
2.04982601441499e-16	2.47681850950576	0.009	0.001	6.29850039449294e-12	c11	FAM19A2
2.05759608014694e-16	0.46368276975995	0.182	0.123	6.32237547546749e-12	c11	PER1
2.10501950856087e-16	0.446676742621021	0.233	0.168	6.46809344395499e-12	c11	GRPEL1
2.35796567721124e-16	0.713949772977194	0.131	0.083	7.24532113636698e-12	c11	FAM53C
2.92827717794584e-16	0.24939769354374	0.43	0.343	8.99771728467417e-12	c11	SMCHD1
2.9738562686395e-16	0.15850368858131	0.723	0.612	9.1377681566486e-12	c11	LIMD2
3.21575596814659e-16	0.203581225842851	0.642	0.544	9.88105336332402e-12	c11	RPL23
4.05257036098166e-16	0.361729830146197	0.265	0.196	1.24523329481884e-11	c11	ADD3
4.399802042428e-16	0.456614858253142	0.179	0.122	1.35192717357685e-11	c11	PABPC4
4.64189688964381e-16	1.60648626660305	0.02	0.006	1.42631565728085e-11	c11	AXIN2
4.87924718164633e-16	0.257587736447461	0.437	0.346	1.49924628150447e-11	c11	XBP1
6.16910161976081e-16	0.225905071167927	0.39	0.303	1.89557985470391e-11	c11	SNHG12
6.86215977558468e-16	0.84884375798964	0.07	0.037	2.10853583424391e-11	c11	SLC8B1
7.89671035668915e-16	0.761861837011502	0.079	0.043	2.42642219129988e-11	c11	TFAP4
8.05589285106283e-16	0.281576056055967	0.394	0.311	2.47533419634608e-11	c11	MAX
1.11002925495149e-15	1.12839438121568	0.033	0.013	3.41078689168945e-11	c11	FOSL1
1.52867388334394e-15	0.309557501031002	0.257	0.188	4.69715624135094e-11	c11	RPL13AP5
1.72113595244663e-15	0.330274544661983	0.315	0.242	5.28853444108275e-11	c11	TMEM243
2.38705176381177e-15	2.28880206292784	0.009	0.002	7.33469395466442e-11	c11	ISM1
2.58692139256077e-15	1.10092485343377	0.026	0.009	7.94883336292148e-11	c11	PLAG1
2.78662456677901e-15	0.441064741262651	0.198	0.139	8.56246130634187e-11	c11	HELB
3.05451124325183e-15	1.74588386287234	0.015	0.004	9.38559669713991e-11	c11	IGF1R
3.27384586859648e-15	1.32245482923201	0.029	0.011	1.00595462004364e-10	c11	GPA33
3.5171222470677e-15	0.220507673220804	0.538	0.444	1.08070615285649e-10	c11	ANP32B
3.53591516078982e-15	0.651038912745341	0.11	0.068	1.08648065145589e-10	c11	C14orf64
3.93833066226248e-15	0.367204113217128	0.323	0.248	1.21013086259339e-10	c11	TCP1
4.09647288420858e-15	0.437910819839717	0.193	0.135	1.25872322313077e-10	c11	RPL19P12
4.68112284611945e-15	0.25515282703955	0.394	0.311	1.43836861692712e-10	c11	TTC39C
5.20787322100235e-15	0.292214693175274	0.255	0.187	1.60022320461739e-10	c11	INPP4B
5.89878487947493e-15	0.468817465117038	0.165	0.112	1.81251962991626e-10	c11	CNST
6.15998489683292e-15	0.717340642704396	0.077	0.043	1.89277855924985e-10	c11	CEP68
6.31849055729705e-15	0.411774275321213	0.227	0.165	1.94148259354066e-10	c11	CHORDC1
7.11680741116549e-15	0.19096034626688	0.308	0.23	2.18678141322882e-10	c11	LOC284454
7.41020052243294e-15	0.199399041300502	0.561	0.465	2.27693231452797e-10	c11	PPP1R2
7.72305952025586e-15	0.275951116127875	0.251	0.183	2.37306449878902e-10	c11	SMAP2
8.98614550361676e-15	0.270181048011077	0.275	0.204	2.76117292889632e-10	c11	ATF4
1.00828146034672e-14	1.80397850807891	0.02	0.006	3.09814644320736e-10	c11	DENND5A
1.51357426002966e-14	2.16361312979128	0.006	0.001	4.65075962879313e-10	c11	TCEAL2
1.55770198132421e-14	0.211009962622887	0.425	0.34	4.78635087801489e-10	c11	TNFAIP8
1.67192758031169e-14	0.572346779621141	0.11	0.068	5.13733187602373e-10	c11	GNL3
2.30743866355028e-14	2.06471105707692	0.008	0.001	7.09006678149096e-10	c11	PTPRO
2.33882478526597e-14	0.234396615924353	0.48	0.395	7.18650691768676e-10	c11	EIF5
3.08910365359872e-14	0.784029272858848	0.057	0.029	9.49188879641279e-10	c11	LOC613037
3.3189534965888e-14	0.319098014346276	0.293	0.224	1.01981484089684e-09	c11	TOB1
3.804780768155e-14	0.131798054889265	0.409	0.322	1.16909498663099e-09	c11	LINC00861
4.11471801243683e-14	0.598747875153196	0.147	0.099	1.26432940368147e-09	c11	TMEM204
4.50182305640548e-14	0.42464221210596	0.188	0.133	1.38327517054171e-09	c11	NABP1
5.15933129220136e-14	1.09380431949249	0.036	0.016	1.58530772615471e-09	c11	FSCN1
5.29189590310371e-14	1.59569768868152	0.017	0.005	1.62604085414668e-09	c11	LINC00824
5.46573640926887e-14	2.04079195041959	0.012	0.003	1.67945682647605e-09	c11	ALS2CL
8.59365419952277e-14	1.47692223432222	0.014	0.004	2.64057212588736e-09	c11	RBM11
8.72518461612857e-14	0.776559577916582	0.041	0.019	2.68098747699783e-09	c11	SNAI1
9.33722186045215e-14	0.439628768772016	0.148	0.1	2.86904816106113e-09	c11	PELI1
1.23784079358111e-13	0.541420252569456	0.125	0.082	3.80351340643667e-09	c11	KIAA0922
1.2532038066597e-13	0.153035522137404	0.796	0.703	3.85071933672326e-09	c11	RPS11
1.3049631440078e-13	0.409054964405415	0.137	0.09	4.00976025259276e-09	c11	MAN2A1
1.32367580326143e-13	1.90990464359707	0.009	0.002	4.06725864068141e-09	c11	GPC2
1.40262806212756e-13	0.794914832971188	0.048	0.023	4.30985524649934e-09	c11	CTSL
1.43131886678779e-13	0.266693216166561	0.328	0.256	4.39801348197886e-09	c11	CYTH1
1.4536199288549e-13	0.593418962758963	0.119	0.077	4.46653795539244e-09	c11	IER5
1.48041228311814e-13	0.366564009361292	0.219	0.161	4.5488628223371e-09	c11	EPB41L4A-AS1
1.50629745093216e-13	0.293279346869203	0.339	0.268	4.62840017747924e-09	c11	RPS20
1.607566291361e-13	1.61424995680815	0.025	0.009	4.93956894346494e-09	c11	NET1
1.70650105169434e-13	0.72776825429237	0.089	0.053	5.24356578154119e-09	c11	GRAP
1.72850573675004e-13	0.712306013929913	0.082	0.048	5.31117957731185e-09	c11	HAPLN3
1.98844935923706e-13	1.19600616950209	0.043	0.021	6.10990834612772e-09	c11	DNAJA4
2.39648025214926e-13	2.73427777818598	0.011	0.002	7.36366487077904e-09	c11	CIART
2.69619787789243e-13	0.200878869005245	0.472	0.389	8.28460721940006e-09	c11	TOMM20
2.98340227057667e-13	1.23810228537699	0.026	0.01	9.16710015680094e-09	c11	SPON1
3.2471837579788e-13	2.2527067952851	0.009	0.002	9.97762153314147e-09	c11	LOC101926931
4.56108878893289e-13	1.4220689250673	0.019	0.006	1.40148575217541e-08	c11	SAMD12
5.16212863858671e-13	1.03289375771655	0.03	0.012	1.58616726677854e-08	c11	RNF157
5.24141224062747e-13	1.11461000694528	0.046	0.022	1.6105287391776e-08	c11	PLAUR
5.3657203045008e-13	0.976821340043993	0.047	0.023	1.64872487796396e-08	c11	IRS2
5.64508442004327e-13	0.228654258971837	0.369	0.294	1.73456508974669e-08	c11	TAF1D
6.19442472057638e-13	0.526232295255131	0.087	0.052	1.9033608838915e-08	c11	TAF9B
6.27231453270709e-13	0.897078981442256	0.058	0.031	1.92729408646491e-08	c11	RRP12
6.4582577691603e-13	1.83715714408177	0.015	0.004	1.98442886472989e-08	c11	KANK1
7.15618746152986e-13	0.644365128741353	0.086	0.052	2.19888172130428e-08	c11	CXorf40A
7.75831064332638e-13	0.407292672695108	0.163	0.114	2.3838961113749e-08	c11	NFKB2
8.17101981151334e-13	0.268653910159698	0.235	0.174	2.5107092574837e-08	c11	FAM102A
8.29349112765022e-13	0.405614025037206	0.128	0.085	2.54834101879308e-08	c11	HIVEP2
9.57300857062281e-13	2.28327666256177	0.009	0.002	2.94149834349527e-08	c11	HYKK
1.00711245761288e-12	0.297254842405489	0.233	0.174	3.09455444850708e-08	c11	BIRC2
1.039341810126e-12	0.681088717360312	0.068	0.038	3.19358557997416e-08	c11	PLEKHB1
1.06928699707234e-12	0.280091585043934	0.252	0.19	3.28559815590419e-08	c11	LOH12CR1
1.07558773574452e-12	0.731183954469144	0.089	0.055	3.30495843562218e-08	c11	NANS
1.26067241901323e-12	0.19847939880073	0.304	0.233	3.87366814190196e-08	c11	KCNA3
1.4056412686821e-12	3.35623779885583	0.005	0.001	4.3191139262795e-08	c11	PRRT1
1.43606627963761e-12	0.400109074590597	0.201	0.148	4.41260085744247e-08	c11	OSER1
1.51755102767345e-12	1.47783966451509	0.018	0.006	4.6629790427322e-08	c11	RALGPS2
1.59924010985422e-12	1.81935703587235	0.012	0.003	4.91398508554908e-08	c11	HPCAL4
1.62891093958993e-12	0.671337840614771	0.072	0.041	5.00515464407796e-08	c11	LOC102723587
1.82865656065374e-12	0.422008244468136	0.113	0.073	5.61891301392074e-08	c11	SLC39A8
1.89082683071775e-12	0.218756904214318	0.475	0.397	5.80994360274642e-08	c11	RSL24D1
2.03269596227067e-12	0.203699849231637	0.462	0.382	6.24586488326909e-08	c11	ST13
2.62437866737334e-12	0.197397906747933	0.639	0.554	8.06392833123807e-08	c11	PCED1B-AS1
2.77559385862948e-12	0.685256681466525	0.055	0.029	8.52856724941079e-08	c11	ARHGAP5
2.88624023083198e-12	0.89934846874933	0.11	0.073	8.86855035727743e-08	c11	ICAM1
4.03371173649145e-12	0.7644063981804	0.065	0.037	1.23943860527173e-07	c11	PARD6A
4.15155646256431e-12	0.124657132143304	0.185	0.131	1.27564875425214e-07	c11	METTL12
4.38224858896607e-12	0.950748736936272	0.023	0.009	1.3465335239316e-07	c11	KCNQ1
4.84883362680605e-12	0.903266058412631	0.042	0.021	1.48990110850869e-07	c11	NUAK2
4.85353476523168e-12	0.436318577904237	0.182	0.132	1.49134562731274e-07	c11	BCL2
4.90455885908839e-12	1.48633229136609	0.013	0.004	1.50702380063209e-07	c11	FOXJ1
5.0868579989146e-12	0.602553064257506	0.094	0.059	1.56303885732649e-07	c11	MAP3K1
5.15210486341558e-12	0.181329436694025	0.555	0.483	1.58308726138171e-07	c11	FUS
7.63263307884741e-12	0.127198581603353	0.51	0.425	2.34527916613744e-07	c11	TUBA1B
7.84877150446941e-12	0.568418315993848	0.105	0.068	2.41169202017832e-07	c11	ETV3
8.49390431907624e-12	1.28917960633912	0.028	0.012	2.60992198012256e-07	c11	KLF7
9.72512808672489e-12	0.177685122759207	0.673	0.594	2.98824010720796e-07	c11	SLC25A6
9.85441072605426e-12	1.76980659675434	0.015	0.005	3.02796478379469e-07	c11	MYOM2
1.01327924192762e-11	0.667044313724493	0.063	0.035	3.11350312667101e-07	c11	ID1
1.05890131236686e-11	1.33153996622425	0.014	0.004	3.25368606250965e-07	c11	CACNA1I
1.12840414715715e-11	0.57996987996716	0.078	0.047	3.46724742296976e-07	c11	SFMBT1
1.21012203315482e-11	0.281032932828991	0.27	0.209	3.7183419712748e-07	c11	NGRN
1.4023251713138e-11	3.24836896609756	0.003	0	4.3089245538959e-07	c11	GPRASP2
1.65476548928029e-11	0.227975685809853	0.324	0.258	5.08459791891155e-07	c11	FAM177A1
1.68351465502749e-11	1.3945649730973	0.014	0.004	5.17293548050296e-07	c11	LOC100505585
1.94135344485556e-11	0.495054182226969	0.146	0.102	5.96519673000768e-07	c11	WDR74
2.05290553284997e-11	0.223237487346902	0.445	0.376	6.30796283078809e-07	c11	TRA2B
2.05349235049511e-11	0.372485011493129	0.147	0.103	6.30976594536633e-07	c11	MSL3
2.14928573918821e-11	0.247192096472067	0.269	0.208	6.60411029080362e-07	c11	NECAP2
2.33884316542535e-11	2.47303936630504	0.008	0.002	7.18656339440249e-07	c11	WBP5
2.51677422968845e-11	0.358289169023394	0.15	0.105	7.7332921755637e-07	c11	BBC3
2.84422158725265e-11	4.02032888551467	0.003	0	8.73943967115122e-07	c11	DSC1
3.01160684219083e-11	1.22791566593161	0.024	0.01	9.25376434399977e-07	c11	KRT18
3.02214810897665e-11	1.03192036998338	0.024	0.01	9.28615449445254e-07	c11	FMN1
3.31143280403601e-11	0.135783263732635	0.51	0.426	1.01750395769615e-06	c11	CLK1
3.77598618366113e-11	0.19988804408107	0.471	0.397	1.16024727465356e-06	c11	NDFIP1
4.1643948472412e-11	0.489761314743884	0.136	0.094	1.2795936047118e-06	c11	NSUN6
4.86169147204367e-11	2.01320929316658	0.006	0.001	1.49385193861486e-06	c11	AKR1E2
4.96220028118746e-11	2.90012212797864	0.004	0.001	1.52473528040047e-06	c11	LOC101927560
5.44726200842018e-11	0.636822644201736	0.062	0.036	1.67378019732727e-06	c11	LOC100131691
6.25679031131591e-11	1.09047825507838	0.031	0.014	1.92252395895804e-06	c11	C12orf42
6.51820978064283e-11	3.04684970946059	0.006	0.001	2.00285031929812e-06	c11	SH3BGRL2
7.22060843886918e-11	0.38780180959953	0.131	0.091	2.21867635501133e-06	c11	CCR6
7.41021794708572e-11	0.624217546399297	0.073	0.045	2.27693766860103e-06	c11	FCGRT
7.56352460474419e-11	1.54192690854105	0.014	0.005	2.32404420529975e-06	c11	EML5
7.59733367866242e-11	0.134320777056223	0.843	0.793	2.3344327194426e-06	c11	BTF3
8.05306502886598e-11	0.677754158638684	0.039	0.02	2.47446529141965e-06	c11	FAM117B
9.61297481646695e-11	0.302944000699149	0.272	0.215	2.9537787718558e-06	c11	PPP1R10
9.69175431289199e-11	5.29538894783687	0.002	0	2.97798534772232e-06	c11	MIR663AHG
9.78150914806551e-11	0.327760652951145	0.164	0.118	3.00556431592609e-06	c11	MXD1
1.01485500675041e-10	2.63308353319491	0.006	0.001	3.11834497924199e-06	c11	BEND5
1.08964788008221e-10	0.357159241129199	0.127	0.087	3.3481610411286e-06	c11	UBE2S
1.10376066626129e-10	0.159233742214684	0.289	0.225	3.39152539922106e-06	c11	SELM
1.13752360572718e-10	1.38021553338097	0.019	0.007	3.4952687833179e-06	c11	LOC100505555
1.20322730086972e-10	0.295480004997536	0.193	0.143	3.69715652738238e-06	c11	GPCPD1
1.28029456510073e-10	2.29866456044115	0.006	0.001	3.93396111018502e-06	c11	MMP28
1.28571122876186e-10	1.01191837366132	0.023	0.009	3.95060489261656e-06	c11	GPRASP1
1.35557370402035e-10	1.09487461960708	0.035	0.017	4.16527132034333e-06	c11	LOC102606465
1.37577688575068e-10	0.339031831352823	0.221	0.17	4.22734963684613e-06	c11	EIF2A
1.52759470857588e-10	0.311792092867245	0.266	0.21	4.69384026104112e-06	c11	FBL
1.57293708667059e-10	1.00566459155543	0.04	0.021	4.83316378621271e-06	c11	ULBP2
1.61152342823433e-10	0.566158036060325	0.068	0.041	4.95172803793562e-06	c11	PDCD4-AS1
1.72962571427685e-10	0.361021873736859	0.209	0.159	5.31462093225849e-06	c11	NDNL2
1.78688700695524e-10	0.149386245983422	0.355	0.285	5.49056770627138e-06	c11	CHD2
1.80028636875442e-10	0.288583468342192	0.198	0.148	5.5317399252717e-06	c11	BCL11B
1.98472981667679e-10	0.167063213133805	0.482	0.4	6.09847930770277e-06	c11	SFPQ
2.01314790780761e-10	2.66421424414245	0.006	0.001	6.18579957632045e-06	c11	TLR5
2.24608319086484e-10	0.556132497450109	0.062	0.036	6.90153982057039e-06	c11	LGALS3BP
2.28296490540045e-10	0.865220978496114	0.038	0.019	7.01486626482397e-06	c11	PWARSN
2.32198418494483e-10	0.350979447055138	0.188	0.141	7.13476080507999e-06	c11	RBM7
2.35416697391272e-10	0.432788732969048	0.09	0.058	7.23364886074162e-06	c11	SSBP2
2.44756979373568e-10	0.388433014101547	0.095	0.062	7.52064770521162e-06	c11	NBPF15
2.57606006421439e-10	0.175680613240059	0.41	0.341	7.91545975931156e-06	c11	HNRNPU
2.7364962778363e-10	0.910712255729295	0.033	0.016	8.40843211290761e-06	c11	PGAP1
2.73802958548058e-10	0.699495607758303	0.066	0.039	8.41314350730618e-06	c11	GCC1
2.73968407170086e-10	0.264815925817316	0.217	0.165	8.41822724711524e-06	c11	PSMD5-AS1
2.76849737687897e-10	0.327425739943776	0.2	0.152	8.50676188993602e-06	c11	NUPL1
2.80901599322415e-10	0.117696051160265	0.544	0.456	8.63126344237983e-06	c11	RHOH
2.84379627178442e-10	0.591146100351736	0.11	0.075	8.738132804312e-06	c11	PCNXL4
3.14395597098222e-10	6.64793095010359	0.001	0	9.66043351203708e-06	c11	AVP
3.14395597098222e-10	6.91440975788149	0.001	0	9.66043351203708e-06	c11	LOC101929330
3.22413789442582e-10	0.334287391655253	0.136	0.096	9.90680850820222e-06	c11	TACC3
3.24871302087586e-10	1.03383586809532	0.052	0.029	9.98232049924525e-06	c11	FAM13A
3.54404370194473e-10	0.8343405160891	0.027	0.012	1.08897830829656e-05	c11	CKAP4
3.58764018488851e-10	0.219540216326544	0.244	0.189	1.10237419961069e-05	c11	CDC25B
3.70049171246775e-10	0.245247569785954	0.317	0.258	1.13705008848996e-05	c11	PPA1
3.83139808272677e-10	0.601550465779722	0.088	0.057	1.17727368887946e-05	c11	RIPK2
4.12563123629217e-10	0.652093316691198	0.06	0.035	1.26768270997549e-05	c11	LINC01128
4.17817645436677e-10	1.08571381622609	0.032	0.016	1.28382827913328e-05	c11	METAP1D
4.68730337646851e-10	1.91721878641495	0.009	0.002	1.44026770848748e-05	c11	C2orf40
5.25114348431402e-10	0.971281088603898	0.028	0.013	1.61351885842517e-05	c11	MSX2P1
5.54577752681608e-10	0.699531466974106	0.072	0.045	1.70405106066478e-05	c11	TIAM1
5.67439530551593e-10	0.236388259680865	0.287	0.23	1.74357144552588e-05	c11	H3F3C
6.30251304564233e-10	0.133037324685163	0.859	0.794	1.93657318353452e-05	c11	COX7C
7.46836050438127e-10	0.332343940607414	0.261	0.208	2.29480313218123e-05	c11	MAT2A
8.60912053157659e-10	2.02438877678784	0.007	0.002	2.64532446573754e-05	c11	C14orf132
9.59695409255463e-10	1.74098352493542	0.008	0.002	2.94885608401926e-05	c11	GTSCR1
9.66105724002643e-10	0.228928490742524	0.212	0.163	2.96855305814292e-05	c11	STK38
1.16857989958591e-09	1.02456069552803	0.017	0.006	3.59069545745762e-05	c11	PARK2
1.21418206417743e-09	2.1854145392539	0.007	0.002	3.73081722859798e-05	c11	NKX3-1
1.21448324813504e-09	2.25651436898388	0.007	0.002	3.73174267654452e-05	c11	LOC101927587
1.21966596498366e-09	0.31189452792631	0.254	0.202	3.74766761060531e-05	c11	UGP2
1.22496681446598e-09	0.415047724053103	0.174	0.13	3.76395553080962e-05	c11	USP10
1.28592288192018e-09	2.39850380140636	0.005	0.001	3.95125523927614e-05	c11	AEBP1
1.32433183348565e-09	0.136952087182595	0.454	0.384	4.06927442475135e-05	c11	RPS17
1.33944756661436e-09	0.197911458855175	0.372	0.31	4.11572053793593e-05	c11	IKZF1
1.41217055852029e-09	1.47473611409812	0.014	0.005	4.33917647516529e-05	c11	UBE2E2
1.54296889526155e-09	0.159172875914388	0.708	0.633	4.74108052447017e-05	c11	C12orf57
1.6186905947052e-09	2.64090428280357	0.004	0.001	4.97375059035068e-05	c11	LOC102724272
1.64982682606044e-09	2.84212223739137	0.003	0	5.06942288843592e-05	c11	FLJ21408
2.05753348462587e-09	0.874662099358936	0.054	0.032	6.3221831382099e-05	c11	INF2
2.22869314028909e-09	0.179935126978218	0.344	0.282	6.84810541216629e-05	c11	R3HDM4
2.3157656310418e-09	4.47071386243129	0.002	0	7.11565305450214e-05	c11	SORCS3
2.70067694904491e-09	0.152612387326561	0.641	0.566	8.29837006133029e-05	c11	SRSF3
2.77091385169963e-09	0.650097255162323	0.039	0.021	8.51418699211744e-05	c11	MEGF6
2.84630050965854e-09	0.976171027902447	0.02	0.009	8.74582757602778e-05	c11	GPR150
3.1735060907729e-09	1.17382500028873	0.023	0.01	9.75123216511788e-05	c11	PFN2
3.20072542605514e-09	1.65757713249869	0.011	0.003	9.83486901663963e-05	c11	EXPH5
3.34541237221897e-09	0.199983956893616	0.132	0.093	0.000102794485961172	c11	SNHG3
3.45826759931312e-09	0.865717722580472	0.078	0.051	0.000106262188524094	c11	SERPINH1
3.47942594065771e-09	1.86123424823576	0.012	0.004	0.00010691232087859	c11	NEFL
3.48647602556792e-09	0.516247121471172	0.078	0.05	0.000107128948837626	c11	FAM175A
3.81570420207595e-09	0.352799022704733	0.164	0.123	0.000117245143017188	c11	KLF10
4.15533037472145e-09	2.68760034101189	0.003	0	0.000127680836424066	c11	NUPR1L
4.17056003205302e-09	0.912139238290929	0.025	0.012	0.000128148798104893	c11	HYPK
4.3091655908996e-09	0.346409895010694	0.121	0.086	0.000132407731111572	c11	TSC22D2
4.4402317930979e-09	0.597490561155815	0.053	0.031	0.000136435002306519	c11	CXorf57
4.77809800325671e-09	1.22812068629822	0.021	0.009	0.000146816617346069	c11	HRH2
4.87525394715332e-09	0.288924349384897	0.136	0.098	0.00014980192803418	c11	LINS
5.32853385401835e-09	0.598653900371058	0.058	0.035	0.000163729859732422	c11	KLF11
5.33779761011093e-09	0.702067699823518	0.022	0.01	0.000164014507165879	c11	ZNF208
5.99957480254396e-09	1.39308100389355	0.026	0.012	0.000184348934957768	c11	PI16
6.13095891852096e-09	0.109440216825853	0.633	0.559	0.000188385974689393	c11	TAGAP
6.48982763610379e-09	0.412738617885645	0.286	0.238	0.000199412933774561	c11	ATF3
7.33878291206605e-09	2.94357221281179	0.004	0.001	0.000225498782539053	c11	LRP6
7.91641092973438e-09	0.904766541266114	0.037	0.02	0.000243247558637948	c11	WHAMMP2
8.01928444095318e-09	5.90061159847932	0.001	0	0.000246408553017168	c11	LOC100289333
8.36147176922097e-09	0.191907497447222	0.379	0.319	0.000256922943052853	c11	RPS10
8.44298467813819e-09	0.756820390196346	0.026	0.012	0.000259427590205152	c11	EGR3
8.79283838735259e-09	0.21765533899823	0.105	0.072	0.000270177545128183	c11	DHRS3
8.82021603865173e-09	0.142283133839061	0.251	0.198	0.000271018778219652	c11	ATM
9.72964260905414e-09	0.287150438663816	0.266	0.215	0.000298962728448406	c11	DDX21
9.97516590782846e-09	0.652957205025289	0.046	0.026	0.000306506922849845	c11	SVIL
1.01973316494585e-08	0.258578499165581	0.257	0.207	0.000313333409592912	c11	CYLD
1.03214872766026e-08	0.235913865210578	0.228	0.178	0.000317148339548169	c11	SBDSP1
1.05949670072478e-08	1.3487991796108	0.009	0.003	0.000325551551231702	c11	SIAH3
1.12846804749843e-08	1.89074942720512	0.006	0.001	0.000346744376954843	c11	LOC283683
1.26174230975751e-08	0.571554817128831	0.05	0.029	0.000387695559519191	c11	NDUFV2-AS1
1.30477106180129e-08	0.231077464023229	0.263	0.211	0.000400917004159683	c11	SAMHD1
1.35651605145033e-08	0.427111629877253	0.068	0.043	0.000416816687129143	c11	PTP4A3
1.53387873836656e-08	0.287122935469658	0.27	0.222	0.000471314919937892	c11	PIM3
1.64116054354712e-08	2.12182594978976	0.007	0.002	0.000504279400215722	c11	TPST1
1.7752029223229e-08	0.109295050250901	0.303	0.25	0.000545466601942158	c11	ICOS
1.9930487985211e-08	0.988361923026051	0.031	0.016	0.00061240410432158	c11	LIMS2
2.43762424824774e-08	0.270637937311797	0.124	0.09	0.000749008802759082	c11	NUFIP2
2.48306253608395e-08	0.164370474877572	0.404	0.342	0.000762970625462516	c11	SLC3A2
2.58016059843539e-08	0.161492617883513	0.257	0.206	0.000792805947081243	c11	PAG1
2.60497013155708e-08	1.03511710660539	0.015	0.006	0.000800429172323544	c11	ACVR1C
2.64189514856005e-08	0.501247614827378	0.063	0.039	0.000811775122298046	c11	IMMP2L
2.73093014114185e-08	4.68293635268856	0.002	0	0.000839132904468655	c11	GNAI1
2.84339571385556e-08	0.132575075864045	0.497	0.428	0.000873690200996398	c11	EIF5A
2.85564500825448e-08	2.46395664327139	0.004	0.001	0.000877454041686353	c11	GP5
2.85974900718014e-08	1.01192221189962	0.025	0.012	0.000878715077436243	c11	MORC2
3.12725537774518e-08	0.549639739259909	0.055	0.034	0.000960911759919761	c11	OSER1-AS1
3.26299187378664e-08	0.456162442017285	0.072	0.046	0.00100261951305842	c11	LOC102724935
3.57649206072647e-08	0.9207328367848	0.028	0.014	0.00109894871549942	c11	DSEL
3.59622005435592e-08	1.86121538400069	0.005	0.001	0.00110501053610194	c11	PPP4R4
3.6288147331794e-08	0.667310874438833	0.043	0.024	0.00111502590306404	c11	CHD7
4.77846080483081e-08	0.639414723399103	0.05	0.03	0.00146827765150036	c11	PDE8A
4.83813827189961e-08	0.175896301968791	0.206	0.162	0.00148661474680659	c11	USP3
4.89849636406414e-08	0.413333294725725	0.086	0.058	0.00150516097778599	c11	MEPCE
4.90071954083208e-08	3.49736493143674	0.003	0	0.00150584409331147	c11	THAP10
5.07937940160519e-08	1.61334104674426	0.012	0.004	0.00156074090873123	c11	LOC101928399
5.1517676470698e-08	0.116576744649148	0.361	0.3	0.00158298364491514	c11	NAP1L1
5.17759297393975e-08	0.502686641659234	0.052	0.031	0.00159091899310247	c11	EID3
5.17832071793377e-08	1.3636354167895	0.014	0.005	0.00159114260699951	c11	ALOX5
5.19638084275769e-08	0.944472638153872	0.017	0.007	0.00159669194155416	c11	ALPK1
5.51362292765279e-08	0.739271800646802	0.039	0.022	0.00169417091697987	c11	CLUAP1
5.66735593901963e-08	0.41220973365294	0.096	0.067	0.00174140845938256	c11	SLC7A6
5.67061577447887e-08	2.45195425934372	0.005	0.001	0.00174241010902412	c11	FNDC4
5.68598676775303e-08	1.30702230668279	0.009	0.003	0.00174713315412747	c11	PTK2
5.70764305719783e-08	0.372115226932698	0.08	0.053	0.00175378748218518	c11	TNFRSF10A
6.21803091364409e-08	1.21386529567767	0.01	0.003	0.00191061435883542	c11	KDF1
6.51788043688859e-08	1.05689830414756	0.027	0.013	0.00200274912184276	c11	RND1
6.58979264147759e-08	0.423449883311846	0.109	0.078	0.00202484558494682	c11	CRTC3
6.66518319853075e-08	0.254849731358803	0.211	0.167	0.00204801084141254	c11	P2RY10
7.01497793306993e-08	0.526742239813212	0.112	0.081	0.0021554922694944	c11	PRR7
7.25987179784713e-08	0.703010268323694	0.055	0.034	0.00223074080732449	c11	LOC102724246
7.87740490557063e-08	1.26158490784639	0.015	0.006	0.00242049020533469	c11	AMIGO1
8.13968286686122e-08	0.351079655851608	0.06	0.038	0.00250108035450045	c11	ZSCAN18
8.54560768687975e-08	0.183179947276245	0.292	0.242	0.00262580887394754	c11	PSIP1
9.06955550770561e-08	1.18669485128242	0.017	0.007	0.0027868023208527	c11	HSPA7
9.31660579774088e-08	1.11408713551236	0.02	0.009	0.00286271346347184	c11	LOC100506870
9.88372594694986e-08	0.159762302761431	0.434	0.37	0.00303697247171928	c11	CCT4
1.03410427644984e-07	1.04285458402181	0.018	0.008	0.00317749221024742	c11	LOC101929761
1.08947549694678e-07	0.516541995942236	0.081	0.055	0.00334763135946839	c11	CSGALNACT1
1.09894936914396e-07	0.769513709772959	0.052	0.032	0.00337674172656865	c11	ZC3H12D
1.12052936572361e-07	0.362206261309232	0.098	0.069	0.00344305058205894	c11	NME4
1.15082497748286e-07	0.784859933377401	0.043	0.025	0.00353613990831158	c11	NPIPB4
1.24506885678564e-07	0.989804620269836	0.009	0.003	0.00382572307624524	c11	REM2
1.27401012947258e-07	0.200678167355406	0.386	0.329	0.0039146509248304	c11	RGS2
1.35137496223165e-07	3.1781571433641	0.003	0	0.00415236984644918	c11	RNF175
1.37815278174926e-07	2.4221301873794	0.005	0.001	0.00423465005248095	c11	FAM153C
1.3989981087398e-07	3.23131912882483	0.003	0	0.00429870148872478	c11	KCNQ2
1.46825492581317e-07	2.05509290293067	0.006	0.001	0.00451150691054612	c11	GAL3ST4
1.55143587556251e-07	1.5302149762792	0.009	0.003	0.00476709701484094	c11	EFNA1
1.61649008525861e-07	0.478671785483212	0.071	0.047	0.00496698908497414	c11	DPH1
1.6292599257408e-07	0.325240374607002	0.066	0.043	0.00500622697382376	c11	PLA2G12A
1.65915154914163e-07	0.595543208152705	0.051	0.032	0.0050980749650475	c11	ANKRD26
1.77485706571824e-07	1.13481572213522	0.014	0.006	0.00545360330583243	c11	ZNF703
1.78094446362689e-07	0.674807027224885	0.028	0.015	0.00547230805338634	c11	RGPD2
1.87574671421027e-07	0.326532977358719	0.12	0.088	0.00576360692875389	c11	MAP4K2
1.88589719659091e-07	0.890740242237727	0.019	0.009	0.00579479631596488	c11	ACSS2
1.97647336234238e-07	0.579929154220164	0.042	0.024	0.00607310970046944	c11	ZBTB21
2.18751871635608e-07	0.291323570867682	0.119	0.088	0.00672158875974733	c11	LOC100996740
2.30911496335786e-07	0.37446012687769	0.075	0.05	0.00709521754790968	c11	NACAP1
2.31349063878688e-07	0.203702388736865	0.157	0.12	0.00710866268580046	c11	BCL2A1
2.41576202805929e-07	3.45150185030681	0.002	0	0.00742291198361777	c11	C1orf115
2.46312319519961e-07	0.168177234105524	0.235	0.189	0.00756843864188984	c11	MYLIP
3.1678177839588e-07	1.54083188255999	0.013	0.005	0.00973375370477021	c11	PANK1
3.21602279524558e-07	0.536469891417223	0.068	0.046	0.0098818732429511	c11	ADPRM
3.44202626067235e-07	0.416138427197837	0.096	0.068	0.0105763140911679	c11	ZNF101
3.56686374650607e-07	3.20372845648166	0.003	0	0.0109599022338892	c11	RIPK4
3.60804883695166e-07	1.46351451832634	0.013	0.005	0.0110864516613014	c11	ST6GALNAC1
3.6198517885321e-07	0.115094782092696	0.359	0.3	0.0111227185906226	c11	MZT2B
3.62572320704907e-07	0.579609236268506	0.027	0.014	0.0111407596982997	c11	ZBTB16
3.85838123849001e-07	0.182279367247174	0.683	0.669	0.0118556480315082	c11	LOC101929876
3.99956381584997e-07	0.52313440585286	0.055	0.035	0.0122894597369622	c11	EFCAB2
4.49660809640729e-07	0.927093093909835	0.011	0.004	0.0138167276978307	c11	KLHL32
4.80728406606183e-07	0.513614036464572	0.071	0.048	0.0147713417497882	c11	TECPR1
4.880709275289e-07	0.334024875911469	0.076	0.052	0.0149969553901805	c11	SPTBN1
5.01450459896732e-07	1.58946125223699	0.009	0.003	0.0154080682812469	c11	AMN
5.27807115353027e-07	0.133878229576045	0.873	0.866	0.0162179292334525	c11	RPS26
5.28072691487897e-07	2.28623795744956	0.006	0.001	0.0162260895913486	c11	GALR2
5.42200366369762e-07	0.163077082723958	0.277	0.23	0.0166601906574437	c11	NOP58
5.5239853596169e-07	4.776715653266	0.001	0	0.0169735498144949	c11	ATP1B4
5.54677675226699e-07	0.365143418976912	0.076	0.052	0.0170435809266908	c11	NFKBID
5.86450996698728e-07	0.152998211731531	0.553	0.495	0.0180198797755618	c11	ERP29
6.03405615199356e-07	1.80136380516824	0.003	0.001	0.0185408443382306	c11	SNORD104
6.10034268181529e-07	0.25987891157121	0.13	0.098	0.0187445229584138	c11	CREBL2
6.46410584188909e-07	0.524802359715812	0.065	0.043	0.0198622580203726	c11	MPI
6.96622922192861e-07	1.45030466501937	0.008	0.003	0.02140513253022	c11	ZMYND12
7.30775353835632e-07	1.10992691395434	0.017	0.007	0.0224545342973075	c11	SPACA6P
7.50757177813036e-07	0.65323334058041	0.026	0.013	0.0230685158026612	c11	TNFRSF10D
7.53787513712884e-07	0.109175961633762	0.356	0.3	0.0231616289338558	c11	C10orf54
8.02694063910471e-07	0.482002446466431	0.055	0.036	0.024664380501777	c11	INADL
8.20667317673728e-07	0.405410149149386	0.148	0.115	0.0252166446701606	c11	BCL10
8.36036865917292e-07	0.773912946254011	0.061	0.04	0.0256889047790406	c11	TNFSF13B
8.47546757701375e-07	0.663599352293833	0.04	0.024	0.0260425692238901	c11	HSPA2
8.72632850060548e-07	0.250069762058576	0.126	0.094	0.0268133895838105	c11	REPS1
8.74755482520203e-07	0.302064325126386	0.096	0.069	0.0268786117113983	c11	CLUHP3
9.09677567841595e-07	0.216797654363386	0.172	0.135	0.0279516626270687	c11	NAMPT
9.50526238597704e-07	0.343205089151295	0.118	0.088	0.0292068197333916	c11	AKAP17A
9.84100227891733e-07	0.192867001599222	0.217	0.176	0.0302384477024293	c11	GIMAP2
9.88997691411723e-07	0.185832003206606	0.261	0.217	0.030388932064008	c11	APEX1
1.01033513806121e-06	0.760141721498553	0.031	0.017	0.0310445677872069	c11	TPCN1
1.02543699368576e-06	0.407144239394935	0.083	0.058	0.0315086025049824	c11	METTL21A
1.0408637527896e-06	0.252522736613885	0.228	0.187	0.031982620531966	c11	TUBA1C
1.05623784064674e-06	0.135707635754995	0.206	0.164	0.0324550201295523	c11	CCNG1
1.09901894062105e-06	1.18215455243737	0.013	0.005	0.0337695549884629	c11	GYLTL1B
1.16553151719302e-06	1.99936036918889	0.004	0.001	0.03581328692879	c11	SNORD89
1.20605815569922e-06	1.5151070509989	0.014	0.006	0.0370585489501699	c11	H1F0
1.2077742809418e-06	1.16124456213755	0.009	0.003	0.0371112803304987	c11	MYO16
1.23564675302101e-06	0.168568311310612	0.169	0.131	0.0379677177800765	c11	ERN1
1.23929648611713e-06	1.06664290123276	0.04	0.024	0.0380798631289211	c11	KLF4
1.24262064571979e-06	0.219170598177581	0.275	0.23	0.0381820045810321	c11	DDX39A
1.27317602052671e-06	0.480017664784294	0.049	0.031	0.0391208795827243	c11	SLC18B1
1.29253603431916e-06	0.50685928843376	0.04	0.024	0.0397157547265247	c11	MIR17HG
1.3664802196871e-06	0.310391443774643	0.11	0.081	0.0419878377103254	c11	BTAF1
1.37506963560211e-06	0.680785388546096	0.026	0.014	0.0422517646931459	c11	PELI2
1.37690641547579e-06	0.101398592091818	0.806	0.736	0.0423082034283245	c11	COMMD6
1.39868474151229e-06	1.6330253007275	0.005	0.001	0.042977386052448	c11	ABCG2
1.44746714261583e-06	0.16839490515545	0.247	0.204	0.0444763228911567	c11	RBMX
1.57490088813612e-06	0.720520664133055	0.016	0.007	0.0483919795897587	c11	FGF9
1.62009129219661e-06	0.357315430603355	0.076	0.053	0.0497805451353251	c11	CYB561
