p_val	avg_log2FC	pct.1	pct.2	p_val_adj	cluster	gene
0	1.90240324524248	0.899	0.279	0	c10	GZMK
0	1.77595057519658	0.585	0.199	0	c10	CMC1
0	1.03348092051329	0.951	0.608	0	c10	CST7
0	2.17040693933797	0.401	0.099	0	c10	TNFSF9
0	1.16192151956252	0.971	0.784	0	c10	DUSP2
2.00518204533871e-238	2.81566440686543	0.123	0.017	6.16132287071224e-234	c10	DKK3
2.55026296301675e-219	0.658607865542348	0.993	0.946	7.83619300646157e-215	c10	JUNB
1.27718917609079e-210	1.13145385650606	0.751	0.467	3.92441918137417e-206	c10	NR4A2
1.00462411102605e-196	0.491557528502399	0.901	0.521	3.08690850594974e-192	c10	NKG7
2.7574731117598e-196	1.01495839023866	0.608	0.299	8.47288763050435e-192	c10	LYAR
4.81859624327641e-196	1.43428105591943	0.317	0.104	1.48061006767154e-191	c10	EOMES
8.89949529258527e-190	1.06732496822581	0.558	0.273	2.73454791855268e-185	c10	SH2D1A
1.46296230238785e-181	0.916860507153109	0.817	0.559	4.49524426654714e-177	c10	DNAJA1
5.67019730529961e-174	1.00973990018121	0.484	0.214	1.74228152599941e-169	c10	KLRG1
4.55324385502269e-171	2.19356579852239	0.126	0.024	1.39907523933282e-166	c10	IFNG-AS1
6.76667096625478e-161	0.575615136155021	0.947	0.776	2.07919498780111e-156	c10	CD74
4.53894491437451e-157	0.717585658957805	0.943	0.788	1.39468160383986e-152	c10	HSP90AA1
3.12274609670991e-156	0.79248165095464	0.974	0.865	9.59526193136055e-152	c10	DNAJB1
5.34496852260157e-155	0.969480394238769	0.705	0.465	1.64234847793978e-150	c10	CLDND1
6.25469603833456e-146	0.585158374040616	0.812	0.502	1.92188045169906e-141	c10	CCL4
4.04554614756828e-143	1.26915252306632	0.47	0.241	1.24307496476331e-138	c10	ZNF331
1.90063132735498e-139	0.824255818823949	0.636	0.369	5.84006987956364e-135	c10	GZMM
5.29350392718722e-138	0.517269371654361	0.547	0.269	1.62653495170682e-133	c10	CCL4L1
1.82299404712323e-137	1.18573190314113	0.28	0.102	5.60151380859554e-133	c10	PLEK
7.62342309886983e-137	0.45218974210646	0.993	0.956	2.34244921558973e-132	c10	H3F3B
1.48740607833813e-136	0.696659327958273	0.858	0.653	4.57035265690958e-132	c10	BTG2
1.72662053922882e-135	0.539899905550365	0.974	0.875	5.3053869308884e-131	c10	HSPA8
1.27596294493295e-131	0.903046832306333	0.623	0.376	3.92065134089546e-127	c10	PIK3R1
1.02299821661935e-129	0.200071686968562	0.795	0.469	3.14336662020627e-125	c10	GZMA
1.56696376099202e-127	1.41674709242797	0.262	0.099	4.81480954840017e-123	c10	NR4A3
2.32583485636614e-127	0.781930208170071	0.684	0.428	7.14659276315622e-123	c10	NR4A1
2.57870722794167e-124	0.862323114015331	0.592	0.345	7.92359369929638e-120	c10	SERTAD1
1.7481256015296e-113	0.857934905866414	0.393	0.185	5.37146553582e-109	c10	SAMD3
3.50697954346825e-113	1.56313404634654	0.158	0.047	1.07758960432149e-108	c10	FCRL3
8.70802155767419e-112	0.343757117356062	0.993	0.761	2.67571378402655e-107	c10	CCL5
1.18888454652903e-109	0.594930149766432	0.879	0.727	3.65308554611976e-105	c10	SRSF7
1.74569654287472e-108	0.558383569008677	0.921	0.771	5.36400176729116e-104	c10	IER2
2.10303789209262e-106	0.327295005521597	0.993	0.971	6.462004531033e-102	c10	EIF1
9.67310923153451e-104	0.446062542242989	0.996	0.952	2.97225627357361e-99	c10	DUSP1
5.01526435916666e-101	0.81291775749355	0.688	0.474	1.54104027964114e-96	c10	HSPE1
1.14845610909233e-96	0.930801494210853	0.334	0.158	3.52886108640801e-92	c10	CCL4L2
2.33624316086093e-96	0.532554983454907	0.936	0.81	7.17857436037737e-92	c10	UBB
1.38132673389166e-95	2.55000704363004	0.055	0.008	4.24440265522891e-91	c10	TMEM171
1.67892126474741e-94	0.824120070487806	0.554	0.357	5.15882137018938e-90	c10	HIST1H4C
9.29425787798087e-93	0.668099889695171	0.607	0.385	2.85584661816718e-88	c10	FYN
2.53298421539023e-92	0.571405783745074	0.879	0.723	7.78310059862955e-88	c10	HSP90AB1
1.36286619546414e-91	1.53841522089288	0.18	0.066	4.18767895880268e-87	c10	ARL4D
6.41768551925106e-90	0.730883758082792	0.559	0.346	1.97196222950027e-85	c10	TUBB4B
9.88418845394091e-90	0.765132252996644	0.595	0.374	3.03711458624242e-85	c10	KLF2
1.71773163970533e-89	1.29991602371832	0.175	0.063	5.27807400932258e-85	c10	CRTAM
6.5022364490054e-88	0.722424835146181	0.453	0.256	1.99794219368589e-83	c10	APMAP
1.59773426475937e-86	0.623768288519565	0.653	0.445	4.90935807532613e-82	c10	LITAF
3.55066541448967e-85	0.86581916802407	0.408	0.226	1.09101296191024e-80	c10	H2AFX
5.79268825836137e-85	0.833136396586309	0.445	0.256	1.7799193211467e-80	c10	IFRD1
2.67418758122146e-84	1.0278739716596	0.27	0.124	8.21697618081919e-80	c10	NUCB2
3.52079925473455e-84	0.722251078190422	0.364	0.184	1.08183598700228e-79	c10	AOAH
1.28033524433012e-82	0.401826975176856	0.967	0.883	3.93408610525315e-78	c10	ZFP36
1.60144335038827e-82	0.578076054022335	0.67	0.447	4.92075498273805e-78	c10	CLEC2B
4.04374242996079e-81	0.43224297807359	0.992	0.95	1.24252073645405e-76	c10	JUN
4.24317207161501e-81	0.906445828145622	0.324	0.164	1.30379948244514e-76	c10	LYST
3.21262041761223e-80	0.721924068835371	0.806	0.66	9.87141875719711e-76	c10	HSPA1B
5.96569978076888e-78	0.854516406943252	0.496	0.314	1.83308057163685e-73	c10	HSPH1
1.00883735575732e-77	0.514968624134536	0.598	0.382	3.09985454303552e-73	c10	CD8A
2.04168326255948e-77	0.686703812345535	0.462	0.27	6.2734801608665e-73	c10	DDIT3
9.12471666733795e-77	0.64471378521022	0.648	0.45	2.80375169037293e-72	c10	YPEL5
2.89140018659752e-76	0.646089219117241	0.68	0.48	8.88440535335819e-72	c10	CYCS
3.83302352645887e-75	0.606249873171518	0.529	0.33	1.17777313897502e-70	c10	PVRIG
9.67300514673367e-75	0.558795928454382	0.682	0.471	2.97222429143685e-70	c10	GADD45B
3.5367268955291e-71	1.20888051771718	0.142	0.052	1.08673007318923e-66	c10	DTHD1
1.98421358082123e-69	0.839570905646363	0.334	0.181	6.09689306978941e-65	c10	BRE-AS1
8.46482437135584e-69	0.6703759030786	0.404	0.235	2.60098658458651e-64	c10	TSPYL2
3.9266531201364e-68	0.54570750086059	0.603	0.402	1.20654270422431e-63	c10	CSRNP1
3.2476777598352e-67	0.504829984015011	0.511	0.313	9.97913945264562e-63	c10	CD8B
4.18206018314261e-67	0.716078344402422	0.527	0.351	1.28502163247423e-62	c10	HSPD1
1.17639101658631e-65	0.772773926192189	0.255	0.124	3.61469667666475e-61	c10	LPCAT1
1.67375778008192e-65	0.959793256656473	0.26	0.131	5.1429555308577e-61	c10	MARCKSL1
1.88638907327545e-64	0.770154544120567	0.325	0.178	5.79630770545346e-60	c10	MRPL10
2.25014946365523e-63	1.50834646660492	0.084	0.024	6.91403425697341e-59	c10	ENC1
2.17723547431063e-62	2.83682917668372	0.029	0.004	6.68999144191428e-58	c10	PACSIN1
4.04282713256876e-62	0.98585112681092	0.17	0.071	1.2422394930244e-57	c10	C1orf21
5.32094606761923e-62	0.375744645325453	0.914	0.807	1.63496709819736e-57	c10	PNRC1
1.79248942995662e-60	0.573293105287134	0.483	0.311	5.50778227142769e-56	c10	CCDC109B
1.92015435804822e-57	1.28840801603012	0.116	0.042	5.90005829597478e-53	c10	E2F3
1.96217037811766e-57	0.393165080841368	0.691	0.508	6.02916092084212e-53	c10	FOSB
7.57557901589095e-57	0.625760485914546	0.535	0.368	2.32774816421281e-52	c10	HSPA5
7.83730683025137e-57	0.642390944487704	0.457	0.293	2.40816926973134e-52	c10	ODC1
1.11472092081078e-56	1.15400097028299	0.087	0.027	3.42520297337527e-52	c10	MS4A1
3.4038280953506e-55	0.820458189325647	0.259	0.136	1.04589425885838e-50	c10	MAP3K8
3.1196437973972e-54	1.0788236559174	0.165	0.074	9.58572949626238e-50	c10	FAM53C
2.14510985329586e-52	1.02249686299514	0.121	0.047	6.59127904622219e-48	c10	PECAM1
9.86649709933111e-52	0.693101469969991	0.304	0.174	3.03167856371147e-47	c10	PITPNC1
3.7663280467678e-51	0.541811908234172	0.461	0.302	1.15727961893034e-46	c10	MYADM
1.17999810211162e-50	0.475225559619369	0.586	0.418	3.62578016835838e-46	c10	SELK
2.32280791362874e-50	0.252993420474111	0.649	0.435	7.13729187620702e-46	c10	CTSW
1.28924522364184e-49	0.548447724328215	0.416	0.268	3.9614637986843e-45	c10	RHOB
1.45894291180374e-49	0.471769834735527	0.588	0.42	4.48289388509936e-45	c10	BRD2
1.27745180655331e-48	0.419598367979544	0.711	0.541	3.92522616599635e-44	c10	STK17A
5.40329905134595e-48	0.370065832462063	0.802	0.678	1.66027169950707e-43	c10	HLA-H
6.23330025060795e-48	0.638489011557298	0.344	0.208	1.9153061680043e-43	c10	ZFAND2A
2.7002502762249e-47	1.38282391197915	0.089	0.032	8.29705902375626e-43	c10	ID1
3.46033340642265e-47	1.30970816587634	0.087	0.03	1.06325664579149e-42	c10	VNN2
5.06492127264099e-47	0.668723447784478	0.28	0.16	1.5562983594444e-42	c10	SYNE1
7.86643758964858e-47	0.717501750835487	0.338	0.207	2.41712027817132e-42	c10	ATF3
8.9681988667895e-47	0.252508502189142	0.991	0.944	2.75565846579841e-42	c10	FOS
1.83750515859804e-46	0.476792876615445	0.563	0.399	5.64610210082421e-42	c10	HERPUD1
2.73611355445641e-46	0.503682693873948	0.458	0.308	8.40725611877823e-42	c10	SBDS
2.8977208372871e-46	0.861058658645632	0.206	0.107	8.90382681673208e-42	c10	RALGAPA1P
3.36471062611609e-46	1.27165328474435	0.111	0.045	1.03387463408669e-41	c10	PPP1R14B
3.38304575347716e-46	0.71437411141213	0.351	0.221	1.03950846867093e-41	c10	NEU1
3.46922567444111e-46	0.697107790116915	0.306	0.182	1.06598897298552e-41	c10	ITM2C
1.0135388248089e-45	0.690201949481601	0.268	0.152	3.11430074699031e-41	c10	RALGAPA1
2.00577656198969e-45	1.49117679849373	0.069	0.022	6.16314964202573e-41	c10	CXCR5
3.67663101791499e-45	1.28077888000597	0.089	0.032	1.12971841287474e-40	c10	YBX3
5.28249753147099e-45	1.5087360784191	0.065	0.02	1.62315301649509e-40	c10	LGR6
1.85070782313427e-44	0.621740789408967	0.48	0.336	5.68666992814468e-40	c10	EGR1
4.56708483568949e-44	0.414281768788351	0.457	0.301	1.40332815746231e-39	c10	FAIM3
9.72887200645876e-44	0.723362158958633	0.343	0.217	2.98939050142458e-39	c10	MRPL18
1.06218931317193e-43	0.224966290103751	0.997	0.989	3.2637891025834e-39	c10	RNR2
3.18792510754144e-43	0.71274030447751	0.232	0.127	9.79553747794259e-39	c10	KLF3
4.15244370981292e-43	0.568265294036734	0.753	0.653	1.27592137871422e-38	c10	HSPA1A
1.26482789423993e-42	0.546363126629619	0.602	0.46	3.88643667063104e-38	c10	TUBA4A
1.79781224878856e-42	0.329818462702574	0.526	0.358	5.52413769685261e-38	c10	TC2N
2.4329087564987e-42	0.468024452494297	0.521	0.37	7.47559873609356e-38	c10	EIF5
9.23250591306732e-42	0.570901293068879	0.244	0.135	2.8368720919082e-37	c10	HLA-DQB1
1.21698142866587e-41	0.399598638418197	0.708	0.561	3.73941883586161e-37	c10	SRSF2
5.07593312128269e-41	0.26612359380278	0.878	0.73	1.55968197017653e-36	c10	PPP1R15A
5.94683444393084e-41	0.799319629299394	0.14	0.064	1.82728381958663e-36	c10	HLA-DRB5
1.70195426552483e-40	0.683379382035407	0.27	0.16	5.22959487167816e-36	c10	PRMT9
1.77707128766516e-40	0.357217826136224	0.709	0.55	5.46040694560873e-36	c10	SNHG8
2.03578098099844e-40	0.2780468544499	0.518	0.355	6.25534422031391e-36	c10	SOCS3
3.22531060193812e-40	0.34791895135302	0.468	0.313	9.91041188657526e-36	c10	CD27
5.6440587738606e-40	1.17312348638154	0.113	0.049	1.73424993944415e-35	c10	ZNF296
1.59597609266225e-39	0.374007018529302	0.687	0.541	4.90395573992328e-35	c10	TAGAP
2.11513627262124e-39	0.59493254561909	0.289	0.174	6.49917922488329e-35	c10	NAA50
7.20823335958408e-39	0.852454558486719	0.124	0.055	2.2148738643994e-34	c10	TNIP3
1.19676156694096e-38	1.39385250343277	0.063	0.02	3.67728926673949e-34	c10	LOC102724420
2.31876480048764e-38	0.669917146949446	0.257	0.153	7.12486860245837e-34	c10	ARHGAP25
3.05269236101858e-38	0.635328265155641	0.192	0.102	9.38000781770179e-34	c10	HEXIM1
4.51355702984777e-38	0.554436887026065	0.358	0.236	1.38688066856132e-33	c10	CHMP1B
1.42139711649702e-37	0.485428506523649	0.454	0.319	4.36752691986039e-33	c10	DENND2D
1.51275615118716e-37	0.35080812495483	0.763	0.619	4.64824582575278e-33	c10	SRSF5
1.91487279654242e-37	1.26065216497187	0.108	0.047	5.8838296419359e-33	c10	ANKRD37
1.84511133333607e-36	1.54865546469795	0.056	0.018	5.66947359394176e-32	c10	SNAI1
2.53340596018465e-36	0.471094238341934	0.401	0.271	7.78439649385937e-32	c10	BCAS2
5.7977336063323e-36	0.327907158926613	0.607	0.452	1.78146960521772e-31	c10	GIMAP4
7.62209711309562e-36	0.788723001326668	0.168	0.088	2.34204177994089e-31	c10	TIPARP
8.10484838174258e-36	0.587034500225802	0.234	0.136	2.49037676225804e-31	c10	RAB9A
4.07162866055054e-35	0.369743857613057	0.54	0.397	1.25108933852736e-30	c10	IL10RA
1.09004890993964e-34	0.609375970765656	0.288	0.182	3.34939328557153e-30	c10	B3GNT2
1.3221436349564e-34	0.448827109371276	0.334	0.216	4.06255074713053e-30	c10	PYHIN1
2.69244499712062e-34	0.649383122076405	0.275	0.171	8.27307574265252e-30	c10	AREG
1.17538785294247e-33	0.658925894319417	0.273	0.171	3.61161425573634e-29	c10	SRRT
1.42664446147473e-33	0.338918928628235	0.608	0.462	4.38365043677341e-29	c10	FUS
1.43720474889833e-33	0.915089368634115	0.132	0.065	4.41609903193989e-29	c10	MAFF
2.40235954614778e-33	0.341447413719932	0.678	0.54	7.38173017744828e-29	c10	SRSF3
3.40174235204591e-33	1.01667070446994	0.105	0.047	1.04525337251315e-28	c10	KLRF1
3.54845133367786e-33	0.307266474269379	0.69	0.541	1.0903326412992e-28	c10	HNRNPA0
1.0251092623027e-32	0.797722068075395	0.137	0.069	3.1498532302775e-28	c10	LOC646513
3.43144368196174e-32	0.624945147059716	0.215	0.125	1.05437970015638e-27	c10	TUBB2A
3.92936891280144e-32	0.49854602681135	0.283	0.178	1.2073771858365e-27	c10	IFNGR1
6.71852505586624e-32	0.426168723130606	0.391	0.269	2.06440119391602e-27	c10	FAM46C
3.47988651044336e-31	0.764261257689498	0.194	0.112	1.06926472806393e-26	c10	BCL2A1
7.61269324474525e-31	0.537550844731367	0.314	0.207	2.33915225331287e-26	c10	CKS2
8.78484342131851e-31	0.636978333427758	0.218	0.13	2.69931883806854e-26	c10	P2RY8
1.02444164023136e-30	0.480725492147412	0.21	0.122	3.14780182793891e-26	c10	F2R
1.33411797029062e-30	1.77213521989179	0.038	0.011	4.09934428731199e-26	c10	TUBB4A
4.43017891653469e-30	0.397177066082193	0.386	0.267	1.36126107568362e-25	c10	BTN3A2
9.59963347046593e-30	0.440217564406918	0.401	0.283	2.94967937647007e-25	c10	SNHG15
1.00698939822988e-29	0.459545436297517	0.305	0.2	3.09417632394095e-25	c10	PITHD1
1.01912792049166e-29	0.693818268053535	0.174	0.098	3.13147436129472e-25	c10	IER3
1.02804276634119e-29	0.171415621919044	0.887	0.797	3.15886700813658e-25	c10	CXCR4
1.03501613105575e-29	0.462540815873443	0.325	0.217	3.18029406589499e-25	c10	H3F3C
1.07762896859087e-29	0.449689733922005	0.336	0.228	3.31123053178915e-25	c10	REL
1.09977536010067e-29	0.477650374199148	0.29	0.188	3.37927974898132e-25	c10	ZC3H12A
2.00963033299236e-29	0.365794826689734	0.374	0.257	6.17499112418564e-25	c10	DNAJB9
2.9501942904088e-29	0.942780151852248	0.097	0.044	9.06506199613912e-25	c10	USP28
3.16619386337663e-29	0.318975607590142	0.332	0.216	9.72876388399737e-25	c10	MATK
4.63851662806954e-29	0.348859276994274	0.466	0.339	1.42527700430693e-24	c10	PRKCH
5.64267978406874e-29	0.21465228384723	0.388	0.261	1.7338262172508e-24	c10	TIGIT
6.69737200427524e-29	0.489804872686568	0.243	0.151	2.05790149575365e-24	c10	RASA3
8.0339454725211e-29	0.275040786985322	0.717	0.571	2.46859042534156e-24	c10	SAT1
8.92360310144954e-29	0.455886946156885	0.413	0.296	2.7419555249824e-24	c10	RGS2
1.0402815325273e-28	0.742672653762727	0.179	0.103	3.19647306499663e-24	c10	CD83
1.23910253802009e-28	0.544106215865655	0.186	0.107	3.80739036857434e-24	c10	LOC643733
1.33022174433608e-28	0.431133220054195	0.284	0.185	4.08737235382149e-24	c10	KIF2A
1.36458164786895e-28	0.490127098412588	0.303	0.202	4.19295002940693e-24	c10	PPP1R10
1.85787938752073e-28	0.114867085813661	0.997	0.992	5.70870599403493e-24	c10	RPS3
2.03757905084969e-28	0.435830971268149	0.277	0.179	6.26086914954583e-24	c10	MYLIP
2.75629347894593e-28	0.703929697053091	0.15	0.081	8.46926297275717e-24	c10	UBE2S
3.04366357282261e-28	0.733845756110908	0.111	0.055	9.35226506021202e-24	c10	MEPCE
3.09323166445443e-28	0.844906450040272	0.089	0.04	9.50457293536914e-24	c10	KLRAP1
5.87556020974395e-28	0.313441295378406	0.456	0.327	1.80538338564802e-23	c10	MBP
8.0269323919622e-28	0.274596902649497	0.368	0.25	2.46643551607823e-23	c10	TRAT1
8.67590489886313e-28	1.18121989191469	0.07	0.029	2.66584529827367e-23	c10	CYTH3
2.71376489627014e-27	0.781231550633095	0.138	0.075	8.33858539676926e-23	c10	GALNT11
4.18722841790903e-27	0.125462537977805	0.998	0.989	1.28660967597091e-22	c10	HLA-A
4.54287522963054e-27	0.584587048648821	0.225	0.14	1.39588927180858e-22	c10	POLR2A
5.20817661055474e-27	0.23335850136251	0.916	0.853	1.60031642712516e-22	c10	RPS26
8.76282989888018e-27	0.886222877621948	0.192	0.116	2.69255474302891e-22	c10	HSPA6
1.09108640439592e-26	0.534817235181711	0.216	0.133	3.35258119478735e-22	c10	B4GALT1
1.14702782907863e-26	1.05266836553792	0.067	0.027	3.52447241040991e-22	c10	COL6A2
1.22963229074158e-26	0.531991161488352	0.266	0.174	3.77829113976165e-22	c10	TUBA1C
3.88197183773651e-26	0.255074289300088	0.754	0.628	1.1928134865813e-21	c10	ZFAS1
4.80333981398248e-26	0.475914384595275	0.235	0.15	1.4759222246424e-21	c10	CD28
5.03734568027697e-26	0.577022635419752	0.111	0.055	1.54782520717871e-21	c10	SLAMF7
5.94725850396032e-26	0.310835013756453	0.585	0.462	1.82741412051189e-21	c10	TUBA1A
1.38311973889069e-25	0.51090320706481	0.229	0.145	4.24991202168942e-21	c10	JMJD6
1.41398069969859e-25	0.552727399110889	0.191	0.114	4.34473849596387e-21	c10	ZEB2
1.60378593128646e-25	0.378925544517099	0.327	0.224	4.9279530310639e-21	c10	FAM65B
3.46049883204137e-25	0.343432578453703	0.313	0.211	1.06330747612135e-20	c10	TPST2
3.97563601852122e-25	1.33252812417291	0.038	0.012	1.22159367941102e-20	c10	SYNM
4.86438824464094e-25	0.272163995130481	0.468	0.343	1.49468057593082e-20	c10	CCNH
9.31022689912058e-25	0.508026435070424	0.263	0.175	2.86075341929278e-20	c10	EIF4A3
9.32631033536227e-25	0.305252035546915	0.536	0.413	2.86569537674676e-20	c10	IRF1
1.21837799173804e-24	0.399079088750252	0.453	0.339	3.74371005521348e-20	c10	CACYBP
1.80666369225547e-24	1.35291377872037	0.043	0.015	5.55133552719339e-20	c10	ZNF80
2.01964148378961e-24	0.490521110158807	0.26	0.172	6.20575238724034e-20	c10	PMAIP1
3.09807987737996e-24	0.17003616748193	0.285	0.186	9.5194700392254e-20	c10	HLA-DRB4
8.87124219838366e-24	0.664276103639259	0.153	0.089	2.72586659029735e-19	c10	MLLT3
9.00277359666388e-24	0.219260938035982	0.489	0.361	2.76628224304691e-19	c10	PARP8
1.0437414155713e-23	0.442746293933465	0.194	0.118	3.20710424762595e-19	c10	HLA-DMA
1.19912519269201e-23	0.407771729165767	0.304	0.209	3.68455197958474e-19	c10	CCSER2
1.3386312001075e-23	0.382202279753048	0.296	0.202	4.11321208857031e-19	c10	TMEM2
1.67066089513191e-23	0.29181831464129	0.287	0.192	5.13343973247183e-19	c10	ATM
1.72035125757681e-23	0.37524038473008	0.354	0.253	5.28612330915628e-19	c10	AMD1
1.77425440821829e-23	0.62351258319247	0.163	0.096	5.45175152013234e-19	c10	ISG20L2
2.47500173187491e-23	0.100429482294836	1	0.994	7.60493782153202e-19	c10	RPS15A
3.34617638899049e-23	0.427628848157382	0.247	0.163	1.02817961904511e-18	c10	ZBTB38
3.55057717290438e-23	0.159815601355907	0.735	0.6	1.09098584791833e-18	c10	RARRES3
6.08006886738317e-23	0.313464506801454	0.495	0.377	1.86822276088083e-18	c10	GABARAPL2
6.41024213932149e-23	0.256976083456401	0.405	0.291	1.96967510214931e-18	c10	CBLB
9.38668505765931e-23	0.50439510703853	0.225	0.146	2.88424671766698e-18	c10	MTFP1
1.12542101019522e-22	0.462187921767776	0.237	0.155	3.45808113802684e-18	c10	S1PR1
1.3673922268741e-22	0.707774272316632	0.074	0.034	4.20158609551605e-18	c10	PATL2
2.17977418631339e-22	2.20820131484929	0.017	0.004	6.69779214228517e-18	c10	NXPH4
2.25712430317261e-22	0.243351170616359	0.588	0.459	6.93546584635849e-18	c10	CCNL1
3.59985806811803e-22	0.98772131665888	0.065	0.029	1.10612838859063e-17	c10	MLF1
4.74419278527781e-22	0.257905690274469	0.695	0.572	1.45774811713231e-17	c10	EIF4A2
5.42062361832535e-22	0.273067295786986	0.526	0.406	1.66559501920283e-17	c10	CLK1
6.47539847403012e-22	1.44403498906344	0.033	0.011	1.98969568911524e-17	c10	PDGFB
8.96822065505233e-22	0.983570271463238	0.425	0.316	2.75566516067793e-17	c10	MT2A
9.61523862146665e-22	0.379599178219592	0.242	0.16	2.95447437121806e-17	c10	PTPN4
1.21245281633152e-21	0.413469743300386	0.253	0.17	3.72550376874187e-17	c10	ZNF394
1.64972885499205e-21	0.701264275279407	0.124	0.07	5.06912185273408e-17	c10	ZBTB10
1.67983647317099e-21	0.599751279825501	0.17	0.105	5.16163353111249e-17	c10	SERTAD3
1.80824833766618e-21	0.544417503889303	0.164	0.1	5.55620466714687e-17	c10	GGA2
2.10006830248132e-21	0.342177170953646	0.34	0.243	6.45287987303436e-17	c10	SLC44A2
2.32797540598852e-21	0.102632408302312	0.923	0.871	7.15317002998092e-17	c10	ND4
3.10894371808903e-21	0.340771719080941	0.237	0.157	9.55285136257217e-17	c10	SLC20A1
3.2738193298662e-21	1.09026248991704	0.049	0.019	1.00594646548799e-16	c10	SMAGP
4.45108576604429e-21	1.20305312127426	0.044	0.016	1.36768512333243e-16	c10	CHI3L2
9.5265336947944e-21	0.696745443773374	0.113	0.063	2.92721800839947e-16	c10	ITPRIP
1.01423559657048e-20	0.514251378114723	0.225	0.15	3.11644171758211e-16	c10	ARL4A
1.32458573598441e-20	0.52347325768594	0.223	0.148	4.0700545909593e-16	c10	ALG13
1.57731093638989e-20	0.404798697233914	0.327	0.235	4.8466033142452e-16	c10	HERPUD2
1.74905729305071e-20	0.859371800839533	0.057	0.024	5.37432834435691e-16	c10	EPHA4
1.78105307813768e-20	0.297590188847431	0.568	0.45	5.47264179319365e-16	c10	SQSTM1
1.90690105606119e-20	0.198538370572489	0.703	0.571	5.85933487495923e-16	c10	GUK1
2.51229653569094e-20	0.19306129598609	0.522	0.402	7.71953356521755e-16	c10	PDCD4
2.64892156041997e-20	0.289751455696915	0.616	0.495	8.13934127870244e-16	c10	SAP18
3.28547715185114e-20	0.393687010798588	0.172	0.106	1.0095285644493e-15	c10	LOC101929065
3.28810850974103e-20	0.976450245362958	0.086	0.044	1.01033710178813e-15	c10	SERPINH1
3.39002879002102e-20	0.580321573724575	0.126	0.072	1.04165414630976e-15	c10	AGTPBP1
3.59550756621524e-20	0.512015753319297	0.147	0.088	1.10479160987096e-15	c10	MAN2A1
4.4689032040356e-20	1.23663634635541	0.308	0.222	1.37315988750402e-15	c10	MT1X
4.92119240153984e-20	0.615490305724736	0.175	0.11	1.51213478922115e-15	c10	KPNA2
4.92845060657358e-20	0.312008016934428	0.349	0.255	1.51436501788186e-15	c10	AKNA
5.50596765461685e-20	0.689763719234568	0.128	0.075	1.69181868123412e-15	c10	STX11
5.54335526932309e-20	0.268187633938003	0.398	0.296	1.70330677360491e-15	c10	ARPC5L
5.76621917870819e-20	0.225216938503036	0.465	0.354	1.77178616704167e-15	c10	TRA2B
5.83243841990755e-20	0.42764504165367	0.222	0.147	1.79213335328499e-15	c10	RNF139
5.86214183024967e-20	2.1758828730561	0.012	0.002	1.80126032018082e-15	c10	LINC00384
1.04448791948384e-19	0.41810543078196	0.316	0.23	3.20939803019799e-15	c10	TCP1
1.21584601094167e-19	0.635155922481814	0.125	0.072	3.73593003782047e-15	c10	COQ7
2.11867218913478e-19	0.482261024372557	0.2	0.131	6.51004403555444e-15	c10	THUMPD1
2.62180227674782e-19	0.115639166079839	0.88	0.766	8.05601185576303e-15	c10	HCST
2.63783657281966e-19	0.326690251901047	0.269	0.188	8.10528043730297e-15	c10	CNOT2
2.8874700672362e-19	0.256662515290655	0.578	0.466	8.87232927559667e-15	c10	RPL22L1
3.32295575450824e-19	0.341997344684839	0.241	0.164	1.02104461468775e-14	c10	BTN3A1
4.54046620339486e-19	0.285069312332766	0.48	0.372	1.39514905031714e-14	c10	TERF2IP
4.81199463089643e-19	0.543828055386334	0.134	0.079	1.47858159023555e-14	c10	CD300A
4.99918667809615e-19	0.464673269055814	0.248	0.173	1.5361000905786e-14	c10	CHD1
5.87532395260877e-19	0.291555436851197	0.386	0.288	1.8053107909181e-14	c10	PTP4A2
7.34524334811839e-19	0.342934554489804	0.299	0.215	2.25697292357634e-14	c10	TMEM109
8.76470147105249e-19	0.256178209781672	0.544	0.434	2.6931298210103e-14	c10	RHOH
9.52065638782674e-19	0.304115495205533	0.257	0.177	2.92541208828752e-14	c10	AP3S1
1.31180495045273e-18	1.52566765992141	0.026	0.008	4.0307830712561e-14	c10	VIPR2
1.64035327665956e-18	0.200631811048505	0.763	0.643	5.04031351319184e-14	c10	LOC101929876
1.82914360623326e-18	0.319178785150942	0.231	0.156	5.62040955887295e-14	c10	KLF12
2.0562172869712e-18	0.476768393914219	0.147	0.09	6.31813885767642e-14	c10	USP11
2.65713249252858e-18	0.468859847593278	0.23	0.158	8.16457100979258e-14	c10	GRPEL1
2.73315186915877e-18	0.338812853672314	0.286	0.205	8.39815574836415e-14	c10	PIM3
3.51940547162603e-18	0.188403678103938	0.893	0.824	1.08140771926653e-13	c10	DDX5
3.63240512113864e-18	0.36863837487339	0.302	0.219	1.11612912157227e-13	c10	ALKBH5
3.75144706791019e-18	0.34459866206221	0.215	0.143	1.15270714055676e-13	c10	PLAC8
4.2190521636899e-18	0.103800306070255	0.447	0.328	1.296388158337e-13	c10	LINC00861
4.71586570895962e-18	0.117398875330025	0.984	0.958	1.44904405639202e-13	c10	BTG1
4.80667107502088e-18	0.348049883048962	0.197	0.13	1.47694582122166e-13	c10	METTL12
5.2393115734814e-18	0.187085544824638	0.414	0.312	1.60988326718363e-13	c10	KMT2E-AS1
5.34657624835346e-18	1.0423747556642	0.042	0.017	1.64284248383157e-13	c10	SEMA4A
5.96602201764e-18	0.253241752647327	0.431	0.333	1.83317958536024e-13	c10	DNAJB6
6.06321165018567e-18	0.165956261193854	0.278	0.191	1.86304304375255e-13	c10	KLRK1
6.08760767291551e-18	0.279867400224476	0.217	0.145	1.87053920965675e-13	c10	TCF7
6.16014673438135e-18	0.230634958566366	0.527	0.418	1.89282828707336e-13	c10	CDC42SE2
6.52830429354596e-18	0.243711805782128	0.369	0.274	2.00595206027787e-13	c10	PTP4A1
6.80320282558387e-18	0.356305100280042	0.269	0.191	2.09042013221716e-13	c10	SNHG16
6.81811501826859e-18	0.183567105993665	0.838	0.748	2.09500220166339e-13	c10	CALM1
8.41554554630097e-18	0.441251009381366	0.156	0.098	2.5858446800119e-13	c10	KDM6B
9.49882377519856e-18	0.341514507511914	0.279	0.199	2.91870358140526e-13	c10	STARD7
1.04228145532807e-17	0.345438599214265	0.251	0.174	3.20261822778656e-13	c10	GABARAPL1
1.15273620382447e-17	0.192955745283362	0.555	0.437	3.54201253349143e-13	c10	EIF4G2
1.19827610637812e-17	0.312470387959048	0.202	0.134	3.68194299206804e-13	c10	SLAMF6
1.25883057628315e-17	0.330513352361985	0.314	0.229	3.86800871174523e-13	c10	GCC2
1.52674025173576e-17	0.505209278862131	0.168	0.108	4.69121477150847e-13	c10	BTN3A3
1.55051286000815e-17	0.36629351628639	0.232	0.16	4.76426086494704e-13	c10	SMS
1.55239211874755e-17	0.819047220997535	0.074	0.037	4.77003526327559e-13	c10	METRNL
1.74258076306843e-17	0.891014997664431	0.057	0.026	5.35442791068037e-13	c10	CLCF1
1.81135945376687e-17	0.11103090493788	0.928	0.835	5.56576419358945e-13	c10	SRGN
1.84989948050539e-17	0.377233403042667	0.157	0.098	5.68418613374892e-13	c10	ADRB2
1.85947225907591e-17	2.09636136542012	0.012	0.002	5.71360041046255e-13	c10	LDB2
1.93172406062981e-17	0.331095891667618	0.27	0.191	5.93560852109721e-13	c10	TGIF1
2.00514620901816e-17	0.73160351988848	0.09	0.049	6.16121275645009e-13	c10	LOC101059954
2.02606818938098e-17	0.803877908762877	0.064	0.031	6.22549972551094e-13	c10	HIST1H3A
2.28803604909729e-17	0.21442698940613	0.461	0.359	7.03044836806125e-13	c10	LBH
2.34018273431813e-17	0.152365324778118	0.656	0.534	7.19067948773931e-13	c10	ITGB2
2.42207367691776e-17	0.362214484260768	0.222	0.152	7.4423057870652e-13	c10	UTRN
2.46264296697878e-17	0.197478829864029	0.391	0.293	7.56696304463569e-13	c10	SNHG12
2.96099675313781e-17	0.512347788983704	0.153	0.097	9.09825472336655e-13	c10	MIDN
3.44264874014069e-17	0.320415827870388	0.372	0.284	1.05782267838303e-12	c10	IFNG
3.61386225459407e-17	1.09585110211554	0.04	0.016	1.11043145496912e-12	c10	PLCG2
3.75587945018694e-17	0.38081412335705	0.242	0.17	1.15406907865894e-12	c10	CDK17
3.96532496035874e-17	0.450171086337165	0.159	0.102	1.21842540056943e-12	c10	GCLM
4.85653408354774e-17	0.494290994829313	0.18	0.119	1.49226722785171e-12	c10	VPS37B
5.71096790111478e-17	0.250794917977169	0.439	0.338	1.75480910697554e-12	c10	UBE2B
6.27572088854932e-17	0.209839308533923	0.347	0.254	1.92834075742455e-12	c10	RUNX3
1.07213730170497e-16	1.12161546981826	0.043	0.018	3.29435628694885e-12	c10	ULBP2
1.1082247083372e-16	0.196879457268935	0.735	0.626	3.40524206130772e-12	c10	CNBP
1.54497292294451e-16	0.290462965142975	0.25	0.173	4.74723830033158e-12	c10	XCL2
1.62808054454412e-16	0.575669976584158	0.15	0.096	5.00260308922072e-12	c10	OAT
1.66454161886503e-16	0.35709480076372	0.252	0.179	5.11463703228657e-12	c10	OTUD6B-AS1
1.69973120475073e-16	0.508724806457109	0.093	0.051	5.22276407283757e-12	c10	FGR
1.71590457646024e-16	0.416726261165014	0.164	0.106	5.27245999208938e-12	c10	NIN
1.82498519024535e-16	0.182915612028673	0.672	0.545	5.60763199406689e-12	c10	UQCRB
2.03738648926642e-16	0.254367352163621	0.244	0.17	6.26027746556893e-12	c10	LY9
2.13042609001943e-16	0.684577075992895	0.107	0.062	6.54616024680271e-12	c10	BPGM
2.27402906016298e-16	0.175979898480291	0.72	0.599	6.9874090931628e-12	c10	LIMD2
3.06846505384019e-16	0.314091452004129	0.159	0.101	9.42847257093474e-12	c10	PPP2R2B
3.78487026876042e-16	0.266465747918785	0.3	0.219	1.16297708748202e-11	c10	RNF19A
4.55968078242672e-16	0.201402517151069	0.18	0.117	1.40105311401626e-11	c10	PTGDR
4.78702600029373e-16	0.126126893736546	0.961	0.899	1.47090947911025e-11	c10	UBC
5.61705571703396e-16	0.210375176714382	0.397	0.303	1.72595271017302e-11	c10	SLC38A1
5.76761952694397e-16	0.275778245457191	0.229	0.159	1.77221645204407e-11	c10	OFD1
5.84923386612242e-16	0.916664365184693	0.038	0.015	1.79729409004344e-11	c10	FAM49A
6.02299372535366e-16	0.420003527957561	0.219	0.153	1.85068528198942e-11	c10	CHORDC1
6.5424272777936e-16	1.16168889398494	0.027	0.009	2.01029162964764e-11	c10	TCF7L2
6.59387298073601e-16	0.215249144656221	0.479	0.382	2.02609935079075e-11	c10	SFPQ
7.27118146239709e-16	0.15654546939987	0.226	0.155	2.23421592795075e-11	c10	CCL3
7.86312024128289e-16	0.186926302580534	0.588	0.479	2.41610095653899e-11	c10	CNN2
8.77124759527265e-16	0.501108400078103	0.145	0.092	2.69514124859943e-11	c10	LRIF1
9.78913675351134e-16	0.304643011592975	0.22	0.152	3.00790805025143e-11	c10	ISCA1
1.10840160775279e-15	0.73546536793036	0.07	0.036	3.40578562014199e-11	c10	TRIM39
1.13098650114555e-15	0.41402071939978	0.129	0.08	3.47518222206992e-11	c10	TSC22D2
1.29063100514233e-15	0.418070692194106	0.159	0.103	3.96572188950084e-11	c10	TARP
1.29199288299942e-15	0.171809279068641	0.611	0.492	3.96990653159232e-11	c10	RBM39
1.3322853445679e-15	1.40618551920895	0.025	0.008	4.0937131782538e-11	c10	SLC30A1
1.54938516511264e-15	0.186282269474927	0.372	0.28	4.76079579684161e-11	c10	SNHG1
1.84379141075119e-15	0.310298038205413	0.275	0.201	5.66541786781517e-11	c10	MKRN1
1.99560062036418e-15	0.288847152174847	0.275	0.201	6.13188202619301e-11	c10	COQ10B
2.07720273391267e-15	0.14612042596983	0.364	0.274	6.38262084049348e-11	c10	CHD2
2.19215022021559e-15	0.214169843236959	0.452	0.354	6.73581998165643e-11	c10	WSB1
2.32753876062008e-15	0.507999216195234	0.14	0.09	7.15182834975731e-11	c10	GLA
2.40220047614153e-15	0.608681770727975	0.075	0.04	7.38124140304007e-11	c10	RASD1
2.62891932425149e-15	0.227685182565452	0.435	0.342	8.07788040762756e-11	c10	ARL6IP1
3.27406394159484e-15	0.212030729535328	0.247	0.174	1.00602162733384e-10	c10	ARAP2
4.56377783024397e-15	0.349344923608815	0.275	0.203	1.40231201389906e-10	c10	GTF2B
5.05502220950513e-15	1.39237034319621	0.021	0.006	1.55325667431464e-10	c10	CHAC1
5.17382334288064e-15	0.307072261877333	0.286	0.211	1.58976069856693e-10	c10	IDI1
5.20352237627215e-15	0.14480358775089	0.186	0.123	1.59888632055714e-10	c10	LOC100996919
5.35105411514911e-15	1.05249011638994	0.037	0.015	1.64421839796187e-10	c10	EPB41L5
5.81108273693e-15	0.387596959788396	0.2	0.138	1.78557139257648e-10	c10	OSER1
5.95675836194617e-15	0.450478008573343	0.153	0.1	1.8303331418752e-10	c10	FAM159A
6.18871959821683e-15	0.523313996153015	0.111	0.067	1.90160787094409e-10	c10	LEMD3
6.50481722983875e-15	0.790211671904583	0.041	0.017	1.99873519021255e-10	c10	KCNQ1OT1
7.57132716743607e-15	0.233490177435996	0.365	0.28	2.32644169873808e-10	c10	RSRC2
7.74549655547054e-15	0.150047914479179	0.824	0.731	2.37995872659943e-10	c10	RPL27A
8.04715539729397e-15	0.24809083431392	0.375	0.291	2.47264943892652e-10	c10	OPTN
8.07616668025925e-15	0.160171087615759	0.553	0.449	2.48156373584326e-10	c10	TAPBP
1.02468100624805e-14	0.44245939626181	0.177	0.12	3.14853732789837e-10	c10	NFKBIB
1.04514573121826e-14	1.05824494650138	0.035	0.014	3.21141928831434e-10	c10	MMP23B
1.12394520469652e-14	0.245567843654283	0.237	0.168	3.45354643047101e-10	c10	SBDSP1
1.13782559561193e-14	0.238419639998537	0.338	0.257	3.49619670763677e-10	c10	PPP3CC
1.33742284039813e-14	0.186772085675896	0.665	0.564	4.10949916169133e-10	c10	MCL1
1.38771118825514e-14	0.391316642895592	0.167	0.111	4.26402016815156e-10	c10	MXD1
1.48520468359313e-14	0.555464760060897	0.107	0.064	4.56358843127661e-10	c10	ETV3
1.62614303184396e-14	0.457250518996095	0.143	0.093	4.99664969394693e-10	c10	TRAPPC2P1
1.74852860993756e-14	0.249318461775306	0.258	0.186	5.37270385975515e-10	c10	SERPINB9
1.87794126256483e-14	0.557611855770257	0.108	0.065	5.77035011748296e-10	c10	SEC24C
1.94141299132725e-14	0.176704468062572	0.392	0.301	5.96537969845124e-10	c10	STOM
2.00928862712858e-14	0.544042879864425	0.087	0.049	6.17394116457799e-10	c10	HLA-DQB2
2.04861191400195e-14	1.02993587880367	0.024	0.008	6.29476982815379e-10	c10	LOC102467081
2.15274395733264e-14	0.358404162657343	0.222	0.159	6.61473635769601e-10	c10	RANBP2
2.1955814270558e-14	0.426080537135344	0.211	0.15	6.74636305091436e-10	c10	DEDD2
2.43469210212008e-14	0.279392947758606	0.198	0.137	7.48107842218438e-10	c10	NEK7
2.51096588120496e-14	0.687889543854059	0.068	0.036	7.71544486317849e-10	c10	PRR5L
3.01776643712101e-14	1.38072136784908	0.022	0.007	9.27269093134172e-10	c10	SLC4A4
3.14655341626605e-14	0.554593887436443	0.081	0.045	9.66841468216069e-10	c10	EPHA1
3.43256541501248e-14	0.197015290101795	0.527	0.43	1.05472437507089e-09	c10	WIPF1
3.46264313241006e-14	0.279341864795038	0.262	0.194	1.06396635529564e-09	c10	MAT2A
3.80145544825159e-14	0.604763980109323	0.128	0.082	1.16807321558427e-09	c10	OSM
4.52348594902125e-14	0.250903674134844	0.327	0.249	1.38993152755576e-09	c10	CNOT6L
4.662457139243e-14	0.363498190811301	0.14	0.091	1.4326332051752e-09	c10	SFI1
5.1612160110077e-14	0.130170584868849	0.507	0.4	1.58588684370234e-09	c10	GSTP1
5.17166949118145e-14	0.239121112678681	0.306	0.23	1.58909888455533e-09	c10	DDX18
5.91719038125007e-14	0.20530707472746	0.374	0.288	1.81817508844671e-09	c10	CDC42SE1
5.95483213727067e-14	0.227479344793206	0.332	0.254	1.82974127081916e-09	c10	PNRC2
6.06412237289103e-14	0.250037749023	0.331	0.254	1.86332288151823e-09	c10	BCLAF1
7.73868256045276e-14	0.26246092096243	0.253	0.184	2.37786499035032e-09	c10	CDC25B
7.82983483114485e-14	0.510246833023113	0.077	0.043	2.40587334856588e-09	c10	ETS2
8.3754672030988e-14	0.29860901410968	0.165	0.111	2.57352980749617e-09	c10	THAP9-AS1
9.16571301662787e-14	0.179407903303256	0.638	0.524	2.81634863861924e-09	c10	EIF3G
9.49679028397227e-14	0.984253027334142	0.048	0.023	2.91807875055616e-09	c10	PIK3R3
1.13407769713932e-13	0.232439633958676	0.276	0.204	3.48468053999999e-09	c10	FBXO7
1.38862525222072e-13	0.116050932647267	0.555	0.449	4.26682881249861e-09	c10	SUN2
1.51304006227595e-13	0.273039913333935	0.204	0.143	4.64911819935532e-09	c10	RNF125
1.51488418746296e-13	0.157392554818222	0.618	0.51	4.65478464281743e-09	c10	SERP1
1.68878790673259e-13	0.36350024535897	0.147	0.096	5.18913860101723e-09	c10	HLA-DRB3
1.99971520098791e-13	0.556786547656722	0.075	0.042	6.14452489807556e-09	c10	GSE1
2.24759350399642e-13	1.41216599026698	0.021	0.007	6.90618055972981e-09	c10	CCRN4L
2.34092415056137e-13	1.96054432705731	0.012	0.003	7.19295763742993e-09	c10	DLX2
2.35509543491646e-13	0.329470106236354	0.223	0.162	7.23650174286781e-09	c10	ILF3-AS1
2.60101221666264e-13	0.164494592293558	0.29	0.215	7.99213023813929e-09	c10	DGCR6L
3.33878693500819e-13	0.180020805948639	0.498	0.404	1.02590906151997e-08	c10	MAP1LC3B
3.88569532974189e-13	0.172511582853992	0.266	0.195	1.19395760396979e-08	c10	IRF3
4.10899995065848e-13	0.309279434546244	0.132	0.085	1.26257241483883e-08	c10	TGFBR3
4.52877401514505e-13	1.13071583264084	0.031	0.013	1.39155639163362e-08	c10	RND1
5.44482300210039e-13	0.257009787215012	0.29	0.22	1.67303076385539e-08	c10	IMP3
5.93158717331384e-13	0.140331029805426	0.442	0.349	1.82259879074414e-08	c10	ITGA4
6.05348415805009e-13	0.153085999432496	0.525	0.426	1.86005407724405e-08	c10	EZR
6.34767093976993e-13	2.2276516670012	0.011	0.002	1.95044884966311e-08	c10	B3GNT5
6.34852171207059e-13	0.249592587043578	0.318	0.245	1.95071026646793e-08	c10	FAM177A1
6.61170584888386e-13	0.180403041078298	0.605	0.498	2.03157885618654e-08	c10	TRMT112
7.49543825059355e-13	0.413550683914503	0.105	0.065	2.30312331125988e-08	c10	STAG3L5P-PVRIG2P-PILRB
7.53942856012766e-13	0.117133487099736	0.557	0.448	2.31664021367043e-08	c10	SEPT7
7.87185332018079e-13	0.403036543549685	0.14	0.093	2.41878436969195e-08	c10	MIA3
8.9740475470048e-13	0.307244848877171	0.237	0.174	2.75745558976816e-08	c10	NR1H2
1.03131534733857e-12	0.447035876579649	0.105	0.065	3.16892266776722e-08	c10	ERO1LB
1.03940322838416e-12	0.159152906668621	0.436	0.348	3.193774299856e-08	c10	EMD
1.04231893376764e-12	0.417528640294499	0.095	0.057	3.20273338778782e-08	c10	HAGHL
1.06085019864408e-12	0.305387515683268	0.109	0.068	3.25967440537366e-08	c10	LOC101929734
1.08699610563693e-12	0.808685566790145	0.041	0.019	3.3400129337906e-08	c10	PTPRM
1.144508072627e-12	0.230874167046031	0.218	0.157	3.516729954761e-08	c10	YTHDC1
1.17192520853963e-12	0.452510486897704	0.076	0.043	3.60097458827972e-08	c10	YES1
1.29128175039174e-12	0.273121528679497	0.279	0.212	3.96772143442869e-08	c10	NOP58
1.37267737780356e-12	0.545777676748082	0.084	0.049	4.217825778777e-08	c10	ZNF92
1.42919331769766e-12	0.518628849366895	0.119	0.077	4.3914823072896e-08	c10	PRR7
1.47511724551628e-12	0.974160247172055	0.031	0.013	4.53259276029787e-08	c10	RASL11A
1.54861827604596e-12	1.78343670071464	0.012	0.003	4.75843937680641e-08	c10	MIR181A2HG
1.91236220770654e-12	0.130613091670006	0.649	0.546	5.87611535561987e-08	c10	PCED1B-AS1
1.96400818910889e-12	0.859779724594387	0.043	0.02	6.03480796267488e-08	c10	ERRFI1
2.16008135604858e-12	0.172152637635059	0.347	0.268	6.63728198273048e-08	c10	ARID4B
2.32872078100348e-12	0.359670987390869	0.106	0.066	7.15546034378939e-08	c10	SIDT1
2.3470026195908e-12	0.204322970571073	0.309	0.237	7.21163494921665e-08	c10	HNRNPLL
2.48418095934912e-12	0.463905426291764	0.109	0.069	7.63314283379205e-08	c10	RNF168
2.51964688046643e-12	0.22402482924052	0.269	0.202	7.74211896960921e-08	c10	RNF114
2.69694444535525e-12	1.07296665793026	0.032	0.014	8.28690119724308e-08	c10	C12orf42
2.70674452350849e-12	0.331329874063031	0.174	0.122	8.31701389738453e-08	c10	USP36
2.81257716006032e-12	0.22487032458966	0.173	0.119	8.64220583971733e-08	c10	SAFB2
2.87601312266024e-12	0.476642361503838	0.066	0.036	8.83712552199813e-08	c10	SLC25A4
2.90986693707382e-12	0.202392379648032	0.245	0.18	8.94114813754671e-08	c10	BCL7B
2.91623531737071e-12	1.41800390337852	0.012	0.003	8.96071625968499e-08	c10	IL12A
3.24465070095084e-12	0.721816700721723	0.053	0.028	9.96983820881164e-08	c10	AVPI1
3.40434279963004e-12	0.395112933072841	0.18	0.128	1.04605241204232e-07	c10	CDKN2AIP
3.47203015076572e-12	0.187312051736205	0.383	0.299	1.06685070442578e-07	c10	DDX3X
3.8296454438932e-12	0.20363178847931	0.211	0.151	1.17673515554506e-07	c10	FAM173A
3.85470057602879e-12	0.130480838690805	0.579	0.479	1.18443384599637e-07	c10	SF1
3.94906513932143e-12	0.177443836612736	0.456	0.37	1.2134292453593e-07	c10	MATR3
4.24521832083784e-12	0.336495849179365	0.135	0.09	1.30442823344384e-07	c10	HCG18
4.31411761449056e-12	0.243675896626967	0.342	0.267	1.32559891940452e-07	c10	CREM
4.35974693534893e-12	0.550806493689759	0.072	0.041	1.33961944082467e-07	c10	SLFN11
4.5963258159082e-12	0.13351313228437	0.304	0.229	1.41231303345411e-07	c10	KCNA3
4.71314565051855e-12	0.217481155388584	0.219	0.159	1.44820826403484e-07	c10	STK38
5.37589280242406e-12	0.224878501207148	0.125	0.081	1.65185058140084e-07	c10	S1PR5
5.87987347574573e-12	0.48481919199233	0.058	0.031	1.80670872289239e-07	c10	PLXDC1
6.08285632789546e-12	0.36500304894693	0.17	0.12	1.86907926387244e-07	c10	GNL1
6.29416481990468e-12	0.197256679445909	0.236	0.173	1.93400802421211e-07	c10	MED30
7.92927278808077e-12	0.130156231853054	0.501	0.415	2.43642764959358e-07	c10	RN7SK
8.21287930451095e-12	0.65077805043174	0.048	0.025	2.52357142389708e-07	c10	MYO6
8.28684619843855e-12	0.149302242008868	0.453	0.365	2.54629923139421e-07	c10	IDS
8.616581561295e-12	0.166060507917179	0.251	0.185	2.64761701633912e-07	c10	TBX21
8.95258804042233e-12	0.128411165890554	0.568	0.465	2.75086172718057e-07	c10	RBM8A
8.96900881414522e-12	0.295992046137007	0.221	0.163	2.7559073383224e-07	c10	HCP5
9.49691547693807e-12	0.449612387428232	0.154	0.106	2.91811721859876e-07	c10	SIPA1
9.59330557900248e-12	0.786861284654514	0.047	0.024	2.94773500526009e-07	c10	CST3
1.00386673707881e-11	0.127972877462287	0.626	0.521	3.08458132302205e-07	c10	ATP6V0C
1.02700995806204e-11	0.561833046450558	0.09	0.055	3.15569349813723e-07	c10	RIPK2
1.04812113184087e-11	0.371073046692319	0.126	0.083	3.22056180180745e-07	c10	PTPRE
1.22537487719089e-11	0.108512977585395	0.971	0.944	3.76520938514444e-07	c10	RNR1
1.24406106054674e-11	0.523376781362857	0.101	0.064	3.82262642074197e-07	c10	ACOT9
1.38077174793382e-11	0.867393650791255	0.036	0.016	4.24269734987626e-07	c10	TYW1B
1.49791703590012e-11	0.31264569826667	0.183	0.13	4.60264967621029e-07	c10	RAB29
1.58155393122154e-11	0.146849136294107	0.58	0.487	4.85964076446442e-07	c10	CALR
1.73646541703268e-11	0.982295621679236	0.034	0.015	5.33563728691631e-07	c10	FAM169A
1.8044270584907e-11	0.307591544709771	0.127	0.084	5.54446302262439e-07	c10	PIP4K2A
1.91667598571157e-11	0.141483258962066	0.414	0.33	5.88937030129593e-07	c10	SMCHD1
2.18210386851335e-11	2.51029137511534	0.063	0.036	6.70495055678096e-07	c10	MT1E
2.2169876766926e-11	0.13077403620903	0.409	0.326	6.81213803417335e-07	c10	SYNE2
2.2692494809255e-11	0.176368556855797	0.305	0.234	6.97272288003979e-07	c10	STAT4
2.3110597619796e-11	0.25212791811823	0.229	0.17	7.10119333063472e-07	c10	NFATC2
2.62235879211889e-11	0.238809833392989	0.24	0.18	8.0577218605437e-07	c10	SRPR
2.6521653483013e-11	0.821548450055308	0.043	0.021	8.14930846572541e-07	c10	HSPA2
3.01595404420845e-11	0.364937878990776	0.11	0.071	9.2671219916393e-07	c10	KIF21A
3.12555167025622e-11	0.529802654211078	0.061	0.034	9.60388261719628e-07	c10	FAM84B
3.76250112328483e-11	0.206193333163048	0.332	0.261	1.15610372015173e-06	c10	C8orf59
3.8563496500686e-11	0.170296364954071	0.294	0.225	1.18494055697658e-06	c10	BTG3
4.94013806376334e-11	0.241547268912047	0.203	0.148	1.51795622285256e-06	c10	DAXX
5.00510720518393e-11	0.584092271237926	0.096	0.061	1.53791929093687e-06	c10	TWISTNB
5.10499540718348e-11	0.494929983278185	0.105	0.068	1.56861193876527e-06	c10	NSUN2
5.38196841980261e-11	0.152428188349144	0.382	0.304	1.65371743635275e-06	c10	TAF7
5.38657622468056e-11	0.512542149209279	0.103	0.066	1.65513327655759e-06	c10	ICAM1
5.48063848434352e-11	0.430144588429187	0.099	0.063	1.68403578708423e-06	c10	TMEM39A
5.85183097485206e-11	0.135560861764636	0.557	0.463	1.79809210364279e-06	c10	EIF4B
6.33750699608377e-11	0.418388668178466	0.087	0.053	1.94732577468666e-06	c10	ZBTB7A
6.39657424461115e-11	0.169627995950725	0.347	0.273	1.96547536814167e-06	c10	G3BP2
6.83860656847406e-11	0.30520948729584	0.156	0.109	2.10129864029502e-06	c10	SLC10A3
8.06851284163655e-11	0.238973973975994	0.18	0.129	2.47921194084966e-06	c10	ATP8A1
8.88186980937857e-11	0.385484723229793	0.086	0.053	2.72913213632775e-06	c10	CCL3L1
8.9470851898983e-11	0.140912545435816	0.403	0.322	2.74917086630005e-06	c10	NFKBIZ
9.12725607551867e-11	0.232900095717476	0.212	0.158	2.80453197432462e-06	c10	CEBPZ
9.30579833152823e-11	0.527121977961389	0.087	0.054	2.85939265332868e-06	c10	ZNF263
9.46254946392751e-11	0.183813512747803	0.236	0.176	2.90755757378101e-06	c10	GYG1
9.56568433958256e-11	0.153087564855467	0.565	0.471	2.93924782702353e-06	c10	NCL
1.02167978627662e-10	0.137398515657508	0.968	0.925	3.13931547929218e-06	c10	FTL
1.04172732520676e-10	0.114817023806429	0.514	0.422	3.20091555216281e-06	c10	GNG2
1.04379971532407e-10	0.126103011827293	0.464	0.377	3.20728338527628e-06	c10	SHISA5
1.05968425160386e-10	0.494537494954634	0.091	0.058	3.25609179990318e-06	c10	ABHD5
1.16048041011186e-10	0.273058265558774	0.177	0.128	3.56580815615072e-06	c10	ORAI1
1.20389161183548e-10	0.304386483920836	0.172	0.123	3.69919775568689e-06	c10	KDM2A
1.21892177477877e-10	0.170419772313717	0.357	0.281	3.74538093736273e-06	c10	CAPN2
1.25006191059033e-10	1.18116875154552	0.014	0.004	3.8410652326709e-06	c10	ZNF532
1.3171690725005e-10	0.637423083290449	0.063	0.036	4.04726540907229e-06	c10	ZNF669
1.32770830869895e-10	0.601739725930762	0.048	0.025	4.07964932013926e-06	c10	RNU12
1.32907693035414e-10	0.123428581548884	0.25	0.188	4.08385468389916e-06	c10	ATF7IP
1.34299412049975e-10	0.146504859686941	0.401	0.323	4.1266180340596e-06	c10	HNRNPU
1.37486101634798e-10	0.584743903233111	0.059	0.033	4.22453544493243e-06	c10	BAG2
1.38651147865913e-10	0.312171989094494	0.147	0.102	4.26033382047592e-06	c10	GLTP
1.41171153997569e-10	0.212422625063682	0.239	0.181	4.33776604888329e-06	c10	DNAJC1
1.50772490948585e-10	0.123263284617993	0.278	0.212	4.63278632937718e-06	c10	TRA2A
1.52759867764648e-10	0.368000448661441	0.136	0.094	4.69385245680435e-06	c10	ZNF146
1.77294929132109e-10	0.14376662072124	0.492	0.404	5.44774128744233e-06	c10	PDIA3
1.80617015355484e-10	0.207818305083286	0.119	0.079	5.54981903082795e-06	c10	SORBS3
1.82253913871518e-10	0.400497122439603	0.05	0.026	5.60011601153014e-06	c10	LOC102724797
1.92415626344133e-10	0.373645860166375	0.145	0.101	5.91235495067617e-06	c10	DBF4
2.00126395898021e-10	0.206704678129839	0.156	0.11	6.14928376675848e-06	c10	MIB2
2.02017574825392e-10	0.556565033842057	0.071	0.042	6.20739402165982e-06	c10	DHCR7
2.19234739287285e-10	0.100332551062452	0.388	0.305	6.73642583408039e-06	c10	RASSF5
2.23173767487746e-10	1.9323000858421	0.01	0.002	6.85746035359598e-06	c10	ASTL
2.31887763591393e-10	0.158936266208492	0.294	0.228	7.12521531187274e-06	c10	SCAF11
2.33761879652706e-10	0.301314042085092	0.18	0.131	7.1828012760887e-06	c10	RNF115
2.37517675715658e-10	0.158897226562149	0.252	0.191	7.29820562171503e-06	c10	RCN2
2.41668608606921e-10	0.473785171037274	0.059	0.033	7.42575133666488e-06	c10	HIST1H2BC
2.48678090809273e-10	0.810366339689402	0.04	0.02	7.64113169629653e-06	c10	BRMS1L
2.7217577587286e-10	0.435032398612413	0.075	0.046	8.36314506524537e-06	c10	TCEAL3
3.00719851748927e-10	0.282564683503079	0.168	0.121	9.24021888468928e-06	c10	NELFCD
3.0074289659712e-10	0.260736835244868	0.259	0.201	9.2409269837397e-06	c10	SLBP
3.06569512643081e-10	0.166738612640695	0.335	0.265	9.41996141498396e-06	c10	SNHG5
3.1420505907536e-10	0.123632255803538	0.393	0.317	9.6545788502086e-06	c10	BZW1
3.34848721628539e-10	0.123998434309974	0.491	0.405	1.02888966694801e-05	c10	TUBA1B
3.40589406780062e-10	0.12214527869171	0.31	0.241	1.0465290702131e-05	c10	SF3A2
3.51134268612137e-10	0.835086402111034	0.034	0.016	1.07893026716451e-05	c10	PDGFD
3.52311650229961e-10	0.171238361991718	0.382	0.308	1.0825480076616e-05	c10	ARF4
3.63018358373295e-10	0.646393966601391	0.042	0.022	1.11544650977362e-05	c10	IL15
3.70942390698339e-10	0.588798887326813	0.082	0.051	1.13979468389878e-05	c10	CHPT1
3.78400836791884e-10	1.03905351739041	0.021	0.008	1.16271225121042e-05	c10	RTP5
3.87307454652791e-10	0.139276493424092	0.364	0.291	1.19007961591163e-05	c10	STRAP
4.02096869518024e-10	0.455338847463746	0.108	0.072	1.23552305096803e-05	c10	CASP3
4.13899511509984e-10	0.476308421180591	0.114	0.076	1.27178902901673e-05	c10	CDCA4
4.33026127924087e-10	0.573003187198569	0.089	0.057	1.33055938327234e-05	c10	NAF1
4.49374082975882e-10	0.374986200043729	0.151	0.107	1.38079174475999e-05	c10	NGLY1
4.65403115299317e-10	0.181732190585177	0.26	0.2	1.43004415238021e-05	c10	RNF126
4.78500421318416e-10	0.356231774413722	0.092	0.058	1.4702882445851e-05	c10	RRAS2
4.81280236754364e-10	0.872900664004716	0.031	0.014	1.47882978347514e-05	c10	CPNE8
4.89325922368176e-10	0.202815366806517	0.242	0.184	1.50355176166069e-05	c10	LYSMD2
4.98011207207719e-10	0.250065420166919	0.212	0.158	1.53023903638716e-05	c10	UBE2E3
5.35123944504863e-10	0.249847920390586	0.134	0.093	1.64427534428009e-05	c10	VEZF1
5.44055116018112e-10	0.775929202846469	0.025	0.011	1.67171815498885e-05	c10	DMKN
5.50000725854051e-10	1.41720366463152	0.019	0.007	1.68998723033174e-05	c10	SLC35G2
5.59317962792732e-10	0.173992445107461	0.26	0.201	1.71861630427323e-05	c10	ICAM2
5.95939297221294e-10	0.337705391588197	0.146	0.103	1.83114267857187e-05	c10	ULK3
6.02329035629913e-10	0.131680307887088	0.349	0.28	1.85077642778003e-05	c10	C19orf66
6.09680330357519e-10	0.321704738753231	0.103	0.067	1.87336475108955e-05	c10	MAP4K5
6.24453796165478e-10	0.177504885607576	0.231	0.175	1.91875917947766e-05	c10	SMARCA5
6.2574795097312e-10	0.267624237884466	0.127	0.087	1.92273572895511e-05	c10	PRKAR2A
6.52112704059395e-10	1.21769756334175	0.026	0.011	2.0037467057633e-05	c10	CDHR3
6.7581788757912e-10	0.47389758037797	0.067	0.04	2.07658562316436e-05	c10	TBC1D19
7.21579045158473e-10	0.115263683180709	0.501	0.415	2.21719593205844e-05	c10	JAK1
7.47947055468709e-10	0.296146897533496	0.105	0.069	2.2982169173387e-05	c10	MVB12B
7.62632796414542e-10	0.322542849148405	0.101	0.066	2.34334179354296e-05	c10	NEK1
7.75816551029259e-10	0.759870626871985	0.032	0.015	2.3838515163476e-05	c10	FOXO4
8.26115984904518e-10	0.445914297292185	0.109	0.073	2.53840658681611e-05	c10	LPGAT1
8.35573818023204e-10	0.341170764004062	0.1	0.065	2.5674676706399e-05	c10	CLIP4
8.89634552949103e-10	0.128079091751652	0.692	0.596	2.73358009084671e-05	c10	PTGES3
9.6726135972831e-10	0.377309859603598	0.125	0.086	2.97210398003718e-05	c10	TPP2
9.72214102846215e-10	0.355678621973929	0.149	0.106	2.98732227381556e-05	c10	RB1CC1
9.79695345447723e-10	0.353891135063476	0.13	0.09	3.01030988795722e-05	c10	ZNF217
9.79910268030273e-10	0.160719844237328	0.259	0.2	3.01097028057662e-05	c10	LBR
1.01387561558193e-09	0.332006214202824	0.111	0.075	3.11533560399861e-05	c10	LMBR1L
1.05303904828802e-09	0.225098439532953	0.201	0.149	3.23567308367459e-05	c10	TLE4
1.08497584153552e-09	0.374612119008095	0.095	0.062	3.33380526828621e-05	c10	CPNE7
1.09241101178284e-09	1.28843913607707	0.022	0.009	3.35665131590513e-05	c10	EGR4
1.10602092155951e-09	0.37519101561459	0.149	0.107	3.39847048567591e-05	c10	NRBF2
1.10755630277698e-09	0.149886951687391	0.249	0.191	3.40318825154283e-05	c10	PIAS1
1.10948246055114e-09	0.223867603057152	0.171	0.124	3.40910675653548e-05	c10	INSIG1
1.11106511326075e-09	1.02427750026806	0.025	0.011	3.41396977351631e-05	c10	CADM1
1.12538523727505e-09	0.26476074182476	0.222	0.17	3.45797121857504e-05	c10	SYAP1
1.16498398415365e-09	0.380482703430768	0.103	0.069	3.57964628810891e-05	c10	KDM2B
1.16965302297893e-09	0.260918576376481	0.17	0.124	3.59399284370735e-05	c10	SENP6
1.22174297969246e-09	0.379504514140994	0.078	0.048	3.75404965370103e-05	c10	FLJ38717
1.26762234068804e-09	0.373140878559746	0.102	0.067	3.89502316623215e-05	c10	B4GALT4
1.2962839181954e-09	1.07554033473076	0.018	0.007	3.983091595439e-05	c10	LEKR1
1.54975791894118e-09	0.404183476560127	0.109	0.074	4.76194115753056e-05	c10	FAM160B1
1.59400855720095e-09	0.104546118132666	0.492	0.407	4.89791009371135e-05	c10	RSRP1
1.64739745693462e-09	0.604469131935634	0.066	0.04	5.06195816592302e-05	c10	HIST1H2AM
1.64909431840662e-09	0.104695223895534	0.893	0.82	5.06717211216801e-05	c10	HNRNPA1
1.67148265003951e-09	0.176193842511273	0.259	0.2	5.13596473877642e-05	c10	CASP4
1.74665517076125e-09	0.18492407734949	0.247	0.189	5.36694734319808e-05	c10	GRK6
1.77957412726392e-09	0.766619052108121	0.112	0.077	5.46809742084385e-05	c10	MT1F
1.85992634611576e-09	0.653964645223172	0.067	0.041	5.7149956837099e-05	c10	SESN2
1.92780953054727e-09	0.179247633938869	0.246	0.189	5.92358034451258e-05	c10	CCDC59
1.94840751410064e-09	1.12017549127847	0.031	0.014	5.98687176857704e-05	c10	CTH
2.0399137287384e-09	0.258919694644852	0.222	0.17	6.2680429142945e-05	c10	DHX36
2.0426765899222e-09	0.144004362534019	0.485	0.406	6.27653235785396e-05	c10	ELF1
2.11095824571388e-09	0.605463290907003	0.054	0.031	6.48634140160505e-05	c10	HIST1H3D
2.15940351235304e-09	1.08283345684314	0.028	0.013	6.63519917240717e-05	c10	MPP6
2.22216153548249e-09	0.244468424915983	0.162	0.118	6.82803575007705e-05	c10	SUPT5H
2.31395131666464e-09	0.236654402418657	0.165	0.12	7.11007821071544e-05	c10	MAPK1
2.31494787905287e-09	0.426074992815149	0.086	0.055	7.11314034796574e-05	c10	LRMP
2.44479966854806e-09	0.466227164732517	0.073	0.045	7.51213594154761e-05	c10	GPN3
2.47772112055765e-09	0.185159349053504	0.207	0.156	7.61329368713748e-05	c10	MAZ
2.48524790745729e-09	0.595245142391771	0.061	0.036	7.63642124524402e-05	c10	LOC102724889
2.51359790010118e-09	0.802332012552953	0.048	0.027	7.7235322676409e-05	c10	NAP1L5
2.69876240946987e-09	0.127978804684286	0.33	0.263	8.29248725557806e-05	c10	TAX1BP1
2.70688348647198e-09	0.810485959298412	0.027	0.012	8.31744088888245e-05	c10	LOC101929511
2.80185460452191e-09	0.414330542836269	0.075	0.047	8.60925864331448e-05	c10	ZNF274
2.86512394314463e-09	0.21961293261757	0.201	0.151	8.80366634010051e-05	c10	EPB41
2.96062172504417e-09	0.628558943126321	0.048	0.027	9.09710237454323e-05	c10	LRIG1
3.2185228312904e-09	0.435213208009813	0.053	0.03	9.88955510370602e-05	c10	ARHGAP26
3.2928090293908e-09	0.169260895194679	0.142	0.101	0.000101178143046091	c10	NDEL1
3.31144358277356e-09	0.291796757602226	0.111	0.076	0.000101750726967883	c10	LYSMD3
3.37030773851392e-09	0.266835066255688	0.16	0.117	0.000103559445881317	c10	TMEM170A
3.44917341323356e-09	0.161159858088372	0.233	0.179	0.000105982751468428	c10	PHF3
3.53810814062778e-09	0.517318238230315	0.055	0.032	0.00010871544883707	c10	TMEM184C
3.69410305949776e-09	0.801771098207682	0.037	0.019	0.000113508704709188	c10	KLHL15
3.87955898212856e-09	0.3572627267296	0.072	0.044	0.000119207208843864	c10	MCTP2
3.89667837698372e-09	0.739848431007043	0.03	0.014	0.000119733236489579	c10	SMARCD3
4.00613221602517e-09	0.260088635021019	0.174	0.129	0.000123096424601805	c10	PTPLAD2
4.03149533698057e-09	0.24211637714762	0.1	0.067	0.000123875757219402	c10	GTDC1
4.13312194728184e-09	1.06986339811539	0.022	0.009	0.000126998438074129	c10	KRT18
4.17099641797589e-09	0.211962465849983	0.185	0.138	0.000128162206935145	c10	FLOT1
4.48681111560269e-09	0.262919562016336	0.159	0.116	0.000137866245149124	c10	WDR45B
4.56613516112857e-09	0.119646051327689	0.808	0.695	0.000140303635095998	c10	NPM1
4.66386891313912e-09	0.150444650565248	0.346	0.28	0.000143306700094026	c10	PPP2CA
4.78651424108736e-09	1.07612922687121	0.018	0.007	0.000147075223085891	c10	IFNLR1
4.83576325168176e-09	1.12406621219878	0.014	0.005	0.000148588497434425	c10	CNR2
5.05628236599751e-09	0.313798380118445	0.105	0.071	0.000155364388260006	c10	PMS1
5.19851796010856e-09	0.120020616029187	0.119	0.081	0.000159734861360256	c10	NCOA2
5.26674090606127e-09	0.320306777004295	0.173	0.128	0.000161831147820545	c10	GOLGA4
5.51635919264049e-09	0.407462508204331	0.069	0.042	0.000169501168912264	c10	GIMAP8
5.52384808514727e-09	0.283857049776373	0.101	0.068	0.00016973128011232	c10	PPM1D
5.71021226712551e-09	0.222247442946404	0.184	0.138	0.000175457692331966	c10	B4GALT3
5.79627666673165e-09	0.104177867322391	0.616	0.522	0.000178102193138663	c10	SLC25A3
5.81116958158637e-09	0.102291726788848	0.538	0.455	0.000178559807733404	c10	ARHGEF1
6.07655945139955e-09	0.411367300174801	0.074	0.046	0.000186714442263154	c10	KDM7A
6.07912852107630e-09	0.55841818171554	0.053	0.03	0.000186793382067111	c10	SNX18
6.42473140126319e-09	0.340936673136706	0.123	0.086	0.000197412721766614	c10	DCTN4
6.59380845415555e-09	0.209001395569367	0.196	0.148	0.000202607952370838	c10	C1orf52
6.60142615559838e-09	0.400709895543587	0.092	0.061	0.000202842021483071	c10	ENOSF1
6.91581890624209e-09	0.221285847604931	0.2	0.152	0.000212502367532101	c10	FXR1
7.28586087557092e-09	0.25956619544699	0.14	0.1	0.000223872647123668	c10	CD84
7.45886483450206e-09	0.133482589367813	0.173	0.126	0.000229188539769745	c10	PLA2G16
7.55719299542855e-09	0.201283465449583	0.235	0.183	0.000232209869170533	c10	MECP2
8.09989516819911e-09	0.354926098786161	0.117	0.081	0.000248885478833254	c10	JOSD1
8.13852258437753e-09	0.166425115508507	0.234	0.181	0.000250072383450168	c10	TBCC
8.86584629052249e-09	0.44387304683579	0.095	0.064	0.000272420858968885	c10	ACSL3
8.96495097197214e-09	0.487565060858691	0.061	0.037	0.000275466048515788	c10	RASGEF1B
9.06361992977612e-09	0.233693024194539	0.116	0.08	0.000278497849582231	c10	CEP95
9.33575022301527e-09	1.03049127550269	0.032	0.016	0.00028685959710259	c10	SPRY2
9.39846612189298e-09	0.219983208841064	0.148	0.107	0.000288786668527406	c10	ERCC5
9.48510879054725e-09	0.318225344166849	0.144	0.105	0.000291448937807145	c10	PNPLA8
9.91736091271222e-09	0.212187800993672	0.215	0.165	0.000304730748764908	c10	FAM102A
1.0266517869048e-08	1.38381046675611	0.011	0.003	0.000315459294562238	c10	FBXW4P1
1.07923843206615e-08	0.27804753408934	0.165	0.122	0.000331617593020965	c10	DNTTIP2
1.11696435233904e-08	0.114828969981007	0.451	0.374	0.000343209636543218	c10	TOMM20
1.2153685217223e-08	0.172301597204546	0.219	0.168	0.00037344628566961	c10	GIMAP2
1.26078627417301e-08	0.232657531880565	0.17	0.127	0.00038740179846514	c10	IPCEF1
1.34655219101408e-08	0.412370906702815	0.102	0.07	0.000413755091732895	c10	SP2
1.43250744795431e-08	0.214577409702997	0.195	0.147	0.00044016656353292	c10	AFF4
1.46882599324287e-08	0.507639185884039	0.064	0.04	0.000451326162943738	c10	TRAF4
1.53228669381179e-08	0.328853185250346	0.09	0.06	0.00047082573240755	c10	ANK3
1.53523592946968e-08	0.218595307800427	0.176	0.131	0.00047173194404815	c10	PPP2R2A
1.5446856688728e-08	0.159930884052126	0.205	0.156	0.000474635565474545	c10	SLC25A38
1.56731726430669e-08	0.247026881072868	0.193	0.147	0.000481589575803517	c10	CIR1
1.72308696048571e-08	0.167741986620085	0.249	0.196	0.000529452930348445	c10	METTL23
1.77804282963191e-08	0.174986850470008	0.184	0.138	0.000546339220260998	c10	GPCPD1
1.86012547889929e-08	0.407306801573291	0.086	0.057	0.000571560755901385	c10	GTPBP8
1.87833167436392e-08	0.124135273491921	0.296	0.236	0.000577154973581803	c10	HNRNPM
1.88884459367569e-08	0.363121122406652	0.107	0.074	0.000580385278298729	c10	DPP8
1.90662250081249e-08	0.321547501338059	0.107	0.074	0.000585847895824655	c10	ARL5B
1.95580062172087e-08	0.402423913093115	0.069	0.043	0.000600958857036171	c10	BAZ2B
1.95738735175946e-08	0.223432455006535	0.174	0.13	0.000601446411575129	c10	PANK2
2.0160887028461e-08	0.331121513605549	0.112	0.078	0.000619483575723522	c10	ZDHHC3
2.04642978027414e-08	0.200695817154218	0.255	0.201	0.000628806478584836	c10	SF3A1
2.12469111289387e-08	0.244017397113616	0.163	0.121	0.000652853838258898	c10	SETD2
2.17782507719082e-08	0.28494644919543	0.127	0.09	0.000669180311468424	c10	CCDC186
2.23918445192678e-08	0.414440111286943	0.125	0.089	0.00068803420654354	c10	LOC554223
2.23951847914842e-08	0.352190534204936	0.092	0.062	0.000688136843087936	c10	LOC101927663
2.2469325535917e-08	0.301422967254298	0.122	0.087	0.000690414965742122	c10	ZFAND5
2.4142618296347e-08	0.455600940470695	0.058	0.035	0.000741830232391853	c10	ZNF184
2.43200751224688e-08	0.33740380157076	0.091	0.061	0.000747282948288099	c10	RNF40
2.49294311875288e-08	0.456727431119101	0.078	0.05	0.000766006632099196	c10	ZNF574
2.51308810017863e-08	0.182503244596545	0.1	0.068	0.000772196580541887	c10	CD81
2.61173531738477e-08	0.396002122724146	0.068	0.043	0.000802507910972819	c10	CEP78
2.62442959655013e-08	0.366477908236918	0.097	0.066	0.000806408482131958	c10	EIF4EBP1
2.62773600791664e-08	0.204156735853273	0.2	0.153	0.000807424443152545	c10	NDNL2
2.63031840337139e-08	1.08430347404698	0.019	0.008	0.000808217935803927	c10	SNORA48
2.7505787631829e-08	0.148607836301647	0.284	0.227	0.000845170336563209	c10	ATRX
2.84417592428635e-08	0.134626135060575	0.27	0.215	0.000873929936255465	c10	UPP1
2.86296091274508e-08	0.805876950190484	0.03	0.015	0.00087970199965918	c10	BZRAP1
2.93893253546576e-08	0.185602126390939	0.194	0.148	0.000903045800172564	c10	PPIH
3.02694723232997e-08	0.429758917513955	0.081	0.053	0.000930090076078029	c10	RMDN3
3.05974416898727e-08	1.51631846313464	0.011	0.003	0.00094016759080472	c10	ATP9A
3.08227610372627e-08	0.311781947658058	0.111	0.078	0.000947090978391972	c10	FBXO32
3.11726976964386e-08	0.170624054111537	0.229	0.179	0.000957843482118468	c10	AZIN1
3.11840141815688e-08	0.248459740484574	0.193	0.148	0.000958191203757064	c10	ZNF800
3.24179043466612e-08	0.453205791624989	0.09	0.061	0.000996104946859858	c10	UBR1
3.27959138122927e-08	0.197823386852662	0.296	0.239	0.00100772004371032	c10	SDHD
3.28619885933771e-08	0.262805054077569	0.105	0.072	0.0010097503235087	c10	IER5
3.32134325721534e-08	0.43856745475419	0.06	0.037	0.00102054914264456	c10	ACSL6
3.60397294320813e-08	0.386110099766059	0.091	0.061	0.00110739276625956	c10	RHBDF2
3.95904880369211e-08	0.105774493823111	0.437	0.362	0.00121649692591047	c10	SRRM1
3.96196998535691e-08	0.239918620587816	0.192	0.147	0.00121739451740062	c10	SRA1
3.99005374845524e-08	0.46158843054577	0.098	0.067	0.00122602381528784	c10	CGRRF1
4.09447791038057e-08	0.427118909587921	0.074	0.047	0.00125811022752264	c10	TMEM62
4.10371122927476e-08	0.107711307466344	0.147	0.107	0.00126094734941926	c10	COX19
4.22994458852062e-08	0.247384932703761	0.149	0.11	0.00129973507371473	c10	ZBTB1
4.45879592263282e-08	0.183423568623906	0.093	0.063	0.00137005422314739	c10	TCEAL4
4.62210063610968e-08	1.07755133763628	0.026	0.012	0.00142023286245742	c10	HSP90AB4P
4.64473558924424e-08	0.225518465493048	0.095	0.065	0.00142718790450708	c10	TMEM63A
4.7395862959911e-08	0.320241750178331	0.161	0.121	0.00145633268116919	c10	TSPYL1
4.74813946985601e-08	0.453541601932412	0.07	0.045	0.00145896081490266	c10	C11orf30
5.13544086372433e-08	0.175141354333624	0.105	0.072	0.00157796691419658	c10	DENND4A
5.50100990192386e-08	0.127883856328744	0.396	0.329	0.00169029531256414	c10	VCP
5.75013781334061e-08	0.203812041418258	0.185	0.141	0.00176684484590517	c10	NUB1
5.76123466329434e-08	0.171496234637128	0.158	0.117	0.00177025457499045	c10	SLC25A36
5.84814296420879e-08	0.553326117965247	0.04	0.022	0.00179695888861243	c10	NKRF
5.87856688870994e-08	0.314916007290862	0.1	0.069	0.0018063072478939	c10	RABEP1
6.00295133213455e-08	0.236129472262126	0.146	0.107	0.00184452685582498	c10	NMRAL1
6.04971786174031e-08	0.25161633649422	0.19	0.146	0.00185889680737695	c10	AHSA1
6.15798218595185e-08	1.22413488561905	0.016	0.007	0.00189216318627742	c10	LOC102723797
6.48442947633397e-08	0.285071345510034	0.186	0.144	0.00199247064519314	c10	RBM22
6.50393771580904e-08	0.232207702136201	0.17	0.128	0.00199846494193664	c10	TRPC4AP
6.83659218940944e-08	0.207019003665345	0.172	0.13	0.00210067968203984	c10	DIABLO
7.29396643513924e-08	0.338118166824634	0.144	0.106	0.00224121706652523	c10	KIAA1191
7.51131881667085e-08	0.344497117886204	0.088	0.059	0.00230800293279845	c10	RNF111
7.69655913216489e-08	0.453594202135144	0.102	0.071	0.00236492172454031	c10	NFKBIE
7.75072862134797e-08	0.177640719206031	0.17	0.128	0.00238156638348159	c10	LDLRAP1
7.90716959436964e-08	0.147548429050958	0.137	0.1	0.00242963600126196	c10	FAM13B
8.31534475417178e-08	0.141562069850386	0.166	0.124	0.00255505598261436	c10	QRICH1
8.82419737448371e-08	0.363086406595108	0.109	0.077	0.00271141112725761	c10	GADD45A
9.34634646016176e-08	0.30915100959622	0.089	0.06	0.0028718518768139	c10	C12orf29
9.45913432476868e-08	0.440763559712896	0.045	0.026	0.00290650820397167	c10	TTC16
9.46672026146548e-08	0.293515975983857	0.166	0.126	0.0029088391347405	c10	MORF4L2
9.73823713769032e-08	0.25617622703058	0.094	0.064	0.0029922681252981	c10	FBXO42
9.7868561985829e-08	0.172806390670837	0.15	0.111	0.00300720730413857	c10	YARS
9.85458120797916e-08	0.272601875614457	0.091	0.062	0.00302801716777576	c10	FBXL12
1.02199373915049e-07	0.318700451888826	0.095	0.065	0.0031402801622877	c10	NPC1
1.04198458142117e-07	0.410575655941531	0.09	0.061	0.00320170602333282	c10	DCTN6
1.05676543991383e-07	0.688649337616659	0.042	0.024	0.00324712316722324	c10	LOC102724428
1.05807319379587e-07	0.281534890157291	0.093	0.063	0.00325114150257656	c10	KAT5
1.08803097659869e-07	0.230681554695229	0.103	0.072	0.00334319278179481	c10	ICE1
1.09274725885321e-07	0.283734997590581	0.147	0.109	0.00335768450227826	c10	FABP5
1.10629052795092e-07	0.205045045213859	0.197	0.153	0.0033992989052348	c10	BLOC1S4
1.10645504945667e-07	0.200665987772061	0.166	0.125	0.0033998044304655	c10	PPP2R5C
1.14817017691232e-07	0.26567573220979	0.132	0.096	0.0035279825025985	c10	NDUFAF4
1.16317068083048e-07	0.179684847243313	0.143	0.106	0.00357407455098782	c10	ENO2
1.16937221589237e-07	0.14191386370063	0.319	0.261	0.0035931300077725	c10	ZNRD1
1.19371601353901e-07	0.799746309985482	0.022	0.01	0.00366793119480133	c10	GPA33
1.20428087274845e-07	0.545889201978624	0.04	0.022	0.00370039383769416	c10	JAKMIP2
1.21533184925748e-07	0.15455102566491	0.231	0.182	0.00373435017321345	c10	ATG12
1.21828000611795e-07	0.475866588550818	0.068	0.044	0.00374340897479864	c10	POMC
1.23557249689296e-07	0.233378106853239	0.14	0.103	0.00379654361120299	c10	MRPS30
1.27111660824362e-07	0.12266247216261	0.268	0.215	0.00390576000215016	c10	H2AFJ
1.27960909649852e-07	0.308083589495205	0.065	0.041	0.00393185487081099	c10	TMEM135
1.30703922915912e-07	0.119034878942733	0.282	0.227	0.00401613943943723	c10	TNIP1
1.34745843215684e-07	0.385574978311398	0.088	0.06	0.00414033552448833	c10	CDK11A
1.35400205712117e-07	0.256553666883149	0.191	0.149	0.00416044212091621	c10	PLK3
1.3609502402545e-07	0.136493950480025	0.268	0.213	0.00418179180323	c10	HSPA9
1.37625292926631e-07	0.112189315247898	0.257	0.204	0.0042288123757566	c10	DDX21
1.38101932395474e-07	0.150352446642892	0.295	0.241	0.00424345807671573	c10	MAGOH
1.41042097597471e-07	1.26506205036117	0.013	0.005	0.0043338005328775	c10	ASAH2
1.50968720735077e-07	0.170700391646512	0.134	0.098	0.00463881588202671	c10	ATHL1
1.56146533885317e-07	0.274539251598177	0.144	0.108	0.00479791454669414	c10	DNAJB11
1.56344873008765e-07	0.285826017883225	0.11	0.078	0.00480400891294032	c10	CTR9
1.60477549344907e-07	0.100243422775652	0.279	0.224	0.00493099365872096	c10	NDUFA5
1.64884933295562e-07	0.345993788002804	0.054	0.033	0.00506641934537273	c10	OSER1-AS1
1.7005264581127e-07	0.163789636813876	0.226	0.178	0.00522520764784289	c10	MAP1LC3B2
1.76841428616249e-07	0.115777734898154	0.41	0.342	0.00543380657709148	c10	KHDRBS1
1.82650601409487e-07	0.271882323605112	0.095	0.066	0.0056123050295093	c10	UBA5
1.90249587538037e-07	0.658111578866356	0.044	0.026	0.00584579907628125	c10	EOGT
1.90730133025282e-07	0.167594688994451	0.174	0.133	0.00586056479746782	c10	NGDN
2.09949569381694e-07	0.356890271594732	0.082	0.056	0.00645112041839131	c10	METTL21A
2.13389839766324e-07	0.43070640922121	0.053	0.032	0.00655682960649985	c10	PIAS2
2.13899061376305e-07	0.544608581112167	0.04	0.022	0.00657247645890972	c10	RNU5A-1
2.14844341262383e-07	0.197777729997891	0.295	0.241	0.00660152207396924	c10	PDE4B
2.22882741748944e-07	0.146090819595504	0.21	0.164	0.0068485180057198	c10	VIMP
2.29536998999626e-07	0.148290351626097	0.165	0.125	0.00705298336826149	c10	BAG6
2.30662652818521e-07	0.169865360016644	0.164	0.124	0.00708757133315468	c10	CLK3
2.33714966906829e-07	0.390642808411637	0.073	0.048	0.00718135978814612	c10	MTFMT
2.35790996368496e-07	0.200242106494898	0.096	0.067	0.00724514994541479	c10	VGLL4
2.36121479162727e-07	0.223824881632269	0.108	0.077	0.00725530469023312	c10	GATAD2B
2.39212070547105e-07	0.339269109557626	0.076	0.05	0.00735026929170088	c10	MCOLN2
2.44552011967259e-07	0.157080648352787	0.162	0.122	0.00751434967171797	c10	CDS2
2.51835469988327e-07	0.148788611144156	0.174	0.133	0.00773814848633131	c10	NELL2
2.53870989145435e-07	0.238281426396858	0.142	0.106	0.00780069388347178	c10	LENG1
2.54012590383533e-07	0.926138335123871	0.014	0.005	0.00780504486471483	c10	HLA-DOA
2.54867312422724e-07	0.101714765314626	0.799	0.713	0.00783130790881303	c10	HNRNPA2B1
2.56892311265788e-07	0.212696151294242	0.14	0.104	0.00789353004826387	c10	CDKN2D
2.61772736674433e-07	0.352695427208879	0.093	0.064	0.00804349087979531	c10	METTL15
2.63831377015916e-07	0.510320351580547	0.062	0.039	0.00810674672156805	c10	OGFOD1
2.68299746954433e-07	0.409473379223917	0.074	0.049	0.00824404632466885	c10	UCK1
2.71011277312009e-07	0.897224991872298	0.025	0.012	0.0083273635179661	c10	TBC1D32
2.71538835027134e-07	0.205882721657649	0.127	0.093	0.00834357378387874	c10	PPP1R16B
2.74626797581819e-07	0.53185602248658	0.042	0.024	0.00843845760929657	c10	PARP3
2.79341084160143e-07	0.101603385841126	0.32	0.262	0.00858331349298871	c10	SS18L2
2.81422915087673e-07	0.133587346739247	0.268	0.216	0.00864728191189893	c10	ZC3H15
2.84083251470247e-07	0.396273303746118	0.101	0.072	0.00872902606792629	c10	BRIX1
2.98704518053449e-07	0.562585532065716	0.037	0.021	0.00917829372622834	c10	PDLIM1
3.02770742033444e-07	0.202336410599849	0.16	0.122	0.00930323659046164	c10	CBWD5
3.08659545348312e-07	0.560464011918508	0.034	0.018	0.00948418184991759	c10	FRAT2
3.09471922033552e-07	0.423188783946312	0.055	0.034	0.00950914374832494	c10	SIK2
3.10710072820316e-07	1.04619382872942	0.023	0.011	0.00954718840754984	c10	CCDC152
3.12430411212832e-07	0.154652550447047	0.216	0.17	0.00960004924533669	c10	CCT2
3.14335122428058e-07	0.545548399338649	0.058	0.037	0.00965857530684693	c10	SLC25A33
3.15775037776409e-07	0.317223658375195	0.09	0.062	0.00970281958575572	c10	DXO
3.17244260166928e-07	0.559182692848747	0.053	0.032	0.00974796438214921	c10	IL18BP
3.20171051469453e-07	0.477300679898971	0.057	0.036	0.0098378958985019	c10	GCC1
3.25689404719569e-07	0.479833526441325	0.076	0.051	0.0100074583388182	c10	ZHX2
3.27499909529058e-07	0.341749127517946	0.085	0.058	0.0100630897200994	c10	USPL1
3.30163865155024e-07	0.32875392787112	0.089	0.061	0.0101449450846184	c10	MAP2K5
3.31306813703096e-07	0.323789687091673	0.105	0.075	0.010180064464655	c10	TRAPPC2
3.39195176354522e-07	0.361142028561659	0.091	0.063	0.0104224501838454	c10	SMAD3
3.4126522072446e-07	0.211366030450971	0.128	0.094	0.0104860564372005	c10	MVD
3.45064456657759e-07	0.369294931194707	0.091	0.063	0.010602795559723	c10	ZNF830
3.73299546266885e-07	0.134006527967797	0.28	0.228	0.0114703751581426	c10	DDX6
3.75025428886907e-07	0.408591225528021	0.081	0.055	0.011523406353408	c10	GOT1
3.84200827433627e-07	0.258725339459716	0.087	0.06	0.0118053388245531	c10	MEF2D
3.99345174023705e-07	0.396942061453794	0.075	0.05	0.0122706791622264	c10	GXYLT1
4.19860419025955e-07	0.13252854971021	0.22	0.173	0.0129010510954105	c10	CSNK1D
4.20132480162418e-07	0.564148507356561	0.035	0.019	0.0129094107179506	c10	FAM117B
4.29823358408814e-07	0.317918683932586	0.063	0.041	0.0132071823338276	c10	PDZD8
4.37881838457248e-07	0.304842875370378	0.102	0.072	0.0134547952502759	c10	RDH14
4.57797347482263e-07	0.341352765174156	0.095	0.067	0.0140667390960875	c10	AGK
4.73910376722745e-07	0.148579832757273	0.203	0.16	0.0145618441455598	c10	WBP11
4.76412039259741e-07	0.123895621610117	0.223	0.175	0.0146387127303341	c10	FDX1
5.18878245562769e-07	0.204678822203427	0.105	0.075	0.0159435718514072	c10	BTAF1
5.29259704362337e-07	0.206933034084822	0.119	0.086	0.0162625629359415	c10	MYNN
5.32814571022361e-07	1.15594016367561	0.011	0.004	0.0163717933238041	c10	SNX21
5.42324542025445e-07	0.171659163613634	0.168	0.129	0.0166640062028158	c10	COA1
5.46580972696674e-07	0.18473936828416	0.143	0.108	0.0167947935480507	c10	NLRC5
5.48830790808091e-07	0.205133566469502	0.063	0.04	0.0168639237091602	c10	AUTS2
5.49752966159858e-07	0.560783808465062	0.036	0.02	0.016892259391194	c10	HIST1H4F
5.58460807856118e-07	0.142235766547256	0.272	0.221	0.0171598252429949	c10	BUD31
5.87171808380514e-07	0.132648615476213	0.203	0.16	0.018042028156108	c10	BAG1
6.29775739527268e-07	0.31579546033464	0.075	0.051	0.0193511191484544	c10	KLHL18
6.30039720113167e-07	0.482838640335765	0.049	0.03	0.0193592304799173	c10	C1orf109
6.31620738892677e-07	0.329295790773246	0.106	0.076	0.0194078104439553	c10	ITFG2
6.41753789293553e-07	0.115212198694725	0.297	0.242	0.019719168683623	c10	TIAL1
6.63045985153151e-07	0.233408123410324	0.095	0.067	0.0203734139858009	c10	TOB2
6.65229889867228e-07	0.286606460460028	0.074	0.05	0.0204405188259503	c10	TCOF1
6.68575959419869e-07	0.766747435277282	0.032	0.017	0.0205433335050943	c10	ZNF799
6.97573899222425e-07	0.178595208124143	0.126	0.093	0.0214343532014075	c10	RNF216P1
7.18746169933337e-07	0.444143815271935	0.038	0.022	0.0220849135635416	c10	USP45
7.56089538339639e-07	2.92625520459894	0.012	0.005	0.0232323632445621	c10	MT1G
7.56818501223533e-07	0.29649331119355	0.085	0.059	0.0232547620870955	c10	RPP14
7.70761650947468e-07	0.286588939813339	0.047	0.028	0.0236831932486628	c10	CHN2
7.90156386178507e-07	0.435594448915825	0.063	0.041	0.024279135278107	c10	SPATA2
7.9290960271854e-07	0.204042807898458	0.179	0.14	0.0243637333627326	c10	GORASP2
8.07979053055697e-07	0.528856070497501	0.045	0.027	0.0248267723632424	c10	CCDC64
8.17592104862605e-07	0.161295092632848	0.167	0.129	0.0251221526061133	c10	TROVE2
8.18057429943512e-07	0.482763958940353	0.029	0.016	0.0251364506498743	c10	HIST1H4B
8.51262054725925e-07	0.145130863860987	0.126	0.093	0.0261567291555635	c10	CCNT1
8.69186804335332e-07	0.114355520761799	0.246	0.198	0.0267075029368117	c10	FLOT2
8.72195841279344e-07	0.307855072399374	0.104	0.075	0.0267999616149904	c10	SUPV3L1
9.10479611361348e-07	0.238109640405204	0.169	0.132	0.0279763070183001	c10	LOC493754
9.26952327872065e-07	0.141817926548286	0.222	0.178	0.0284824641785249	c10	HSF1
9.54438684402801e-07	0.236053513875206	0.094	0.066	0.0293270374556449	c10	KBTBD2
9.81394915093776e-07	0.221401935326932	0.127	0.094	0.0301553215560865	c10	ZNF330
9.90936328375685e-07	0.182610806492873	0.154	0.117	0.0304485005619997	c10	PCID2
1.00279482369914e-06	0.506542021095155	0.039	0.023	0.0308128765478036	c10	ZBTB21
1.00664379432635e-06	0.877713712122824	0.022	0.011	0.0309311438682657	c10	A2M-AS1
1.02688293304649e-06	0.192396701399464	0.121	0.089	0.0315530318837196	c10	FAM111A
1.02739229483204e-06	0.38221955033517	0.052	0.032	0.0315686830433042	c10	ALKBH2
1.09470350820443e-06	0.304350020220761	0.085	0.059	0.0336369546965974	c10	AVL9
1.09577211359434e-06	0.376567375390455	0.084	0.059	0.0336697897344133	c10	MX2
1.09782906069151e-06	1.58890344888546	0.01	0.003	0.0337329935478681	c10	LOC100996324
1.10704803943413e-06	0.167849366206856	0.149	0.113	0.0340162651076924	c10	BBX
1.12846128304515e-06	0.393217228114846	0.055	0.035	0.0346742298441284	c10	INTS4
1.1327929984397e-06	0.927557135867466	0.019	0.009	0.0348073304630566	c10	DNAL1
1.13434666198619e-06	0.115640574205679	0.177	0.137	0.0348550698828496	c10	MRPL55
1.16667911372846e-06	0.660399586487365	0.027	0.014	0.0358485491275343	c10	PRKCE
1.19709899123888e-06	0.187354974618283	0.107	0.077	0.0367832607037971	c10	SUCO
1.22699327189556e-06	0.355749784993278	0.095	0.068	0.0377018222655347	c10	CSNK1G3
1.25877429699574e-06	0.249109836985411	0.163	0.127	0.0386783578237882	c10	NEMF
1.26209248685679e-06	0.424140776378597	0.066	0.044	0.0387803158436484	c10	RBMXL1
1.2688462659611e-06	0.228027242717781	0.157	0.121	0.0389878392141867	c10	C14orf1
1.28056677445959e-06	0.153207908489004	0.251	0.204	0.0393479752788199	c10	ADIPOR1
1.28066956800921e-06	0.858232826624397	0.022	0.011	0.0393511338162189	c10	RNVU1-15
1.28305165239636e-06	0.114083628148186	0.224	0.179	0.039424328123183	c10	MAP2K3
1.31512940685288e-06	0.179751986012938	0.131	0.098	0.0404099812843685	c10	ECI2
1.31905605482254e-06	0.131585198031021	0.161	0.123	0.0405306353965321	c10	RBM33
1.32083992352401e-06	0.239944101270834	0.071	0.047	0.0405854483301223	c10	NFKBID
1.34439518708806e-06	0.108438923513646	0.128	0.095	0.0413092309136548	c10	SCRN2
1.35245628434731e-06	0.260740336845811	0.112	0.082	0.0415569242491397	c10	PDK3
1.37941357066279e-06	0.46276348323729	0.032	0.018	0.0423852407857554	c10	ADAMTS6
1.42539675056294e-06	0.603772265358813	0.022	0.011	0.0437981659545474	c10	LOC101930586
1.43042332185716e-06	0.119622177251756	0.221	0.178	0.0439526174107049	c10	GIMAP6
1.48634224727343e-06	0.170225968061633	0.163	0.126	0.0456708382319707	c10	SNX2
1.49784529980436e-06	0.142837323058246	0.276	0.226	0.0460242925270887	c10	MRFAP1
1.52000795829969e-06	0.130780764653134	0.142	0.107	0.0467052845346747	c10	SENP7
1.53278828368461e-06	0.111365078668988	0.273	0.223	0.0470979855927771	c10	WBP2
1.55101951882408e-06	0.103230608967951	0.249	0.201	0.0476581767549075	c10	S1PR4
1.55328558291856e-06	0.387517942706853	0.033	0.018	0.0477278061063385	c10	PLCB1
1.56824542412285e-06	0.185003673701853	0.211	0.17	0.0481874771470227	c10	RILPL2
1.59225806342074e-06	0.186865080829881	0.177	0.139	0.0489253135147291	c10	RELA
