p_val	avg_log2FC	pct.1	pct.2	p_val_adj	cluster	gene
0	1.26062074307491	0.923	0.684	0	3	CD8A
0	1.17786222635645	0.792	0.573	0	3	LOC101060038
0	1.13940084491772	0.93	0.805	0	3	ANXA1
0	1.06649535510496	0.881	0.704	0	3	CD8B
0	0.819207792160963	0.866	0.773	0	3	TOB1
0	0.768171395696312	0.965	0.863	0	3	IL7R
0	0.728809756995377	0.985	0.948	0	3	CD69
0	0.719571612204392	0.925	0.852	0	3	CD55
0	0.69917077821769	0.974	0.957	0	3	KLF6
0	0.698277326507364	0.988	0.972	0	3	JUN
0	0.65036132516933	0.767	0.648	0	3	SMIM3
0	0.62435718260567	0.919	0.764	0	3	CTSW
0	0.612079152203528	0.988	0.985	0	3	ZFP36
0	0.607919083330203	0.895	0.81	0	3	LGALS3
0	0.591054318092712	0.99	0.982	0	3	TSC22D3
0	0.589091453098817	0.792	0.604	0	3	KLRC4
0	0.555374599864642	0.983	0.782	0	3	CCL5
0	0.499155804940904	0.921	0.699	0	3	GZMB
0	-0.263541152167055	0.232	0.453	0	3	RAB31
8.01500898684557e-308	0.42401319452598	0.789	0.643	2.40450269605367e-304	3	SYTL2
1.61515141924502e-304	-0.306618204299857	0.628	0.781	4.84545425773507e-301	3	HAVCR2
2.09620569927353e-304	0.675310660227147	0.983	0.971	6.2886170978206e-301	3	NFKBIA
3.45083133560094e-304	0.677377515496705	0.993	0.979	1.03524940068028e-300	3	VIM
6.59227793238575e-301	-1.08095071668684	0.254	0.454	1.97768337971573e-297	3	S100A8
6.96272193513936e-300	-0.316137059396935	0.797	0.522	2.08881658054181e-296	3	NAPSB
2.68539156642479e-291	-0.377520503690662	0.489	0.639	8.05617469927437e-288	3	C1QA
3.8655510037147e-291	-0.294208805000439	0.564	0.735	1.15966530111441e-287	3	CH25H
2.48290533902856e-289	-0.332806046618296	0.266	0.458	7.44871601708567e-286	3	C1QC
1.48378986888753e-283	-0.360774848248388	0.7	0.818	4.4513696066626e-280	3	CNIH1
7.08867045245797e-283	0.747588605321981	0.736	0.547	2.12660113573739e-279	3	KLRD1
5.61226413262166e-281	0.627607056853317	0.729	0.605	1.6836792397865e-277	3	PELO
6.07188122818641e-280	0.685090234128841	0.992	0.979	1.82156436845592e-276	3	FOS
1.54971619394611e-277	0.515184233395896	0.973	0.959	4.64914858183833e-274	3	CXCR4
2.244137384723e-269	0.847516855709543	0.933	0.839	6.732412154169e-266	3	HSPA1B
1.81590008171959e-268	0.726148866030673	0.959	0.929	5.44770024515876e-265	3	TNFAIP3
7.28235491647529e-267	0.88294799274382	0.771	0.638	2.18470647494259e-263	3	LOC101929531
1.81945272418842e-248	0.37793707608079	0.885	0.737	5.45835817256525e-245	3	PRF1
1.73925675800317e-247	0.69589603861281	0.939	0.899	5.21777027400951e-244	3	PPP1R15A
3.38983419143479e-247	0.86461495948848	0.859	0.8	1.01695025743044e-243	3	ATF3
4.19430052413513e-245	0.547409757784063	0.832	0.705	1.25829015724054e-241	3	DSTN
2.12165061309848e-229	0.558983444515503	0.964	0.927	6.36495183929544e-226	3	S100A10
1.68343837940306e-227	0.471453838944569	0.873	0.788	5.05031513820917e-224	3	GPR171
1.87340180256322e-227	0.450588979548511	0.957	0.914	5.62020540768965e-224	3	CD7
1.38079000594302e-223	0.277616925903583	0.789	0.698	4.14237001782907e-220	3	GALNT2
1.18746449747186e-222	1.21006175925463	0.683	0.549	3.56239349241558e-219	3	XCL1
4.54363607284299e-221	0.514959481114448	0.921	0.841	1.3630908218529e-217	3	ALOX5AP
1.23471097008909e-210	0.576497811003137	0.93	0.908	3.70413291026727e-207	3	BTG2
3.61836651378934e-209	-0.882256849733235	0.93	0.874	1.0855099541368e-205	3	SELL
1.35683449959348e-203	-0.406604538209543	0.317	0.436	4.07050349878045e-200	3	FCGR3A
1.19811200074101e-198	0.607567338544419	0.831	0.74	3.59433600222303e-195	3	FOSB
1.06441587158294e-189	0.613434162589397	0.738	0.63	3.19324761474883e-186	3	HOPX
8.64979312469541e-188	0.442322760127823	0.965	0.939	2.59493793740862e-184	3	S100A6
3.24251464228006e-187	-0.581724628830676	0.794	0.877	9.72754392684018e-184	3	PKM
4.29144096187788e-187	-0.336155607090173	0.702	0.786	1.28743228856336e-183	3	RILPL2
9.69114989603227e-185	0.648957293387464	0.733	0.634	2.90734496880968e-181	3	GABARAPL1
1.20257746842087e-184	0.686172263443722	0.769	0.682	3.60773240526262e-181	3	PTGER4
9.90558329442452e-182	-0.492737682673524	0.65	0.786	2.97167498832736e-178	3	TNFRSF1B
5.32525162232897e-179	0.566533531245098	0.768	0.719	1.59757548669869e-175	3	PTGER2
1.03747026047041e-178	0.485963921279712	0.838	0.767	3.11241078141122e-175	3	FKBP11
7.59059682296486e-178	0.427225480822565	0.932	0.893	2.27717904688946e-174	3	DUSP1
4.20028116120042e-174	-0.358461915922931	0.785	0.834	1.26008434836013e-170	3	SAMHD1
6.04755629526895e-173	-0.295621384021988	0.837	0.852	1.81426688858069e-169	3	LGALS9
3.5379966394762e-170	0.525505666577162	0.909	0.841	1.06139899184286e-166	3	CLEC2B
1.20937488911615e-165	-0.297369036416067	0.488	0.614	3.62812466734845e-162	3	HLA-DMB
7.26060595372609e-165	0.69443139655194	0.66	0.509	2.17818178611783e-161	3	KLRK1
5.60202335598882e-160	-0.306183648148105	0.734	0.803	1.68060700679665e-156	3	ATOX1
1.06816598721688e-158	-0.486173078891321	0.573	0.678	3.20449796165063e-155	3	LOC101928173
2.92988956580846e-158	0.546508069729257	0.747	0.63	8.78966869742538e-155	3	EGR1
2.29658899445856e-157	-0.312108291403779	0.793	0.739	6.88976698337569e-154	3	LAIR2
6.50667982154765e-157	0.283946295822863	0.775	0.688	1.95200394646429e-153	3	CLIC3
1.12730463313054e-155	0.313995846302311	0.751	0.646	3.38191389939162e-152	3	LOC101927902
3.85835479761108e-154	-0.980666575137338	0.985	0.982	1.15750643928333e-150	3	CD74
4.75075226506558e-151	0.540321837198184	0.951	0.935	1.42522567951967e-147	3	DNAJB1
1.1850252800775e-150	-1.08943545146128	0.333	0.461	3.5550758402325e-147	3	S100A9
5.38564610779832e-150	-0.388032538368877	0.999	0.999	1.6156938323395e-146	3	ACTB
4.19288972577297e-149	0.766034149821475	0.656	0.555	1.25786691773189e-145	3	KLRC1
4.11079948086036e-147	0.47067642801288	0.986	0.98	1.23323984425811e-143	3	HSPA8
1.59369077649793e-146	0.616016787777255	0.738	0.651	4.7810723294938e-143	3	MYADM
1.14856019626006e-145	-0.347128474149345	0.713	0.817	3.44568058878019e-142	3	C10orf54
3.17334219983749e-143	-0.27954186037245	0.762	0.591	9.52002659951247e-140	3	LINC01272
6.79052779255858e-141	0.442287399793217	0.845	0.773	2.03715833776757e-137	3	CD97
3.02396154123631e-140	-0.310800424323964	0.588	0.711	9.07188462370893e-137	3	NAMPT
2.68137781864713e-138	-0.667060615733056	0.796	0.817	8.0441334559414e-135	3	TNFRSF18
3.63795129998688e-137	-0.282194454079839	0.715	0.707	1.09138538999606e-133	3	MNDA
1.28117080263992e-135	0.351424790824158	0.622	0.444	3.84351240791975e-132	3	ITGA1
2.68626690680302e-135	0.364875829678437	0.825	0.778	8.05880072040906e-132	3	LDLRAD4
8.89753029309327e-134	0.274884863051012	0.754	0.659	2.66925908792798e-130	3	AREG
1.61213238116894e-133	-0.291120729473855	0.687	0.738	4.83639714350682e-130	3	GK
2.76857080222749e-131	-0.37584451766868	0.818	0.763	8.30571240668248e-128	3	MZB1
1.16848338867349e-127	0.624518014001349	0.824	0.787	3.50545016602047e-124	3	TUBB4B
2.39142516439084e-127	0.505002242993735	0.714	0.66	7.17427549317253e-124	3	PERP
3.8160025801109e-126	-0.531312821280661	0.466	0.552	1.14480077403327e-122	3	LST1
2.63479413713813e-121	-0.345953676657945	0.717	0.818	7.9043824114144e-118	3	PIM2
3.04979659983489e-120	-0.290545947368044	0.849	0.8	9.14938979950467e-117	3	NGFRAP1
5.83460712954897e-120	0.494497523849733	0.817	0.765	1.75038213886469e-116	3	ID2
7.77085310298943e-120	-1.92257320496823	0.45	0.564	2.33125593089683e-116	3	LYZ
5.65829666524811e-119	0.394929522371015	0.798	0.682	1.69748899957443e-115	3	FLT3LG
7.41216317762281e-119	-0.398637714292039	0.34	0.4	2.22364895328684e-115	3	C15orf48
3.76850261574703e-118	0.744894531445399	0.85	0.805	1.13055078472411e-114	3	TUBA1A
2.18985868296524e-117	-0.271178084345935	0.881	0.911	6.56957604889571e-114	3	COX5A
2.10244262456559e-115	0.413155313459862	0.753	0.65	6.30732787369678e-112	3	CDKN1A
9.73291569763364e-115	0.307115072081864	0.763	0.683	2.91987470929009e-111	3	CDC14A
1.5052541183152e-113	-0.501527423872121	0.811	0.834	4.51576235494561e-110	3	CARD16
3.96672162575465e-113	-0.283925028254385	0.751	0.733	1.19001648772639e-109	3	LY96
1.99439810676259e-112	0.491332815996117	0.904	0.833	5.98319432028777e-109	3	HSPA1A
1.42294963526399e-110	0.347271599283056	0.727	0.621	4.26884890579198e-107	3	GLUL
7.04092848049041e-109	-0.281967191992951	0.684	0.774	2.11227854414712e-105	3	PPT1
1.11152162003664e-108	0.276134850154834	0.899	0.849	3.33456486010993e-105	3	ANXA2
3.37377330220293e-105	0.529324589519919	0.92	0.9	1.01213199066088e-101	3	IER2
1.10521131979406e-103	-0.489182846446597	0.718	0.807	3.31563395938217e-100	3	NPC2
1.46181464439598e-102	-0.376588320196762	0.861	0.866	4.38544393318793e-99	3	ARID5B
6.69875695214365e-102	-0.251958688303559	0.623	0.676	2.00962708564309e-98	3	CD79B
1.01682148617733e-101	-0.322943251514416	0.805	0.833	3.05046445853198e-98	3	VAMP5
6.34732086144369e-100	-0.705501839182284	0.811	0.808	1.90419625843311e-96	3	CTSB
5.99028668844555e-99	-0.362677981576542	0.681	0.695	1.79708600653366e-95	3	CD28
6.32698119956596e-99	-0.372600584150397	0.865	0.85	1.89809435986979e-95	3	LIMS1
1.12393110737067e-98	0.810671967004049	0.598	0.435	3.37179332211201e-95	3	ZNF683
2.29568614492105e-98	0.629143793182064	0.734	0.623	6.88705843476315e-95	3	IFNG
2.71336560997102e-97	-0.409094404820813	0.825	0.847	8.14009682991305e-94	3	RNASET2
2.52954892120965e-95	0.342837049760236	0.838	0.785	7.58864676362895e-92	3	LGALS1
6.29055262928466e-87	0.540033067987779	0.974	0.962	1.8871657887854e-83	3	HSP90AB1
8.37561211774357e-87	0.302939332983481	0.669	0.551	2.51268363532307e-83	3	DNAJB4
2.68889029700857e-86	0.336941145293931	0.84	0.808	8.06667089102571e-83	3	CLDND1
1.0702268032125e-85	0.519861371882088	0.655	0.581	3.2106804096375e-82	3	LMNA
5.14212367787863e-84	-0.459171450526882	0.663	0.752	1.54263710336359e-80	3	TYMP
1.77049362269277e-83	-0.328395791000668	0.855	0.885	5.3114808680783e-80	3	FKBP1A
2.25670213036962e-83	-0.383822683140514	0.828	0.854	6.77010639110886e-80	3	CTSC
2.43970395220693e-83	0.335184140921136	0.972	0.97	7.31911185662079e-80	3	UBC
3.36819437229886e-83	-0.410959468887359	0.61	0.668	1.01045831168966e-79	3	CMC1
8.45086360813341e-79	0.67283030836411	0.655	0.573	2.53525908244002e-75	3	RGCC
1.19554632915278e-78	-1.27595295905668	0.515	0.614	3.58663898745833e-75	3	TYROBP
1.61092831871184e-78	-0.558277863014404	0.801	0.849	4.83278495613553e-75	3	TIGIT
1.94635411469374e-78	0.406736011337811	0.689	0.625	5.83906234408121e-75	3	PFKFB3
2.64170873813312e-78	-0.335093973551125	0.794	0.77	7.92512621439937e-75	3	PASK
5.86058581844469e-78	-0.835354861031929	0.848	0.816	1.75817574553341e-74	3	LOC100996809
1.01172182512793e-76	-0.371725394452865	0.788	0.605	3.0351654753838e-73	3	DERL3
1.71845487681871e-76	-0.32454083476441	0.829	0.845	5.15536463045612e-73	3	CORO1B
3.60931678654412e-75	-0.257303362780632	0.855	0.889	1.08279503596324e-71	3	DBI
2.68345683142722e-74	-0.269230888671127	0.895	0.832	8.05037049428165e-71	3	ICA1
4.53362598222632e-72	-0.654934125357238	0.343	0.284	1.3600877946679e-68	3	LOC102723407
6.70838413699368e-71	0.33807473343129	0.82	0.767	2.0125152410981e-67	3	RGS2
3.94160949920121e-70	0.344590675517423	0.736	0.676	1.18248284976036e-66	3	TMEM107
6.39026770513975e-70	0.313728516020534	0.715	0.629	1.91708031154193e-66	3	ERN1
1.04772013609238e-69	0.409265643539767	0.71	0.627	3.14316040827713e-66	3	JUND
1.78062262722435e-69	-0.643318257177582	0.586	0.631	5.34186788167304e-66	3	HLA-DRB1
5.31519293696109e-67	-0.30327650005299	0.799	0.82	1.59455788108833e-63	3	MTHFD2
2.77570854077868e-66	-2.30318277788912	0.853	0.828	8.32712562233604e-63	3	IGJ
9.06367964876673e-66	0.466862876436558	0.971	0.967	2.71910389463002e-62	3	HSP90AA1
3.38759461960796e-65	0.512213280660894	0.765	0.699	1.01627838588239e-61	3	CKLF
5.86251186305425e-65	0.437257155039705	0.778	0.74	1.75875355891627e-61	3	G3BP2
6.19068748792081e-65	0.2647337437398	0.976	0.964	1.85720624637624e-61	3	IFITM1
2.35187865279405e-62	0.716389415768202	0.598	0.481	7.05563595838216e-59	3	XCL2
3.45512621472374e-62	-0.270245637649869	0.649	0.463	1.03653786441712e-58	3	FGR
1.15102280128775e-61	0.369866808805197	0.95	0.93	3.45306840386325e-58	3	S100A11
3.84716033720516e-61	-0.272350731200058	0.683	0.72	1.15414810116155e-57	3	SH2D1A
4.46068552073909e-61	0.267913994641725	0.801	0.706	1.33820565622173e-57	3	DDX39A
1.40620371020262e-60	-0.980190030534918	0.676	0.675	4.21861113060786e-57	3	HLA-DQB1
1.88025970227727e-60	0.57418083800411	0.761	0.735	5.64077910683181e-57	3	NR4A1
4.26800399826667e-58	-0.355856814071461	0.703	0.727	1.28040119948e-54	3	MIR4435-1HG
1.39029001360391e-57	-0.267216629995163	0.492	0.536	4.17087004081173e-54	3	PLAUR
1.87432038156834e-57	0.51098608521697	0.872	0.876	5.62296114470503e-54	3	DNAJA1
1.08051712894172e-56	-0.264753324074963	0.788	0.829	3.24155138682517e-53	3	SYNGR2
1.70175644792107e-56	0.380860617834339	0.73	0.674	5.1052693437632e-53	3	AHNAK
2.5632992823532e-56	-0.396371931697468	0.667	0.69	7.6898978470596e-53	3	LYST
1.08404247188792e-55	-0.442507426667284	0.735	0.776	3.25212741566375e-52	3	CTSS
1.08775366751374e-55	0.377823045337382	0.781	0.737	3.26326100254121e-52	3	EIF4A3
2.0495421487586e-55	0.25296804059242	1	0.999	6.1486264462758e-52	3	MALAT1
6.79324605692785e-55	0.331744439642904	0.94	0.934	2.03797381707835e-51	3	CRIP1
1.84978761266601e-53	-0.764210412392469	0.833	0.684	5.54936283799802e-50	3	GZMK
3.34618046001361e-53	-0.380874348751901	0.643	0.678	1.00385413800408e-49	3	SPI1
4.16672959766533e-53	0.512680649961247	0.645	0.568	1.2500188792996e-49	3	CITED2
5.33914375019314e-53	0.309308883951404	0.761	0.728	1.60174312505794e-49	3	PDE4D
7.62315112308709e-50	0.316743940440799	0.911	0.873	2.28694533692613e-46	3	ND6
1.06071590180282e-49	0.346547841595085	0.777	0.755	3.18214770540847e-46	3	CD63
5.40129516705339e-49	0.32797117521821	0.709	0.657	1.62038855011602e-45	3	NELL2
9.58647601282807e-49	0.31213763038098	0.871	0.84	2.87594280384842e-45	3	HSPA5
1.82155369057646e-47	0.303988366771753	0.624	0.532	5.46466107172937e-44	3	CISH
3.13879702796855e-47	0.434846630227187	0.704	0.687	9.41639108390565e-44	3	RUNX3
1.36212541307699e-46	0.793437580618232	0.572	0.531	4.08637623923097e-43	3	SPRY1
8.4846181219871e-44	-0.53262423318976	0.856	0.806	2.54538543659613e-40	3	CTSH
3.63382414614595e-42	-0.25728702626913	0.647	0.699	1.09014724384379e-38	3	PLAC8
1.67972823734977e-41	0.363415245544942	0.85	0.826	5.0391847120493e-38	3	CYCS
3.33525045637517e-41	0.365098976131413	0.768	0.76	1.00057513691255e-37	3	TSPYL2
1.425210698583e-40	0.454584290687142	0.839	0.815	4.275632095749e-37	3	GADD45B
4.46680766432537e-39	-0.488998880324789	0.779	0.787	1.34004229929761e-35	3	BATF
2.35837252212339e-38	0.344907300307352	0.697	0.666	7.07511756637017e-35	3	PTPN22
3.1810245728219e-37	0.426327505624659	0.939	0.931	9.5430737184657e-34	3	RGS1
4.55254070214376e-37	0.624160921772224	0.662	0.653	1.36576221064313e-33	3	PHLDA1
1.06901893403824e-35	-0.314522033217241	0.679	0.63	3.20705680211473e-32	3	APOE
5.47817852787865e-35	-0.349686311839882	0.764	0.742	1.6434535583636e-31	3	MAGEH1
3.06423172222294e-33	0.338726223922953	0.932	0.928	9.19269516666881e-30	3	DDIT4
1.39245309630094e-32	-0.46758892115112	0.737	0.733	4.17735928890283e-29	3	KLRB1
1.99367474320445e-32	0.336229745946746	0.683	0.648	5.98102422961336e-29	3	ZC3H12A
3.57440773585527e-32	-0.50267919053165	0.758	0.755	1.07232232075658e-28	3	CD79A
3.58758411961238e-32	-0.388543483838099	0.924	0.885	1.07627523588371e-28	3	DNPH1
4.75080419266434e-32	0.381986264698142	0.892	0.868	1.4252412577993e-28	3	ZFP36L1
6.18868962622928e-32	0.451233549587127	0.824	0.83	1.85660688786878e-28	3	TUBA4A
7.57676870660074e-32	-0.480432716571774	0.921	0.843	2.27303061198022e-28	3	CTLA4
8.26267415480102e-32	-0.472792958213531	0.637	0.626	2.47880224644031e-28	3	KLRG1
2.15703096115883e-31	-0.45511737750603	0.843	0.801	6.47109288347649e-28	3	APOC1
7.91971578873244e-31	0.33156615638954	0.767	0.734	2.37591473661973e-27	3	NFKBIZ
1.36144746733027e-30	-0.283073276002698	0.816	0.719	4.0843424019908e-27	3	FBLN7
2.2552347484614e-30	0.575954434561209	0.482	0.561	6.7657042453842e-27	3	PPP1R2P9
5.44664632643568e-30	-0.290679705153091	0.761	0.77	1.6339938979307e-26	3	BIRC3
1.26864737902331e-29	0.44135376919353	0.664	0.667	3.80594213706993e-26	3	LOC284454
4.75350464889522e-29	-0.404462479169311	0.56	0.551	1.42605139466857e-25	3	CD40LG
6.76366284626033e-29	-0.26894209002953	0.911	0.913	2.0290988538781e-25	3	UCP2
8.25470391285956e-29	-0.42941368189109	0.798	0.668	2.47641117385787e-25	3	GRN
6.05089757312976e-28	0.434484442576062	0.619	0.585	1.81526927193893e-24	3	ANKRD28
6.36992159032631e-28	-0.250908163729696	0.779	0.778	1.91097647709789e-24	3	IL6ST
2.39293086664804e-27	-0.372612912828552	0.652	0.551	7.17879259994413e-24	3	C1QB
4.32639239196845e-27	-0.412594913687629	0.808	0.736	1.29791771759054e-23	3	TRAT1
7.17642510199219e-27	0.335511217496437	0.773	0.787	2.15292753059766e-23	3	GCHFR
1.17556489877783e-26	-0.251109473916229	0.859	0.869	3.5266946963335e-23	3	LITAF
1.42838234781511e-26	-0.30090551055282	0.883	0.914	4.28514704344533e-23	3	SAT1
2.14781498983311e-26	-0.25654241056693	0.862	0.855	6.44344496949933e-23	3	FAIM3
2.1777257415125e-26	-0.270047456095713	0.793	0.772	6.53317722453751e-23	3	IGFLR1
1.36032621903166e-25	-0.27008543122887	0.775	0.603	4.08097865709499e-22	3	PLEK
1.62592414812222e-25	-0.890318367488888	0.872	0.805	4.87777244436667e-22	3	HLA-DRB4
2.66414200777272e-23	0.328259341037728	0.933	0.913	7.99242602331816e-20	3	CALM2
4.48880317362579e-23	0.338545810851259	0.767	0.736	1.34664095208774e-19	3	MGST3
4.54122292781375e-23	-0.257216357571665	0.187	0.2	1.36236687834412e-19	3	VCAN
3.3730200703298e-22	-0.537113578371452	0.737	0.704	1.01190602109894e-18	3	HLA-DMA
4.03316306448699e-22	-0.297680969991348	0.815	0.717	1.2099489193461e-18	3	SMCO4
1.8853749826066e-21	-0.377592093376406	0.964	0.871	5.65612494781979e-18	3	ENTPD1
1.93202595675729e-21	-0.254714916818448	0.907	0.815	5.79607787027188e-18	3	IL1R2
2.2522844884875e-21	0.25908733047735	0.64	0.601	6.75685346546251e-18	3	NEU1
9.69849853198979e-21	-0.314122661855521	0.749	0.713	2.90954955959694e-17	3	NMB
1.46798650345744e-20	0.317334385015849	0.847	0.844	4.40395951037233e-17	3	EMP3
2.28522388876036e-20	-0.451943340422203	0.899	0.823	6.85567166628109e-17	3	FOXP3
5.75359215253419e-20	-0.367291801254014	0.923	0.892	1.72607764576026e-16	3	LTB
1.1678701076004e-19	0.347253151212815	0.738	0.688	3.5036103228012e-16	3	MT1X
1.32819833428512e-19	0.571610048972262	0.527	0.42	3.98459500285535e-16	3	FXYD2
2.21873516059912e-19	-0.701357891853549	0.602	0.586	6.65620548179736e-16	3	SERPINA1
4.07554073246531e-17	0.310743691538654	0.684	0.698	1.22266221973959e-13	3	AMICA1
2.70118764603287e-16	-0.836153451924058	0.904	0.793	8.1035629380986e-13	3	TNFRSF4
7.03605873286577e-15	-0.359225363475864	0.728	0.603	2.11081761985973e-11	3	MS4A6A
1.64979188234364e-14	0.293889143261142	0.691	0.668	4.94937564703093e-11	3	ZNF331
2.50529440162794e-14	0.288443830472698	0.446	0.388	7.51588320488383e-11	3	IL2
3.71824180286665e-14	0.259314136390164	0.724	0.717	1.11547254086e-10	3	PDCL3
4.75198341258737e-14	-0.706150779298418	0.721	0.742	1.42559502377621e-10	3	AIF1
7.63972891823626e-14	-1.08730359427851	0.585	0.559	2.29191867547088e-10	3	FCER1G
1.88285737784706e-13	-0.323384481412894	0.63	0.535	5.64857213354118e-10	3	C1orf162
4.63217096799609e-13	-0.278052963948484	0.556	0.501	1.38965129039883e-09	3	FGFBP2
6.83572971870544e-13	0.279339517091206	0.625	0.626	2.05071891561163e-09	3	ITM2C
7.00334942838755e-13	-0.454794523119574	0.861	0.735	2.10100482851626e-09	3	CD4
9.13039512306735e-13	-0.312895800793075	0.573	0.445	2.7391185369202e-09	3	PTGDS
1.45244613511543e-12	0.302604370103089	0.908	0.928	4.35733840534628e-09	3	TAGLN2
3.68043161770135e-12	0.252604275191347	0.72	0.715	1.10412948531041e-08	3	IFRD1
6.81151583807714e-11	-0.607422385196593	0.869	0.844	2.04345475142314e-07	3	IGLL5
8.77369565046603e-11	0.264184577632286	0.853	0.826	2.63210869513981e-07	3	RN7SK
1.65273062180076e-10	-0.869226861591862	0.554	0.57	4.95819186540229e-07	3	BMS1P20
9.2858300397721e-10	-0.323957474396572	0.455	0.372	2.78574901193163e-06	3	MS4A7
5.97978259965794e-09	0.361763739527867	0.593	0.591	1.79393477989738e-05	3	TUBB2A
6.23427869299735e-09	0.433165732902247	0.798	0.849	1.8702836078992e-05	3	SERTAD1
9.70141039220999e-08	0.283707266364736	0.678	0.673	0.0002910423117663	3	TNF
1.1201608720108e-07	-1.84951504928818	0.673	0.654	0.000336048261603241	3	IFI30
