p_val	avg_log2FC	pct.1	pct.2	p_val_adj	cluster	gene
0	1.06011702398425	0.957	0.874	0	9	SELL
0	1.05435675472071	0.851	0.716	0	9	CH25H
0	0.950521893713972	0.843	0.708	0	9	LEF1
0	0.924607684469931	0.867	0.781	0	9	CCR7
0	0.816462720295269	0.875	0.834	0	9	MAL
0	0.780054930872786	0.897	0.763	0	9	BIRC3
0	0.694770206926751	0.789	0.66	0	9	SESN3
0	0.666810077926843	0.805	0.614	0	9	TNFSF8
0	0.635487346669972	0.824	0.739	0	9	FAAH2
0	0.582731008595589	0.79	0.722	0	9	FBLN7
0	0.544161874121277	0.992	0.984	0	9	JUNB
0	0.492669423946809	0.856	0.836	0	9	ICA1
0	0.416043000550762	0.772	0.646	0	9	TIAM1
0	0.415545579861048	0.837	0.729	0	9	LY96
0	0.412041706845543	0.832	0.713	0	9	CCR6
0	0.373748803544349	0.869	0.77	0	9	STAM
0	0.360936427914087	0.843	0.693	0	9	ANKRD55
0	0.350705830187078	0.864	0.801	0	9	NGFRAP1
0	0.295523720204465	1	1	0	9	EEF1A1
0	0.290222059637339	0.86	0.738	0	9	MAGEH1
0	-0.764410691427159	0.675	0.764	0	9	CXCR6
0	-0.893493710381685	0.64	0.761	0	9	APOBEC3G
0	-0.99001761441807	0.747	0.867	0	9	GSTP1
0	-1.0823408819459	0.587	0.714	0	9	LAG3
0	-1.57667290132375	0.589	0.798	0	9	LGALS1
0	-1.75754887653384	0.606	0.754	0	9	PRF1
0	-1.85788221974635	0.427	0.625	0	9	GZMH
0	-1.88581039838827	0.61	0.783	0	9	CTSW
0	-2.43598647402577	0.606	0.789	0	9	GZMA
0	-2.69296822153109	0.518	0.725	0	9	GZMB
0	-3.16716319592468	0.525	0.81	0	9	CCL5
0	-3.22138624744511	0.417	0.68	0	9	CCL4
0	-3.27297786138721	0.515	0.782	0	9	NKG7
4.37266947855572e-301	-0.29896160082445	0.444	0.633	1.31180084356671e-297	9	KIR2DL4
2.14497744619842e-298	-0.928621416274003	0.777	0.856	6.43493233859527e-295	9	ANXA2
1.32089720529996e-294	0.347643531968841	0.877	0.817	3.96269161589988e-291	9	TXK
2.29804063209691e-293	-2.20225089087252	0.401	0.623	6.89412189629072e-290	9	GNLY
1.69680129603797e-290	0.605314760213797	0.892	0.853	5.09040388811392e-287	9	RTKN2
9.71884660259251e-277	-1.5398586282706	0.821	0.848	2.91565398077775e-273	9	CST7
9.5374306915432e-273	0.422711838956348	0.858	0.798	2.86122920746296e-269	9	TNFRSF4
5.4490724852604e-259	-0.765559532670785	0.555	0.654	1.63472174557812e-255	9	KLRC2
9.49662433888129e-246	-0.278555203294747	0.458	0.61	2.84898730166439e-242	9	LINC01272
2.83546039779004e-244	-0.791424939052872	0.902	0.942	8.50638119337012e-241	9	S100A6
8.51682665869557e-239	-1.09833895284544	0.37	0.57	2.55504799760867e-235	9	FCER1G
9.41433895828593e-235	0.27755532229536	1	1	2.82430168748578e-231	9	RPLP1
1.11874016890601e-229	0.792868487972378	0.803	0.77	3.35622050671802e-226	9	PASK
3.29393903626059e-229	-0.272164734032278	0.587	0.713	9.88181710878177e-226	9	MNDA
2.70061062317281e-224	0.491641846622621	0.921	0.826	8.10183186951844e-221	9	SAMHD1
1.80364652216431e-222	-0.444851077676688	0.964	0.981	5.41093956649293e-219	9	SH3BGRL3
7.62216692025535e-217	0.50600698325682	0.969	0.865	2.28665007607661e-213	9	IL7R
4.81841033912345e-215	-1.58710928658965	0.64	0.704	1.44552310173704e-211	9	CD8A
9.18386591642653e-203	-1.52384065972112	0.455	0.609	2.75515977492796e-199	9	CCL3
4.35167938097544e-199	0.678592899672127	0.945	0.891	1.30550381429263e-195	9	LTB
1.20817860604005e-197	-0.346921394857825	0.669	0.749	3.62453581812014e-194	9	EIF4EBP1
7.11747737197791e-195	-0.690660279794289	0.521	0.671	2.13524321159337e-191	9	CMC1
1.84764917363103e-193	0.573596996300697	0.9	0.805	5.54294752089308e-190	9	C10orf54
3.92135590077823e-193	-0.915618938844791	0.697	0.759	1.17640677023347e-189	9	CD63
4.93893556973593e-191	-0.588033858506128	0.636	0.697	1.48168067092078e-187	9	CLIC3
1.52797305788152e-190	-0.692905401377793	0.605	0.753	4.58391917364456e-187	9	TYMP
9.68486742503709e-188	0.736566639583883	0.834	0.775	2.90546022751113e-184	9	IL6ST
8.63327118965606e-182	0.735974224007546	0.865	0.782	2.58998135689682e-178	9	BATF
4.67700451731308e-177	-1.04934190773359	0.798	0.81	1.40310135519392e-173	9	HLA-DRB4
6.24821912405776e-176	-0.723626292569902	0.694	0.782	1.87446573721733e-172	9	CD97
3.97396157336491e-172	-0.805110634830223	0.519	0.626	1.19218847200947e-168	9	AOAH
8.88853886897032e-169	-0.750769334180425	0.769	0.819	2.6665616606911e-165	9	LGALS3
1.33510481758118e-168	-0.650971530311257	0.796	0.87	4.00531445274354e-165	9	HSP90B1
3.78179788646284e-168	0.668547548825882	0.715	0.543	1.13453936593885e-164	9	CD40LG
3.92902075832452e-166	-0.40678723732833	0.555	0.658	1.17870622749736e-162	9	SYTL2
1.3840759119634e-164	-0.661361274617169	0.584	0.693	4.15222773589021e-161	9	RUNX3
2.45494730947897e-162	-1.31193069897188	0.701	0.717	7.36484192843691e-159	9	CD8B
1.97593898227504e-161	-1.28074216318957	0.978	0.983	5.92781694682511e-158	9	CD74
8.4913127917783e-157	0.561711189690281	0.979	0.957	2.54739383753349e-153	9	LDHB
1.14149744104095e-154	-1.18006301995529	0.521	0.636	3.42449232312285e-151	9	IFNG
1.65505724278679e-153	-0.478257588709883	0.999	0.999	4.96517172836038e-150	9	ACTB
2.15159475548779e-153	0.476334166739199	0.719	0.554	6.45478426646337e-150	9	RAPGEF6
7.80390480136393e-153	0.544091840059135	0.959	0.935	2.34117144040918e-149	9	DNAJB1
5.95973723988891e-152	0.27104840179469	0.784	0.764	1.78792117196667e-148	9	CCR4
3.48129215139376e-151	-0.641942262723746	0.809	0.871	1.04438764541813e-147	9	LITAF
3.00836555789918e-150	-0.566370393259552	0.626	0.686	9.02509667369753e-147	9	ABI3
3.78636612577418e-150	0.262537889992344	0.756	0.627	1.13590983773225e-146	9	GADD45A
5.6720539703732e-150	0.380213893848847	0.89	0.815	1.70161619111196e-146	9	MTHFD2
1.56738068785248e-149	0.532277523080238	0.988	0.971	4.70214206355743e-146	9	NFKBIA
7.02331375459073e-148	-0.561577632198578	0.881	0.928	2.10699412637722e-144	9	PSME2
7.82486403439049e-148	-0.528732260469678	0.837	0.886	2.34745921031715e-144	9	POMP
3.14563008813459e-146	-0.300354065221194	0.723	0.748	9.43689026440378e-143	9	APOBEC3C
1.29213761503949e-144	0.677619889753256	0.946	0.907	3.87641284511848e-141	9	BTG2
9.0783421401833e-144	-0.614227093318764	0.711	0.808	2.72350264205499e-140	9	ATF3
6.88726147464605e-143	0.502069819131759	0.746	0.657	2.06617844239382e-139	9	LPAR6
1.55952227146848e-142	0.387908605980341	0.889	0.806	4.67856681440545e-139	9	CNIH1
1.16470828374115e-141	-1.0320869645154	0.615	0.444	3.49412485122346e-138	9	S100A9
3.10497591697368e-141	-0.590279583482617	0.908	0.936	9.31492775092104e-138	9	LSP1
1.04148535021794e-140	-0.526482290679694	0.813	0.876	3.12445605065383e-137	9	BST2
7.01636241097353e-140	-0.882735991846337	0.552	0.642	2.10490872329206e-136	9	HOPX
1.66612612562447e-139	-0.368533652718038	0.482	0.621	4.9983783768734e-136	9	PLEK
5.34530504939606e-138	-0.384278396064837	0.985	0.985	1.60359151481882e-134	9	PFN1
8.51205208801359e-138	-0.640141576652511	0.884	0.937	2.55361562640408e-134	9	CRIP1
1.52759637337421e-137	-0.288144713982552	0.547	0.603	4.58278912012262e-134	9	LOC102724850
6.47274703675734e-136	-0.684034854847405	0.659	0.714	1.9418241110272e-132	9	C12orf75
1.80443069316025e-135	-1.074959440387	0.437	0.567	5.41329207948075e-132	9	KLRD1
1.17618219808473e-134	-0.504797137117747	0.519	0.587	3.5285465942542e-131	9	KLRC3
3.39179743001582e-134	0.524014637503527	0.993	0.985	1.01753922900475e-130	9	PABPC1
5.20690830083657e-134	-0.500067112623745	0.951	0.957	1.56207249025097e-130	9	S100A4
4.40364829874316e-132	-1.00192320666541	0.457	0.563	1.32109448962295e-128	9	XCL1
2.76903289794918e-129	-0.509182477807339	0.634	0.725	8.30709869384755e-126	9	GLIPR2
4.79404343656442e-128	0.413564479716515	0.711	0.58	1.43821303096933e-124	9	SESN1
1.68749231565692e-127	0.444538341851821	0.796	0.711	5.06247694697077e-124	9	NMB
2.23818118288301e-126	-0.422132058445032	0.975	0.983	6.71454354864902e-123	9	MYL6
3.13479931112433e-126	-0.480624837496617	0.628	0.72	9.40439793337298e-123	9	RAB27A
7.89266505506899e-123	-0.408172101758817	0.697	0.779	2.3677995165207e-119	9	FABP5
1.03381121727104e-120	-0.340025229704968	0.81	0.768	3.10143365181313e-117	9	HAVCR2
6.29368798278434e-120	-0.478520225740735	0.699	0.78	1.8881063948353e-116	9	CDK2AP2
1.39199890534365e-119	0.492642878148809	0.765	0.691	4.17599671603095e-116	9	CD28
8.93708160716712e-117	-0.275394429795125	0.597	0.649	2.68112448215014e-113	9	APOBEC3H
9.91125020336105e-117	0.464330955568907	0.865	0.808	2.97337506100832e-113	9	PIM2
1.51138226208424e-116	-0.771027569161337	0.817	0.847	4.53414678625273e-113	9	CLEC2B
4.25509984529625e-114	-0.471986770679605	0.842	0.889	1.27652995358887e-110	9	DBI
1.38577308311477e-113	-0.70617234779625	0.852	0.87	4.1573192493443e-110	9	CTSD
1.39344930803615e-113	-0.384147533987921	0.697	0.769	4.18034792410846e-110	9	FKBP2
5.74723934341638e-113	-0.870871617937793	0.565	0.652	1.72417180302492e-109	9	LOC101929531
1.31286945068939e-112	0.370045235328811	0.688	0.634	3.93860835206817e-109	9	LOC101928152
7.89755825069658e-112	0.55048960957846	0.779	0.725	2.36926747520897e-108	9	SOCS3
9.382458367239e-112	-0.276345714904425	0.829	0.831	2.8147375101717e-108	9	MT1E
1.21041292396106e-110	0.544392354625148	0.9	0.843	3.63123877188318e-107	9	RNASET2
5.858541571797e-110	0.341192516362521	0.759	0.674	1.7575624715391e-106	9	TNFRSF25
4.08951860504923e-109	-0.38200776583985	0.602	0.679	1.22685558151477e-105	9	SPI1
2.03213703614113e-105	-0.75263768843029	0.633	0.746	6.09641110842339e-102	9	AIF1
2.09001367394643e-104	-0.279204186010763	0.975	0.983	6.27004102183928e-101	9	CFL1
4.90552179866896e-104	-0.749428683745779	0.541	0.633	1.47165653960069e-100	9	GLUL
1.86001621742034e-103	-0.563332993920201	0.54	0.63	5.58004865226101e-100	9	ITM2C
4.75993382234004e-100	0.397241306401585	0.7	0.597	1.42798014670201e-96	9	TCF7
2.38503666757558e-99	-0.27863744753637	0.724	0.606	7.15511000272674e-96	9	MS4A6A
2.69879958184136e-99	0.341461206055254	0.925	0.876	8.09639874552407e-96	9	PMAIP1
4.52489798506089e-99	-0.892419426384206	0.499	0.566	1.35746939551827e-95	9	KLRC1
7.530769063067e-98	0.281356279661374	0.827	0.724	2.2592307189201e-94	9	UPP1
1.48782027530481e-97	-0.479168078538222	0.974	0.98	4.46346082591442e-94	9	VIM
2.81709366401495e-95	-0.862121982788668	0.831	0.818	8.45128099204484e-92	9	LOC100996809
8.41827192761304e-95	-0.326434460896296	0.727	0.798	2.52548157828391e-91	9	PSMA4
1.23665972024482e-94	-0.386114135391768	0.754	0.811	3.70997916073445e-91	9	AP2S1
1.02832842010097e-92	-0.607699933508864	0.848	0.853	3.08498526030292e-89	9	CTSC
6.31809714465384e-92	-0.563748648518104	0.741	0.77	1.89542914339615e-88	9	ID2
6.45739343291992e-91	-0.341940743569463	0.668	0.733	1.93721802987598e-87	9	PDE4D
9.20207861506966e-91	-0.442384342445701	0.667	0.74	2.7606235845209e-87	9	CXCR3
6.46206732300452e-90	-0.449152606526872	0.834	0.877	1.93862019690136e-86	9	PDIA6
8.97159924881809e-90	-0.285744544627543	0.778	0.832	2.69147977464543e-86	9	KDELR2
3.62794212087156e-87	-0.388690044869502	0.699	0.773	1.08838263626147e-83	9	LRRFIP1
4.51507433713637e-86	-0.371563538282219	0.715	0.538	1.35452230114091e-82	9	LST1
4.71371791573287e-86	-0.323751277631077	0.446	0.557	1.41411537471986e-82	9	CRTAM
7.8287758798826e-86	-1.38376595319616	0.649	0.697	2.34863276396478e-82	9	GZMK
5.99603486251087e-85	0.306925315839033	0.869	0.793	1.79881045875326e-81	9	TMEM173
1.2040827382851e-84	-0.566708645629973	0.815	0.835	3.61224821485531e-81	9	ANXA5
1.15694941612799e-83	0.357722661137891	0.67	0.648	3.47084824838396e-80	9	CYSLTR1
1.58128007746092e-83	-0.388825784870929	0.873	0.911	4.74384023238275e-80	9	COX5A
1.77082370363523e-83	-0.36125783668875	0.787	0.84	5.3124711109057e-80	9	PRDX5
2.84273164285986e-83	-0.252977122969988	0.574	0.676	8.52819492857957e-80	9	SRRT
5.82698618430873e-83	0.315890852429726	0.787	0.736	1.74809585529262e-79	9	THEM4
6.60994243971679e-83	0.33703205260352	0.848	0.756	1.98298273191504e-79	9	TSPYL2
1.09056039417247e-82	0.327508284392062	0.728	0.68	3.27168118251742e-79	9	TESPA1
1.03866654750895e-81	-0.301084083867818	0.679	0.638	3.11599964252686e-78	9	TNIP3
1.55641788916943e-81	-0.6520795993835	0.702	0.706	4.66925366750828e-78	9	HLA-DMA
2.17992658053019e-81	-0.420575314410402	0.788	0.847	6.53977974159056e-78	9	EMP3
2.2754280650229e-81	0.447658198445645	0.84	0.775	6.82628419506871e-78	9	SLC2A3
1.01054106475891e-79	-0.418291496236621	0.307	0.434	3.03162319427672e-76	9	FCGR3A
1.19957365353655e-79	-1.21601769071777	0.559	0.59	3.59872096060964e-76	9	LOC101060038
5.75356887240426e-79	0.487878107352313	0.892	0.841	1.72607066172128e-75	9	CORO1B
1.84503655465694e-77	-0.547801634428795	0.591	0.669	5.53510966397083e-74	9	CAPG
9.89517443730316e-77	0.343779952763512	0.893	0.864	2.96855233119095e-73	9	ARID5B
2.43648626077693e-72	-0.357276531232785	0.876	0.903	7.30945878233079e-69	9	LY6E
2.64405412187766e-72	-0.515242340737496	0.659	0.699	7.93216236563298e-69	9	LYAR
4.01859223237624e-72	-0.547416259220523	0.469	0.55	1.20557766971287e-68	9	MATK
2.46193643128052e-71	-0.776092354131341	0.67	0.709	7.38580929384157e-68	9	RHOB
7.40847273736959e-69	-0.946499755701954	0.624	0.678	2.22254182121088e-65	9	HLA-DQB1
1.534423305433e-68	-0.307544527357584	0.6	0.667	4.60326991629899e-65	9	PERP
1.53510109850387e-68	-0.650427249187925	0.789	0.815	4.6053032955116e-65	9	ANXA1
3.63426928002554e-68	0.342141043064734	0.897	0.829	1.09028078400766e-64	9	NAP1L1
2.50710521008636e-67	0.271192764521683	0.984	0.983	7.52131563025908e-64	9	TSC22D3
5.17658823727866e-67	-0.363281051020086	0.864	0.893	1.5529764711836e-63	9	CALR
9.20344187050836e-67	-0.333515775675979	0.94	0.959	2.76103256115251e-63	9	CORO1A
1.41394203881633e-66	0.319454574955654	0.903	0.872	4.241826116449e-63	9	CD27
6.80208531785192e-66	-0.448378865197516	0.654	0.699	2.04062559535558e-62	9	AMICA1
2.90310343010413e-65	0.274910902222599	0.76	0.743	8.70931029031238e-62	9	CD4
4.61340302523656e-64	-0.285055975673458	0.7	0.737	1.38402090757097e-60	9	NUCB2
7.84478318769366e-64	0.257100967558684	0.707	0.621	2.3534349563081e-60	9	NABP1
8.92131369434372e-64	-0.38818103114703	0.901	0.925	2.67639410830312e-60	9	ATP5G3
1.85008287787984e-63	-0.467781423518193	0.607	0.642	5.55024863363951e-60	9	GABARAPL1
1.5981568125781e-62	-0.381185186857855	0.851	0.885	4.7944704377343e-59	9	FKBP1A
1.99879691008402e-62	-0.361376972099795	0.772	0.809	5.99639073025207e-59	9	TPM4
3.30265123600103e-62	0.273053207484329	0.716	0.716	9.9079537080031e-59	9	TBC1D4
1.60846017093394e-61	-2.20593276695499	0.907	0.826	4.82538051280183e-58	9	IGJ
2.48654985765703e-61	0.321447282312938	0.785	0.754	7.4596495729711e-58	9	AQP3
2.13114190881827e-60	0.424672102845662	0.99	0.985	6.39342572645481e-57	9	ZFP36
3.96879089664631e-60	0.323984093895873	0.836	0.801	1.19063726899389e-56	9	UGP2
2.7817012658201e-59	-0.491843778668895	0.713	0.74	8.3451037974603e-56	9	STMN1
5.09917426638632e-58	-0.382511443761719	0.639	0.707	1.5297522799159e-54	9	CKLF
2.88458901498665e-57	0.268060741581647	0.756	0.739	8.65376704495995e-54	9	SGK1
4.38650284898872e-56	-1.88903037437051	0.498	0.559	1.31595085469662e-52	9	LYZ
2.83567609146039e-55	-0.443263947198608	0.629	0.67	8.50702827438116e-52	9	PTPN22
5.18138128559044e-55	-0.389223865410015	0.672	0.709	1.55441438567713e-51	9	FLNA
1.01355666285603e-54	-0.319903992089678	0.301	0.382	3.04066998856809e-51	9	MS4A7
1.89285966538388e-54	-0.326533875290697	0.816	0.828	5.67857899615165e-51	9	IFI6
3.67287214426551e-54	-0.266317824302061	0.487	0.539	1.10186164327965e-50	9	FASLG
1.09336530025466e-53	-0.347920371959801	0.8	0.798	3.28009590076399e-50	9	LAP3
8.93649939565841e-53	-0.280418087806868	0.604	0.66	2.68094981869752e-49	9	SMIM3
9.99655436807566e-53	0.29436699248927	0.966	0.95	2.9989663104227e-49	9	CD69
1.43033733759482e-52	-0.655050647682244	0.349	0.452	4.29101201278445e-49	9	ZNF683
3.35029135818387e-52	-0.351051174792115	0.705	0.754	1.00508740745516e-48	9	HMGN3
5.87706718122604e-51	-0.444245211519682	0.639	0.658	1.76312015436781e-47	9	MAP3K8
1.58696770449512e-50	-0.395949661092445	0.49	0.561	4.76090311348537e-47	9	C1QB
1.59910922386294e-50	-0.348081876897959	0.657	0.717	4.79732767158882e-47	9	DSTN
4.46535794396356e-50	-0.34745145669947	0.791	0.798	1.33960738318907e-46	9	PYCARD
8.76956185371144e-50	-2.11074814861778	0.793	0.732	2.63086855611343e-46	9	LOC100293211
1.01702230494225e-49	-0.309681292123826	0.39	0.511	3.05106691482674e-46	9	FGFBP2
1.30864674230749e-49	-0.254900303130886	0.784	0.815	3.92594022692248e-46	9	C19orf10
6.37712202928943e-49	-0.263696099368094	0.759	0.787	1.91313660878683e-45	9	PHPT1
1.72868344945197e-48	-0.357120389358019	0.903	0.903	5.1860503483559e-45	9	PGAM1
3.32766315885801e-48	-0.358894424349394	0.716	0.773	9.98298947657402e-45	9	RGS2
8.14048944174085e-48	-0.422730743609188	0.869	0.871	2.44214683252226e-44	9	TXN
2.14776268027992e-47	-0.355924401478855	0.757	0.781	6.44328804083976e-44	9	DUSP4
1.30099504933963e-46	0.426368094254856	0.693	0.647	3.9029851480189e-43	9	ICOS
2.2695569119511e-46	-0.450589253294582	0.565	0.606	6.8086707358533e-43	9	TPST2
7.85813799512641e-46	-0.26059482895509	0.511	0.566	2.35744139853792e-42	9	DDAH2
1.06557208808979e-45	-0.355112421652933	0.812	0.843	3.19671626426938e-42	9	HSPA5
8.79636949637359e-44	-0.448472370804257	0.69	0.614	2.63891084891208e-40	9	KLRC4
3.67661383164665e-43	0.285775522994472	0.653	0.616	1.10298414949399e-39	9	BEX2
1.08717708977531e-42	-0.347675373005083	0.933	0.935	3.26153126932593e-39	9	TPI1
3.54012811738219e-41	-0.318022041208095	0.361	0.482	1.06203843521466e-37	9	FGR
1.22762768199402e-40	-0.535858947187305	0.609	0.628	3.68288304598205e-37	9	KLRG1
1.06991015704325e-39	-0.284849869296675	0.946	0.956	3.20973047112977e-36	9	HMGB1
3.27376504601888e-39	0.388313665989206	0.809	0.764	9.82129513805665e-36	9	CSRNP1
3.63286650678987e-38	-0.285363367659881	1	1	1.08985995203696e-34	9	RNR1
1.1613755886514e-37	0.338903142807878	0.934	0.928	3.48412676595419e-34	9	DDIT4
1.68120544681379e-37	0.252557855224067	0.763	0.696	5.04361634044136e-34	9	TGIF1
9.64200095256141e-37	-0.395142721714597	0.76	0.777	2.89260028576842e-33	9	TNFRSF1B
1.79643837567334e-36	-0.309106311836828	0.81	0.835	5.38931512702001e-33	9	SERPINB1
3.45430374105799e-35	-0.334592647616548	0.745	0.623	1.0362911223174e-31	9	C1QA
3.32142647937573e-34	-0.319488132282946	0.539	0.572	9.9642794381272e-31	9	HLA-DRB3
1.1494967234529e-33	-0.465951846943767	0.554	0.589	3.4484901703587e-30	9	ANKRD28
2.23772321130083e-33	0.315511604003895	0.867	0.855	6.71316963390248e-30	9	FAIM3
6.13537315426511e-32	-0.633072823029278	0.627	0.627	1.84061194627953e-28	9	HLA-DRB1
1.43024532625033e-31	-0.859300395018529	0.437	0.492	4.290735978751e-28	9	XCL2
1.54052115682354e-31	-0.362145704938536	0.693	0.689	4.62156347047062e-28	9	LYST
1.55600471463709e-31	-0.459631567788481	0.93	0.917	4.66801414391126e-28	9	CD7
7.95277752941217e-31	-0.260392139662772	0.837	0.864	2.38583325882365e-27	9	ATP6V1F
9.55284697670361e-31	-0.261242224284497	0.503	0.543	2.86585409301108e-27	9	FAM26F
2.08795807339195e-30	0.25590474731883	0.553	0.455	6.26387422017585e-27	9	ITGB2-AS1
2.30997088383054e-30	-0.28376636694335	0.748	0.757	6.92991265149161e-27	9	SDF2L1
3.23054439800507e-30	0.364064520754411	0.951	0.93	9.69163319401522e-27	9	TNFAIP3
2.32745865118795e-29	-1.74438056138395	0.52	0.566	6.98237595356386e-26	9	CST3
3.94860655437313e-29	-0.501253954259984	0.529	0.561	1.18458196631194e-25	9	ZEB2
4.91036205864036e-28	-0.250600281693701	0.828	0.834	1.47310861759211e-24	9	P4HB
6.68165561691754e-28	-0.254030233251125	0.327	0.443	2.00449668507526e-24	9	RAB31
7.94735917937196e-27	-0.318947861741577	0.813	0.832	2.38420775381159e-23	9	ACP5
8.27274526614879e-27	-0.405655643066274	0.85	0.846	2.48182357984464e-23	9	ALOX5AP
3.53010396098421e-26	-0.635264601425027	0.302	0.287	1.05903118829526e-22	9	LOC102723407
4.30828541832547e-26	-0.284775818439272	0.657	0.663	1.29248562549764e-22	9	AGTRAP
1.18814772224865e-25	-0.284189068608878	0.626	0.608	3.56444316674595e-22	9	PLA2G16
1.22806292380178e-25	0.254613943435417	0.85	0.808	3.68418877140535e-22	9	RNF19A
2.78409916850763e-25	-0.275418205560769	0.65	0.679	8.35229750552288e-22	9	AHNAK
4.71502804131532e-25	-0.363685990988752	0.612	0.614	1.4145084123946e-21	9	PELO
5.86279290331504e-25	-0.325185292208096	0.833	0.832	1.75883787099451e-21	9	SH2D2A
6.86922837054649e-25	-0.661600139559879	0.685	0.582	2.06076851116395e-21	9	SERPINA1
1.07981540148691e-24	-0.280153932744744	0.661	0.596	3.23944620446074e-21	9	PECAM1
4.43970301272962e-24	-0.262673368142129	0.587	0.623	1.33191090381889e-20	9	IFNGR1
2.14835477066938e-23	0.324416311703536	0.908	0.901	6.44506431200813e-20	9	IER2
3.97019417450272e-23	-0.315442329128056	0.934	0.931	1.19105825235081e-19	9	S100A11
4.58726436237193e-23	0.286787311715675	0.923	0.901	1.37617930871158e-19	9	PPP1R15A
1.59814825205537e-22	-0.251527850367175	0.661	0.655	4.7944447561661e-19	9	STARD3NL
2.74268353287082e-22	-0.277594874009352	0.609	0.66	8.22805059861246e-19	9	MYADM
8.68912945037697e-22	-0.290864656195575	0.707	0.697	2.60673883511309e-18	9	IL2RB
9.21190744775284e-22	0.32787887384471	0.964	0.94	2.76357223432585e-18	9	RAN
2.19875915039149e-21	-0.605528855749473	0.545	0.518	6.59627745117447e-18	9	KLRK1
5.91719115582535e-21	-0.356880026788002	0.778	0.772	1.77515734674761e-17	9	FKBP11
6.82298197911937e-21	-0.309774009808462	0.534	0.44	2.04689459373581e-17	9	C1QC
8.78499181738181e-20	-0.304755950718068	0.691	0.723	2.63549754521454e-16	9	XBP1
1.18015862037588e-19	-0.292803055572689	0.662	0.632	3.54047586112763e-16	9	APOE
2.33002645422408e-19	-0.853072636051086	0.353	0.451	6.99007936267225e-16	9	CCL4L2
5.00651659354813e-19	-0.324348482311246	0.488	0.544	1.50195497806444e-15	9	NAPSB
6.65229230714027e-19	-1.45121687300352	0.549	0.58	1.99568769214208e-15	9	LOC102725018
1.58711518205349e-18	0.282958973515941	0.813	0.791	4.76134554616047e-15	9	ITM2A
3.17557120186266e-17	-0.323478694334995	0.926	0.929	9.52671360558797e-14	9	SSR4
5.47813156463671e-17	-0.317009391548522	0.399	0.457	1.64343946939101e-13	9	PTGDS
1.29977808062003e-15	-0.258345668597518	0.944	0.929	3.8993342418601e-12	9	S100A10
5.66855269337898e-15	-0.607669309037364	0.823	0.764	1.70056580801369e-11	9	MZB1
8.27448363442448e-15	0.352781951433744	0.854	0.815	2.48234509032734e-11	9	GPX4
8.96079190569501e-14	-0.285297604412121	0.453	0.472	2.6882375717085e-10	9	GPR56
2.05868029479644e-13	-0.378809557512504	0.162	0.184	6.17604088438932e-10	9	FCN1
2.65805015705071e-13	-0.396284589410593	0.807	0.81	7.97415047115214e-10	9	CLDND1
3.01085748495091e-13	-0.32977541188114	0.63	0.57	9.03257245485272e-10	9	LOC102725101
5.77939026577035e-13	-0.251306761792866	0.168	0.201	1.73381707973111e-09	9	VCAN
2.60595344528906e-12	-0.369591692369888	0.719	0.613	7.81786033586717e-09	9	DERL3
3.23746046592025e-12	0.293636841928267	0.87	0.845	9.71238139776074e-09	9	HSPA1B
3.3374799226978e-12	0.286725388311824	0.837	0.827	1.00124397680934e-08	9	CYCS
7.79654587759354e-12	-0.28802631542465	0.746	0.717	2.33896376327806e-08	9	VIMP
4.88413405307444e-09	0.35264713750229	0.738	0.724	1.46524021592233e-05	9	NR3C1
2.16854250959083e-08	-0.289567946546746	0.834	0.788	6.50562752877248e-05	9	LINC00152
6.39772197163478e-08	-1.05261473073659	0.441	0.44	0.000191931659149043	9	S100A8
2.44774734392628e-07	-1.41294098311828	0.655	0.604	0.000734324203177884	9	TYROBP
3.87313283762786e-07	-0.302782750554045	0.666	0.602	0.00116193985128836	9	HLA-DMB
5.47093751456183e-07	0.273157442378598	0.552	0.546	0.00164128125436855	9	FXYD1
5.81789812643726e-07	-0.273890718971137	0.816	0.833	0.00174536943793118	9	IFITM3
3.98903145835876e-06	-0.466967219773533	0.689	0.677	0.0119670943750763	9	GRN
