p_val	avg_log2FC	pct.1	pct.2	p_val_adj	cluster	gene
0	4.75587726149991	0.964	0.688	0	12	CXCL13
0	2.31432965208155	0.855	0.712	0	12	NMB
0	1.93932864442133	0.97	0.799	0	12	TNFRSF4
0	1.76815635988197	0.942	0.811	0	12	TNFRSF18
0	1.67920600664295	0.938	0.841	0	12	CTLA4
0	1.52484429489041	0.986	0.862	0	12	YWHAQ
0	1.32211288509567	0.93	0.813	0	12	MTHFD2
0	1.3027656285609	0.96	0.885	0	12	DNPH1
0	1.27510397622162	0.976	0.869	0	12	PKM
0	1.24945568255434	0.865	0.666	0	12	IL21
0	1.22568309024621	1	0.989	0	12	SRGN
0	1.20203745738249	0.941	0.79	0	12	RBPJ
0	1.18082546942682	0.971	0.875	0	12	ENTPD1
0	1.13119762282331	0.917	0.775	0	12	DUSP4
0	1.1051969156953	0.978	0.88	0	12	FKBP1A
0	1.06906571260652	0.839	0.597	0	12	CHN1
0	1.06178054799642	0.9	0.77	0	12	IL6ST
0	1.05715842275611	0.95	0.792	0	12	TMEM173
0	1.04809113536218	0.878	0.785	0	12	PDCD1
0	1.04172681515565	0.947	0.791	0	12	ITM2A
0	1.03652652873486	0.981	0.9	0	12	PGAM1
0	1.0056260047663	0.848	0.723	0	12	SMCO4
0	0.950846972645609	0.941	0.809	0	12	RNF19A
0	0.928669758227525	0.903	0.722	0	12	NR3C1
0	0.925230362462357	0.983	0.934	0	12	TPI1
0	0.91385885642317	0.87	0.737	0	12	CD4
0	0.913536364066633	0.986	0.929	0	12	RGS1
0	0.907888961928003	0.919	0.783	0	12	BATF
0	0.904384261605329	0.879	0.802	0	12	SNX9
0	0.863591335655692	0.912	0.829	0	12	SIRPG
0	0.852210558350706	0.839	0.72	0	12	MAP1LC3A
0	0.851362087623385	0.837	0.491	0	12	LINC00892
0	0.838437444879216	0.973	0.911	0	12	UCP2
0	0.832157462002914	0.753	0.532	0	12	BTLA
0	0.831748707407095	0.803	0.739	0	12	PTPN13
0	0.816684863521098	0.742	0.708	0	12	CD200
0	0.795188265203837	0.919	0.848	0	12	LIMS1
0	0.784071950599832	0.86	0.635	0	12	ICOS
0	0.777734168485139	0.919	0.738	0	12	LAIR2
0	0.777113111187098	0.964	0.87	0	12	VDAC1
0	0.773377978340782	0.999	0.995	0	12	TMSB10
0	0.767050464120958	0.848	0.647	0	12	ARL3
0	0.764181816731914	0.828	0.725	0	12	FBLN7
0	0.762386788737002	0.861	0.738	0	12	TOX
0	0.742804598149763	0.722	0.703	0	12	IGFL2
0	0.733866596487537	0.785	0.532	0	12	MIR155HG
0	0.733494213405664	0.805	0.716	0	12	ZBED2
0	0.728168580708109	0.891	0.655	0	12	NUDT16
0	0.726625624864002	0.88	0.651	0	12	NELL2
0	0.719435339444344	0.902	0.687	0	12	CD28
0	0.677182960311466	0.848	0.73	0	12	GK
0	0.668440363334585	0.807	0.702	0	12	NPDC1
0	0.655789470642296	0.801	0.544	0	12	CD40LG
0	0.630795717871202	0.935	0.888	0	12	EPSTI1
0	0.60044471553477	0.884	0.711	0	12	CH25H
0	0.570611880843472	0.944	0.843	0	12	GPX1
0	0.570306130203021	0.891	0.679	0	12	TARSL2
0	0.564336209874551	0.828	0.576	0	12	PAG1
0	0.561018157530239	0.853	0.658	0	12	CDK6
0	0.542823326763161	0.819	0.646	0	12	CD59
0	0.542025574686011	0.893	0.846	0	12	EBI3
0	0.526723130845925	0.845	0.688	0	12	FUT8
0	0.525437266092202	0.862	0.505	0	12	TRABD2A
0	0.492672465657842	0.884	0.818	0	12	TUBA3D
0	0.483885299361081	0.86	0.741	0	12	MYL6B
0	0.454033699275545	0.753	0.594	0	12	LHFP
0	0.449919623043051	1	0.998	0	12	ACTB
0	0.437611707371831	0.998	0.995	0	12	GAPDH
0	0.426610013886181	0.853	0.653	0	12	INPP1
0	0.390014836465174	0.938	0.805	0	12	CTSH
0	0.376961997822696	0.776	0.564	0	12	LOC100505501
0	0.371316159863348	0.948	0.911	0	12	TNFSF13B
0	0.361328723419681	0.877	0.775	0	12	PTPLA
0	0.358330259846465	0.901	0.849	0	12	LGALS9
0	0.348733510374494	0.851	0.593	0	12	LRRN3
0	0.323023167264765	0.794	0.605	0	12	AGFG1
0	0.285549252869753	0.807	0.59	0	12	FAM13A
0	-0.252536131645078	0.251	0.601	0	12	CPVL
0	-0.275998597236956	0.208	0.618	0	12	LINC01272
0	-0.691459649964405	0.999	0.999	0	12	RPS12
0	-0.953026625767042	0.841	0.857	0	12	CD55
0	-1.45904472748618	0.968	0.98	0	12	FOS
0	-1.60905620916329	0.815	0.904	0	12	IER2
0	-1.70161050327161	0.701	0.819	0	12	ANXA1
0	-2.05368814911025	0.468	0.787	0	12	CTSW
0	-2.14420639473751	0.512	0.751	0	12	LOC100293211
1.1087190915358e-303	0.749311047442102	0.909	0.727	3.32615727460741e-300	12	KLRB1
6.40449279835086e-303	-0.677635600794864	0.493	0.699	1.92134783950526e-299	12	PLAC8
8.09091682067905e-296	0.765638777953376	0.925	0.843	2.42727504620371e-292	12	CORO1B
3.15822441890302e-289	0.387954296146006	0.741	0.655	9.47467325670905e-286	12	CPM
1.00952112029433e-287	0.682485535975378	0.765	0.657	3.028563360883e-284	12	TIAM1
3.11633569115084e-285	-2.78565940274804	0.634	0.773	9.34900707345252e-282	12	NKG7
2.61517976333913e-282	0.726565177264971	0.898	0.798	7.84553929001739e-279	12	SLA
5.42398011836725e-282	0.771610853663117	0.847	0.694	1.62719403551018e-278	12	TGIF1
2.06086096260834e-280	0.485627777270669	0.884	0.803	6.18258288782502e-277	12	CTSB
3.17034899225552e-278	0.773888383356951	0.872	0.767	9.51104697676656e-275	12	IGFLR1
2.28255158511252e-276	0.701622120979124	0.948	0.874	6.84765475533756e-273	12	PDIA6
3.29074246946291e-276	0.74245064754032	0.914	0.843	9.87222740838872e-273	12	TIGIT
7.25394943194596e-275	0.979452528740469	0.785	0.835	2.17618482958379e-271	12	ICA1
3.69828409969134e-273	0.420732159887284	0.793	0.713	1.1094852299074e-269	12	TBC1D4
5.46934714943318e-271	0.268528475545739	0.696	0.515	1.64080414482995e-267	12	RDH10
2.71346788595833e-270	0.62804548616547	0.687	0.481	8.140403657875e-267	12	BHLHE40-AS1
5.17948988025765e-266	-0.382935528962385	0.465	0.676	1.5538469640773e-262	12	SPI1
1.30622880473415e-263	-2.46755954636741	0.745	0.799	3.91868641420245e-260	12	CCL5
1.36133994429396e-262	0.44815244426756	0.79	0.731	4.08401983288187e-259	12	CCDC50
8.28428277069223e-262	0.347922355038345	0.826	0.842	2.48528483120767e-258	12	CPA5
3.78303713531347e-261	0.351645428164206	0.916	0.794	1.13491114059404e-257	12	LAP3
3.92917101160012e-261	0.758892190901044	0.958	0.87	1.17875130348004e-257	12	BST2
1.38689314676871e-260	0.518623343775973	0.776	0.552	4.16067944030613e-257	12	RUNX2
2.34779029028437e-259	0.662276413623315	0.894	0.748	7.0433708708531e-256	12	RANBP1
5.03557901927904e-259	0.698922292503878	0.845	0.651	1.51067370578371e-255	12	PHLDA1
5.05736764367895e-256	0.762054145185915	0.938	0.826	1.51721029310368e-252	12	H2AFZ
7.29718980020963e-256	0.438367014204177	0.7	0.509	2.18915694006289e-252	12	KIAA1324
1.40612466650409e-255	0.685497192304043	0.718	0.46	4.21837399951228e-252	12	GPR56
1.90012557407013e-255	0.345044281703981	0.842	0.661	5.70037672221039e-252	12	TIPARP
3.22346534150432e-255	0.676085332186085	0.885	0.827	9.67039602451295e-252	12	CD82
5.78248530405229e-254	0.29517713834938	0.774	0.661	1.73474559121569e-250	12	INPP5F
6.3905841196357e-253	0.679376148759451	0.784	0.692	1.91717523589071e-249	12	PGM2L1
3.38936174859801e-249	-0.979321769649544	0.979	0.985	1.0168085245794e-245	12	JUNB
4.23717468878174e-247	0.568053136453467	0.939	0.807	1.27115240663452e-243	12	HMGB2
4.57029568854454e-247	0.603266113726214	0.942	0.841	1.37108870656336e-243	12	CALM3
1.08074934978676e-243	0.257750299486149	0.862	0.716	3.24224804936027e-240	12	PRCP
2.4661152964157e-237	0.402290738722354	0.973	0.919	7.39834588924709e-234	12	MT2A
1.87597436312027e-235	0.593683394401368	0.788	0.611	5.62792308936081e-232	12	TNFSF8
1.08786070338351e-234	0.292668061965974	0.817	0.766	3.26358211015052e-231	12	CCR4
2.3860956840304e-232	-2.00129879640715	0.516	0.697	7.15828705209121e-229	12	GZMK
2.91014202522369e-231	-0.291488020522826	0.543	0.777	8.73042607567107e-228	12	GBP1
5.10620349031759e-228	-0.328633354111995	0.289	0.563	1.53186104709528e-224	12	LOC102725101
4.05564360326473e-227	-0.535832111548709	0.998	0.998	1.21669308097942e-223	12	RPS18
8.23103403032264e-226	-1.68091611772984	0.42	0.623	2.46931020909679e-222	12	GZMH
6.93637683360355e-224	0.467282741143848	0.896	0.787	2.08091305008106e-220	12	GSTO1
9.09784687380348e-224	0.288976855222959	0.742	0.575	2.72935406214104e-220	12	TBXAS1
8.55502082681417e-220	0.466332092415393	0.97	0.883	2.56650624804425e-216	12	DBI
2.33907631608063e-214	0.423933734777797	0.898	0.826	7.01722894824189e-211	12	ACP5
2.17747213074554e-212	0.316115085197421	0.872	0.744	6.53241639223662e-209	12	PTRHD1
1.46565265682573e-211	0.362484450451976	0.768	0.648	4.39695797047719e-208	12	SYT11
3.69048992265891e-211	0.574478234658959	0.688	0.444	1.10714697679767e-207	12	C1orf228
1.32276549211122e-209	0.298051258953068	0.73	0.552	3.96829647633366e-206	12	SRGAP3
5.78328894454097e-207	-1.02791404939215	0.962	0.981	1.73498668336229e-203	12	VIM
4.87585833967884e-205	0.498722646430711	0.879	0.755	1.46275750190365e-201	12	RPA3
1.34993521897925e-204	0.305170578309058	1	0.999	4.04980565693775e-201	12	TMSB4X
2.18032026613128e-202	0.328128986256201	0.862	0.75	6.54096079839384e-199	12	HOXB2
4.05741551004039e-200	-1.24716599185026	0.951	0.951	1.21722465301212e-196	12	CD69
3.28121196922103e-196	0.401420723326512	0.754	0.645	9.84363590766309e-193	12	AGPAT5
3.33890872627594e-196	0.526687481211391	0.942	0.844	1.00167261788278e-192	12	ALOX5AP
1.87889899538732e-195	0.577233281443513	0.793	0.74	5.63669698616197e-192	12	MAGEH1
1.20412257737767e-192	0.425674519999723	0.81	0.698	3.612367732133e-189	12	ADI1
5.48803597637589e-191	0.362099863555588	0.765	0.609	1.64641079291277e-187	12	MAST4
1.6197432508181e-190	0.498452600751137	0.963	0.906	4.85922975245428e-187	12	COX5A
6.01830635484048e-190	0.592373730760579	0.75	0.626	1.80549190645215e-186	12	MAF
1.13528729754097e-186	-1.14973502003106	0.59	0.725	3.4058618926229e-183	12	CD8B
4.48240996860298e-186	0.357604285653122	0.725	0.608	1.3447229905809e-182	12	PPAP2A
5.64103816646148e-185	0.317236685937418	0.741	0.622	1.69231144993844e-181	12	SH3TC1
8.14821408894272e-183	0.431893790996139	0.669	0.514	2.44446422668282e-179	12	MYO7A
3.69742263494118e-182	0.439985018534961	0.926	0.807	1.10922679048235e-178	12	PIM2
1.7105756018231e-181	-1.35062512798956	0.746	0.818	5.1317268054693e-178	12	GADD45B
1.07286035789291e-180	0.882186586137671	0.75	0.665	3.21858107367873e-177	12	LOC101928173
1.24418133999916e-179	-1.19028786185738	0.62	0.754	3.73254401999748e-176	12	FOSB
1.28893891142167e-179	0.346537410835267	0.92	0.816	3.866816734265e-176	12	HN1
4.35635010189054e-178	0.272963593311158	0.858	0.775	1.30690503056716e-174	12	CD38
2.04364769747768e-177	0.586566567307568	0.973	0.916	6.13094309243306e-174	12	CD7
1.658684240779e-176	0.293432006469646	0.839	0.773	4.97605272233699e-173	12	STAM
3.02122017225976e-176	0.286545466992337	0.996	0.981	9.06366051677927e-173	12	MYL6
1.76032052415468e-175	0.476791505548131	0.959	0.918	5.28096157246405e-172	12	GNG5
6.57098010189943e-175	-1.46080916647807	0.552	0.705	1.97129403056983e-171	12	CD8A
2.42402889983606e-172	-0.940897191079428	0.798	0.872	7.27208669950818e-169	12	LITAF
7.51809763878807e-171	-1.45052536262702	0.636	0.749	2.25542929163642e-167	12	PRF1
8.62749270726212e-170	0.267149329449937	0.723	0.611	2.58824781217864e-166	12	DAPP1
2.27319216327397e-169	0.34536007563254	0.907	0.809	6.81957648982191e-166	12	AP2S1
1.62205196110002e-168	-0.487183959871531	0.502	0.675	4.86615588330007e-165	12	MYC
7.07941511575658e-165	0.483141509718187	0.855	0.742	2.12382453472697e-161	12	HIF1A
1.51853160870141e-164	-0.533246444297668	0.553	0.733	4.55559482610423e-161	12	ICAM2
1.61477721272448e-164	-0.881757081853353	0.746	0.849	4.84433163817345e-161	12	EMP3
1.07762795290252e-163	-1.89651469305859	0.57	0.719	3.23288385870757e-160	12	GZMB
1.18723838818982e-163	0.542610150552161	0.862	0.699	3.56171516456946e-160	12	LAG3
1.03997262849899e-162	-0.36849339919138	0.357	0.624	3.11991788549696e-159	12	DERL3
6.80330374084995e-162	-0.772649845578143	0.567	0.742	2.04099112225498e-158	12	AIF1
1.47352727010614e-159	0.450111059259514	0.799	0.722	4.42058181031842e-156	12	PELI1
4.47258957475396e-159	0.41753035928452	0.937	0.849	1.34177687242619e-155	12	DYNLL1
6.3515464968044e-159	0.419828142400053	0.684	0.544	1.90546394904132e-155	12	AHI1
2.85908738935598e-157	0.447852453159445	0.924	0.834	8.57726216806793e-154	12	ANXA5
3.26315551471041e-157	0.469492181076142	0.871	0.767	9.78946654413124e-154	12	BIRC3
6.08573032743172e-155	0.435558935472662	0.926	0.818	1.82571909822952e-151	12	ARL6IP1
2.72408835808681e-154	0.505307943308812	0.74	0.715	8.17226507426044e-151	12	NDFIP2
6.42589387002801e-154	0.499034543221824	0.781	0.632	1.9277681610084e-150	12	BHLHE40
2.9291425919725e-153	0.447804725930192	0.863	0.783	8.78742777591751e-150	12	PHPT1
1.69366948379381e-151	0.546473149070874	0.685	0.679	5.08100845138143e-148	12	LINC01281
1.13753650842772e-150	-0.983470333216555	0.846	0.904	3.41260952528315e-147	12	PPP1R15A
2.13216394131992e-149	-1.08017638446601	0.293	0.468	6.39649182395978e-146	12	S100A9
2.99406992166002e-149	0.438575387992156	0.767	0.677	8.98220976498007e-146	12	TNFRSF25
3.93301861208652e-149	0.455931458727769	0.708	0.6	1.17990558362596e-145	12	ITPR1
6.33145000878483e-149	0.361787652560598	0.733	0.635	1.89943500263545e-145	12	LRMP
7.18883475917731e-147	0.347516006559599	0.862	0.73	2.15665042775319e-143	12	CXCR3
1.05228444080109e-146	-0.838541133563219	0.87	0.897	3.15685332240328e-143	12	DUSP1
3.10538177279048e-146	-0.90905817284403	0.653	0.757	9.31614531837145e-143	12	NR4A2
1.45415110955803e-145	0.4568132535669	0.98	0.94	4.3624533286741e-142	12	RAN
8.15635630914459e-145	0.278926003840184	0.624	0.481	2.44690689274338e-141	12	SERPINE2
9.02331434440446e-145	-0.257447964405413	0.484	0.679	2.70699430332134e-141	12	PPP1R14B
9.34538966201105e-145	0.470108781125847	0.96	0.918	2.80361689860331e-141	12	ENO1
6.50090318901933e-143	-0.871537896423806	0.619	0.745	1.9502709567058e-139	12	NR4A1
1.01973552721224e-142	0.428015894483864	0.947	0.892	3.05920658163672e-139	12	PRDX1
1.19817709485021e-142	0.326505968952547	0.928	0.87	3.59453128455063e-139	12	TALDO1
1.71712887640519e-141	0.488826200688694	0.986	0.938	5.15138662921558e-138	12	IFITM2
3.44593408369201e-140	0.535982971820582	0.815	0.835	1.0337802251076e-136	12	MAL
4.33334194937643e-140	0.268348155513298	0.686	0.603	1.30000258481293e-136	12	ZC2HC1A
7.93358442407388e-140	0.255638318331475	0.805	0.68	2.38007532722216e-136	12	SLC16A3
9.15006252828322e-140	0.257824865115002	0.998	0.985	2.74501875848497e-136	12	PFN1
2.207106372527e-139	0.262989960668169	0.829	0.717	6.621319117581e-136	12	PLIN2
5.68088455455279e-139	0.467725712500174	0.902	0.862	1.70426536636584e-135	12	ARID5B
3.14415344455598e-137	0.285618920529438	0.81	0.728	9.43246033366794e-134	12	SHMT2
6.74341978541661e-137	0.516203650391146	0.93	0.846	2.02302593562498e-133	12	PRDM1
8.18758989531889e-137	0.405876094934884	0.857	0.787	2.45627696859567e-133	12	PRDX3
1.03189464935426e-136	-0.632299364049483	0.451	0.674	3.09568394806277e-133	12	CAPG
1.2093583338794e-136	-0.694906887389936	0.499	0.652	3.62807500163819e-133	12	KLRC2
1.26100260824981e-136	-0.610288751395164	0.999	0.999	3.78300782474942e-133	12	RPS8
1.58450370402297e-135	0.571229992682918	0.693	0.655	4.7535111120689e-132	12	CYSLTR1
1.74510834364051e-134	0.332866986145751	0.735	0.657	5.23532503092153e-131	12	TP53INP1
5.54009109316854e-133	0.405047092709421	0.829	0.727	1.66202732795056e-129	12	PDE4D
1.31915863971939e-131	-0.37483125610405	0.386	0.623	3.95747591915817e-128	12	PLEK
8.60861459170601e-130	0.258924926652159	0.661	0.617	2.5825843775118e-126	12	LOC101928354
1.1925110427563e-127	-0.838040729157009	0.981	0.974	3.57753312826891e-124	12	JUN
1.23868632363445e-125	0.265956857103927	0.766	0.671	3.71605897090336e-122	12	MAPKAPK3
1.71602050903277e-125	0.285811063962578	0.897	0.827	5.14806152709831e-122	12	VAMP5
3.54987124200351e-123	0.49222154346926	0.698	0.721	1.06496137260105e-119	12	ETV7
1.03519867987414e-122	0.31883711098289	0.979	0.932	3.10559603962242e-119	12	LSP1
4.37258662147038e-122	-0.749697604418105	0.502	0.627	1.31177598644111e-118	12	KLRG1
6.42581848224568e-122	-0.926712382770342	0.801	0.845	1.92774554467371e-118	12	CLEC2B
7.6403253251461e-122	0.276825287282962	0.857	0.749	2.29209759754383e-118	12	SNRPD1
5.47825594768807e-121	-0.839322936120703	0.655	0.698	1.64347678430642e-117	12	LYAR
6.15279170437611e-121	0.268979236358741	0.898	0.826	1.84583751131283e-117	12	CARD16
5.32010104481251e-120	0.467141300563169	0.717	0.609	1.59603031344375e-116	12	JARID2
5.60758053934898e-118	0.340997906587771	0.69	0.568	1.68227416180469e-114	12	FAM134B
1.49302420551672e-116	0.343102662004395	0.963	0.9	4.47907261655017e-113	12	LY6E
2.29063862520814e-116	-0.254429843316673	0.558	0.704	6.87191587562441e-113	12	MNDA
6.09727714100493e-114	0.311267246429964	0.782	0.684	1.82918314230148e-110	12	LYST
7.06842631009289e-114	0.402412541973993	0.948	0.888	2.12052789302787e-110	12	CALR
4.13717390980752e-113	-0.802443380528052	0.954	0.96	1.24115217294226e-109	12	CXCR4
8.82297366901923e-111	0.466124251393908	0.709	0.697	2.64689210070577e-107	12	METTL8
9.94319426082981e-110	0.255817676347726	0.666	0.701	2.98295827824894e-106	12	LMCD1
1.49248901231088e-109	0.338757341496361	0.767	0.685	4.47746703693265e-106	12	FBXO32
1.13158933397925e-108	-0.290365347459807	0.579	0.719	3.39476800193774e-105	12	SATB1
1.25767390013513e-108	-1.02706411624912	0.9	0.911	3.77302170040538e-105	12	BTG2
1.78018095704703e-107	0.446004996130551	0.779	0.719	5.34054287114109e-104	12	MIR4435-1HG
7.72596160002141e-107	0.332123010339483	0.958	0.924	2.31778848000642e-103	12	ATP5G3
7.81769394303159e-106	0.630043934843603	0.637	0.632	2.34530818290948e-102	12	PDE7B
1.05835834024731e-105	-0.266826444507455	0.564	0.684	3.17507502074193e-102	12	BID
3.88941974598979e-105	-0.250299541401467	0.465	0.609	1.16682592379694e-101	12	LOC100996286
5.38428164925694e-105	0.26225577334115	0.644	0.476	1.61528449477708e-101	12	CHRM3-AS2
4.38015310224716e-104	-0.376743169918925	0.503	0.673	1.31404593067415e-100	12	PRMT9
1.23458259886831e-103	-0.759069089582278	0.549	0.649	3.70374779660494e-100	12	KLF2
2.65964705296402e-103	0.296852042081242	0.848	0.827	7.97894115889206e-100	12	MT1E
1.41392661459461e-102	-0.83955565966977	0.49	0.64	4.24177984378382e-99	12	HOPX
4.68269722312723e-102	0.468135595862804	0.641	0.637	1.40480916693817e-98	12	LINC01480
5.27436840876944e-102	0.355289132252688	0.647	0.601	1.58231052263083e-98	12	CAMK1
1.00757320716305e-101	0.302770802640013	0.859	0.788	3.02271962148915e-98	12	BTG3
1.30763938791598e-101	0.272798850321593	0.883	0.803	3.92291816374793e-98	12	TPM4
4.89392342136303e-101	-0.624156933276991	0.575	0.69	1.46817702640891e-97	12	RUNX3
4.81299935060424e-100	0.355563904976526	0.874	0.785	1.44389980518127e-96	12	ITGB1
6.00703270624676e-100	-0.601024717232122	0.436	0.278	1.80210981187403e-96	12	LOC102723407
1.33039565011422e-97	0.383030280984255	0.691	0.68	3.99118695034265e-94	12	CSGALNACT1
3.86857100013708e-97	0.524403766389528	0.607	0.563	1.16057130004113e-93	12	GNG4
4.8674949684016e-97	-0.330844801706949	0.345	0.543	1.46024849052048e-93	12	NAPSB
7.32232115094617e-97	0.254718243732359	0.997	0.972	2.19669634528385e-93	12	NFKBIA
9.70532365532308e-97	-1.07107726193333	0.449	0.595	2.91159709659692e-93	12	LOC101060038
1.30783128053096e-96	-0.67633439885779	0.823	0.857	3.92349384159288e-93	12	FAIM3
1.56038500001385e-95	0.253044734661001	0.867	0.79	4.68115500004156e-92	12	PSMA4
5.22963891646479e-95	0.262279705674568	0.62	0.481	1.56889167493944e-91	12	DAPK2
2.62212186672264e-93	0.264899149788717	0.842	0.781	7.86636560016793e-90	12	ITGAE
5.02671137620346e-93	0.364687179670099	0.886	0.824	1.50801341286104e-89	12	IFI6
2.89323861568614e-91	0.404695480361655	0.727	0.578	8.67971584705842e-88	12	SESN1
3.06742841922149e-91	-0.780631709358289	0.714	0.819	9.20228525766447e-88	12	LGALS3
1.25491873825702e-90	0.258042262803705	0.966	0.911	3.76475621477107e-87	12	CALM2
2.38441686532692e-90	0.257698892551164	0.74	0.65	7.15325059598077e-87	12	AHR
5.80125828389721e-90	-0.290345676868448	0.637	0.747	1.74037748516916e-86	12	EIF4EBP1
2.72646263543575e-89	0.257620008030441	0.922	0.852	8.17938790630726e-86	12	TSPO
1.17250157238863e-88	0.310176157752227	0.845	0.769	3.51750471716588e-85	12	SMS
1.30415417446022e-88	-0.27627358539256	0.703	0.815	3.91246252338067e-85	12	HIST1H1C
1.32247216344953e-88	-0.639006809122239	0.689	0.803	3.96741649034858e-85	12	ATF3
1.90249933245134e-88	0.285595198305427	0.705	0.556	5.70749799735401e-85	12	RAPGEF6
2.93642554792265e-88	0.412566976870181	0.827	0.809	8.80927664376795e-85	12	CNIH1
1.11623574389801e-83	-0.288097680201848	0.456	0.594	3.34870723169402e-80	12	PECAM1
3.35574084950741e-83	0.251302817140399	0.624	0.629	1.00672225485222e-79	12	VDR
5.44655850502993e-83	-0.445783919082246	0.541	0.63	1.63396755150898e-79	12	KLRC4
7.20249538568937e-83	0.254441113608602	0.942	0.861	2.16074861570681e-79	12	EZR
5.13206159980621e-82	-0.495544633223274	0.559	0.707	1.53961847994186e-78	12	CD68
2.46674079444537e-81	0.274825229475569	0.863	0.794	7.40022238333611e-78	12	BANF1
5.0621397631899e-81	-0.509873058083014	0.603	0.722	1.51864192895697e-77	12	FAM65B
6.2313235041012e-80	-0.868592994373954	0.519	0.643	1.86939705123036e-76	12	EGR1
1.14964178581559e-79	0.318175967776453	0.856	0.792	3.44892535744677e-76	12	NHP2
2.35551631975143e-79	-0.563321732508583	0.989	0.985	7.06654895925428e-76	12	ZFP36
3.11258134477292e-78	0.392920234645125	0.895	0.841	9.33774403431877e-75	12	RNASET2
7.79283071060489e-78	0.2678486389403	0.802	0.755	2.33784921318147e-74	12	TMEM70
9.73266811115425e-77	-0.504654790094137	0.584	0.773	2.91980043334627e-73	12	MZB1
1.75850962586958e-75	0.343648987698468	0.896	0.88	5.27552887760875e-72	12	PMAIP1
1.35165076463024e-74	-0.969993716092149	0.475	0.565	4.05495229389073e-71	12	KLRD1
1.46940577902908e-74	-0.728380076900796	0.784	0.8	4.40821733708725e-71	12	NPC2
2.46267825483434e-74	0.274224900835033	0.667	0.592	7.38803476450302e-71	12	NINJ2
3.32673032263914e-74	-0.510798547015018	0.998	0.998	9.98019096791742e-71	12	COX3
3.02307818583251e-73	-0.701645507333052	0.938	0.941	9.06923455749754e-70	12	S100A6
4.68367714130768e-73	-0.621746445158265	0.602	0.692	1.4051031423923e-69	12	FLT3LG
5.46516663232455e-73	-0.681672750924146	0.903	0.906	1.63954998969736e-69	12	HIST1H4C
1.10957687776299e-72	0.315350961296471	0.789	0.774	3.32873063328896e-69	12	HAVCR2
2.61421028757253e-71	0.294416846918487	0.704	0.703	7.84263086271759e-68	12	LIMA1
7.01037851828989e-71	0.261436976592965	0.893	0.834	2.10311355548697e-67	12	PRDX5
1.22368707951367e-70	-1.00981832535794	0.8	0.811	3.671061238541e-67	12	CLDND1
1.5008867929859e-69	-1.04847238884122	0.453	0.618	4.50266037895771e-66	12	LOC102725018
2.1897264875628e-68	-0.633996189278558	0.83	0.717	6.5691794626884e-65	12	PTGER2
9.42465172980923e-66	-0.821797601149153	0.94	0.935	2.82739551894277e-62	12	DNAJB1
1.21193606019489e-64	-0.42288267248019	0.624	0.694	3.63580818058466e-61	12	CLIC3
2.52798003261743e-64	0.424432956574222	0.618	0.535	7.58394009785229e-61	12	LOC101059954
2.77182839598037e-64	-0.564577878343175	0.982	0.986	8.31548518794111e-61	12	PABPC1
1.10584954587012e-63	-0.851298324329127	0.589	0.617	3.31754863761035e-60	12	AOAH
5.68413130560267e-62	-0.39365968825459	0.605	0.664	1.7052393916808e-58	12	PERP
8.67422201874183e-62	-0.429672402692391	0.495	0.596	2.60226660562255e-58	12	TUBB2A
9.33565688261473e-62	0.27254786133914	0.71	0.627	2.80069706478442e-58	12	CARHSP1
1.77636404497322e-61	0.346531323348113	0.807	0.781	5.32909213491967e-58	12	RILPL2
5.03865252206018e-61	-0.73781697269392	0.989	0.979	1.51159575661805e-57	12	FTL
1.16479637608876e-60	-0.802883804377393	0.536	0.673	3.49438912826628e-57	12	AREG
2.49813290535045e-60	-0.338700994368044	0.49	0.621	7.49439871605135e-57	12	C1QA
2.19505583563559e-59	-0.375900431848358	0.668	0.741	6.58516750690678e-56	12	ASAH1
3.64898198634552e-58	-0.677878315390517	0.777	0.785	1.09469459590365e-54	12	GPR183
2.87100339334173e-57	0.289457610150857	0.656	0.657	8.6130101800252e-54	12	GNA15
5.83441022878435e-55	-0.384317863858016	0.608	0.717	1.7503230686353e-51	12	DDX39A
9.58582214650715e-55	-0.267941852122949	0.412	0.546	2.87574664395215e-51	12	CECR1
1.6777770954497e-53	-0.290935409373556	0.484	0.607	5.03333128634909e-50	12	TCF7
6.05345818637836e-53	-0.596741604006061	0.819	0.854	1.81603745591351e-49	12	ANXA2
6.66706973503666e-53	-0.273972358324677	0.775	0.684	2.000120920511e-49	12	GRN
7.19935657144052e-53	-0.250798303032536	0.85	0.761	2.15980697143216e-49	12	TIMP1
1.56752595874592e-52	-0.668062167038662	0.805	0.779	4.70257787623775e-49	12	TOB1
2.15344379657026e-51	0.373826519206239	0.673	0.662	6.46033138971078e-48	12	THADA
2.93555901522994e-50	-0.649704770313189	0.618	0.628	8.80667704568983e-47	12	ITM2C
4.08011579679571e-50	-0.635650102153196	0.709	0.726	1.22403473903871e-46	12	PIK3R1
1.97815441775469e-48	-0.282273681667594	0.616	0.714	5.93446325326406e-45	12	HMGA1
4.04914608777164e-48	-0.454616421168456	0.479	0.583	1.21474382633149e-44	12	KLRC3
5.03759746143364e-48	-0.729378991328666	0.502	0.601	1.51127923843009e-44	12	CCL3
1.45175815338894e-47	-0.614116484412101	0.417	0.546	4.35527446016681e-44	12	MATK
2.23957708972754e-46	-0.648833607291652	0.557	0.632	6.71873126918262e-43	12	GLUL
3.61612177234854e-45	-0.35752393118774	0.997	0.994	1.08483653170456e-41	12	RPLP0
1.57427675043502e-44	-0.326924243915851	0.843	0.855	4.72283025130506e-41	12	RTKN2
3.52457754315003e-42	-0.99276774674736	0.84	0.786	1.05737326294501e-38	12	LGALS1
5.38467401472054e-42	-0.600914187360075	0.819	0.846	1.61540220441616e-38	12	SERTAD1
7.005958496632e-42	-0.330373135943069	0.992	0.982	2.1017875489896e-38	12	CD74
4.50611094069296e-41	-2.25474705717752	0.812	0.834	1.35183328220789e-37	12	IGJ
5.03722823163201e-41	-0.374927653663222	0.131	0.196	1.5111684694896e-37	12	FCN1
5.90520271291476e-41	-0.322364945924323	0.391	0.495	1.77156081387443e-37	12	FGFBP2
6.47609991938631e-39	-1.05191787277472	0.633	0.67	1.94282997581589e-35	12	CCL4
3.445454823608e-38	0.488949421040595	0.745	0.776	1.0336364470824e-34	12	FABP5
6.4311511370734e-38	-0.287838210461298	0.451	0.566	1.92934534112202e-34	12	DDAH2
2.10321881704685e-37	0.294937054769966	0.61	0.573	6.30965645114055e-34	12	ZNRF1
2.77594402015789e-36	-0.511293455863004	0.481	0.554	8.32783206047366e-33	12	MS4A1
6.60986775284833e-36	-0.328428645217512	0.626	0.71	1.9829603258545e-32	12	DNAJB9
2.17484757682543e-35	-0.673689628878901	0.422	0.525	6.52454273047629e-32	12	KLRK1
2.08412762491908e-34	-0.267980627658072	0.657	0.703	6.25238287475725e-31	12	ABLIM1
2.20962523447785e-34	-0.614706526246785	0.784	0.786	6.62887570343355e-31	12	TUBB4B
1.33266002571755e-33	-0.451313408163911	0.617	0.688	3.99798007715265e-30	12	SNHG15
3.50783714935798e-32	-0.663708197598464	0.877	0.864	1.05235114480739e-28	12	GSTP1
3.93680830906662e-32	-0.391368258149326	0.645	0.766	1.18104249271998e-28	12	CD79A
1.78867513590566e-31	-0.464051599033713	0.616	0.645	5.36602540771699e-28	12	GABARAPL1
2.00086018771796e-31	-0.843499787766106	0.497	0.561	6.00258056315387e-28	12	KLRC1
2.33929179459643e-31	-0.340790434322827	0.671	0.734	7.01787538378929e-28	12	SOCS3
4.54464978801534e-31	0.309859648931267	0.562	0.475	1.3633949364046e-27	12	SARDH
8.3945012089955e-31	-0.557668623178476	0.73	0.772	2.51835036269865e-27	12	CTSS
1.71229218710983e-30	-0.341265571115857	0.632	0.561	5.13687656132948e-27	12	C1QB
4.7974664342222e-30	-0.426704463098082	0.57	0.622	1.43923993026666e-26	12	IFNGR1
1.93865496052395e-29	-0.47236843126059	0.754	0.777	5.81596488157186e-26	12	CD97
5.90592866542623e-29	-1.13336415998462	0.811	0.776	1.77177859962787e-25	12	GZMA
1.54685191494284e-28	-0.551542691691319	0.744	0.743	4.64055574482851e-25	12	DDIT3
1.80669686975771e-28	-0.294452090373846	0.668	0.756	5.42009060927312e-25	12	GBP5
2.6764645382691e-28	-0.394393711387082	1	1	8.02939361480729e-25	12	RNR2
7.28240101390231e-27	-0.412396245248936	0.631	0.685	2.18472030417069e-23	12	PIM1
1.12631454247003e-26	-0.278426005758938	0.476	0.565	3.37894362741009e-23	12	SMIM14
1.38889973846077e-26	-0.480423232997583	0.602	0.634	4.16669921538231e-23	12	BCL2A1
3.37022014881682e-26	-0.294566096813794	0.679	0.74	1.01106604464505e-22	12	THEM4
4.83038020446548e-26	-0.384627403707227	0.73	0.791	1.44911406133964e-22	12	SNX3
2.97805618892414e-25	-1.02942687099102	0.653	0.548	8.93416856677241e-22	12	FCER1G
8.2111349968626e-25	-0.557571211377656	0.648	0.663	2.46334049905878e-21	12	MYADM
9.04794919443316e-23	-0.266720114791091	0.754	0.687	2.71438475832995e-19	12	SKAP2
1.01704080248559e-21	0.306952053279863	0.555	0.584	3.05112240745677e-18	12	G0S2
1.696813269179e-21	-0.595942112426681	0.713	0.722	5.09043980753701e-18	12	XBP1
2.52219765195458e-21	-0.361260600412478	0.501	0.559	7.56659295586373e-18	12	PPP1R2P9
9.78557796359348e-21	-0.515015355390982	0.669	0.68	2.93567338907804e-17	12	AHNAK
1.20405814867972e-20	-0.357332953603229	0.5	0.541	3.61217444603915e-17	12	CISH
1.69304412881821e-20	-0.298775088672197	0.597	0.641	5.07913238645463e-17	12	NCR3
2.19314096350205e-20	-0.657377550358543	0.818	0.81	6.57942289050615e-17	12	TUBA1A
6.47185568528911e-20	-0.290375012117276	0.65	0.72	1.94155670558673e-16	12	RNH1
9.84780527186651e-20	0.394801055432898	0.548	0.493	2.95434158155995e-16	12	TOX2
1.0365814013149e-19	-0.393802471097908	0.514	0.589	3.10974420394469e-16	12	LMNA
1.11782769376088e-19	-0.282658672800301	0.677	0.692	3.35348308128263e-16	12	ATP2B1
3.51653803004904e-19	-0.664741440639101	0.541	0.586	1.05496140901471e-15	12	SERPINA1
7.74999727136561e-19	-0.943551831024541	0.908	0.846	2.32499918140968e-15	12	CST7
1.0752108393831e-18	-0.337716821894944	0.716	0.753	3.2256325181493e-15	12	BCAS2
1.64770045170493e-18	-0.286787146674435	0.793	0.83	4.94310135511479e-15	12	FOXP3
1.37173328466722e-17	-0.336923506633383	0.679	0.716	4.11519985400166e-14	12	DSTN
1.6367027001433e-17	-1.72016643496401	0.499	0.575	4.91010810042991e-14	12	CST3
2.41120862325144e-17	-0.280807459905113	0.518	0.538	7.23362586975433e-14	12	RNF130
1.34621385559473e-16	-0.595254522922167	1	1	4.03864156678418e-13	12	RNR1
4.32538727662162e-16	-0.390090390262216	0.624	0.659	1.29761618298648e-12	12	CDKN1A
4.38107200774357e-16	-1.85384749473145	0.52	0.556	1.31432160232307e-12	12	LYZ
4.74766549002842e-16	-0.292029827218394	0.378	0.373	1.42429964700853e-12	12	MS4A7
7.15037185720825e-15	-0.363707909738966	0.651	0.665	2.14511155716248e-11	12	LOC284454
7.35647310556531e-15	-0.303710083774718	0.759	0.773	2.20694193166959e-11	12	DDX21
2.50383302201677e-14	-0.644820334277199	0.639	0.672	7.51149906605031e-11	12	TNF
1.17085101949522e-13	-0.636488796514829	0.745	0.812	3.51255305848565e-10	12	HLA-DRB4
2.74542812123472e-13	-0.54947828621979	0.883	0.84	8.23628436370416e-10	12	IGLL5
4.54701129816855e-13	-0.370314764470713	0.394	0.399	1.36410338945056e-09	12	C15orf48
6.91223254901959e-13	-0.439262354430267	0.961	0.927	2.07366976470588e-09	12	S100A10
1.45141227671838e-12	-0.359071271278398	0.68	0.624	4.35423683015515e-09	12	HLA-DRB1
1.5046340572346e-12	-0.307087371229828	0.374	0.479	4.51390217170381e-09	12	FGR
1.77001930479438e-12	-0.35590885138474	0.758	0.767	5.31005791438314e-09	12	CSRNP1
8.78316702305178e-12	-0.31926525957953	0.654	0.675	2.63495010691554e-08	12	TMEM107
9.77155740574937e-12	-0.286292202001035	0.835	0.862	2.93146722172481e-08	12	EIF5A
2.16696046923927e-11	-0.301474710661241	0.615	0.591	6.5008814077178e-08	12	LOC101929065
7.34233281519653e-11	-0.251608389164537	0.623	0.638	2.20269984455896e-07	12	ERN1
1.16746129222712e-10	-0.490399136362148	0.381	0.449	3.50238387668137e-07	12	CCL4L2
1.51775703193334e-10	-0.347872640174023	0.692	0.714	4.55327109580003e-07	12	H2AFX
5.56791836958297e-10	-0.345296702862869	0.752	0.661	1.67037551087489e-06	12	CMC1
8.11897191251498e-10	-0.396333079991008	0.961	0.957	2.43569157375449e-06	12	CORO1A
1.36939058311795e-09	-0.355614815733894	0.608	0.614	4.10817174935386e-06	12	PELO
3.00116093173532e-09	-0.336452896366371	0.573	0.594	9.00348279520597e-06	12	PRKCQ-AS1
3.0610472672822e-09	-0.360025989834373	0.685	0.672	9.18314180184661e-06	12	METTL12
3.22949071876272e-09	-0.548754543109098	0.675	0.708	9.68847215628816e-06	12	RHOB
7.10125854512745e-09	0.387229048754811	0.565	0.666	2.13037756353824e-05	12	GEM
1.35268326473482e-08	-0.829909620008185	0.949	0.867	4.05804979420445e-05	12	IL7R
2.73049705732464e-08	-0.658523263252473	0.388	0.45	8.19149117197391e-05	12	ZNF683
3.51401404115378e-08	-0.257155739979625	0.74	0.753	0.000105420421234613	12	ID3
1.31545889077438e-07	-0.389622978306081	0.77	0.73	0.000394637667232313	12	UPP1
2.22361716165268e-07	-0.612004544172849	0.892	0.896	0.000667085148495803	12	LTB
4.41608406410067e-07	-0.381974566095878	0.974	0.958	0.0013248252192302	12	KLF6
1.70488851341925e-06	-0.273775031228663	0.552	0.547	0.00511466554025774	12	FAM26F
3.92410528365543e-06	-0.272867911452724	0.528	0.452	0.0117723158509663	12	LOC100996919
4.84627018686427e-06	-0.318264489268901	0.764	0.69	0.0145388105605928	12	S1PR1
6.5821146851776e-06	-0.402139671171508	0.655	0.658	0.0197463440555328	12	AES
9.50330553784648e-06	-0.311970880602041	0.552	0.583	0.0285099166135394	12	RGCC
