p_val	avg_log2FC	pct.1	pct.2	p_val_adj	cluster	gene
0	2.09094943603841	0.899	0.277	0	c5	GZMK
0	1.7753736131598	0.549	0.205	0	c5	CMC1
0	1.1008762507469	0.943	0.623	0	c5	CST7
0	2.30985204932788	0.391	0.106	0	c5	TNFSF9
0	1.16104223416841	0.964	0.794	0	c5	DUSP2
0	3.13353884147851	0.126	0.016	0	c5	DKK3
1.52173852937607e-236	0.612642488747501	0.989	0.95	4.67584597921387e-232	c5	JUNB
2.38793798994172e-232	0.666523539898119	0.944	0.788	7.33741706169391e-228	c5	CD74
2.51654571441878e-228	0.861762600241295	0.974	0.873	7.73259001669459e-224	c5	DNAJB1
2.91517008185956e-225	1.16103490480779	0.547	0.284	8.95744311052987e-221	c5	SH2D1A
5.81703460432937e-220	0.495201321820689	0.886	0.543	1.78740022287229e-215	c5	NKG7
3.10964826643617e-218	1.50041587499518	0.305	0.107	9.55501622827841e-214	c5	EOMES
5.69398069972973e-215	1.10737437067728	0.467	0.21	1.74958944960595e-210	c5	KLRG1
2.51745821695747e-204	2.38899556548315	0.12	0.022	7.73539386324521e-200	c5	IFNG-AS1
2.48368193223063e-191	0.979823277546062	0.565	0.303	7.63160947316507e-187	c5	LYAR
1.06146051114783e-184	1.04769450846454	0.682	0.474	3.26154971260395e-180	c5	CLDND1
2.86509981741502e-183	0.863752296931154	0.792	0.584	8.80359220897114e-179	c5	DNAJA1
1.54965866514766e-177	0.701279278295021	0.928	0.802	4.7616361803992e-173	c5	HSP90AA1
3.99996488321206e-176	0.753828343657051	0.552	0.286	1.22906920966457e-171	c5	CCL4L1
1.127998210025e-173	0.974266282023315	0.705	0.491	3.46600009994382e-169	c5	NR4A2
2.28570384785978e-172	0.470608064931837	0.99	0.958	7.02328221331876e-168	c5	H3F3B
4.83167372375681e-170	0.609266458358277	0.807	0.522	1.48462838509876e-165	c5	CCL4
3.48037382382011e-162	0.258570906346064	0.797	0.49	1.06941446484521e-157	c5	GZMA
1.36409860263747e-152	0.398913986005219	0.99	0.772	4.19146577632415e-148	c5	CCL5
7.86900087558584e-149	0.827778908513978	0.608	0.385	2.41790789904126e-144	c5	GZMM
2.16170734039339e-139	0.61723687185475	0.909	0.781	6.64227814482678e-135	c5	IER2
6.42373746814877e-139	0.66828867590425	0.832	0.67	1.97382181183807e-134	c5	BTG2
1.04919896459937e-138	0.513379978334238	0.958	0.884	3.22387365852449e-134	c5	HSPA8
5.03473851322202e-135	0.909747603717875	0.591	0.384	1.54702410295773e-130	c5	PIK3R1
1.4506169581306e-133	0.344050152213257	0.993	0.972	4.4573107272479e-129	c5	EIF1
1.03987755336405e-130	1.13711793941302	0.254	0.102	3.19523175822173e-126	c5	PLEK
4.12537220424231e-128	0.447985210799792	0.994	0.955	1.26760311719754e-123	c5	DUSP1
7.49087368167268e-127	0.886132246326937	0.565	0.358	2.30172075616757e-122	c5	SERTAD1
1.49505438569971e-120	0.795864175392236	0.81	0.679	4.59385361093951e-116	c5	HSPA1B
8.86258635210263e-120	0.561041193163247	0.926	0.821	2.72320690841057e-115	c5	UBB
5.32082326276463e-118	0.5869681517941	0.856	0.741	1.63492936394969e-113	c5	SRSF7
4.29615265762904e-117	2.75254613982528	0.053	0.008	1.32007882710968e-112	c5	TMEM171
1.75324573152379e-113	0.899337238726696	0.367	0.188	5.38719815925314e-109	c5	SAMD3
2.83303833896245e-111	1.57215514151388	0.144	0.047	8.70507690412991e-107	c5	FCRL3
6.50532813767862e-108	1.0946441201728	0.436	0.264	1.99889217686451e-103	c5	ZNF331
6.84980293040592e-106	0.443982427704221	0.991	0.953	2.10473894642583e-101	c5	JUN
4.32708215133732e-100	0.892813207629664	0.327	0.168	1.32958253264142e-95	c5	CCL4L2
2.18350513679429e-96	0.656115603773916	0.642	0.455	6.70925623382783e-92	c5	NR4A1
6.22670044938877e-93	0.534790380012663	0.859	0.74	1.91327824708369e-88	c5	HSP90AB1
3.31468597357066e-92	1.00908870154868	0.324	0.175	1.01850355909906e-87	c5	LYST
1.91832484893106e-91	0.712336932671679	0.665	0.501	5.89443676331047e-87	c5	HSPE1
4.35080341650234e-91	0.681624509018712	0.58	0.403	1.33687136578867e-86	c5	FYN
1.6687220863509e-90	0.759277044639797	0.535	0.36	5.12748235473041e-86	c5	TUBB4B
1.71013997771573e-88	0.73553849015561	0.553	0.367	5.25474710952713e-84	c5	KLF2
2.48889136770388e-88	0.754556240945604	0.435	0.267	7.64761650554371e-84	c5	APMAP
4.94619409331165e-88	0.665758167321911	0.52	0.345	1.51981705905187e-83	c5	PVRIG
2.76491595812435e-86	1.17677237900222	0.234	0.112	8.49575726452869e-82	c5	NR4A3
3.32355754384655e-86	0.380868969779002	0.96	0.89	1.02122952649773e-81	c5	ZFP36
5.65563108219602e-85	0.881119859551963	0.497	0.337	1.73780576262637e-80	c5	HSPH1
7.08022051665535e-84	0.781095832664298	0.352	0.198	2.17553935815269e-79	c5	AOAH
7.41077377972843e-83	1.2333477354574	0.173	0.073	2.27710845929715e-78	c5	CRTAM
7.39011160937433e-82	0.506762531707849	0.69	0.519	2.27075959421245e-77	c5	FOSB
7.80718387304759e-82	0.652956256614543	0.653	0.48	2.39891338867133e-77	c5	GADD45B
2.90396082843893e-80	0.562979375096898	0.647	0.472	8.9230004375443e-76	c5	CLEC2B
2.71346257710891e-79	1.648317784255	0.083	0.024	8.33765646068253e-75	c5	ENC1
6.68942518710468e-78	0.886436783710589	0.387	0.241	2.05545967724165e-73	c5	H2AFX
1.23515152107613e-77	1.48782019651988	0.163	0.069	3.79525007881062e-73	c5	ARL4D
1.63166389438028e-76	1.33351988278229	0.14	0.055	5.0136136482623e-72	c5	DTHD1
5.10837896666439e-76	0.569797127866583	0.614	0.459	1.56965160508697e-71	c5	LITAF
1.86731692747462e-73	1.08927103444208	0.165	0.07	5.73770472305125e-69	c5	C1orf21
2.8151342923822e-73	0.738729571195448	0.44	0.283	8.65006314020279e-69	c5	DDIT3
3.7448134040148e-72	0.693584882677065	0.521	0.381	1.15066881465163e-67	c5	HIST1H4C
6.28049457346334e-70	0.834572692695569	0.491	0.344	1.92980756758808e-65	c5	EGR1
1.38411676343734e-68	0.674443972932377	0.759	0.671	4.25297557901391e-64	c5	HSPA1A
8.34466886147385e-68	0.764558491521788	0.416	0.273	2.56406640106507e-63	c5	IFRD1
3.10290941474065e-67	0.924790370513058	0.255	0.138	9.53430975867359e-63	c5	NUCB2
8.610485595271e-67	0.508205372177411	0.502	0.334	2.64574390885892e-62	c5	CD8B
1.60070558963394e-66	0.437934141611286	0.581	0.406	4.91848806526821e-62	c5	CD8A
3.2383204389608e-66	0.592143050860457	0.647	0.502	9.95038721279484e-62	c5	CYCS
4.47108467155596e-65	0.299731812358493	0.987	0.947	1.373830187029e-60	c5	FOS
8.29674652684662e-63	0.802208335766753	0.312	0.187	2.54934130530416e-58	c5	MRPL10
4.65424457583266e-60	2.79111064262733	0.025	0.004	1.4301097308161e-55	c5	PACSIN1
6.16542493799568e-60	1.31180555695223	0.082	0.028	1.89445012069793e-55	c5	MS4A1
2.44996880380189e-56	0.554801565502487	0.606	0.473	7.52801914344208e-52	c5	YPEL5
3.73760944448463e-56	0.809726522719647	0.316	0.198	1.14845525400679e-51	c5	ITM2C
2.66636992350161e-54	0.959885003283293	0.239	0.136	8.19295486394339e-50	c5	MARCKSL1
1.09880274122311e-53	1.28046748739732	0.108	0.044	3.37629118295625e-49	c5	E2F3
3.95977026537543e-53	0.7973448408673	0.343	0.222	1.21671860944191e-48	c5	ZFAND2A
5.85161493196549e-53	0.617651718665036	0.507	0.377	1.79802572014504e-48	c5	HSPD1
1.00013691181277e-52	0.610654109179599	0.375	0.248	3.07312068892709e-48	c5	TSPYL2
9.2897001274544e-52	0.569177458130199	0.446	0.316	2.85444615816291e-47	c5	CCDC109B
1.29010641033863e-51	0.455725369975181	0.505	0.359	3.96410996704752e-47	c5	TC2N
3.29291184841445e-51	0.687233732137291	0.232	0.13	1.01181302366231e-46	c5	LPCAT1
2.14902816223868e-50	0.307395567485889	0.86	0.745	6.60331883411079e-46	c5	PPP1R15A
4.54141582853121e-50	0.737394720795899	0.292	0.182	1.39544084163279e-45	c5	PITPNC1
4.95190446414843e-50	0.325054148095899	0.888	0.819	1.52157168469889e-45	c5	PNRC1
1.06786963401215e-49	1.59129072031826	0.065	0.022	3.28124302442913e-45	c5	CXCR5
2.12131707772174e-49	0.745933497348492	0.302	0.19	6.51817098471559e-45	c5	BRE-AS1
6.62081240216151e-49	0.769672845390013	0.347	0.233	2.03437702681217e-44	c5	NEU1
1.85679817204846e-47	0.449048760694065	0.562	0.426	5.70538374325331e-43	c5	CSRNP1
2.64578421398761e-47	0.406584588962074	0.691	0.566	8.12970115431973e-43	c5	STK17A
1.88582232455052e-46	1.50457914908846	0.06	0.019	5.79456625664638e-42	c5	LGR6
3.36047278747431e-46	0.551450540286349	0.454	0.332	1.03257247340723e-41	c5	DENND2D
8.00312507573801e-46	1.29246850041185	0.115	0.052	2.45912024202202e-41	c5	PPP1R14B
9.86619000437832e-46	0.609627580687567	0.432	0.311	3.03158420264533e-41	c5	ODC1
4.31892103696929e-45	1.54406792018905	0.063	0.021	1.32707486702955e-40	c5	LOC102724420
4.4325551275829e-44	0.128706745711532	0.998	0.995	1.3619912140524e-39	c5	RPS15A
3.11894508029294e-43	0.660910521635151	0.242	0.144	9.5835825482161e-39	c5	HLA-DQB1
5.40648731052789e-43	0.40894149330439	0.461	0.328	1.66125135590591e-38	c5	CD27
2.94077000018117e-42	1.20062486700005	0.094	0.04	9.03610397955667e-38	c5	KLRAP1
8.09048622833338e-42	0.463709689565655	0.54	0.416	2.48596370338e-37	c5	HERPUD1
1.03948007026857e-41	0.370602799032936	0.683	0.563	3.19401041191422e-37	c5	SNHG8
1.01351951830799e-40	0.681913276880436	0.264	0.167	3.11424142390495e-36	c5	SYNE1
1.33110313270751e-40	0.461872840020256	0.425	0.304	4.09008059587037e-36	c5	FAIM3
2.54414509646271e-40	1.27112300918039	0.08	0.033	7.81739463790098e-36	c5	VNN2
1.60340546668474e-39	1.22109502043359	0.084	0.035	4.92678397748219e-35	c5	YBX3
3.45532202895812e-39	0.221892121711399	0.878	0.805	1.06171679983796e-34	c5	CXCR4
6.88611963078945e-39	0.407121581632009	0.665	0.556	2.11589797895267e-34	c5	TAGAP
1.18958880752458e-38	0.423432807005787	0.552	0.439	3.65524952888078e-34	c5	SELK
1.77263105001446e-38	0.960791776737202	0.151	0.082	5.44676342737942e-34	c5	FAM53C
2.07669121650551e-38	0.405400211501218	0.686	0.582	6.38104910095647e-34	c5	SRSF2
2.59306291206735e-37	0.36346583172719	0.582	0.462	7.96770440990934e-33	c5	GIMAP4
3.03861241402881e-37	0.211968249026878	0.995	0.99	9.33674436458632e-33	c5	RNR2
3.05586593993823e-37	0.826504261359485	0.196	0.117	9.3897592736482e-33	c5	RALGAPA1P
6.02064226554846e-37	0.433277966305662	0.553	0.44	1.84996274893508e-32	c5	BRD2
1.01685011700883e-36	0.654303026214431	0.253	0.163	3.12447535453304e-32	c5	RALGAPA1
2.75100038109666e-36	0.529431625554421	0.577	0.479	8.45299887099571e-32	c5	TUBA4A
3.31895531432735e-36	0.606510428431013	0.278	0.183	1.01981539943337e-31	c5	NAA50
6.29531631271579e-36	0.530656101798681	0.496	0.391	1.93436184340818e-31	c5	HSPA5
8.64392549095674e-36	1.08135045799211	0.098	0.046	2.65601898560628e-31	c5	USP28
1.28289833354188e-34	0.679222659846336	0.263	0.174	3.94196170947412e-30	c5	PRMT9
1.39870682330692e-34	1.61098423345975	0.051	0.018	4.29780645597518e-30	c5	SNAI1
2.19573540505541e-34	0.598252419290603	0.211	0.129	6.74683617911375e-30	c5	F2R
6.57452046740195e-34	1.03728283416197	0.196	0.121	2.0201529040186e-29	c5	HSPA6
7.6003120117111e-34	0.867723593364934	0.112	0.056	2.33534787183847e-29	c5	PECAM1
2.0894737100411e-33	0.898238246085773	0.125	0.066	6.42032586884329e-29	c5	TNIP3
2.29774379118074e-33	0.62503445717535	0.236	0.151	7.06027734716107e-29	c5	MAP3K8
4.44120406304851e-33	0.425171653187624	0.427	0.32	1.36464877245292e-28	c5	MYADM
7.87613884138101e-33	0.795733919124249	0.116	0.059	2.42010118179114e-28	c5	SLAMF7
1.05791591649073e-32	1.27733871831603	0.078	0.034	3.25065823660106e-28	c5	ID1
1.6165073518115e-32	0.491669084105581	0.321	0.225	4.96704213991119e-28	c5	PYHIN1
2.50568646407858e-32	0.69405164836252	0.137	0.074	7.69922279817424e-28	c5	HLA-DRB5
1.02009923187577e-31	0.64580998020386	0.33	0.239	3.13445890978467e-27	c5	MRPL18
1.26434322686614e-31	0.64709369745224	0.328	0.235	3.88494743319159e-27	c5	ATF3
1.56578596731334e-31	0.646912768106071	0.242	0.16	4.81119054176369e-27	c5	ARHGAP25
1.77816693955625e-31	0.327684519399654	0.727	0.635	5.46377355517449e-27	c5	SRSF5
2.36479575391853e-31	0.126608801659965	0.621	0.464	7.26630791306547e-27	c5	CTSW
8.0613960217545e-31	0.639436501895457	0.184	0.112	2.4770251556045e-26	c5	LOC643733
8.44280632617916e-31	0.54831415825585	0.268	0.181	2.59422109984507e-26	c5	IFNGR1
8.53756673429547e-31	1.18475020783772	0.102	0.052	2.62333813044697e-26	c5	ZNF296
1.25793876124726e-30	1.71742781045306	0.035	0.011	3.86526843168446e-26	c5	TUBB4A
2.21764155353489e-30	0.359126259338764	0.58	0.482	6.81414720154666e-26	c5	TUBA1A
2.79948847831728e-30	0.418040801799088	0.495	0.394	8.6019882473255e-26	c5	EIF5
4.99933971247025e-30	0.663632655930709	0.176	0.106	1.53614711345073e-25	c5	HEXIM1
5.24179421556731e-30	0.367134235214606	0.356	0.255	1.61064610861737e-25	c5	TRAT1
6.06021160200097e-30	0.613340460937495	0.199	0.125	1.86212121894684e-25	c5	KLF3
6.27675882152241e-30	0.677528891967029	0.205	0.13	1.92865968308919e-25	c5	TUBB2A
1.53789765717459e-29	0.103273499152328	0.998	0.998	4.72549813120035e-25	c5	RPL28
2.03839612886422e-29	0.459081974234805	0.389	0.293	6.2633797851611e-25	c5	RHOB
2.10393830729792e-29	0.25348002124674	0.781	0.701	6.46477123683432e-25	c5	HLA-H
3.93856519703545e-29	0.12591941684801	0.997	0.99	1.21020292809308e-24	c5	HLA-A
5.41007868435726e-29	1.23941414678251	0.068	0.03	1.66235487734246e-24	c5	CYTH3
1.21456854277887e-28	0.255854441358822	0.395	0.285	3.73200476139663e-24	c5	TIGIT
1.26610578335789e-28	0.198575359370384	0.956	0.905	3.8903632405238e-24	c5	UBC
3.34239073484899e-28	0.463229166932114	0.385	0.292	1.02701640109705e-23	c5	BCAS2
4.09034446839677e-28	0.379754297379732	0.276	0.187	1.25684014480427e-23	c5	LOC100996809
5.29170249189302e-28	0.109876004010247	1	0.999	1.62598142468397e-23	c5	MALAT1
1.36764393531039e-27	0.909156456523533	0.091	0.045	4.20235952002823e-23	c5	KLRF1
4.34306616139564e-27	0.366565676160072	0.425	0.328	1.33449393941204e-22	c5	SBDS
4.45133377819527e-27	0.381630230536378	0.293	0.204	1.36776133002606e-22	c5	HLA-DRB4
1.01322457641739e-26	0.207443190664795	0.717	0.618	3.11333515595771e-22	c5	RARRES3
1.06253601936384e-26	0.742706921313861	0.184	0.118	3.26485442669926e-22	c5	BCL2A1
1.06537099612904e-26	0.8411573760595	0.124	0.07	3.27356545980571e-22	c5	LOC646513
1.17805830321242e-26	0.422837915570349	0.247	0.165	3.61981974828081e-22	c5	CCL3
1.52560025468925e-26	0.592619251445228	0.199	0.129	4.68771190258365e-22	c5	METTL12
3.4959474985511e-26	2.440516744584	0.013	0.002	1.0741997878798e-21	c5	LDB2
4.37857283250971e-26	1.2912339527422	0.042	0.016	1.34540407424526e-21	c5	ZNF80
4.6978303003437e-26	0.264988548158165	0.432	0.32	1.44350231638661e-21	c5	LINC00861
5.87800122309779e-26	0.498920902323348	0.31	0.228	1.80613343582126e-21	c5	H3F3C
9.43990844471257e-26	0.578443038775711	0.213	0.142	2.90060066780683e-21	c5	RAB9A
2.30994383702984e-25	0.480671503561941	0.223	0.149	7.0977644280416e-21	c5	RASA3
4.92870207399291e-25	0.3126127964574	0.575	0.481	1.5144422862758e-20	c5	FUS
1.10867626902333e-24	1.06141648400163	0.096	0.051	3.40662957182798e-20	c5	ANKRD37
2.40205150217508e-24	1.43184289892951	0.044	0.017	7.38078365073338e-20	c5	CHI3L2
7.28333510398251e-24	0.385891677520942	0.373	0.285	2.23795037740071e-19	c5	FAM46C
1.28806947186994e-23	0.404950929821635	0.37	0.284	3.95785106621477e-19	c5	BTN3A2
1.45773517060532e-23	0.249181825359517	0.725	0.643	4.47918285871897e-19	c5	ZFAS1
1.94874794741044e-23	0.757925374362048	0.16	0.101	5.98791781800805e-19	c5	IER3
2.99131797799097e-23	0.300819522909734	0.505	0.413	9.19142275097285e-19	c5	IL10RA
3.51240470838236e-23	0.730921689545072	0.149	0.094	1.07925659474465e-18	c5	MLLT3
1.80945133397161e-22	0.449263981905061	0.261	0.187	5.55990111389457e-18	c5	MYLIP
2.35413309547082e-22	1.28788990766237	0.034	0.012	7.23354476245319e-18	c5	SYNM
2.99611855773765e-22	0.600255132021535	0.256	0.185	9.20617349236048e-18	c5	TUBA1C
4.36736673221956e-22	0.562965423618751	0.193	0.13	1.34196077580911e-17	c5	P2RY8
5.41182377326642e-22	0.276926166043711	0.673	0.589	1.66289109081157e-17	c5	EIF4A2
7.90775806976467e-22	1.08586875827027	0.065	0.031	2.42981682209659e-17	c5	MLF1
8.252888348661e-22	2.45903405951542	0.011	0.002	2.53586500289307e-17	c5	LINC00384
8.27169599783029e-22	0.265960421784046	0.65	0.564	2.54164402925331e-17	c5	SRSF3
1.19040204052253e-21	0.591055763739989	0.255	0.186	3.65774834991358e-17	c5	SRRT
1.34940133920652e-21	0.393324256785402	0.376	0.294	4.14630549497988e-17	c5	SNHG15
1.5952463842995e-21	0.668337164267979	0.151	0.096	4.90171356503707e-17	c5	TIPARP
2.62069765693263e-21	0.22756809443096	0.704	0.612	8.05261769045689e-17	c5	LIMD2
2.77998702982292e-21	0.444918530427587	0.218	0.152	8.54206614653687e-17	c5	CD28
3.62589414495137e-21	0.490876211636438	0.24	0.171	1.11412849391921e-16	c5	ZBTB38
7.30724696135723e-21	0.240091750324563	0.677	0.585	2.24529777381624e-16	c5	SAT1
7.73430156506913e-21	0.495429368133291	0.164	0.106	2.37651884189879e-16	c5	LOC101929065
1.31304913649507e-20	0.431892538840032	0.322	0.248	4.03460608170839e-16	c5	CHMP1B
1.32187257808002e-20	1.66920987573331	0.025	0.008	4.06171787066649e-16	c5	VIPR2
1.46333712832489e-20	0.567488581753311	0.258	0.189	4.49639599420389e-16	c5	PMAIP1
1.90597811066251e-20	0.47554886358178	0.284	0.214	5.85649894063268e-16	c5	PPP1R10
2.0272145779765e-20	0.737863750305761	0.099	0.057	6.2290222337484e-16	c5	MEPCE
2.42713083184672e-20	1.0664614975971	0.046	0.02	7.45784490701541e-16	c5	SMAGP
2.54666308278271e-20	0.535524128828436	0.195	0.133	7.82513165446643e-16	c5	HLA-DMA
3.03102792971351e-20	0.399170702128615	0.376	0.297	9.31343951963072e-16	c5	PTP4A2
3.42081267578478e-20	0.51338217950987	0.301	0.228	1.05111311088839e-15	c5	CKS2
4.38330287725695e-20	0.707500794323985	0.129	0.081	1.34685747509474e-15	c5	GALNT11
6.58404075861141e-20	0.625914374082306	0.211	0.149	2.02307820389853e-15	c5	POLR2A
7.10515668934611e-20	0.852476727270173	0.053	0.025	2.18320149593538e-15	c5	EPHA4
1.00812750462365e-19	0.131781578910008	0.859	0.781	3.09767338345708e-15	c5	HCST
1.22340426812494e-19	0.330920370177427	0.269	0.196	3.75915429466751e-15	c5	ATM
1.73940177761875e-19	0.790129510652727	0.109	0.065	5.34465984208915e-15	c5	BPGM
2.33669356558984e-19	0.692736833210006	0.135	0.086	7.1799583189879e-15	c5	UBE2S
2.36293027346346e-19	0.189101304038814	0.876	0.834	7.26057585127118e-15	c5	DDX5
2.89579396205106e-19	0.3889680497612	0.316	0.243	8.89790610719429e-15	c5	REL
4.80259469338764e-19	0.304950316353316	0.508	0.426	1.47569327143722e-14	c5	CLK1
5.27327211932659e-19	0.876638351371069	0.056	0.027	1.62031832410548e-14	c5	COL6A2
5.6996628686014e-19	0.60354528431093	0.155	0.102	1.75133540963515e-14	c5	FAM159A
5.75468654123046e-19	2.06348765171759	0.017	0.004	1.76824253352388e-14	c5	NXPH4
6.11516527295802e-19	0.443131142569301	0.235	0.171	1.87900683342181e-14	c5	BTN3A1
7.62867964704162e-19	0.654006743184807	0.139	0.09	2.34406439514648e-14	c5	MAN2A1
9.51444940497668e-19	0.122775870561679	0.468	0.372	2.92350486866719e-14	c5	SOCS3
9.76799886430105e-19	0.498430452071601	0.202	0.142	3.00141301103379e-14	c5	B4GALT1
1.1618827926497e-18	0.418466602216274	0.28	0.211	3.57011725697473e-14	c5	TMEM2
1.2907560423771e-18	0.138342259476007	0.864	0.807	3.96610609141213e-14	c5	PTPRC
1.31793980372969e-18	0.109532399614353	0.952	0.933	4.04963363492021e-14	c5	RPL23A
1.77621966747316e-18	0.50590007633554	0.267	0.203	5.45779017224477e-14	c5	B3GNT2
1.91945198212435e-18	1.26850875401935	0.029	0.011	5.89790010547349e-14	c5	PDGFB
4.25183627956513e-18	0.310982546618171	0.439	0.361	1.30646173362198e-13	c5	PRKCH
4.94206240573309e-18	0.412783154685267	0.281	0.213	1.51854751540961e-13	c5	PITHD1
5.86875985035831e-18	0.790616479897655	0.112	0.069	1.8032938392196e-13	c5	ITPRIP
6.78743221134032e-18	0.631943379337084	0.065	0.033	2.08557429557854e-13	c5	PATL2
7.97556415705043e-18	0.647998458797721	0.163	0.111	2.45065159853689e-13	c5	SERTAD3
8.02291368504358e-18	0.464812669050567	0.25	0.184	2.46520068800334e-13	c5	AREG
8.12163109188762e-18	0.401168518189411	0.292	0.225	2.49553358560431e-13	c5	CCSER2
1.00873748892841e-17	0.265690634458286	0.427	0.344	3.09954768223033e-13	c5	MBP
1.04535688895044e-17	0.212986525032301	0.502	0.418	3.21206811267802e-13	c5	PDCD4
1.09956904170578e-17	0.846109681894592	0.07	0.038	3.37864579444936e-13	c5	PRR5L
1.219660877196e-17	1.13021521283274	0.041	0.018	3.74765197736015e-13	c5	PLCG2
1.44675699639929e-17	0.269024422665634	0.44	0.358	4.44545022283609e-13	c5	CCNH
1.4608430170339e-17	0.167235414744031	0.639	0.549	4.48873233844006e-13	c5	ITGB2
1.85848853055909e-17	0.294814993744631	0.341	0.268	5.71057770784891e-13	c5	DNAJB9
2.24416169883569e-17	0.108492313566905	0.976	0.961	6.89563565201242e-13	c5	BTG1
2.27944115786145e-17	0.351177112581015	0.336	0.266	7.00403884576088e-13	c5	AKNA
2.32033916542862e-17	0.292335597475059	0.474	0.398	7.12970615361252e-13	c5	GABARAPL2
2.95405060061546e-17	0.337612455772941	0.405	0.327	9.07691128051113e-13	c5	RGS2
3.05812321858038e-17	0.213547005504586	0.672	0.592	9.39669521373192e-13	c5	GUK1
3.38669250197779e-17	0.217897295866838	0.642	0.562	1.04062900508271e-12	c5	HNRNPA0
4.06135574525736e-17	0.272384614307869	0.39	0.311	1.24793277984523e-12	c5	CBLB
4.96309369789575e-17	0.705673111769277	0.115	0.072	1.52500980055243e-12	c5	MAFF
7.77454780550689e-17	0.380478451350247	0.438	0.366	2.3888853041981e-12	c5	CACYBP
1.08451266505853e-16	0.663863934109918	0.129	0.085	3.33238206592533e-12	c5	STX11
1.15515226210166e-16	0.27998099844363	0.524	0.447	3.54943635575977e-12	c5	WIPF1
1.18494961257106e-16	0.393726898645603	0.198	0.141	3.64099467454709e-12	c5	SLAMF6
1.21164226763329e-16	0.394653486464354	0.336	0.268	3.72301319575682e-12	c5	AMD1
1.89476454763666e-16	1.16959476552379	0.024	0.008	5.82204302552316e-12	c5	LOC102467081
2.05949912877297e-16	0.298954788668407	0.389	0.317	6.32822297298072e-12	c5	ARPC5L
2.07115418393567e-16	0.210509151856347	0.307	0.231	6.36403546097913e-12	c5	MATK
2.07941008028769e-16	0.327747798321011	0.466	0.393	6.3894033537e-12	c5	TERF2IP
2.11105127547326e-16	0.774000002471549	0.092	0.055	6.4866272541467e-12	c5	CCL3L1
3.80218654461802e-16	0.675156250917834	0.087	0.052	1.16829785956478e-11	c5	LOC101059954
3.88737990268639e-16	0.538459368412263	0.115	0.073	1.19447522269845e-11	c5	AGTPBP1
6.67108999281844e-16	0.319813997056559	0.257	0.195	2.04982582209332e-11	c5	KIF2A
7.34756586390258e-16	0.149610484813564	0.893	0.864	2.25768656300135e-11	c5	RPS26
8.36068621994374e-16	0.256519562859747	0.503	0.43	2.56898805480211e-11	c5	CDC42SE2
8.44965524099429e-16	0.597089315040677	0.152	0.105	2.59632556590031e-11	c5	ISG20L2
8.65381903020942e-16	0.507950160396179	0.224	0.168	2.65905897341245e-11	c5	GRPEL1
1.02832762359156e-15	0.466549663594894	0.147	0.099	3.15974228900978e-11	c5	ADRB2
1.13299230473217e-15	1.06089567333921	0.037	0.016	3.48134545475053e-11	c5	FAM49A
1.33716232780067e-15	0.271094261907908	0.295	0.227	4.10869868463312e-11	c5	TPST2
1.61113354955361e-15	0.667351204841151	0.12	0.078	4.95053005771337e-11	c5	COQ7
1.69688144608687e-15	0.874967387716701	0.052	0.026	5.21400761939114e-11	c5	CLCF1
2.02349295260953e-15	1.15491300484629	0.025	0.009	6.21758679548332e-11	c5	TCF7L2
2.63057849532256e-15	1.21417601096474	0.032	0.014	8.08297854257763e-11	c5	C12orf42
3.96295118647698e-15	0.444858042761095	0.214	0.159	1.21769601106878e-10	c5	JMJD6
4.03998689552314e-15	0.230848815108358	0.172	0.119	1.2413667733874e-10	c5	PTGDR
4.04427860462544e-15	0.362347914963882	0.239	0.18	1.24268548684326e-10	c5	ZNF394
4.39332008466712e-15	0.396830885919107	0.262	0.202	1.34993546241567e-10	c5	ZC3H12A
4.89330509087931e-15	0.230110506964252	0.39	0.317	1.50356585527449e-10	c5	KMT2E-AS1
5.05379431965524e-15	0.539018666054323	0.145	0.1	1.55287938060047e-10	c5	USP11
8.88371344402491e-15	0.586116587306012	0.155	0.109	2.72969862994554e-10	c5	GGA2
9.6847775732171e-15	1.97085072690422	0.012	0.003	2.97584160492242e-10	c5	MIR181A2HG
1.00814779147829e-14	0.341099485084233	0.227	0.169	3.09773571887534e-10	c5	PTPN4
1.35569605478087e-14	0.59218926003111	0.112	0.072	4.16564726752519e-10	c5	ZBTB10
2.03563383030518e-14	0.449867932500718	0.207	0.154	6.25489207037874e-10	c5	MTFP1
2.19954452790988e-14	0.248450367132139	0.505	0.434	6.75854047090868e-10	c5	IRF1
3.52851288466881e-14	1.44029023195331	0.019	0.007	1.08420615407219e-09	c5	CHAC1
4.06601429575348e-14	0.33588590876267	0.28	0.221	1.24936421265617e-09	c5	PIM3
4.21621016621427e-14	0.360763188458132	0.289	0.23	1.29551489777266e-09	c5	TMEM109
4.35954195778568e-14	0.514272513153595	0.148	0.103	1.33955645736881e-09	c5	MIDN
4.96540371201097e-14	0.286734856666858	0.357	0.289	1.52571959858961e-09	c5	PTP4A1
5.91837991216731e-14	0.315252772514962	0.218	0.162	1.81854059561165e-09	c5	KLF12
7.37374626990886e-14	1.17455239346475	0.023	0.009	2.2657310163549e-09	c5	RTP5
7.74719580064199e-14	0.384925915767531	0.213	0.16	2.38048085366326e-09	c5	UTRN
7.79514658944148e-14	0.444172491180597	0.173	0.124	2.39521469253768e-09	c5	ZEB2
8.21521804946104e-14	0.165282574172254	0.453	0.376	2.52429005005789e-09	c5	PARP8
9.17810937499206e-14	1.13998527801129	0.034	0.015	2.82015766765381e-09	c5	FAM169A
1.02931205355694e-13	0.287008744413533	0.29	0.228	3.16276714696439e-09	c5	FAM65B
1.15600428052423e-13	0.855787676940578	0.087	0.055	3.5520543527668e-09	c5	CHPT1
1.20624546852546e-13	0.819911826087066	0.082	0.051	3.70643045113817e-09	c5	SERPINH1
1.2426952903582e-13	0.145666601654639	0.794	0.743	3.81842981868365e-09	c5	RPL27A
1.37535426575857e-13	1.33642450377567	0.021	0.008	4.22605105239637e-09	c5	SLC4A4
1.51616096205092e-13	0.387566926194133	0.225	0.172	4.65870778809387e-09	c5	SMS
1.53930634117825e-13	0.19370455664961	0.555	0.477	4.72982659453841e-09	c5	CCNL1
1.66475141127844e-13	0.23949581620102	0.198	0.144	5.11528166143527e-09	c5	TCF7
1.85760488726003e-13	0.555376069677732	0.144	0.102	5.7078625370839e-09	c5	TRAPPC2P1
1.97606442037135e-13	0.987548013696188	0.032	0.014	6.07185314447504e-09	c5	MMP23B
1.99063968626252e-13	0.364509858940747	0.084	0.051	6.11663856397884e-09	c5	FGR
2.12204223150657e-13	0.28275995901569	0.315	0.253	6.52039916475025e-09	c5	SLC44A2
2.64964481051124e-13	1.93391154716785	0.008	0.002	8.14156360925787e-09	c5	MAP6D1
2.99196464519866e-13	0.156698136381567	0.955	0.93	9.19340976530191e-09	c5	FTL
3.31014812830014e-13	0.542053229051716	0.14	0.098	1.01710921538278e-08	c5	LRIF1
3.5352594350062e-13	0.265629798875969	0.587	0.519	1.08627916659436e-08	c5	SAP18
4.79005903188541e-13	0.235771379695763	0.552	0.487	1.47184143872743e-08	c5	RPL22L1
4.82278908231942e-13	0.747416467528746	0.404	0.335	1.48189840132429e-08	c5	MT2A
5.47030223416263e-13	0.308510740214997	0.252	0.196	1.68085976749115e-08	c5	SNHG16
6.01289048077187e-13	0.715300600623002	0.072	0.043	1.84758085802677e-08	c5	GIMAP8
6.21372684877545e-13	0.324302393754089	0.261	0.203	1.90929184882323e-08	c5	TGIF1
7.70990684948474e-13	1.15526610389805	0.041	0.021	2.36902307764118e-08	c5	ULBP2
8.52906971526223e-13	0.190686129115009	0.272	0.209	2.62072725140863e-08	c5	KLRK1
8.80173084774204e-13	1.07555901887067	0.29	0.236	2.7045078375857e-08	c5	MT1X
9.8891314603573e-13	1.37541921412794	0.023	0.009	3.03863342382399e-08	c5	EGR4
1.27314731924964e-12	0.378611045569181	0.304	0.249	3.91199976785836e-08	c5	TCP1
1.35146805910373e-12	0.905761901948744	0.038	0.018	4.15265590520803e-08	c5	PTPRM
1.56694124663147e-12	0.330028450788455	0.155	0.111	4.81474036852453e-08	c5	PPP2R2B
2.03707640552235e-12	0.530995668894279	0.136	0.097	6.25932467124853e-08	c5	GLA
2.19253580757426e-12	0.605518959156304	0.085	0.054	6.73700477593343e-08	c5	HLA-DQB2
2.32956961397462e-12	0.93226251265494	0.034	0.016	7.15806855285982e-08	c5	EPB41L5
2.51120744982248e-12	0.438993475148636	0.151	0.109	7.71618713106954e-08	c5	GCLM
2.85791814686822e-12	3.00969894045645	0.005	0.001	8.78152508988198e-08	c5	UNC5B-AS1
2.90489942989856e-12	0.280768676465187	0.232	0.179	8.9258844782493e-08	c5	LY9
3.60022129437346e-12	0.172103646177971	0.705	0.647	1.10623999712213e-07	c5	CNBP
4.11218963835749e-12	0.490677537961098	0.155	0.112	1.26355251017811e-07	c5	CD83
4.66023004389781e-12	0.357296318455542	0.249	0.192	1.43194888558848e-07	c5	XCL2
5.05116705345521e-12	0.26509434418167	0.202	0.151	1.55207210051518e-07	c5	S1PR1
5.10639008357209e-12	0.454532062187616	0.103	0.069	1.5690404809792e-07	c5	SIDT1
6.34600190468186e-12	0.41516115162258	0.161	0.118	1.94993600525159e-07	c5	MXD1
7.01840165981007e-12	0.555014289065764	0.115	0.079	2.15654427800984e-07	c5	FAM160B1
7.31838200806313e-12	0.267617191478979	0.302	0.243	2.24871923961756e-07	c5	C5orf56
7.43355772821550e-12	0.423410581924743	0.177	0.132	2.28410928314878e-07	c5	ORAI1
7.86426475224905e-12	0.380968130619205	0.307	0.252	2.41645263042357e-07	c5	HERPUD2
8.22564238923196e-12	0.459584330982548	0.156	0.114	2.52749313693931e-07	c5	BTN3A3
8.81373862741421e-12	0.350408835825579	0.241	0.19	2.70819746804556e-07	c5	DNAJB4
9.97732802445981e-12	1.35427216390717	0.02	0.008	3.06573358207577e-07	c5	CCRN4L
1.18781444574379e-11	1.21932007365762	0.025	0.011	3.64979744743694e-07	c5	CDHR3
1.192618553347e-11	3.19717368617559	0.004	0	3.66455902886932e-07	c5	ADAM29
1.19328784538561e-11	0.478279412190384	0.171	0.128	3.66661556251637e-07	c5	VPS37B
1.2137955955253e-11	0.401867398142241	0.24	0.19	3.72962972637058e-07	c5	EIF4A3
1.29585208194044e-11	0.106290576387235	0.965	0.948	3.98176469217839e-07	c5	RNR1
1.30059018812207e-11	0.337320628632982	0.368	0.309	3.99632347104268e-07	c5	IFNG
1.32616551181163e-11	0.326751307932271	0.314	0.258	4.0749087681436e-07	c5	CNOT6L
1.46886308997665e-11	0.186553987518458	0.533	0.472	4.51337561657125e-07	c5	TAPBP
1.46892050907953e-11	0.29885129200842	0.218	0.168	4.51355204824867e-07	c5	OFD1
1.48429383105938e-11	0.339569812898054	0.296	0.241	4.56078965469614e-07	c5	GCC2
1.50392096473374e-11	0.270811484377088	0.238	0.185	4.62109794833735e-07	c5	ARAP2
1.66072737873445e-11	0.196298588893569	0.523	0.457	5.10291701663734e-07	c5	RHOH
1.75487250617057e-11	1.15864677056735	0.013	0.004	5.39219674971031e-07	c5	ZNF532
1.81406975319223e-11	0.442977879045192	0.146	0.106	5.57409213063375e-07	c5	KDM6B
1.95345200415097e-11	0.479065565703266	0.058	0.034	6.00237197315469e-07	c5	PLXDC1
2.30150667402152e-11	2.29189128037696	0.01	0.003	7.07183955726591e-07	c5	B3GNT5
2.53801541858938e-11	0.41619456229679	0.153	0.111	7.79855997669958e-07	c5	HLA-DRB3
2.58259526010758e-11	1.3050455284435	0.028	0.013	7.93554045573257e-07	c5	RND1
2.93441277262208e-11	0.244087005965652	0.534	0.471	9.01657012643585e-07	c5	SQSTM1
3.17078735246013e-11	0.263958672776845	0.241	0.189	9.74287829790423e-07	c5	AP3S1
4.16101156297858e-11	0.439371189019991	0.127	0.089	1.27855402295643e-06	c5	PTPRE
4.33646696612054e-11	0.348920670672606	0.236	0.188	1.33246620467986e-06	c5	OTUD6B-AS1
5.27730727724097e-11	0.266596377760297	0.288	0.235	1.62155820707783e-06	c5	ALKBH5
5.45363290250826e-11	0.223761102852793	0.363	0.304	1.67573778195371e-06	c5	SNHG12
5.7408739227295e-11	0.396624307919991	0.133	0.095	1.76399833023709e-06	c5	SFI1
6.02516504138806e-11	0.270968397915193	0.253	0.203	1.85135246226731e-06	c5	CNOT2
6.32426794076782e-11	0.219908031906881	0.432	0.372	1.94325781015973e-06	c5	WSB1
7.25294560479862e-11	0.525136125727843	0.102	0.07	2.22861259598647e-06	c5	SEC24C
7.74750728038237e-11	0.142771563663465	0.735	0.665	2.38057656204309e-06	c5	LOC101929876
8.40790949700622e-11	0.407674355534469	0.202	0.157	2.5834983511451e-06	c5	ALG13
9.02391142071372e-11	0.42157592068406	0.103	0.07	2.77277726224271e-06	c5	CD81
1.00562518423264e-10	0.323564278473461	0.262	0.212	3.08998450359163e-06	c5	STARD7
1.05120022655322e-10	0.199898929062358	0.291	0.233	3.23002293613007e-06	c5	KCNA3
1.12192238967881e-10	0.442116727850795	0.154	0.115	3.44733092676609e-06	c5	NIN
1.22043760772031e-10	0.563833743085793	0.086	0.056	3.7500386372422e-06	c5	RIPK2
1.26145852192025e-10	0.47553628765378	0.105	0.072	3.87608360030435e-06	c5	LEMD3
1.40359672394936e-10	0.700458538979931	0.036	0.018	4.31283165367921e-06	c5	KCNQ1OT1
1.40739252501036e-10	0.523495790760288	0.167	0.127	4.32449501159932e-06	c5	KPNA2
1.50658184712864e-10	0.194921750520326	0.344	0.285	4.62927404167217e-06	c5	CHD2
1.73136925276362e-10	0.230687743694685	0.182	0.136	5.31997830296678e-06	c5	LOC100996919
1.83602407229863e-10	1.10381396851857	0.028	0.013	5.64155116695201e-06	c5	MPP6
1.84377655282418e-10	0.25060287106513	0.289	0.236	5.66537221386286e-06	c5	RNF19A
2.06883191922364e-10	0.225724542504491	0.41	0.354	6.35689983819847e-06	c5	DNAJB6
2.19980817800645e-10	0.95388875493824	0.03	0.015	6.7593505885604e-06	c5	RASL11A
2.43142967372614e-10	0.541770758636132	0.044	0.024	7.4710539584583e-06	c5	CST3
2.58172141404261e-10	0.874879868345088	0.032	0.016	7.93285538892872e-06	c5	SMARCD3
2.73064496296024e-10	0.574234503384918	0.073	0.047	8.39045277768793e-06	c5	ETS2
2.73167421050704e-10	1.90933078612891	0.018	0.007	8.39361534662499e-06	c5	HSPA7
2.75680014749722e-10	0.937842628511339	0.039	0.021	8.4708198132147e-06	c5	SEMA4A
2.8100868632732e-10	0.176118591201154	0.437	0.376	8.63455390477956e-06	c5	TRA2B
2.8721189204469e-10	0.399465607773122	0.182	0.141	8.82515980685719e-06	c5	THUMPD1
2.89198620059415e-10	0.155874724130851	0.581	0.512	8.88620599856564e-06	c5	RBM39
2.8945919957781e-10	1.3604037986517	0.021	0.009	8.89421282542737e-06	c5	SLC30A1
2.90413416540269e-10	0.213487901533942	0.382	0.322	8.92353305003284e-06	c5	STOM
3.41750505234829e-10	0.881725488235224	0.04	0.022	1.05009677743506e-05	c5	ERRFI1
4.16171025722265e-10	4.2519659237002	0.002	0	1.2787687107368e-05	c5	SP6
4.16328404221342e-10	0.189758202082155	0.423	0.366	1.27925228765092e-05	c5	TECR
4.8411512227671e-10	0.710246254921223	0.065	0.041	1.48754053621965e-05	c5	METRNL
5.13282550651444e-10	1.66730995945763	0.018	0.008	1.57716329338669e-05	c5	SLC35G2
5.56416557977304e-10	0.56534638097871	0.098	0.068	1.70970115769686e-05	c5	ETV3
5.6951057236337e-10	0.468592748662759	0.148	0.11	1.74993513570093e-05	c5	SIPA1
5.72915840268642e-10	0.178082194317789	0.606	0.541	1.76039850239346e-05	c5	EIF3G
5.73048357064458e-10	0.58188030174356	0.068	0.044	1.76080568675196e-05	c5	RASD1
5.77204141414989e-10	0.208906016045062	0.584	0.52	1.77357516532584e-05	c5	TRMT112
5.83209501832578e-10	0.115996273936295	0.81	0.764	1.79202783628096e-05	c5	CALM1
6.04017144067988e-10	0.287620991619979	0.259	0.211	1.85596347857771e-05	c5	MKRN1
6.09564864282443e-10	1.24342674018528	0.023	0.01	1.87300995848066e-05	c5	A2M-AS1
6.36291151394898e-10	0.370672553314231	0.103	0.071	1.9551318208911e-05	c5	LOC101929734
7.54900626934296e-10	0.227540234388693	0.415	0.361	2.31958315638101e-05	c5	ARL6IP1
7.77320041454785e-10	0.46992437553752	0.113	0.081	2.38847129137812e-05	c5	PRR7
7.9197610812887e-10	0.12978062223346	0.646	0.57	2.43350498744758e-05	c5	UQCRB
8.83421926399512e-10	0.384430942911155	0.228	0.184	2.71449055324778e-05	c5	CHD1
8.97708499897314e-10	1.43326853134489	0.011	0.004	2.75838890763448e-05	c5	FBXW4P1
9.43293519241765e-10	0.627186295217106	0.054	0.032	2.89845799657417e-05	c5	HIST1H3A
9.72086520361045e-10	0.30835155610913	0.226	0.181	2.98693025111338e-05	c5	NFATC2
1.06311142713638e-09	0.317384349423739	0.211	0.166	3.26662248216196e-05	c5	ILF3-AS1
1.06823552278853e-09	0.41492635885478	0.143	0.107	3.28236729087232e-05	c5	CD84
1.23399293268985e-09	1.35203994755045	0.01	0.003	3.7916900842761e-05	c5	IL12A
1.56410723130996e-09	0.320162387345482	0.119	0.085	4.80603228964611e-05	c5	TSC22D2
1.66490921007492e-09	0.886765466695203	0.032	0.017	5.11576652979721e-05	c5	PDGFD
1.70976265004035e-09	0.329036861257328	0.152	0.114	5.25358769477898e-05	c5	TARP
1.74624884763494e-09	0.553636133265663	0.097	0.068	5.36569883412788e-05	c5	TMEM39A
1.76881280757308e-09	0.239781395407049	0.357	0.307	5.4350311138298e-05	c5	OPTN
1.87762844055612e-09	0.303614627282921	0.121	0.087	5.7693889092968e-05	c5	TGFBR3
1.95071658801861e-09	0.376289712607901	0.069	0.045	5.99396686000479e-05	c5	YES1
2.00639516032245e-09	0.236209898937286	0.321	0.271	6.1650504091228e-05	c5	PPP3CC
2.08707649226406e-09	0.16995052479407	0.184	0.14	6.41295993777977e-05	c5	PLAC8
2.37849311489796e-09	0.63464985249997	0.063	0.04	7.30839579414698e-05	c5	TRIM39
2.62255029356206e-09	0.198507700436836	0.454	0.401	8.05831028702815e-05	c5	SFPQ
2.86731528192726e-09	0.473788883726381	0.139	0.105	8.81039966677788e-05	c5	OAT
2.86976196318812e-09	0.239312004843505	0.408	0.354	8.81791758428815e-05	c5	UBE2B
2.98613362911066e-09	0.311064490144102	0.223	0.179	9.17549280216833e-05	c5	CDK17
3.25758246932016e-09	0.531159713097098	0.069	0.045	0.000100095736534801	c5	GSE1
3.58167510516347e-09	0.451784432161926	0.075	0.05	0.000110054130956358	c5	EPHA1
3.64951704110915e-09	0.402681237994999	0.121	0.088	0.000112138710122161	c5	PIP4K2A
4.33276161125312e-09	0.164087867306586	0.547	0.485	0.000133132766028975	c5	RBM8A
4.72077697597287e-09	0.772253039838453	0.039	0.022	0.000145055314140718	c5	RNU5A-1
5.076384618314e-09	0.703851414690308	0.039	0.022	0.000155982070166934	c5	IL15
5.09538712427965e-09	0.312779615212141	0.182	0.142	0.000156565960167741	c5	NEK7
5.13763450210295e-09	0.226474695314481	0.349	0.298	0.000157864095346117	c5	RSRC2
5.35357736651531e-09	0.639526286642167	0.062	0.04	0.000164499371740916	c5	ZNF669
5.45014514639724e-09	0.464211752664699	0.098	0.069	0.000167466609913348	c5	ERO1LB
5.94625399384688e-09	0.11613962621135	0.421	0.359	0.000182710546468933	c5	GIMAP7
6.81192640661544e-09	0.291437492099213	0.113	0.081	0.000209310062696073	c5	CD300A
7.4858296415251e-09	0.140057032512125	0.562	0.502	0.000230017087395142	c5	CNN2
7.50253984683343e-09	0.159684002488821	0.434	0.379	0.000230530541873651	c5	LBH
7.56174365407908e-09	0.213546936828971	0.276	0.228	0.000232349697258888	c5	DGCR6L
7.81247952384598e-09	0.309830694401594	0.152	0.115	0.000240054058329215	c5	MIB2
8.17125766699252e-09	0.138841979240967	0.642	0.587	0.000251078234333679	c5	MCL1
8.64074089774236e-09	0.371468495918959	0.097	0.069	0.000265504045564929	c5	CLIP4
8.84245245191482e-09	0.441857628670991	0.061	0.039	0.000271702036489987	c5	SLC25A4
9.00441009032543e-09	0.262527323278833	0.16	0.122	0.00027667850884543	c5	SNORA78
9.18913562260433e-09	0.297270265269609	0.093	0.065	0.000282354570275763	c5	TMEM63A
1.01170910542865e-08	0.106439718106624	0.528	0.467	0.00031086785682506	c5	SUN2
1.17225004874751e-08	8.80104252358343	0.001	0	0.000360197272478649	c5	SLC6A4
1.17225004874751e-08	6.56073331694936	0.001	0	0.000360197272478649	c5	OR2L3
1.19461179794343e-08	0.298796735364337	0.211	0.17	0.000367068367154077	c5	RANBP2
1.29312558748785e-08	0.805494384398413	0.043	0.025	0.000397338699267392	c5	PIK3R3
1.33988013169154e-08	0.567624090777036	0.051	0.032	0.000411704968064859	c5	ARHGAP26
1.44876913286012e-08	0.247884902020054	0.199	0.157	0.000445163291453928	c5	RNF139
1.45718705237837e-08	0.185571888215193	0.479	0.428	0.000447749865584301	c5	MAP1LC3B
1.6182320211163e-08	0.209893735943259	0.208	0.167	0.000497234153128406	c5	SLC20A1
1.62486145309003e-08	0.284425926763919	0.25	0.208	0.000499271178690975	c5	MAT2A
1.63466994707553e-08	0.12193296119565	0.616	0.555	0.000502285034637897	c5	PCED1B-AS1
1.63579659424665e-08	0.151234728903733	0.668	0.616	0.000502631219514168	c5	PTGES3
1.70719326862567e-08	0.233159841257925	0.243	0.197	0.000524569275650611	c5	GRK6
1.76331874556606e-08	0.553036858738943	0.068	0.045	0.000541814950950084	c5	DHCR7
1.82299679103708e-08	0.636610128890796	0.047	0.029	0.000560152223981965	c5	GTSF1
1.82676914706759e-08	0.365060742826048	0.203	0.164	0.000561311355819458	c5	ARL4A
1.96155300895294e-08	0.144929600571134	0.521	0.461	0.000602726393060969	c5	EIF4G2
2.20120233050349e-08	0.180242678578233	0.249	0.204	0.000676363440093808	c5	IRF3
2.30337408790945e-08	1.73275673022709	0.01	0.003	0.000707757755991938	c5	DLX2
2.34659116772687e-08	0.47536139510212	0.102	0.074	0.000721037068107435	c5	RNF168
2.38697552852497e-08	0.560267015944662	0.094	0.067	0.000733445970649866	c5	TWISTNB
2.48412359042221e-08	0.144034564761226	0.584	0.527	0.000763296655629033	c5	SERP1
2.52427344507135e-08	0.167705079177453	0.396	0.344	0.000775633501467073	c5	SMCHD1
2.56827424167393e-08	0.376721488749763	0.204	0.166	0.000789153626239147	c5	DEDD2
2.65227519892597e-08	0.250527666540214	0.304	0.259	0.000814964600373983	c5	FAM177A1
2.94433220886251e-08	0.617732169068047	0.062	0.041	0.000904704957817184	c5	HLA-DMB
3.15286212674785e-08	0.567102744462586	0.096	0.069	0.000968779945685812	c5	ACOT9
3.59371320867256e-08	0.340444782159099	0.105	0.077	0.00110424025762882	c5	MVB12B
3.67735293367961e-08	0.259265338545624	0.262	0.22	0.00112994023593173	c5	COQ10B
3.8002777570004e-08	1.11463917371741	0.019	0.009	0.00116771134639351	c5	SNORA48
3.80862573202202e-08	0.237588113403162	0.217	0.176	0.00117027642867841	c5	GIMAP2
3.94220986167419e-08	0.435338450317298	0.1	0.072	0.00121132282419663	c5	CPNE7
3.97582914068832e-08	0.499576244269229	0.044	0.026	0.0012216530200593	c5	TTC16
4.18407678861223e-08	0.630887101620328	0.058	0.038	0.00128564127483688	c5	LOC102724889
4.38534464359016e-08	0.34273175517004	0.128	0.096	0.00134748484863595	c5	HCG18
4.41026916026534e-08	0.350168944587705	0.173	0.136	0.00135514340487473	c5	TRPC4AP
4.54506449263777e-08	0.576512557437892	0.044	0.027	0.00139656196665281	c5	MYO6
5.05530425797868e-08	0.173671688635094	0.37	0.32	0.00155334333934911	c5	SLC38A1
5.09956925556648e-08	0.163324007378503	0.416	0.365	0.00156694464515791	c5	EMD
5.50492812019284e-08	0.390434676836027	0.176	0.14	0.00169149926349165	c5	COA1
5.5908376100041e-08	0.27855739362993	0.269	0.227	0.00171789667242596	c5	IDI1
5.87472694080939e-08	0.200656186717211	0.295	0.25	0.0018051273471025	c5	HNRNPLL
6.29484180527204e-08	0.35700772350998	0.071	0.048	0.00193421604150594	c5	LOC102724364
6.30332462816664e-08	0.569597340711611	0.077	0.054	0.00193682255849676	c5	ZNF92
6.8060576316893e-08	0.591777742372341	0.054	0.034	0.00209129732848917	c5	HIST1H3D
6.99299414064855e-08	1.68238893438423	0.01	0.003	0.00214873730959708	c5	ATP9A
7.03380394103074e-08	0.138065800781555	0.108	0.077	0.00216127693696052	c5	S1PR5
7.22780292147369e-08	0.427713280550237	0.081	0.057	0.00222088700368122	c5	ZBTB7A
7.38892808721583e-08	0.208685884877726	0.347	0.301	0.00227039593335881	c5	IL16
7.57486735180581e-08	0.233842309211104	0.241	0.197	0.00232752949118937	c5	SERPINB9
7.74869308562398e-08	0.123223913024456	0.343	0.291	0.00238094092441968	c5	SNHG1
7.98573114759541e-08	0.103552441089568	0.598	0.536	0.00245377560972164	c5	SNHG6
8.24445650343324e-08	0.559823183506903	0.077	0.054	0.00253327414980993	c5	GXYLT1
8.62767629226819e-08	3.67758044258769	0.001	0	0.00265102609432525	c5	OMG
8.96312026690589e-08	0.324340554885842	0.096	0.069	0.00275409796441217	c5	STAG3L5P-PVRIG2P-PILRB
9.41478092411855e-08	0.502410799713937	0.056	0.036	0.00289287973455391	c5	HIST1H2BC
1.28603201702656e-07	0.926140869277231	0.03	0.016	0.0039515905787175	c5	BZRAP1
1.34108744251191e-07	0.337343190917263	0.202	0.166	0.00412075938460635	c5	CHORDC1
1.40282834843695e-07	0.279206051700216	0.141	0.109	0.00431047066624221	c5	GLTP
1.47072102424367e-07	1.24433411710709	0.009	0.003	0.00451908449119352	c5	TLR3
1.472187436654e-07	0.502997791392988	0.054	0.035	0.00452359033660675	c5	FAM84B
1.5275956711893e-07	0.569011700794794	0.065	0.044	0.00469384321886336	c5	SLFN11
1.58461088830579e-07	0.810707535203421	0.039	0.023	0.00486903387649721	c5	HSPA2
1.63694068870013e-07	0.458752744156179	0.049	0.031	0.0050298276541689	c5	CHN2
1.98494486700975e-07	0.208020593296704	0.371	0.324	0.00609914009286087	c5	ARF4
1.9871060020337e-07	0.502872157137746	0.077	0.054	0.00610578061244894	c5	KLHL18
2.05732856255195e-07	0.866866738953953	0.033	0.019	0.00632155347415336	c5	SPRY2
2.11033239245914e-07	3.82698766560661	0.001	0	0.00648441834230921	c5	LOC101927824
2.18111697271375e-07	0.19847668572803	0.217	0.178	0.00670191812205753	c5	SBDSP1
2.59627200187837e-07	0.517041825054912	0.084	0.06	0.00797756498017167	c5	LRMP
2.76820446649492e-07	0.400970677535743	0.071	0.049	0.00850586186419895	c5	KDM7A
2.83224596529847e-07	0.164095613387398	0.237	0.195	0.00870264217757261	c5	TBX21
2.94756545328594e-07	0.698830208072886	0.031	0.017	0.00905698436831172	c5	TYW1B
3.03764651125967e-07	0.180888415090557	0.368	0.322	0.00933377643514757	c5	TAF7
3.13753727751129e-07	0.124870290634642	0.6	0.542	0.00964071079260893	c5	ATP6V0C
3.23353993578133e-07	1.04549832822706	0.024	0.013	0.00993569816067529	c5	PRMT5-AS1
3.37802743259156e-07	0.673813092918862	0.039	0.023	0.0103796648921241	c5	JAKMIP2
3.41301211834982e-07	0.403339703532388	0.1	0.074	0.0104871623360535	c5	RABEP1
3.66835257866833e-07	0.643748305390119	0.042	0.026	0.0112717469684742	c5	RNU12
3.706757774536e-07	0.198895116477985	0.34	0.297	0.0113897546138168	c5	C19orf66
3.82655441626186e-07	0.4853362315844	0.067	0.046	0.0117578537548478	c5	BAZ2B
3.83335311338338e-07	0.261882920282364	0.227	0.189	0.0117787441114931	c5	SMARCA5
3.94853021611419e-07	0.578642927014032	0.051	0.033	0.0121326487950541	c5	ELL2
4.20478401106953e-07	0.429764674515134	0.061	0.041	0.0129200398308134	c5	TBC1D19
4.41534539677368e-07	0.915072257186584	0.012	0.005	0.0135670318006665	c5	CNR2
4.52984624637898e-07	0.767485246259328	0.027	0.015	0.0139188585612487	c5	CPNE8
4.60398950054255e-07	0.275319941677608	0.211	0.175	0.0141466785383171	c5	FAM102A
4.61145200443495e-07	0.217226747407802	0.15	0.118	0.0141696085740273	c5	THAP9-AS1
4.95815369131923e-07	0.559762215382892	0.064	0.044	0.0152349188473166	c5	HIST1H2AM
5.04738351407588e-07	0.236789404595116	0.232	0.193	0.015509095323701	c5	GABARAPL1
5.05157060842376e-07	0.32115004916986	0.087	0.063	0.0155219610085037	c5	HAGHL
5.0573450091785e-07	0.364667536463191	0.104	0.078	0.0155397040097028	c5	LOC100996756
5.07384364029721e-07	0.211940203384779	0.199	0.162	0.0155903993535412	c5	ISCA1
5.10510906071125e-07	1.30172117648202	0.015	0.007	0.0156864686108475	c5	LOC102723797
5.11669207334992e-07	0.396460763249984	0.056	0.037	0.0157220597337823	c5	ACSL6
5.31272058068668e-07	0.420407782034403	0.106	0.08	0.016324396528276	c5	KIF21A
5.37358591765818e-07	0.413768215456116	0.047	0.03	0.0165114174491883	c5	LOC102724797
5.90685511656103e-07	0.187454707336869	0.312	0.271	0.0181499937166571	c5	BCLAF1
6.184022125843e-07	0.246813129516208	0.196	0.161	0.0190016447860778	c5	DAXX
6.20141370556971e-07	0.317259612792369	0.162	0.129	0.019055083893104	c5	SETD2
6.22518517815671e-07	0.227205882184085	0.235	0.197	0.0191281264969221	c5	LYSMD2
6.27756723547575e-07	1.36727831899387	0.006	0.002	0.0192890808444463	c5	ATP8A2
6.36739954017791e-07	0.266738316592716	0.16	0.128	0.0195651085671047	c5	USP36
6.88040696904458e-07	3.9027836910781	0.001	0	0.0211414264937833	c5	ATP6V1B1-AS1
7.0198485547064e-07	0.659431379992237	0.022	0.011	0.0215698886540464	c5	DMKN
7.53540007138222e-07	0.510413044188276	0.052	0.034	0.0231540237993361	c5	SNX18
7.97003903757795e-07	0.510739547235433	0.071	0.05	0.0244895389507658	c5	ZNF274
8.12235914787194e-07	0.127136945554269	0.238	0.197	0.0249575729536661	c5	ATF7IP
8.17727930330443e-07	0.513870267500796	0.055	0.037	0.0251263261152635	c5	BAG2
8.2999158996474e-07	0.174660812629868	0.233	0.194	0.0255031515848466	c5	DNAJC1
8.75463791498637e-07	1.53640762182078	0.009	0.003	0.0269003759213786	c5	LOC100996324
8.95653246166626e-07	0.208265210414739	0.253	0.214	0.0275207372949619	c5	CASP4
9.11516480994109e-07	0.168455212777972	0.236	0.197	0.028008166911506	c5	ICAM2
9.6826822543921e-07	0.671624310391403	0.039	0.024	0.0297519777630706	c5	LOC101927369
9.75880754823367e-07	0.23902132714694	0.175	0.141	0.0299858879534576	c5	PLA2G16
9.76551920270605e-07	2.27087918840425	0.003	0	0.0300065108541549	c5	ACHE
9.80268724950247e-07	0.405413285073333	0.07	0.049	0.0301207171115462	c5	GPN3
9.83300877376931e-07	0.249386017954861	0.107	0.081	0.0302138860591609	c5	LYSMD3
1.02339746612172e-06	0.974414760849273	0.015	0.007	0.0314459339415221	c5	HLA-DOA
1.03360587277183e-06	0.108356180521744	0.599	0.544	0.03175960765266	c5	ISG20
1.03405709758458e-06	0.300469340326348	0.16	0.128	0.0317734724374814	c5	GNL1
1.05069909853047e-06	0.234824472095914	0.19	0.155	0.0322848312005456	c5	EPB41
1.11240708935304e-06	0.132049979492488	0.47	0.421	0.0341809326345509	c5	RSRP1
1.22113137616832e-06	0.278806245583698	0.159	0.127	0.0375217037955241	c5	MAPK1
1.25953377182781e-06	1.99942725232929	0.007	0.002	0.038701694206953	c5	PHLDB1
1.26333769767779e-06	0.306549123870225	0.17	0.138	0.0388185774365456	c5	HLA-DRB1
1.26748872106413e-06	0.375969635603131	0.071	0.05	0.0389461259321376	c5	FLJ38717
1.29825176643213e-06	0.588765646986259	0.028	0.016	0.0398913820271601	c5	HIST1H4B
1.30167584523893e-06	0.205569610946652	0.253	0.215	0.0399965936966566	c5	RNF114
1.33867382349447e-06	0.170609542409556	0.252	0.212	0.0411334305745146	c5	LBR
1.37734514699503e-06	2.45718919645387	0.003	0.001	0.0423216843317163	c5	INTS4L2
1.37864577326634e-06	0.1708822139668	0.287	0.246	0.0423616486751549	c5	DDX18
1.37902399909664e-06	0.168681750793268	0.417	0.37	0.0423732704202423	c5	NEAT1
1.44463020255207e-06	0.48723393380826	0.074	0.053	0.0443891522338175	c5	ZNF10
1.52340646250102e-06	0.262132925019214	0.142	0.112	0.0468097103732689	c5	SENP7
1.52793267412872e-06	0.314647645839307	0.092	0.068	0.0469487872779532	c5	NPC1
1.53553497165017e-06	0.173177215285175	0.386	0.342	0.0471823830738947	c5	HNRNPU
