p_val	avg_log2FC	pct.1	pct.2	p_val_adj	cluster	gene
0	1.71974548513805	0.786	0.258	0	c2	CD40LG
0	1.26784647417703	0.936	0.479	0	c2	KLRB1
0	1.55024596997458	0.779	0.337	0	c2	LGALS3
0	1.41119274138662	0.983	0.564	0	c2	ANXA1
0	1.11261669862836	0.72	0.33	0	c2	AQP3
0	1.19580133282889	0.989	0.619	0	c2	IL7R
0	1.49766803497796	0.511	0.16	0	c2	CCR6
0	2.00473775068024	0.542	0.204	0	c2	TNF
0	1.51003119761102	0.951	0.617	0	c2	FOSB
0	1.86614028966588	0.461	0.148	0	c2	AC020571.1
0	1.03138563191948	0.931	0.652	0	c2	S100A11
0	2.4490407091974	0.344	0.068	0	c2	TNFSF13B
0	2.14582127931453	0.358	0.089	0	c2	IL2
0	1.12230404025124	0.993	0.757	0	c2	S100A4
0	3.07289818486349	0.236	0.032	0	c2	IL4I1
0	1.46494792832025	0.94	0.744	0	c2	JUN
0	2.51410571154844	0.216	0.03	0	c2	IL23R
0	1.34382271523015	0.997	0.82	0	c2	FOS
0	1.02644376277273	0.996	0.853	0	c2	VIM
0	1.10834981513	0.995	0.879	0	c2	DUSP1
0	0.614482724426094	1	0.926	0	c2	RPLP0
0	0.587405282844536	1	0.94	0	c2	TPT1
0	0.651821031564843	1	0.948	0	c2	RPLP1
0	0.528848723674108	1	0.956	0	c2	EEF1A1
7.15150182253744e-307	0.948899832435987	0.976	0.835	2.39847068124261e-302	c2	TNFAIP3
1.94529038342215e-295	0.828290733420288	0.975	0.785	6.5241148879212e-291	c2	IFITM2
4.90674335986869e-291	1.17199911997788	0.805	0.472	1.64562358803276e-286	c2	MYADM
6.84413614739907e-288	1.88000825309975	0.307	0.074	2.2953863811147e-283	c2	CCR2
5.0047580270775e-287	0.448550693379541	1	0.954	1.67849574712125e-282	c2	RPL10
2.26117530530671e-284	0.916741732008932	0.942	0.704	7.58352973893765e-280	c2	PPP1R15A
6.65727984375624e-278	1.34784224334275	0.773	0.474	2.23271851399897e-273	c2	NR4A1
2.31775824490016e-272	0.73664796559288	0.972	0.778	7.77329760174617e-268	c2	S100A6
4.9812132518537e-272	1.66740331151761	0.363	0.107	1.67059930040669e-267	c2	DPP4
5.86578022487099e-269	0.888530852520787	0.814	0.463	1.96726537181723e-264	c2	AHNAK
6.20047897386457e-258	0.440234714633196	1	0.92	2.0795166382547e-253	c2	RPS14
7.3506273589053e-257	0.931926592092863	0.988	0.896	2.46525340362966e-252	c2	CD69
1.35378525120334e-247	0.4094839460934	1	0.927	4.54032497548577e-243	c2	RPS27A
9.95389920281031e-246	0.9397760675124	0.603	0.252	3.33833871463852e-241	c2	CD4
8.48514701381373e-236	1.51744303828312	0.26	0.062	2.84574860549285e-231	c2	PLCB1
1.41090994951154e-233	0.416147490055713	1	0.93	4.73190978867182e-229	c2	RPS12
1.38853088806002e-229	0.511318079492129	0.998	0.887	4.6568548923757e-225	c2	EEF1B2
2.18855133077665e-227	1.87050616184988	0.509	0.243	7.33996345315871e-223	c2	EGR1
2.57730530902552e-227	0.437847572440982	1	0.921	8.64376654540978e-223	c2	RPL3
6.35181564930356e-226	0.389653172923446	1	0.926	2.13027193246343e-221	c2	RPL32
3.22938674152735e-220	0.801712492403586	0.881	0.601	1.08307172537344e-215	c2	EMP3
8.07876202708998e-215	0.527696122920046	0.993	0.862	2.70945520864544e-210	c2	EEF1G
1.05814190300406e-213	0.398691696211787	1	0.922	3.54879631429503e-209	c2	RPS25
1.20237681858908e-213	0.51624283850261	0.992	0.878	4.03253137418406e-209	c2	ITM2B
2.49083794272542e-212	0.93190090334828	0.752	0.476	8.35377229231252e-208	c2	TTC39C
2.9894892471574e-212	1.60698898268857	0.288	0.082	1.00261490371165e-207	c2	SPART
7.70679995420113e-212	0.77374511022596	0.72	0.406	2.58470656863997e-207	c2	AC020916.1
3.87102519771312e-208	1.23227898464468	0.501	0.225	1.29826443080903e-203	c2	TIMP1
1.89996139333853e-207	2.74106072220211	0.114	0.013	6.37209052097876e-203	c2	SLC4A10
1.08652477472998e-204	0.688529845664914	0.956	0.737	3.64398678948941e-200	c2	S100A10
1.70237824947273e-201	0.517038229341101	0.996	0.887	5.70943617308164e-197	c2	CALM1
1.04405130064785e-200	1.23445480966177	0.876	0.668	3.50153925211277e-196	c2	NFKBIA
7.81613342407805e-199	0.864890594123319	0.82	0.557	2.6213748277673e-194	c2	CSRNP1
5.79683575045415e-198	0.448800200665746	1	0.91	1.94414277398731e-193	c2	RPSA
2.99348821604386e-197	1.00297746687112	0.457	0.189	1.00395607789679e-192	c2	MYBL1
2.04562597801967e-196	0.360539711944343	1	0.925	6.86062040508236e-192	c2	RPS3A
1.87152319157335e-194	1.26936082967912	0.613	0.347	6.27671447989872e-190	c2	PNP
3.48870020171886e-192	0.413626071054439	0.999	0.907	1.17004027365247e-187	c2	RPL9
1.14914573873368e-191	1.05162205296898	0.564	0.274	3.85400497856502e-187	c2	CAPG
2.69538655049761e-191	0.691781450527172	0.981	0.855	9.0397874130589e-187	c2	KLF6
8.2245109872847e-190	1.16905925778349	0.509	0.237	2.75833649491554e-185	c2	DYNLT3
2.01713688096977e-188	0.386977964236677	1	0.924	6.7650736713964e-184	c2	RPL34
7.81867068561672e-187	0.434751872568848	0.999	0.904	2.62222577454214e-182	c2	RPL35
2.72310698744054e-183	0.769658641371477	0.758	0.44	9.13275621447807e-179	c2	GPR183
4.79268152488692e-181	0.69694622418761	0.963	0.841	1.60736952981657e-176	c2	TSC22D3
9.53283264738476e-178	0.381773937932522	1	0.927	3.1971214132799e-173	c2	RPS18
1.11832684283266e-177	0.402390269871126	0.998	0.91	3.75064456549219e-173	c2	RPL10A
8.2539192317393e-174	0.464573351343357	0.994	0.881	2.76819943194073e-169	c2	MYL12A
3.69187297544028e-172	0.359874477767269	1	0.923	1.23818035850316e-167	c2	RPS6
1.15881205422906e-171	0.329836522087581	1	0.921	3.88642386747344e-167	c2	RPS23
9.38374990463816e-169	0.580008564468772	0.976	0.833	3.14712204301755e-164	c2	HSP90AB1
1.99932162353914e-168	0.87104757224129	0.688	0.414	6.70532486102557e-164	c2	ANXA2
2.25778891273561e-166	0.930217657664484	0.602	0.325	7.57217245553267e-162	c2	PTGER2
1.08674230544868e-165	1.16738229889565	0.432	0.195	3.64471634401379e-161	c2	PERP
1.79014882802769e-165	0.327040274539016	1	0.939	6.00380113943926e-161	c2	RPL13
1.87374784863673e-165	0.345125501366097	1	0.926	6.28417553475785e-161	c2	RPS3
3.17055403504481e-163	0.357296381772154	1	0.918	1.06334041227333e-158	c2	RPL39
5.99631165635235e-163	1.97599251391123	0.123	0.02	2.01104300330745e-158	c2	COLQ
1.23509927076567e-161	2.05097976519127	0.153	0.032	4.14227593429392e-157	c2	RORC
2.63218662385828e-161	4.10200880553057	0.059	0.003	8.82782749909589e-157	c2	THY1
1.35348851190418e-160	1.11857276862599	0.471	0.231	4.53932977122422e-156	c2	IFNGR1
2.09595288489768e-158	0.374900964434372	1	0.898	7.02940678536983e-154	c2	RPS5
5.15710789070153e-154	0.5567550681168	0.912	0.635	1.72959084438348e-149	c2	LTB
1.5103008878411e-153	0.32146766203443	1	0.928	5.06524711764148e-149	c2	RPL30
3.25006515603253e-153	0.644521791296338	0.967	0.814	1.09000685203019e-148	c2	CRIP1
5.38057983947298e-152	2.12648349642562	0.107	0.016	1.80453886656245e-147	c2	CFH
2.1914883128613e-150	0.683786745857524	0.564	0.303	7.34981350367422e-146	c2	ERN1
2.61183873997789e-149	0.585134364103863	0.948	0.79	8.75958476613785e-145	c2	TAGLN2
3.90778365770512e-149	1.72205888281578	0.191	0.052	1.31059248312114e-144	c2	EGR3
7.38164865165252e-149	0.741393390892037	0.739	0.49	2.47565732479122e-144	c2	FLT3LG
6.97869060651164e-148	0.314392865094257	1	0.917	2.34051325561187e-143	c2	RPS13
1.60767552775728e-147	0.351718214577796	1	0.931	5.39182218499235e-143	c2	RPS19
9.86714807252747e-141	3.30315525876914	0.062	0.005	3.30924412056426e-136	c2	KIT
8.84893501663729e-140	2.07554572850058	0.117	0.022	2.96775582587981e-135	c2	IFI44L
6.9848535684106e-138	0.34302103335608	1	0.914	2.34258018977355e-133	c2	RPL17
2.47125760653406e-136	1.27140061717037	0.286	0.109	8.28810376079392e-132	c2	LMNA
6.94978499589388e-136	0.120803723580989	0.833	0.583	2.33081889192289e-131	c2	TUBA1B
2.37858491726096e-135	1.98363478836245	0.086	0.012	7.97729809550981e-131	c2	LTK
1.94773754666767e-134	2.34283696462052	0.1	0.016	6.53232218401402e-130	c2	IL17RE
5.09826221790886e-134	1.90889484336217	0.163	0.042	1.70985518264227e-129	c2	TTC39C-AS1
1.00013644899546e-133	0.287331226258553	1	0.928	3.35425762264098e-129	c2	RPL19
9.15866365703925e-133	2.19666575386333	0.099	0.016	3.07163261729783e-128	c2	TPBG
2.4549578423418e-130	0.434333755113392	0.985	0.868	8.23343761164592e-126	c2	RPL38
6.99486535128894e-130	0.697043630264676	0.972	0.885	2.34593794151528e-125	c2	ZFP36
7.75362323482995e-129	1.80021772082668	0.174	0.049	2.60041016049727e-124	c2	CCL20
4.85834813325295e-128	1.91380382534859	0.073	0.009	1.62939279693038e-123	c2	CA2
3.11967722158008e-127	0.994267953125293	0.473	0.251	1.04627734657353e-122	c2	ARL4A
2.50150794179301e-125	1.27393914828296	0.282	0.11	8.38955733518538e-121	c2	SORBS3
3.41206217117096e-125	0.522605405945555	0.907	0.739	1.14433741096732e-120	c2	RPL36A
3.86285985091376e-125	1.53799622149801	0.183	0.054	1.29552593679946e-120	c2	IFI44
4.38122800944548e-125	0.277056304540132	1	0.929	1.46937624980783e-120	c2	RPL11
1.39549760009104e-124	0.328258397491974	0.999	0.903	4.68021985118532e-120	c2	RPL21
3.35831818377526e-124	0.380619642881487	0.994	0.888	1.12631275247455e-119	c2	RPL27
1.8419591319773e-123	0.299872097373178	1	0.923	6.17756253682547e-119	c2	RPLP2
4.29985598804549e-123	1.00011896079417	0.306	0.124	1.4420857012707e-118	c2	SSBP2
4.71928781473223e-122	0.303267347915411	1	0.919	1.5827547473049e-117	c2	RPL14
7.99333448546201e-122	1.22810057996037	0.262	0.098	2.68080451973425e-117	c2	DHRS3
7.65867771954696e-120	0.458600707540294	0.998	0.913	2.56856733358166e-115	c2	HSPA8
8.63511440675947e-120	0.287513203422022	1	0.923	2.89604466973899e-115	c2	RPL18
7.84388965354715e-119	1.4758166041643	0.186	0.057	2.63068371200664e-114	c2	FHL1
3.24365955299057e-117	0.901254733550042	0.776	0.582	1.08785854088198e-112	c2	CITED2
3.4038505180162e-117	0.487222656165652	0.983	0.909	1.14158338673227e-112	c2	JUNB
2.03652430359353e-116	1.13750227435711	0.651	0.446	6.83009520939197e-112	c2	HSPA1B
4.951744883276e-116	1.11656857498522	0.571	0.36	1.66071619895311e-111	c2	PHLDA1
1.52372914584469e-115	0.328870269260921	1	0.917	5.11028280933391e-111	c2	RPS21
2.81631873078768e-115	1.46785643563701	0.128	0.03	9.44536975931572e-111	c2	ADAM23
5.46705372851736e-115	0.635465220472347	0.865	0.67	1.83354047947015e-110	c2	PTGER4
1.15999183689093e-113	1.23941291394657	0.273	0.112	3.89038062256481e-109	c2	TMEM273
1.1647011770008e-110	0.461920152876895	0.743	0.503	3.90617480742527e-106	c2	RORA
1.18794527379796e-110	0.654587846736026	0.683	0.454	3.9841308592636e-106	c2	YWHAH
2.08554416338854e-110	0.290528391931334	1	0.914	6.99449801517248e-106	c2	RPL35A
5.83448356014979e-110	0.774962416971944	0.618	0.402	1.95676909640304e-105	c2	PLP2
2.75059872160676e-109	0.623804855606438	0.648	0.418	9.22495799252476e-105	c2	FKBP11
1.37060422109358e-108	0.753501366026728	0.887	0.771	4.59673243670366e-104	c2	BTG2
1.85064830440701e-108	0.285986097767014	1	0.947	6.20670428332022e-104	c2	EIF1
3.74508769407322e-108	0.446150641766534	0.945	0.813	1.25602751083828e-103	c2	MCL1
3.87808616566855e-108	0.458232799566228	0.934	0.774	1.30063253824192e-103	c2	CD48
1.06713349398618e-107	0.806101386915475	0.391	0.191	3.57895231213086e-103	c2	PLAC8
1.19023834933836e-107	0.753783795949901	0.777	0.59	3.991821376011e-103	c2	TUBA1A
5.57424780848834e-107	1.34600133573229	0.352	0.176	1.86949123001082e-102	c2	CDKN1A
1.10767949062364e-105	0.302941843665472	1	0.925	3.71493547565355e-101	c2	RPS4X
2.13673051177325e-105	0.285581322518174	1	0.919	7.16616679038511e-101	c2	RPS16
1.11600875879344e-104	0.799788513629407	0.46	0.256	3.74287017524142e-100	c2	TUBA1C
2.18119435151939e-104	0.484207134565602	1	0.936	7.31528961612574e-100	c2	FTH1
3.0985551833812e-104	0.293962792561617	1	0.911	1.03919343740239e-99	c2	RPL23A
2.83478938584398e-102	1.00467119590431	0.34	0.168	9.50731664224355e-98	c2	CD200R1
5.14036439738531e-102	0.28291998671977	1	0.905	1.72397541159509e-97	c2	RPL5
1.53023537805497e-99	0.377631092462229	0.979	0.857	5.13210341092077e-95	c2	RPL27A
6.16668935269929e-98	0.381367923348372	0.971	0.835	2.06818427510829e-93	c2	MIF
7.06238537883597e-98	0.546816773559399	0.551	0.332	2.36858280835401e-93	c2	SLAMF1
3.60611522327788e-97	1.68601479358112	0.147	0.045	1.20941892358294e-92	c2	CCDC184
3.71544673970101e-97	0.237599406284853	1	0.93	1.24608652756093e-92	c2	RPS8
7.92016502637991e-97	0.647362352630431	0.491	0.278	2.65626494654729e-92	c2	BCL2
9.19891598142469e-97	0.285530959023053	1	0.93	3.08513244185021e-92	c2	RPS2
1.97650322773721e-96	0.802212833273452	0.468	0.271	6.62879652518507e-92	c2	PRNP
2.37104954916309e-96	2.67914938458838	0.065	0.01	7.95202597798316e-92	c2	RAB6B
3.40984454074974e-95	1.76750098444525	0.11	0.027	1.14359366207665e-90	c2	PLAUR
4.24384384694963e-95	1.29205129190712	0.182	0.064	1.42330034938997e-90	c2	CYB561
1.17517653559944e-94	2.40412908625592	0.065	0.01	3.94130706509342e-90	c2	AP002884.1
1.06182353891398e-93	0.630317359280898	0.401	0.211	3.5611437848097e-89	c2	SESN1
1.0800122116907e-92	0.360404939832503	0.975	0.849	3.62214495556826e-88	c2	TOMM7
8.0886471094542e-92	0.278040052151444	1	0.918	2.71277046756875e-87	c2	RPL8
9.30059897743893e-92	2.60693170231124	0.085	0.018	3.11923488505347e-87	c2	IL22
2.52308357121265e-90	0.262090571369265	1	0.925	8.46191768113298e-86	c2	RPS28
4.57607087994019e-90	2.32181573833638	0.067	0.011	1.53472265171434e-85	c2	TSPAN15
1.50328098391185e-88	0.671389232700982	0.527	0.327	5.04170376384356e-84	c2	CDC42EP3
2.91430596971313e-88	1.22417473911017	0.186	0.07	9.7739993612239e-84	c2	DSE
3.56676312482516e-88	0.164192873231671	0.361	0.181	1.19622101680386e-83	c2	TNFRSF4
3.67371218991557e-88	0.662406654098186	0.383	0.208	1.23208959425388e-83	c2	NFKBID
4.89971329725862e-88	0.436699658454567	0.752	0.556	1.6432658456346e-83	c2	ADGRE5
1.73185982560315e-87	0.643442322415635	0.823	0.654	5.80831148310784e-83	c2	DNAJA1
2.76262873250988e-86	1.19479068223305	0.223	0.093	9.26530424309162e-82	c2	C3AR1
3.78692596749546e-86	0.809790486483554	0.269	0.119	1.27005923097863e-81	c2	FBLN7
7.47212478607099e-86	0.640477108701942	0.507	0.305	2.50600121075249e-81	c2	ICAM2
3.35848826458791e-85	1.2394420371351	0.161	0.056	1.12636979417749e-80	c2	AC004832.6
2.24920884600678e-84	2.9447235337208	0.073	0.014	7.54339662773753e-80	c2	IL17A
5.46373668434991e-84	0.505072489031865	0.649	0.443	1.83242800919727e-79	c2	MGAT4A
2.11161308061082e-83	0.766764659303651	0.509	0.328	7.08192794975258e-79	c2	DNAJB9
4.52799072564125e-83	0.908298582571199	0.363	0.197	1.51859752956556e-78	c2	CISH
6.60196157433418e-83	0.612906905969521	0.376	0.2	2.2141658728002e-78	c2	NCF4
1.24564177114929e-82	0.443020816458821	0.877	0.725	4.17763337208048e-78	c2	APRT
1.62076066810215e-82	0.42285248157279	0.987	0.9	5.435707128681e-78	c2	HSP90AA1
4.7053795890363e-82	1.25522694935249	0.177	0.066	1.57809020657099e-77	c2	IGFBP3
1.47890538736423e-81	0.449271724337824	0.794	0.609	4.95995288814214e-77	c2	PEBP1
7.51576929717152e-81	4.26471763809054	0.027	0.001	2.52063870688538e-76	c2	SRPX
1.12300971484912e-80	0.618054309035387	0.488	0.301	3.76634998166098e-76	c2	TMEM173
1.10728084730527e-79	0.627345279914172	0.78	0.646	3.7135985056924e-75	c2	IER2
4.83589165872815e-79	1.31147773737965	0.175	0.067	1.62186134450425e-74	c2	NSG1
9.28809313420342e-79	0.360334985392035	0.724	0.535	3.11504067534914e-74	c2	JUND
9.6644373696051e-79	2.85522449242133	0.048	0.006	3.24125900501816e-74	c2	TRIQK
2.08611477934114e-78	0.376773044258907	0.802	0.612	6.99641174695431e-74	c2	HSPA5
6.67304830895028e-78	0.598475670839859	0.589	0.399	2.23800694185575e-73	c2	MGST3
1.05236927721004e-77	1.10611618182173	0.182	0.072	3.52943608190703e-73	c2	HYI
1.18702099135167e-77	1.739812827588	0.116	0.035	3.98103100079524e-73	c2	NLRP3
6.14913597645745e-77	0.359844179114017	0.808	0.596	2.0622972237843e-72	c2	CD6
1.27744832428128e-76	0.235211667721744	1	0.942	4.28430618997456e-72	c2	RPL28
1.3733146320887e-76	0.376727680127201	0.869	0.689	4.60582261309909e-72	c2	ENO1
5.08203363687511e-76	0.43574817552129	0.839	0.681	1.70441244113517e-71	c2	DAD1
5.92189080309173e-76	1.21429927836062	0.173	0.067	1.98608373754091e-71	c2	PTP4A3
8.03840641528902e-76	0.306801993123065	0.971	0.827	2.69592074355963e-71	c2	CD2
9.10741793029375e-76	0.256486753538813	0.998	0.909	3.05444582546192e-71	c2	RPS9
1.58807886119899e-75	0.404984879707954	0.884	0.728	5.32609888468918e-71	c2	RPS10
3.92108417196971e-75	0.602328604225946	0.56	0.37	1.3150532095952e-70	c2	LGALS1
6.06518105258751e-75	0.549481806791057	0.756	0.584	2.0341404214168e-70	c2	CYCS
6.87766462013271e-74	0.426812092833955	0.761	0.576	2.30663116030011e-69	c2	SCML4
1.37846533984761e-73	0.76845919323012	0.474	0.308	4.62309705678092e-69	c2	GLO1
8.55587616035603e-73	0.237157106359955	0.999	0.922	2.86946974666021e-68	c2	RPL12
3.05787352069536e-72	2.38821326754198	0.049	0.007	1.02554962137081e-67	c2	LZTS1
5.86680786364754e-72	0.233223052115513	1	0.924	1.96761002131011e-67	c2	RPL7A
6.09804221887355e-72	0.489226958318488	0.498	0.322	2.04516139936581e-67	c2	CTSB
8.08155801718832e-72	0.230899448865432	1	0.919	2.71039292780462e-67	c2	RPL29
9.41408009823798e-72	0.337188930637097	0.883	0.708	3.15729418334705e-67	c2	TXNIP
1.67717381746639e-71	0.233776890225392	0.998	0.901	5.62490554901879e-67	c2	RPL22
2.24893684324416e-71	0.654199203049696	0.496	0.318	7.54248438487226e-67	c2	BHLHE40
2.39341646064497e-70	0.982139802231702	0.215	0.096	8.02704012571109e-66	c2	LGALS3BP
2.47958425020286e-70	0.387334752005047	0.889	0.708	8.31602965833036e-66	c2	ABRACL
3.13667273118242e-70	0.296256275217734	0.994	0.869	1.05197730058396e-65	c2	IFITM1
4.71161370643912e-70	0.327593234849961	0.932	0.771	1.58018100486555e-65	c2	SSR4
5.50544963808364e-70	0.327196319537697	0.954	0.82	1.84641769962049e-65	c2	RPS20
9.40837706407078e-70	1.1558837455582	0.153	0.058	3.15538149974806e-65	c2	SPON1
3.02869357609515e-69	0.519023540908127	0.729	0.561	1.01576325155079e-64	c2	RPL22L1
8.08463881094093e-69	0.235246554059188	0.999	0.92	2.71142616441337e-64	c2	RPL6
2.85876563317975e-68	0.290409255841487	0.998	0.896	9.58772818055825e-64	c2	RPS29
9.82712362839947e-68	0.236333652962542	1	0.916	3.29582072249261e-63	c2	RPL26
1.64149375248221e-67	0.635711655066314	0.312	0.161	5.50524174707484e-63	c2	MAL
2.56805792154214e-67	0.717502010694436	0.367	0.214	8.61275265726804e-63	c2	AHR
3.61814801950332e-67	0.319964048757472	0.999	0.939	1.21345448278102e-62	c2	H3F3B
4.4662794752671e-67	1.42704182452554	0.074	0.018	1.49790081041508e-62	c2	PTPN13
1.3481206164742e-66	0.430340471714167	0.371	0.213	4.52132692353118e-62	c2	ANKRD28
2.50434093998592e-66	0.389914232056792	0.891	0.754	8.39905864452478e-62	c2	SERP1
2.7728168405702e-66	2.24930871401723	0.108	0.035	9.29947311990434e-62	c2	CSF2
3.93838278633809e-66	1.7528652287687	0.069	0.015	1.32085481888207e-61	c2	NEO1
4.26395645660857e-66	2.24048523934787	0.054	0.01	1.43004571641738e-61	c2	PIANP
5.34193546678965e-66	0.21812511308943	1	0.921	1.79157831685191e-61	c2	RPL18A
7.17518315554237e-66	0.452555235785185	0.655	0.487	2.4064129267058e-61	c2	ATP1A1
2.8143372795525e-65	0.836633630695115	0.267	0.138	9.43872436816317e-61	c2	NDRG1
1.16373325272124e-64	0.237521215552229	1	0.911	3.90292858297651e-60	c2	RPL36
1.41165431595159e-64	0.455933517401656	0.686	0.532	4.73440624483844e-60	c2	RBL2
2.96790653783133e-64	0.739116646344972	0.352	0.206	9.95376494657871e-60	c2	TPD52
1.52178319552369e-63	0.800672479899267	0.384	0.243	5.10375648114735e-59	c2	NEU1
2.36473860283065e-63	0.494871084758831	0.925	0.798	7.93086032617344e-59	c2	DNAJB1
2.66914311574865e-63	0.241780562544075	0.971	0.855	8.95177218159781e-59	c2	FXYD5
6.37485468010946e-63	0.257632282449317	0.998	0.915	2.13799876261511e-58	c2	RPL41
9.26699000277009e-63	0.550369545503623	0.307	0.17	3.10796310712903e-58	c2	ADAM19
7.00777505831022e-62	0.323924598549765	0.896	0.715	2.35026759905608e-57	c2	LDHA
2.1884262848581e-61	0.382868663951516	0.844	0.669	7.3395440741571e-57	c2	SEC61B
2.6190109126673e-61	0.379269839194801	0.631	0.455	8.7836387989036e-57	c2	RBMS1
2.65023952076527e-61	0.357741787902369	0.389	0.227	8.88837330474255e-57	c2	SORL1
3.74241553642672e-61	0.627862626147916	0.629	0.468	1.25513132260679e-56	c2	RGS2
3.77000312617471e-61	0.605218558795978	0.404	0.247	1.26438364845647e-56	c2	KCNA3
4.17372218200379e-61	0.634074140080065	0.476	0.323	1.39978294540043e-56	c2	TRADD
7.25665671630638e-61	0.246407484912844	0.998	0.901	2.43373752951483e-56	c2	UBA52
8.70598960808306e-61	0.211038500361251	0.999	0.921	2.9198147947589e-56	c2	FAU
1.63532804775698e-60	0.289085077706781	0.952	0.816	5.48456320656736e-56	c2	PPIB
1.91656672118375e-60	0.602491188104541	0.437	0.285	6.42778146950606e-56	c2	MDFIC
4.16496968385674e-60	0.467543255620421	0.639	0.467	1.39684753257187e-55	c2	XBP1
6.8202374300802e-60	0.480619427930271	0.679	0.528	2.2873712293003e-55	c2	CMPK1
1.85614439045127e-59	0.478182988871886	0.65	0.484	6.22513705669547e-55	c2	PPA1
3.70757355090827e-59	0.465695006555181	0.685	0.527	1.24344601750362e-54	c2	TRAM1
6.7551648255614e-59	0.343104516900825	0.811	0.628	2.26554717919678e-54	c2	PDCD4
8.58697575177949e-59	1.1014107631779	0.13	0.049	2.87989992763181e-54	c2	ADRB2
1.61269655890804e-58	0.89246481619293	0.247	0.128	5.40866171926578e-54	c2	LRRN3
3.20609367431478e-58	0.411731441959519	0.689	0.516	1.07525969649169e-53	c2	DHRS7
2.53910516763047e-57	0.769553824114406	0.611	0.475	8.51565091119908e-53	c2	GADD45B
5.34658422344248e-57	0.930081001390752	0.145	0.059	1.79313741685814e-52	c2	CTSH
1.26364873172678e-56	1.4213962379002	0.088	0.027	4.23802511646526e-52	c2	BEX5
3.76389038474812e-56	0.481572872595533	0.572	0.418	1.26233355723683e-51	c2	RNH1
1.07288986746638e-55	0.988573646455235	0.157	0.068	3.59825803750874e-51	c2	MZF1-AS1
1.49216732001241e-55	0.54395661063887	0.547	0.393	5.00443075785762e-51	c2	MYDGF
1.51085471475274e-55	0.668294911930384	0.29	0.166	5.06710454233774e-51	c2	IL18R1
1.90749954049854e-55	0.969267252854948	0.303	0.18	6.39737195892401e-51	c2	TSC22D2
1.43765699476204e-54	0.861843263306997	0.238	0.125	4.82161402903294e-50	c2	SLC39A8
1.70067271919608e-54	0.317672893451103	0.881	0.748	5.70371616563983e-50	c2	TAGAP
4.11856857138483e-54	0.454818281556306	0.67	0.512	1.38128552747104e-49	c2	TMED2
9.46120953370707e-54	1.0609447754181	0.323	0.195	3.17310045341468e-49	c2	MYC
1.25698482248266e-53	1.38391649675207	0.079	0.023	4.21567569764236e-49	c2	WDR86
2.24126933364132e-53	2.26279285247627	0.053	0.012	7.51676909116626e-49	c2	B3GNT8
2.55076436131277e-53	0.783291541628428	0.266	0.15	8.55475351497075e-49	c2	IER5
3.49464460306049e-53	0.748301691893374	0.292	0.167	1.17203390697443e-48	c2	RARA
3.76846438509228e-53	0.434581130379221	0.674	0.52	1.26386758547225e-48	c2	TMED10
5.99583052986023e-53	0.272399836866159	0.99	0.902	2.01088164310452e-48	c2	PNRC1
1.42991364667147e-52	0.691723529027359	0.695	0.569	4.79564438820679e-48	c2	RGCC
1.68873330844661e-52	0.530457497174425	0.412	0.27	5.66367376986824e-48	c2	CERK
1.81798804450165e-52	1.5528095215598	0.082	0.025	6.09716830364962e-48	c2	PHLDA2
4.71367280337048e-52	0.204120456953183	1	0.921	1.58087158479439e-47	c2	RPL37
4.07980756000425e-51	0.33337374884256	0.828	0.653	1.36828585947423e-46	c2	OSTF1
1.1076246612129e-50	0.231636239216878	0.998	0.904	3.71475158877582e-46	c2	RPL37A
7.92777026030142e-50	0.230105772753511	0.993	0.9	2.65881558989989e-45	c2	RPL4
1.37331653368364e-49	0.363274727479045	0.692	0.539	4.60582899066818e-45	c2	TMEM123
1.97585304641806e-49	1.92118810613638	0.056	0.014	6.62661594707687e-45	c2	MPZL2
6.21846357961637e-49	0.532894440651216	0.451	0.309	2.08554831533174e-44	c2	STN1
8.12873922285423e-49	1.14551735645981	0.133	0.057	2.72621656056085e-44	c2	FAM241A
1.2049871737246e-48	0.338466006244996	0.814	0.646	4.04128598323758e-44	c2	CKLF
1.54706429491496e-48	0.198687231453193	1	0.941	5.18854423228578e-44	c2	RPS27
2.28037999494001e-48	0.32982306411244	0.638	0.469	7.6479384270298e-44	c2	CD5
2.32285184243074e-48	1.38763980120255	0.04	0.008	7.79038050914423e-44	c2	MATN2
2.50086434570523e-48	1.43551944059289	0.072	0.021	8.38739884262621e-44	c2	B3GALT2
1.64330401886599e-47	1.32075460352732	0.12	0.049	5.51131301847276e-43	c2	CACNA2D4
3.97651361812929e-47	0.51990058752299	0.425	0.289	1.3336431372482e-42	c2	NR4A3
5.23118100791558e-47	0.74313957086281	0.294	0.175	1.75443348643473e-42	c2	KDSR
5.97768592334988e-47	0.302067235125949	0.587	0.429	2.00479630497308e-42	c2	TUBB4B
8.56695152511346e-47	0.180123851339771	0.996	0.9	2.87318420249255e-42	c2	PPIA
1.57310057665002e-46	0.186364632212152	0.866	0.689	5.27586471396885e-42	c2	SPOCK2
5.58167364430483e-46	0.804638579385045	0.219	0.118	1.87198170682696e-41	c2	ELK3
6.45046514806757e-46	0.923542683707359	0.191	0.098	2.1633570013589e-41	c2	CD83
9.89483939508706e-46	0.388740760189452	0.669	0.5	3.3185312363243e-41	c2	TXN
1.42276816910037e-45	0.678550192151998	0.263	0.154	4.77167988552884e-41	c2	RUNX2
1.76532840198301e-45	0.476986742547008	0.431	0.303	5.92055839457063e-41	c2	PPP1R10
1.9289472848914e-45	0.330505377274076	0.74	0.586	6.46930340406876e-41	c2	BCAP31
1.94106842696339e-45	0.357423032884552	0.587	0.432	6.50995529034983e-41	c2	VSIR
3.35936690021164e-45	0.964065927438474	0.263	0.156	1.12666447099298e-40	c2	MID1IP1
9.11813693435614e-45	0.696932055076064	0.192	0.097	3.05804076504436e-40	c2	ANTXR2
1.88063647438196e-44	1.24219688444847	0.071	0.022	6.30727860778223e-40	c2	PCSK5
2.12463747394676e-44	0.225257194621924	0.987	0.876	7.12560916012264e-40	c2	RPL31
3.84253546855704e-44	0.346170075982005	0.75	0.61	1.28870954544466e-39	c2	EIF5A
5.3928772022802e-44	1.2230661747433	0.095	0.036	1.80866315610073e-39	c2	CLU
1.05279108124713e-43	0.289721008857961	0.834	0.697	3.53085072828662e-39	c2	HNRNPA0
1.40388369209942e-43	0.42750163485342	0.531	0.391	4.70834512656304e-39	c2	FKBP2
1.41869661959252e-43	0.838173542647746	0.106	0.042	4.7580247227894e-39	c2	ABCA1
1.47181757961561e-43	0.278924880727528	0.624	0.467	4.93618179851483e-39	c2	ICOS
1.669729231328e-43	1.11338126536002	0.125	0.054	5.59993789602785e-39	c2	NR1D1
2.27162786100181e-43	1.04279995103394	0.129	0.057	7.61858552022788e-39	c2	LST1
2.82475049233595e-43	0.554227896145115	0.431	0.301	9.4736482011963e-39	c2	TRAPPC6A
3.36416859168826e-43	0.337839321273109	0.752	0.606	1.12827486228041e-38	c2	NDUFB2
4.44747441966115e-43	0.560319516441925	0.28	0.167	1.49159397086596e-38	c2	KLRG1
6.73622021134199e-43	0.378729401954241	0.697	0.555	2.25919353447988e-38	c2	SEC61G
1.19483343432169e-42	0.190858093183767	1	0.922	4.00723237202809e-38	c2	RPS24
1.30980136089307e-42	0.367604407680913	0.647	0.508	4.39281180416316e-38	c2	M6PR
3.97345823370665e-42	0.316986039108182	0.496	0.355	1.33261842242053e-37	c2	PDE4D
6.19425044263543e-42	0.453346879130629	0.487	0.357	2.07742771345107e-37	c2	AMD1
7.41651333349287e-42	0.31721390316861	0.746	0.584	2.48735024178684e-37	c2	P4HB
1.72191811469697e-41	0.486208314281554	0.231	0.127	5.77496897307071e-37	c2	RNF144A
2.21185316872925e-41	1.50497844359563	0.127	0.057	7.41811315728417e-37	c2	OSM
2.24346201247771e-41	0.316878965407362	0.991	0.924	7.52412289744773e-37	c2	ZFP36L2
2.97582309729002e-41	0.209734988504862	0.992	0.879	9.98031550369126e-37	c2	RPL7
7.98120729662631e-41	0.487739490987246	0.467	0.338	2.67673730314253e-36	c2	GLIPR2
1.05693621704697e-40	0.339334277532402	0.492	0.365	3.54475268473214e-36	c2	GDI1
1.06558425916408e-40	0.649903227625298	0.317	0.203	3.57375648838448e-36	c2	TNFSF12
1.0990069508525e-40	0.330615123293008	0.739	0.593	3.68584951176912e-36	c2	ANXA6
1.54178219362387e-40	0.373198235139572	0.77	0.639	5.17082912097572e-36	c2	SELENOK
1.8121592936495e-40	0.707734586102447	0.215	0.121	6.07761983904168e-36	c2	ETV3
1.93332278504593e-40	0.121607611175493	0.655	0.485	6.48397795648703e-36	c2	TC2N
2.46605902021287e-40	0.561297790316314	0.401	0.278	8.27066874198992e-36	c2	RBKS
2.54076483627374e-40	1.08208608920072	0.119	0.052	8.52121710789486e-36	c2	LTB4R2
3.1539897206803e-40	0.949390761473041	0.153	0.075	1.05778507252176e-35	c2	TUBB2A
1.19045609716235e-39	0.51453275960717	0.458	0.331	3.99255165866307e-35	c2	LYSMD2
2.47153695934065e-39	0.819701987587152	0.177	0.092	8.28904065423669e-35	c2	NME4
3.20604953894126e-39	0.408360652193007	0.53	0.392	1.07524489437012e-34	c2	NCF1
3.37970416199251e-39	0.671536135978863	0.591	0.461	1.13348518184905e-34	c2	HSPA1A
7.40695954631663e-39	0.280879961988003	0.715	0.581	2.48414609264367e-34	c2	SNHG8
8.74540027948981e-39	0.764507683495511	0.177	0.091	2.93303234573529e-34	c2	SPINK2
2.4313424268545e-38	0.166370392465409	0.992	0.928	8.15423623118463e-34	c2	DDX5
2.98913254284998e-38	0.19371564720941	0.507	0.367	1.00249527222103e-33	c2	INPP4B
3.19098499936108e-38	1.20558211735022	0.109	0.047	1.07019254908572e-33	c2	IL23A
3.88196824509774e-38	0.299449746466936	0.328	0.208	1.30193451004088e-33	c2	THEM4
3.97191001578245e-38	0.694180883617248	0.259	0.16	1.33209918109312e-33	c2	REEP3
3.97335408377624e-38	0.724884799713016	0.1	0.041	1.33258349261688e-33	c2	SBF2
7.68111499043005e-38	0.235879950468119	0.835	0.684	2.57609234549043e-33	c2	PDIA3
7.85416655954851e-38	0.618044085275104	0.261	0.161	2.63413038074138e-33	c2	MPZL3
1.35022047193097e-37	0.749724127083154	0.183	0.099	4.5283694187621e-33	c2	PLOD3
1.67811726289142e-37	0.28370518827917	0.788	0.644	5.62806967628525e-33	c2	GPX4
2.24915160421806e-37	1.6634624371731	0.042	0.01	7.54320465022651e-33	c2	EMP1
2.83475162157783e-37	0.18094119380432	0.999	0.909	9.50718998844774e-33	c2	RPL24
3.03823787645881e-37	0.433714235370282	0.54	0.421	1.01896421900675e-32	c2	PPP1R11
3.9334451643256e-37	0.388614257422004	0.837	0.725	1.31919883921152e-32	c2	CXCR4
4.20448142475941e-37	0.283419971645408	0.682	0.545	1.41009898023581e-32	c2	TNFAIP8
7.63646190294269e-37	0.688007996901618	0.138	0.066	2.56111659300892e-32	c2	ARHGAP5
1.01359614182678e-36	0.404888632079021	0.576	0.447	3.39939874045864e-32	c2	FBL
1.68529995860952e-36	1.73253448404199	0.031	0.006	5.65215900118462e-32	c2	SCART1
2.50329988259948e-36	0.366872276474978	0.597	0.466	8.39556714626214e-32	c2	RPN2
6.14102187718973e-36	0.196040469431043	0.578	0.444	2.05957591717189e-31	c2	STAT4
7.45949537535267e-36	0.2884060842966	0.577	0.436	2.50176555898578e-31	c2	HSPB1
8.32937999440533e-36	0.481233532623948	0.235	0.138	2.79350746252366e-31	c2	PPP2R2B
8.52342503505973e-36	0.586706853750667	0.294	0.19	2.85858628825833e-31	c2	TNFSF14
1.18567930136925e-35	0.58163977840822	0.344	0.235	3.97653124093219e-31	c2	ADI1
1.40084106703337e-35	0.359831952230285	0.574	0.432	4.69814077061652e-31	c2	C1QBP
1.79210310641603e-35	0.371503188369692	0.474	0.351	6.0103553982981e-31	c2	RCAN3
2.43928220915453e-35	0.16331920470489	0.998	0.932	8.18086467306248e-31	c2	UBC
3.35256917962403e-35	1.03076782104152	0.096	0.04	1.12438465146231e-30	c2	NT5E
7.33746372935442e-35	2.49960213787702	0.023	0.003	2.46083858555089e-30	c2	PRSS35
7.89893462033339e-35	0.238532480411123	0.929	0.803	2.64914469296741e-30	c2	OST4
2.04746225693967e-34	0.234631832258207	0.957	0.824	6.86677891732427e-30	c2	MYL12B
2.10370705427308e-34	0.480538598327374	0.71	0.598	7.05541271862107e-30	c2	DDIT4
2.13141567317331e-34	0.696009151674503	0.078	0.03	7.14834188468863e-30	c2	ARHGEF40
2.22944064935516e-34	0.183964122442883	0.99	0.897	7.47709804980734e-30	c2	PFDN5
6.0237190749027e-34	0.675715084158638	0.165	0.089	2.02023490334087e-29	c2	DUSP6
6.6310211384335e-34	0.162411834968126	0.994	0.893	2.22391186940783e-29	c2	IL32
9.22129652053727e-34	0.405553797670061	0.131	0.063	3.09263842705779e-29	c2	ANK3
9.89823662217655e-34	0.213483896227123	0.983	0.873	3.31967059834557e-29	c2	RPL36AL
1.18172806473623e-33	0.164436140247316	1	0.931	3.96327958351236e-29	c2	RPS15A
1.30366412577441e-33	0.467540759811895	0.456	0.342	4.37222874502222e-29	c2	ARL2BP
1.43617972664193e-33	0.405507859149806	0.543	0.421	4.8166595672117e-29	c2	SSR3
1.50132585002468e-33	0.665303655255753	0.372	0.266	5.03514663581277e-29	c2	BCL2A1
2.03013082140835e-33	0.327474088461301	0.55	0.427	6.80865274883932e-29	c2	CCDC107
2.9595316664592e-33	0.270440040385972	0.816	0.67	9.92567730297088e-29	c2	ARHGDIA
5.40245688852908e-33	0.322976666955414	0.7	0.567	1.81187599127488e-28	c2	YWHAQ
6.54684886359453e-33	0.29050219085162	0.55	0.422	2.19568217187233e-28	c2	CORO1B
7.26599397402322e-33	0.171983092167867	0.998	0.912	2.43686905900791e-28	c2	RPL13A
7.57842884657054e-33	0.319722277411255	0.64	0.507	2.54165346656283e-28	c2	GTF3A
9.17862448702432e-33	1.1327941414281	0.071	0.027	3.07832708045822e-28	c2	KIF5C
1.16786704316389e-32	0.204450290192112	0.902	0.796	3.91679248936304e-28	c2	NOP53
1.29842219922851e-32	0.200782788445041	0.744	0.577	4.35464837177257e-28	c2	SH2D2A
1.50182593157772e-32	0.369145638581956	0.601	0.48	5.03682380932537e-28	c2	HNRNPUL1
1.84299858835339e-32	0.333551618025084	0.618	0.478	6.18104866561961e-28	c2	OSTC
2.36864650502134e-32	0.202573225370775	0.942	0.82	7.94396664854059e-28	c2	CNBP
3.39365428952202e-32	0.251639747605983	0.924	0.817	1.1381637756199e-27	c2	ZFP36L1
5.51957075784986e-32	0.218497284432028	0.978	0.868	1.85115364076769e-27	c2	YWHAZ
5.66765006524013e-32	0.520283002638827	0.215	0.128	1.90081647888024e-27	c2	FRMD4B
5.97542576244647e-32	0.119742893218535	0.866	0.737	2.0040382922093e-27	c2	SLC2A3
6.62663276451655e-32	0.70285195048043	0.222	0.136	2.22244009656356e-27	c2	GNPDA1
6.88369308831044e-32	0.262071224704608	0.769	0.627	2.30865298795756e-27	c2	VAMP8
1.06850155119734e-31	0.143223333250893	0.756	0.623	3.58354050240564e-27	c2	SAMSN1
1.30567243224573e-31	0.285826798388051	0.756	0.623	4.37896420326574e-27	c2	POLR2L
2.09185050485864e-31	0.435580688241614	0.438	0.323	7.01564822319492e-27	c2	TMEM109
3.20628031045286e-31	1.04206144282993	0.085	0.036	1.07532229051968e-26	c2	SOCS2
3.75682727197152e-31	0.222127760209828	0.465	0.324	1.25996473047381e-26	c2	RHOC
4.30184969544075e-31	0.155257581941475	0.767	0.619	1.44275435085692e-26	c2	HSP90B1
5.99367249235489e-31	0.674094718386579	0.133	0.067	2.01015788048598e-26	c2	LINC00944
6.84716112889471e-31	3.29869733641464	0.013	0.001	2.29640089940871e-26	c2	CYP2E1
7.89822445548886e-31	0.511279327317615	0.221	0.134	2.64890651788185e-26	c2	NR1D2
1.04979137639448e-30	1.88473233829705	0.044	0.013	3.5207903181518e-26	c2	EEF1AKMT3
1.31023680241728e-30	0.942978435047931	0.083	0.035	4.39427218794709e-26	c2	PSTPIP2
1.70011246456364e-30	0.542000463551899	0.386	0.287	5.70183718365355e-26	c2	SERTAD1
1.82028976077962e-30	0.64767949856646	0.217	0.133	6.1048877997027e-26	c2	CD300A
2.18742441142451e-30	0.3395811548115	0.385	0.272	7.33618399103552e-26	c2	PLK3
2.93305909072827e-30	0.522789902198443	0.389	0.288	9.83689357848446e-26	c2	ESD
3.16243218485933e-30	2.04851130796214	0.027	0.006	1.06061650615812e-25	c2	LINC01644
5.67089130092572e-30	0.255321281343142	0.532	0.399	1.90190352450447e-25	c2	TRAT1
7.63544220750998e-30	0.509390193474591	0.226	0.142	2.5607746075547e-25	c2	IL18RAP
1.12205038783072e-29	0.432257242956461	0.63	0.524	3.76313259070665e-25	c2	NFKBIZ
1.48829305929246e-29	0.336201089807037	0.344	0.227	4.99143726225506e-25	c2	SELENOM
1.56740241089822e-29	0.169824253333772	0.351	0.243	5.25675420567047e-25	c2	TNFRSF25
1.64392056556472e-29	0.212378897163261	0.917	0.787	5.51338079279094e-25	c2	SKP1
2.18949928428447e-29	0.633734415338314	0.167	0.094	7.34314269963326e-25	c2	NLRP6
2.21343340237083e-29	0.384932313132555	0.344	0.242	7.42341294487128e-25	c2	PFKFB3
2.87102554790828e-29	0.353718411886035	0.422	0.304	9.62884548257481e-25	c2	SYPL1
2.93665746329032e-29	0.314527195468099	0.54	0.423	9.84896180038309e-25	c2	SSB
2.97631474310508e-29	0.586794693680294	0.265	0.179	9.98196438542583e-25	c2	ARL5B
5.69703204624916e-29	0.343319908668594	0.568	0.449	1.91067060767104e-24	c2	RGS19
6.75142909908434e-29	0.383830865968873	0.413	0.306	2.26429429125091e-24	c2	PDIA4
6.98337792517456e-29	0.161954780499191	0.998	0.906	2.34208528854504e-24	c2	NACA
1.02251636330877e-28	0.269302305528038	0.507	0.38	3.42931537926495e-24	c2	CCND2
1.2524383708915e-28	0.502396138639339	0.315	0.219	4.20042780829591e-24	c2	ARFGAP3
1.58928630938513e-28	0.321958113197989	0.539	0.416	5.33014842441584e-24	c2	RPS4Y1
2.40122765823891e-28	0.282816279710014	0.553	0.437	8.05323732020167e-24	c2	RGS14
3.21010767045382e-28	0.337901138061686	0.469	0.361	1.0766059105168e-23	c2	ESYT1
4.22309492601298e-28	0.909604977720649	0.128	0.067	1.41634157628623e-23	c2	TMEM200A
8.84350222885006e-28	0.453835284602042	0.393	0.292	2.96593377751173e-23	c2	LIX1L
1.18166183381977e-27	0.246348000053602	0.697	0.558	3.96305745826473e-23	c2	PRDX1
1.21160392904441e-27	0.182177557186489	0.704	0.579	4.06347725722913e-23	c2	IDS
1.23758048697298e-27	0.637106183964059	0.182	0.108	4.15059743720999e-23	c2	ZBTB7B
1.28707094336599e-27	0.647969319155665	0.219	0.14	4.31657852986085e-23	c2	MBOAT7
1.61286805873701e-27	0.59412510995968	0.302	0.211	5.40923689539218e-23	c2	ANKRD37
1.79700097440009e-27	0.364837914079884	0.399	0.299	6.02678186794301e-23	c2	SND1
1.98333621524664e-27	0.359544623850924	0.349	0.25	6.65171299869416e-23	c2	CDK6
2.00588764595783e-27	0.501855264235804	0.356	0.26	6.72734598701337e-23	c2	HTATSF1
2.69966325374974e-27	0.368353319863282	0.56	0.442	9.05413062042588e-23	c2	GATA3
2.95438291991021e-27	0.243645010633951	0.71	0.599	9.90840943679486e-23	c2	SMDT1
3.00347924252005e-27	0.787114735453909	0.084	0.037	1.00730686835637e-22	c2	MYO1D
3.07926639016946e-27	0.23389654529409	0.783	0.66	1.03272436193503e-22	c2	MORF4L1
3.5945168820707e-27	0.360353556450237	0.522	0.411	1.20552907190887e-22	c2	NHP2
3.61089813176038e-27	1.10842952898044	0.049	0.016	1.2110230154298e-22	c2	RAB27B
4.57145916940263e-27	0.502335884762986	0.422	0.325	1.53317597623425e-22	c2	EIF4A3
4.68242013414502e-27	0.184980733125066	0.887	0.757	1.57039006458956e-22	c2	NCL
5.87372693368331e-27	0.289985903249903	0.668	0.549	1.96993053901871e-22	c2	SELENOT
7.15134538022174e-27	0.167814376391503	0.867	0.762	2.39841821361877e-22	c2	EIF4A2
8.48813627065494e-27	0.191500721005927	0.885	0.762	2.84675114245225e-22	c2	ARL6IP5
9.84354156935189e-27	0.555935944023068	0.265	0.178	3.30132697152924e-22	c2	SPRYD3
9.95133262826701e-27	0.323271949940912	0.477	0.367	3.33747793686819e-22	c2	SEC11C
1.04939480037381e-26	0.228685812104006	0.739	0.605	3.51946028149368e-22	c2	MZT2B
1.06273674719778e-26	0.314086549642022	0.474	0.373	3.56420650275191e-22	c2	SMAP1
1.09348949281205e-26	1.9491963525908	0.028	0.007	3.66734506099306e-22	c2	PAGE5
2.14201230874451e-26	0.221672749448981	0.821	0.691	7.18388088106735e-22	c2	KRTCAP2
2.30879987183529e-26	0.204191938048457	0.607	0.469	7.74325301016119e-22	c2	STOM
2.33284055962431e-26	1.17466809482314	0.065	0.026	7.823880668868e-22	c2	STX3
3.69875914992712e-26	0.368723656064835	0.416	0.311	1.24048984370256e-21	c2	RNPEPL1
3.78071834294588e-26	1.57738604950415	0.035	0.01	1.26797731785719e-21	c2	SCRN1
5.70544044448343e-26	0.30194090943945	0.555	0.448	1.91349061627085e-21	c2	SPN
6.50896776992808e-26	0.426090930677656	0.278	0.191	2.18297761067848e-21	c2	MAP4K2
8.44674008026853e-26	1.23957214432046	0.039	0.012	2.83286768812046e-21	c2	HLF
8.51405205956102e-26	0.244960963677148	0.564	0.448	2.85544277973557e-21	c2	FERMT3
8.69492276260756e-26	0.50366236840852	0.165	0.096	2.91610319612332e-21	c2	LINC02273
1.00992218841777e-25	1.83040512126729	0.025	0.006	3.3870770355155e-21	c2	NECTIN2
1.23430395936699e-25	1.86887369190198	0.023	0.005	4.13960861892501e-21	c2	MB21D2
1.30214657201954e-25	1.56962522567532	0.057	0.022	4.36713917323914e-21	c2	STAP1
1.67936197464458e-25	0.163776995075517	1	0.914	5.63224419056299e-21	c2	RPL15
2.03521725272545e-25	1.58831269668945	0.035	0.01	6.8257116221906e-21	c2	HTRA1
3.23353886201263e-25	0.623233322034653	0.145	0.082	1.0844642635418e-20	c2	RNF24
3.69575852299991e-25	0.202146889788249	0.919	0.78	1.23948349344371e-20	c2	TPM3
4.20495858146298e-25	0.52538333720377	0.099	0.049	1.41025900905105e-20	c2	TBXAS1
1.56664084795637e-24	0.165729301635969	0.992	0.892	5.25420007587609e-20	c2	EEF2
1.58791762583031e-24	0.645104756544959	0.147	0.083	5.32555813350969e-20	c2	TCEAL4
2.07154230792409e-24	0.557345679118804	0.123	0.066	6.9475385923158e-20	c2	ITGA5
2.11561256317529e-24	0.901104574597018	0.076	0.034	7.09534141437727e-20	c2	AC245014.3
2.37383003588452e-24	0.316085164237813	0.532	0.424	7.96135117434952e-20	c2	SPCS3
2.47852105504779e-24	0.870074568146945	0.078	0.035	8.31246391441928e-20	c2	CYTH3
2.65844511965887e-24	0.298224507068091	0.329	0.235	8.91589324231193e-20	c2	MYLIP
3.67279018379117e-24	0.294351446071251	0.56	0.447	1.23178037183988e-19	c2	TSPO
4.0687003665668e-24	0.419710941804167	0.328	0.238	1.36456072893917e-19	c2	PLIN2
4.11182512090074e-24	0.194404335246863	0.615	0.495	1.37902390904769e-19	c2	CAST
5.18188579406084e-24	0.399023039446238	0.299	0.213	1.73790085761213e-19	c2	KLHL28
6.43108467570581e-24	0.850762264244405	0.126	0.07	2.15685717853821e-19	c2	MPP1
6.652374657941e-24	0.618887475193559	0.247	0.171	2.23107341278025e-19	c2	SLC1A5
7.25934675299409e-24	0.265712564810579	0.382	0.284	2.43463971401916e-19	c2	TESPA1
8.24688675941735e-24	0.255895359728914	0.689	0.579	2.76584088137339e-19	c2	TOMM20
9.20183042530763e-24	0.348158988133138	0.155	0.089	3.08610988803967e-19	c2	ZSCAN18
9.33788463211251e-24	0.17238837406323	0.928	0.814	3.1317397479179e-19	c2	COMMD6
1.32563770908155e-23	1.35303601959162	0.044	0.015	4.44592374871772e-19	c2	IGSF22
1.33610571841245e-23	0.263125358699816	0.403	0.298	4.48103135841166e-19	c2	CD82
3.43460325043517e-23	0.158580263751376	0.901	0.766	1.15189723813095e-18	c2	PGK1
3.83302170726096e-23	0.341477363040155	0.27	0.186	1.28551882018118e-18	c2	MGAT5
3.9622842920038e-23	0.223487975438263	0.66	0.549	1.32887090585223e-18	c2	SPCS2
4.3379842921814e-23	0.412091565782755	0.367	0.274	1.4548731719118e-18	c2	IMPDH2
6.57591714833991e-23	0.732591948751967	0.088	0.043	2.20543109321024e-18	c2	TMOD2
6.96476906243337e-23	0.146593289853285	0.846	0.729	2.3358442481589e-18	c2	C12orf57
7.11367762570199e-23	0.573154626653541	0.166	0.102	2.38578520210793e-18	c2	CHD7
7.17376008266502e-23	0.726354791847577	0.096	0.048	2.4059356565242e-18	c2	FAM241B
9.12562317765946e-23	0.280303137138129	0.586	0.48	3.06055150132343e-18	c2	PYURF
9.28339732233507e-23	0.684326765746555	0.145	0.085	3.11346579396474e-18	c2	SLC44A1
1.79549009233304e-22	0.453933970240085	0.305	0.221	6.02171467166655e-18	c2	PRPF19
1.91989024720005e-22	1.44411819213754	0.044	0.016	6.43892791105954e-18	c2	CCDC65
2.09719455241046e-22	0.490952650067817	0.094	0.047	7.03357108987422e-18	c2	RASGRF2
2.10996737829662e-22	0.823753779248467	0.075	0.035	7.0764085933312e-18	c2	BTBD11
2.79347089144889e-22	0.473919503139942	0.317	0.237	9.3687426757413e-18	c2	DNAAF2
3.04659763745579e-22	1.02070826054603	0.061	0.026	1.02176791564992e-17	c2	SPINT1
3.27164578277249e-22	0.474534390373883	0.29	0.207	1.09724456262624e-17	c2	A1BG
3.53426255723604e-22	0.181751284095964	0.834	0.714	1.18532097644582e-17	c2	EIF3E
4.29557693431775e-22	0.664755018762476	0.167	0.104	1.44065059223149e-17	c2	SNAPC1
4.83004243995488e-22	0.365333025477496	0.159	0.095	1.61989963351207e-17	c2	APP
5.26743232210778e-22	0.175638121749067	0.817	0.714	1.76659145218851e-17	c2	EIF4B
6.11202604292606e-22	0.170266640553455	0.973	0.86	2.04985129427654e-17	c2	PCBP1
6.5519312225259e-22	0.310631034890806	0.417	0.317	2.19738669341074e-17	c2	SRM
6.6157279735669e-22	0.295025390663423	0.497	0.4	2.21878284777487e-17	c2	C19orf70
7.23005421588093e-22	1.92662097780483	0.027	0.007	2.42481558292215e-17	c2	C11orf74
9.00692296814285e-22	0.451078522172833	0.189	0.121	3.02074182505575e-17	c2	AL118516.1
9.02696472429079e-22	0.242889917280807	0.701	0.566	3.02746342923265e-17	c2	ATP5PB
9.47839229390354e-22	0.244461863237424	0.579	0.464	3.17886320752937e-17	c2	PIM1
1.0023646012672e-21	0.16287971934951	0.835	0.714	3.36173039972992e-17	c2	CD53
1.0547563267846e-21	0.796414314269576	0.095	0.049	3.53744176877019e-17	c2	EPAS1
1.39722306213062e-21	0.182082728516697	0.589	0.481	4.68600670577367e-17	c2	TRIM22
1.74095342434144e-21	0.503826549171178	0.246	0.172	5.83880959455631e-17	c2	STT3A
1.87602491969294e-21	0.36980285469858	0.329	0.241	6.29181237566619e-17	c2	SVIP
2.39212731405087e-21	1.75134707824725	0.04	0.014	8.0227165858638e-17	c2	EGLN3
2.54692548769876e-21	0.825786644828841	0.078	0.037	8.5418787006441e-17	c2	RARG
2.79114497790158e-21	1.2102021350448	0.056	0.024	9.36094202688634e-17	c2	PLD6
3.30991525801217e-21	1.60021521507191	0.044	0.017	1.11007937923212e-16	c2	AC025259.3
3.31229090604563e-21	3.31810480211607	0.011	0.001	1.11087612406958e-16	c2	FERMT2
3.31742302331442e-21	1.10973822386199	0.035	0.011	1.11259733355919e-16	c2	FRY
3.68235116619436e-21	0.873069234108212	0.072	0.033	1.23498693411826e-16	c2	PDE9A
3.85515697318655e-21	1.39262854323848	0.034	0.011	1.29294254566731e-16	c2	CPLX1
5.04719661963908e-21	0.510026905214629	0.263	0.188	1.69272880229455e-16	c2	TRAPPC2B
5.25117471218353e-21	0.651156362197816	0.076	0.036	1.76113897497211e-16	c2	SPEF2
5.95471376842914e-21	0.316078328728779	0.283	0.196	1.99709190365576e-16	c2	RETREG1
6.06775010168572e-21	0.392097169678908	0.32	0.234	2.03500202910336e-16	c2	CRTAP
8.04856101516012e-21	0.271456818728906	0.413	0.32	2.6993263932644e-16	c2	LAIR1
9.46002423304769e-21	0.162644045091501	0.774	0.661	3.17270292727954e-16	c2	ICAM3
9.76255273750452e-21	0.165905552911083	0.313	0.223	3.27416493710427e-16	c2	AREG
1.39462853438387e-20	0.214117569877472	0.541	0.439	4.67730517861661e-16	c2	TGFB1
1.42066778033366e-20	0.538392993107743	0.094	0.049	4.76463560168303e-16	c2	AL121944.1
1.79048425115159e-20	0.516009000920942	0.297	0.221	6.0049260815122e-16	c2	ARL2
2.18151387003868e-20	0.334990948151262	0.382	0.301	7.31636121733574e-16	c2	SEC61A1
2.47169226668717e-20	0.181769043721317	0.864	0.747	8.28956152401542e-16	c2	ARF1
2.69875598593874e-20	0.2237829576172	0.604	0.495	9.05108782564136e-16	c2	RPN1
3.67421057531553e-20	0.311410400139075	0.252	0.177	1.23225674274932e-15	c2	CRY1
4.36876228924768e-20	2.75967028823464	0.013	0.002	1.46519549656789e-15	c2	LRRC49
5.07414815762886e-20	0.54375243827446	0.069	0.032	1.70176780910557e-15	c2	AC136475.3
6.14284066409025e-20	0.316720479048811	0.304	0.223	2.06018590192259e-15	c2	RASGEF1B
7.85472515743082e-20	0.217331714845077	0.596	0.498	2.63431772329915e-15	c2	TAF7
9.41991484861471e-20	2.08655296738677	0.023	0.006	3.1592510419284e-15	c2	CYP27B1
9.58252302248853e-20	0.109227003253227	0.691	0.599	3.2137865712822e-15	c2	ARHGAP15
1.05675140729838e-19	0.58704447469135	0.236	0.166	3.54413286979731e-15	c2	POLD2
1.0657143433629e-19	0.91519305672887	0.089	0.047	3.5741927647705e-15	c2	GNA15
1.14573645061236e-19	0.199417313731764	0.508	0.412	3.84257090806375e-15	c2	EIF4A1
1.58159798004815e-19	0.925215980999348	0.05	0.02	5.3043633054855e-15	c2	C10orf91
1.68593231787791e-19	0.433861645800861	0.165	0.104	5.65427980769892e-15	c2	SGK3
1.81318561617633e-19	0.457490240122362	0.313	0.238	6.08106191953218e-15	c2	BOLA3
1.88062070679824e-19	0.81056007773012	0.152	0.096	6.30722572645993e-15	c2	EGR2
2.10763470842281e-19	0.393493897101665	0.225	0.152	7.06858528510842e-15	c2	CMTM8
2.46194339547341e-19	0.176430457323964	0.364	0.274	8.25686575973871e-15	c2	DPYD
2.46862500751877e-19	0.258681649879183	0.263	0.187	8.27927455021646e-15	c2	RPS6KA5
2.56919266137782e-19	0.185274654452672	0.454	0.358	8.61655834772894e-15	c2	DDX21
2.73642127022282e-19	0.81304386105988	0.064	0.029	9.17740965607328e-15	c2	KCNQ1
2.75028873862732e-19	0.198277129458457	0.372	0.283	9.2239183716083e-15	c2	SATB1
3.6531926702876e-19	0.697925511275583	0.092	0.049	1.22520775776106e-14	c2	CALHM6
3.88998756524218e-19	1.76557032096148	0.019	0.004	1.30462402963092e-14	c2	VLDLR
4.19995520384183e-19	0.305605508601128	0.311	0.229	1.40858097626447e-14	c2	TSPYL1
4.30765137493665e-19	0.279535996617482	0.511	0.422	1.44470011812625e-14	c2	ARF4
4.42482986336958e-19	0.837159195122229	0.064	0.03	1.48399943957689e-14	c2	LOXL1-AS1
1.0029428607179e-18	0.137760530460025	1	0.922	3.36366976627571e-14	c2	RPS7
1.01967236990279e-18	0.121981029924723	0.662	0.568	3.41977719417998e-14	c2	DDX3X
1.24849100121279e-18	0.86898707185481	0.051	0.022	4.18718911986744e-14	c2	LRP12
1.25618140285306e-18	0.114820919575925	0.896	0.804	4.21298118888858e-14	c2	HNRNPDL
1.27524451050998e-18	0.141840790216191	0.954	0.815	4.27691503934836e-14	c2	CD99
1.5475577785775e-18	0.294666384182991	0.372	0.285	5.19019927779323e-14	c2	ANP32E
1.93903763518619e-18	0.105403767054745	0.71	0.609	6.50314442088746e-14	c2	REX1BD
2.08716881626961e-18	0.230260250917484	0.528	0.433	6.99994677600502e-14	c2	ATP6AP2
2.17362130892633e-18	1.11528898878496	0.042	0.016	7.28989114587713e-14	c2	F2RL1
2.1922636032644e-18	0.255942780456401	0.15	0.092	7.35241367262814e-14	c2	PTGDR
2.47807510103697e-18	0.629086310896412	0.262	0.195	8.31096827385781e-14	c2	ZC3H12A
2.49109884840939e-18	1.21392704731449	0.035	0.013	8.35464731779541e-14	c2	SECTM1
3.04304188916717e-18	0.260845919399347	0.566	0.471	1.02057538878889e-13	c2	TMEM219
3.64330235683774e-18	0.112312563673342	0.981	0.875	1.22189074443624e-13	c2	LAPTM5
6.0611644333695e-18	1.46677376763787	0.021	0.006	2.03279332766346e-13	c2	SEMA6C
6.40472015889877e-18	0.780440961622787	0.037	0.014	2.14801504689147e-13	c2	ADAM12
6.92199204646678e-18	0.762553910105789	0.096	0.054	2.32149769254403e-13	c2	NFE2L3
7.41760762172507e-18	0.141103394990215	0.894	0.767	2.48771724417415e-13	c2	LCP1
7.8689867953232e-18	1.10622753617	0.054	0.024	2.63910079141549e-13	c2	MAPRE3
8.13863164221728e-18	0.245223122439466	0.484	0.385	2.72953428016683e-13	c2	CCT5
8.5562918693898e-18	0.229732700685818	0.733	0.646	2.86960916715595e-13	c2	YPEL5
9.05285076216861e-18	0.607666506366085	0.109	0.063	3.03614508861611e-13	c2	MFHAS1
9.24934285193829e-18	1.54927811365298	0.025	0.007	3.10204460568306e-13	c2	RTN4R
1.11316632751831e-17	0.127948352932002	1	0.927	3.7333372292309e-13	c2	RPS15
1.37559108600818e-17	0.225818550772854	0.495	0.408	4.61345738425424e-13	c2	SBDS
1.46470092342782e-17	0.516322471632054	0.197	0.134	4.91231395699221e-13	c2	SMIM3
1.65717937201646e-17	0.546697073926957	0.242	0.176	5.55784817786879e-13	c2	BCL7C
1.85291001740985e-17	0.898394677094433	0.09	0.05	6.21428961638916e-13	c2	PGLYRP2
2.25522533966639e-17	0.245074763709661	0.48	0.383	7.56357474417315e-13	c2	GYG1
2.29164964639447e-17	0.990755416735915	0.068	0.034	7.68573458407777e-13	c2	SNTA1
2.3713096744023e-17	1.13393444834213	0.029	0.01	7.95289838601043e-13	c2	MCAM
2.47925077473873e-17	0.828897519876889	0.069	0.035	8.31491124831876e-13	c2	CITED4
2.7402444369935e-17	1.28805905422063	0.026	0.008	9.19023179278879e-13	c2	ME1
2.88837121228747e-17	1.04474613724693	0.063	0.031	9.68701937176972e-13	c2	PLK2
2.90186946503699e-17	1.66576081561846	0.023	0.006	9.73228981184107e-13	c2	PLEKHA7
3.49030264218384e-17	0.554287813028562	0.148	0.094	1.17057770013562e-12	c2	PAQR8
3.81177163079278e-17	0.491685986822059	0.176	0.117	1.27839196953528e-12	c2	PRDX4
4.06884457022333e-17	0.866782996445133	0.086	0.048	1.3646090919615e-12	c2	FAR2
4.39860374924537e-17	0.159309378938256	0.2	0.135	1.47520372542191e-12	c2	GSTM2
4.64958319514747e-17	1.39405065789413	0.028	0.009	1.55937721198856e-12	c2	MAGI3
5.00343866548902e-17	0.27081120745817	0.44	0.36	1.67805325963171e-12	c2	UFM1
5.25921878069986e-17	0.462926544047497	0.159	0.105	1.76383679467112e-12	c2	AMPD2
6.12438265367161e-17	0.474859560712142	0.216	0.152	2.05399545438838e-12	c2	STK26
6.29380549129052e-17	0.220045214717333	0.444	0.357	2.11081648566901e-12	c2	MAT2A
7.17525854090367e-17	1.05891456033717	0.062	0.03	2.40643820944827e-12	c2	METTL1
7.28859557930208e-17	0.515792125420373	0.21	0.15	2.44444918538633e-12	c2	ORAI2
7.44802940113475e-17	0.299843599396676	0.228	0.161	2.49792010055257e-12	c2	TMEM71
7.62678820976625e-17	1.68926966003315	0.026	0.008	2.55787222979141e-12	c2	ESPN
8.59605153372304e-17	0.459914052540324	0.252	0.187	2.88294376338003e-12	c2	SRPRB
9.75532353916395e-17	0.713226527325072	0.072	0.037	3.27174040856481e-12	c2	RNF157
1.04279585606725e-16	0.280414409913778	0.337	0.262	3.49732874207834e-12	c2	LPCAT4
1.14485997344263e-16	0.550077674981181	0.086	0.046	3.8396313789319e-12	c2	CYSLTR1
1.22901386502792e-16	0.383031303904081	0.233	0.168	4.12186670053063e-12	c2	PPP3CA
1.29351591639699e-16	0.172647454940852	0.768	0.658	4.33819368041223e-12	c2	CDC42
1.35194539008688e-16	1.12914714387339	0.042	0.017	4.53415444927337e-12	c2	ENPP5
1.39250494812091e-16	0.401487147967895	0.237	0.172	4.67018309500789e-12	c2	PTTG1IP
1.41461535928162e-16	1.58042500578807	0.047	0.021	4.74433699195869e-12	c2	PPP1R2C
1.46115301463261e-16	1.1475944612679	0.05	0.022	4.90041498047486e-12	c2	WNT1
1.46210859702143e-16	0.697356185018984	0.082	0.044	4.90361981269049e-12	c2	CA10
1.61328610102928e-16	0.561211394287104	0.095	0.054	5.41063892563201e-12	c2	MXI1
1.62873861962787e-16	0.109067319100479	0.902	0.774	5.46246358250795e-12	c2	GPSM3
1.63104252606586e-16	0.163487570619433	0.831	0.729	5.47019042391969e-12	c2	ATP6V1G1
1.67627546667617e-16	0.580900938516638	0.11	0.065	5.62189266013855e-12	c2	GSTM3
1.67641908570622e-16	0.612620809088351	0.051	0.023	5.62237432964151e-12	c2	PTPRM
1.97193355806996e-16	0.982988552325632	0.026	0.008	6.61347076705503e-12	c2	IL5RA
2.19215459841014e-16	0.207472800251344	0.395	0.315	7.35204809214792e-12	c2	NMRK1
2.19559173582616e-16	0.307443951159454	0.358	0.283	7.36357556361376e-12	c2	TMBIM1
3.16222450368917e-16	0.185972749641109	0.723	0.616	1.06054685404728e-11	c2	ATP5MD
3.27850467342401e-16	0.423396909105174	0.233	0.17	1.09954489737294e-11	c2	OAT
3.43412664767106e-16	0.270219974952863	0.088	0.049	1.15173739509592e-11	c2	PDE8A
3.9479477924062e-16	0.805964709965341	0.039	0.016	1.32406273061719e-11	c2	ACVR1C
4.01302869055572e-16	1.39862502879318	0.029	0.01	1.34588956223858e-11	c2	CEP112
4.59757175177757e-16	0.246756929789277	0.554	0.47	1.54193361411116e-11	c2	METTL9
4.80296624491288e-16	0.997285663794472	0.039	0.016	1.61081881921888e-11	c2	MID2
4.90919474049058e-16	0.596381006309624	0.189	0.131	1.64644573206573e-11	c2	VAT1
5.03593837553695e-16	0.363380016921443	0.323	0.251	1.68895301238758e-11	c2	FYTTD1
5.26270655601372e-16	0.68933773837744	0.074	0.039	1.76500652475588e-11	c2	PRKAG2-AS1
5.67669806466365e-16	0.247780037277945	0.463	0.383	1.90385099692689e-11	c2	TMEM35B
5.79819508335325e-16	0.697087231932234	0.089	0.05	1.94459866705501e-11	c2	RIPOR1
5.98250673962891e-16	0.70658041294334	0.213	0.155	2.00641311033674e-11	c2	ATF3
6.03191632413365e-16	0.16569361162436	0.74	0.63	2.02298409678794e-11	c2	ARF6
6.10741820591625e-16	0.500250324029443	0.125	0.077	2.04830591790019e-11	c2	IL18BP
6.27692573183874e-16	0.490901031087215	0.225	0.163	2.10515535194408e-11	c2	TIFA
6.79156890710423e-16	0.162395474711373	0.862	0.741	2.27775638006462e-11	c2	UQCR11
7.16836392098738e-16	0.23268687878518	0.49	0.41	2.40412589182075e-11	c2	ANXA7
7.69044289554426e-16	0.28819484451058	0.226	0.162	2.57922073830764e-11	c2	MBNL2
9.82693497276405e-16	0.588662601994764	0.127	0.08	3.29575745116561e-11	c2	BAIAP2
1.09186021338406e-15	0.403262891666433	0.138	0.087	3.66188078364746e-11	c2	CPQ
1.20457505859696e-15	0.445461969787683	0.201	0.142	4.03990383152247e-11	c2	CYB5R1
1.23305208379934e-15	0.911802334748826	0.052	0.024	4.13541007864623e-11	c2	GPAT3
1.32298167670801e-15	0.835434878835994	0.1	0.059	4.43701594734332e-11	c2	TRAV9-2
1.34253009169214e-15	0.111055618514616	0.984	0.896	4.50257742151711e-11	c2	RPS26
1.36519992557758e-15	0.598121642728221	0.168	0.115	4.57860751040208e-11	c2	QDPR
1.40342816196151e-15	0.144822087767799	0.292	0.221	4.70681736958651e-11	c2	KDM6B
1.67100756456055e-15	0.327034126988469	0.294	0.227	5.60422517002316e-11	c2	NOLC1
1.67926327696838e-15	0.832863185930694	0.09	0.052	5.63191317829655e-11	c2	MSRB2
1.82622042539778e-15	0.116308724889377	0.981	0.871	6.12477806269906e-11	c2	NPM1
1.9026137448047e-15	0.636412714993674	0.138	0.09	6.380985977326e-11	c2	HEBP1
2.11472422516918e-15	0.161229127094143	0.826	0.711	7.09236210637239e-11	c2	EIF3L
2.12244641736427e-15	1.77980691384689	0.014	0.003	7.11826079455629e-11	c2	RTL5
2.1399525732423e-15	0.434347112339944	0.074	0.039	7.17697294014002e-11	c2	GFPT2
2.21484423263794e-15	0.934441656734521	0.086	0.049	7.42814458742111e-11	c2	FAH
2.35062008848426e-15	0.187037249242118	0.203	0.142	7.88350965275853e-11	c2	ATP2B1-AS1
2.41861614526359e-15	0.22218340141247	0.17	0.114	8.11155482798504e-11	c2	AKT3
2.71826187298587e-15	0.242952893895973	0.481	0.402	9.11650666962001e-11	c2	RAB11A
2.74295297754427e-15	0.153863116078556	0.772	0.663	9.19931569608798e-11	c2	CSTB
3.61448825470991e-15	0.139293817369228	0.723	0.612	1.21222707086461e-10	c2	RABAC1
3.76611498274385e-15	0.186537021157017	0.443	0.36	1.26307964291263e-10	c2	TANK
3.86386246918003e-15	1.52185668034486	0.03	0.011	1.2958621949136e-10	c2	SLC44A3
4.59027340227646e-15	0.159020220026726	0.588	0.505	1.53948589365548e-10	c2	SEC62
4.76484150730336e-15	0.130090608080294	0.858	0.744	1.5980325447194e-10	c2	PTGES3
5.00571119097249e-15	1.21672680061757	0.04	0.017	1.67881541922835e-10	c2	CYP4F22
5.23538173258562e-15	0.378401874363139	0.161	0.108	1.75584232547457e-10	c2	THRA
5.4917627412244e-15	0.267243998773021	0.226	0.162	1.84182738815184e-10	c2	ENO2
5.57642663431936e-15	1.25876578711446	0.025	0.008	1.87022196461803e-10	c2	GRB10
5.64546915826652e-15	0.219073811892329	0.292	0.224	1.89337744629943e-10	c2	CD226
6.30950570253237e-15	0.561749089718447	0.122	0.077	2.1160820225153e-10	c2	MOB3C
7.57227489938776e-15	0.524987144667743	0.078	0.043	2.53958955575667e-10	c2	MARCH9
7.81120777661668e-15	0.222608435723417	0.598	0.514	2.6197228641217e-10	c2	MZT2A
8.25811474510372e-15	0.235368035566963	0.542	0.458	2.76960652321289e-10	c2	CCT7
1.09545186718146e-14	0.242262905161457	0.243	0.179	3.67392647215319e-10	c2	DDX3Y
1.24367974162058e-14	0.149464707891516	0.534	0.445	4.17105311744708e-10	c2	CANX
1.25649953223462e-14	0.383264934570339	0.09	0.052	4.21404813120848e-10	c2	HIPK2
1.30636742773447e-14	0.284153321035516	0.286	0.219	4.38129507913587e-10	c2	TNFSF10
1.3343161388729e-14	0.605977290502441	0.061	0.031	4.47502946655192e-10	c2	PLEKHA5
1.3514630473175e-14	0.12819035662766	0.869	0.782	4.53253676809341e-10	c2	NR4A2
1.49822884441849e-14	0.217823054140547	0.465	0.386	5.02475989841074e-10	c2	APEX1
1.78328769279676e-14	0.160191010272577	0.647	0.552	5.98079026410176e-10	c2	SELENOF
1.87525049440635e-14	0.571799357455463	0.129	0.083	6.28921510814003e-10	c2	UBQLN4
1.91405777924716e-14	0.242595136520463	0.191	0.134	6.41936698003914e-10	c2	SMAD3
2.19434817088515e-14	0.123696328823838	0.806	0.703	7.35940489551461e-10	c2	EIF4G2
2.37130113544679e-14	0.550908523632117	0.107	0.066	7.95286974806144e-10	c2	LDOC1
2.40643600513586e-14	0.323416480673516	0.248	0.186	8.07070507402465e-10	c2	GNL3
2.76393075789667e-14	0.154530671935996	0.754	0.65	9.26967097583385e-10	c2	CSDE1
3.22212998665373e-14	1.22054645831537	0.033	0.013	1.08063795492393e-09	c2	RAB11FIP5
3.24438155298481e-14	0.916044447723127	0.08	0.046	1.08810068524005e-09	c2	EDARADD
3.59125805448589e-14	0.378900908649357	0.315	0.25	1.20443612631348e-09	c2	NXT1
3.84683268913481e-14	0.109313894736766	0.791	0.678	1.29015074728203e-09	c2	HSPE1
3.96030567246995e-14	0.517276595718496	0.159	0.109	1.32820731643297e-09	c2	BAG3
4.11748465637832e-14	0.574512037794767	0.119	0.076	1.38092200405616e-09	c2	PRKCI
4.12853118147566e-14	0.293501342799165	0.309	0.245	1.38462678764331e-09	c2	MORF4L2
4.13232159995235e-14	0.149662672487858	0.693	0.583	1.38589801819202e-09	c2	CCDC85B
4.35614323533915e-14	0.203728540029998	0.437	0.362	1.46096331826804e-09	c2	DEGS1
4.52517685301577e-14	1.18140883052202	0.035	0.015	1.51765381296443e-09	c2	AL445686.2
5.09279511005642e-14	0.17948380250886	0.639	0.537	1.70802162401072e-09	c2	MINOS1
5.17060515830315e-14	0.247879141154884	0.439	0.366	1.73411755799171e-09	c2	CYB5R3
5.36557831836357e-14	0.394750879633689	0.256	0.195	1.79950765641277e-09	c2	ABHD13
5.5501989908818e-14	1.13415491249494	0.038	0.017	1.86142573756194e-09	c2	AFDN
5.6323772393491e-14	0.275855473495419	0.356	0.288	1.8889866785329e-09	c2	MANF
5.63767377552356e-14	0.130585165022847	0.874	0.76	1.89076303083509e-09	c2	SSR2
5.68246873521021e-14	0.74195020289702	0.04	0.018	1.9057863644148e-09	c2	COLGALT2
5.74282454795072e-14	0.189853415372241	0.486	0.412	1.92602849689171e-09	c2	PHF20
6.02124046803808e-14	0.23652473025387	0.13	0.083	2.01940362817061e-09	c2	EPHA1
6.21639503417894e-14	0.294128927109995	0.286	0.22	2.08485456656293e-09	c2	CFAP97
6.92279741203882e-14	0.663071196049799	0.072	0.039	2.32176779604958e-09	c2	EVA1C
6.94572818620139e-14	0.143080359871176	0.819	0.714	2.32945831908822e-09	c2	ZFAS1
7.04305368700386e-14	0.269405441930522	0.305	0.239	2.36209934554735e-09	c2	NAAA
7.04456033015264e-14	0.277589719211926	0.418	0.351	2.36260464352659e-09	c2	EIF2A
7.13800001091523e-14	0.147357588852014	0.489	0.408	2.39394244366075e-09	c2	DDX18
7.23516777910461e-14	0.581731674086879	0.028	0.01	2.4265305697561e-09	c2	COL6A1
8.4838727740782e-14	0.674795148046519	0.06	0.031	2.84532125097035e-09	c2	LINC02328
8.87779700264673e-14	0.173407095649576	0.566	0.48	2.97743555874766e-09	c2	TSTD1
9.80863064318905e-14	0.508694606410522	0.071	0.039	3.28961854511274e-09	c2	SEC14L2
1.06546001944537e-13	0.588998373943528	0.076	0.043	3.57333981321589e-09	c2	AZIN2
1.08537698708152e-13	0.359926633973491	0.317	0.253	3.640137339274e-09	c2	CALHM2
1.11463744962027e-13	1.26399867949104	0.012	0.003	3.73827107853648e-09	c2	MYO16
1.29594636159839e-13	0.803510083946709	0.051	0.025	4.34634490752868e-09	c2	ALPK1
1.39981643138792e-13	0.819958013574218	0.041	0.018	4.6947043475888e-09	c2	SUSD4
1.42820310286186e-13	0.184632602487317	0.603	0.513	4.78990756637811e-09	c2	SDCBP
1.5829399500955e-13	0.332037773344079	0.242	0.183	5.30886400463027e-09	c2	NBL1
1.73397686670838e-13	0.168066038895128	0.639	0.541	5.81541161556657e-09	c2	PA2G4
1.77676586495617e-13	0.248588309606444	0.164	0.113	5.95891735789e-09	c2	AL357060.1
2.03327345904833e-13	0.782472750137225	0.074	0.042	6.8191925269563e-09	c2	ELOVL6
2.22557057370658e-13	0.680099516499952	0.049	0.024	7.46411859009713e-09	c2	PLEKHG1
2.39489959443383e-13	0.138661801531601	0.477	0.397	8.03201425981219e-09	c2	GRAMD1A
2.67038938306329e-13	0.346680644372622	0.246	0.189	8.95595191291768e-09	c2	PRR5
2.74048389101735e-13	0.423792124819576	0.082	0.047	9.19103487369398e-09	c2	LINC00243
2.81740876255981e-13	0.163537458346307	0.594	0.507	9.44902550787309e-09	c2	RSL1D1
3.15600381725153e-13	0.559629971442722	0.106	0.066	1.05846056022982e-08	c2	TMEM229B
3.30665087741792e-13	0.14127262982674	0.342	0.269	1.10898457126842e-08	c2	PRMT9
3.57785029938157e-13	0.456599080391941	0.057	0.029	1.19993943340659e-08	c2	AC103724.3
3.64684248346052e-13	0.355390992212893	0.163	0.114	1.22307803210299e-08	c2	FAM122C
4.03102925300318e-13	1.14494757401094	0.027	0.01	1.35192659087221e-08	c2	LONRF3
4.1551405862856e-13	0.736139707535814	0.058	0.03	1.39355104982847e-08	c2	ZNF677
4.72181600437993e-13	0.32304473189911	0.054	0.028	1.58360265154894e-08	c2	MEGF6
4.79728564226627e-13	0.64954719783615	0.046	0.022	1.60891365870326e-08	c2	NR3C2
4.82320281617466e-13	0.320696751703405	0.266	0.205	1.61760576048866e-08	c2	ABCE1
5.00516894741203e-13	0.246062415993857	0.388	0.32	1.67863356158305e-08	c2	GNAI3
5.69847041080975e-13	0.486514425859318	0.06	0.032	1.91115300637737e-08	c2	AC016831.1
5.71985660710857e-13	1.30148210303949	0.016	0.005	1.91832550889207e-08	c2	TLR2
5.7450469318005e-13	0.441561463530737	0.176	0.125	1.92677383998725e-08	c2	HSD17B8
6.17188989174431e-13	0.571065048395204	0.1	0.062	2.06992843189321e-08	c2	SLC25A43
6.18716957708642e-13	0.202609540589521	0.383	0.309	2.07505293276324e-08	c2	ASF1A
7.32066245912841e-13	0.34165999833141	0.313	0.25	2.45520377554249e-08	c2	MAPKAPK3
7.35344919930299e-13	1.07748227547239	0.038	0.017	2.46619979246224e-08	c2	FSCN1
9.28541619059009e-13	0.150759991085653	0.682	0.576	3.1141428820001e-08	c2	SNX3
9.42093137980511e-13	0.169465558981361	0.463	0.39	3.15959196615904e-08	c2	ZFAND5
9.73988973201075e-13	0.864893112481541	0.035	0.015	3.26656421832177e-08	c2	CAMKK1
9.9716065407517e-13	0.25542542300697	0.408	0.34	3.34427740163731e-08	c2	NENF
1.02516607677894e-12	0.529664461377395	0.061	0.033	3.43820198830121e-08	c2	XYLT1
1.03281876463843e-12	0.418742136244046	0.214	0.16	3.46386757284437e-08	c2	PRCP
1.06260897946104e-12	0.477118919090711	0.113	0.072	3.56377799531643e-08	c2	UNC93B1
1.08689288043809e-12	0.161226841656758	0.629	0.535	3.64522134241328e-08	c2	BZW1
1.13674560224176e-12	0.219571503704457	0.415	0.346	3.81241740079842e-08	c2	PRMT1
1.44470948382833e-12	0.262243972029987	0.382	0.317	4.84526666686344e-08	c2	RILPL2
1.55964682691759e-12	0.196439743195413	0.376	0.307	5.23074352811622e-08	c2	DARS
1.64603467332308e-12	0.306233366745892	0.354	0.293	5.52047108739095e-08	c2	ACAA2
1.66898204919577e-12	0.37986288786054	0.107	0.067	5.59743199659277e-08	c2	GCSAM
1.73864519424238e-12	0.112222326966849	0.839	0.729	5.8310682524501e-08	c2	ATP6V0E1
1.77705726116023e-12	1.24966998664989	0.017	0.005	5.95989464247918e-08	c2	CAVIN1
1.86527434052965e-12	0.947868657671402	0.038	0.017	6.25575708326835e-08	c2	CACNB3
2.21468538872129e-12	0.569893666495267	0.118	0.078	7.42761185669347e-08	c2	BMI1
2.42340504244443e-12	0.438750034352481	0.114	0.073	8.12761583135014e-08	c2	FBLN5
2.49893846745008e-12	1.20577250586615	0.022	0.008	8.38093983213409e-08	c2	AC092343.1
2.52612544963577e-12	0.425852325604005	0.046	0.022	8.47211953298845e-08	c2	GDPD5
2.59135050168483e-12	0.464289486055927	0.169	0.119	8.69087131255059e-08	c2	DBNDD2
2.81867564223393e-12	1.36647636534765	0.02	0.007	9.45327436892415e-08	c2	S100Z
3.02043186983777e-12	0.129303985351288	0.707	0.609	1.01299244050619e-07	c2	XRCC6
3.34823534610352e-12	0.330381251695961	0.173	0.123	1.1229311703762e-07	c2	SKAP2
3.91781109190925e-12	0.143681862145514	0.232	0.172	1.31395548400452e-07	c2	MX2
4.24860490511328e-12	0.653117514779882	0.096	0.06	1.42489711307689e-07	c2	IL9R
4.28686964382049e-12	0.235691656840849	0.343	0.279	1.43773034114452e-07	c2	PPT1
5.32009308629611e-12	0.171846698812163	0.441	0.371	1.78425281928199e-07	c2	CASP1
5.43996326021e-12	0.16317466722655	0.612	0.52	1.82445487820923e-07	c2	LMAN2
5.53825957738262e-12	0.17748873299146	0.526	0.442	1.85742149706258e-07	c2	NDUFB7
5.74047200820917e-12	0.311005809056853	0.22	0.165	1.92523950211319e-07	c2	LEPROT
5.82399790566319e-12	0.755410967190571	0.097	0.062	1.95325241760132e-07	c2	GPR35
6.16918959837783e-12	0.923218913931997	0.036	0.017	2.06902280750396e-07	c2	TRBV30
6.21291125148918e-12	0.383638015955548	0.213	0.162	2.08368617552444e-07	c2	SEPT11
6.4413491301206e-12	0.12200617532845	0.741	0.652	2.16029967125985e-07	c2	CUTA
7.15931763946946e-12	0.372099717211285	0.202	0.151	2.40109194992527e-07	c2	AGA
8.17387334455603e-12	0.14913161605266	0.649	0.546	2.7413536422972e-07	c2	REEP5
8.90161251557849e-12	0.368922371058403	0.162	0.117	2.98542280547472e-07	c2	MKNK1
9.27604426848424e-12	1.6418782767199	0.019	0.006	3.11099972676424e-07	c2	C2CD4D
9.40551223267241e-12	0.224345302974453	0.149	0.102	3.15442069259367e-07	c2	RNF130
1.01656780076848e-11	0.20374563422382	0.443	0.374	3.40936509021733e-07	c2	GIMAP2
1.11127260236316e-11	0.839979327801714	0.023	0.008	3.72698605380555e-07	c2	ZNF208
1.1879423836111e-11	0.574496703238312	0.045	0.023	3.98412116615491e-07	c2	PLAG1
1.27216339337793e-11	0.578656357274146	0.082	0.05	4.2665815887109e-07	c2	IRS2
1.33519663281095e-11	0.357820863452611	0.194	0.146	4.47798246712136e-07	c2	TRAP1
1.36756213019569e-11	0.158185050370784	0.595	0.513	4.58652987225029e-07	c2	SRI
1.38385534599064e-11	0.175293242023053	0.259	0.2	4.64117405938342e-07	c2	CAMK2G
1.44266831978134e-11	0.83685688283028	0.053	0.028	4.83842101088266e-07	c2	AP005019.1
1.51071133874935e-11	0.448225688854893	0.177	0.131	5.06662368789758e-07	c2	FARSB
1.52354973102868e-11	0.471762889918631	0.084	0.051	5.10968108792398e-07	c2	TCEAL3
1.61030902549345e-11	0.800666912092176	0.062	0.035	5.40065440969995e-07	c2	SLC31A2
1.97448329855197e-11	0.248871615231693	0.322	0.263	6.62202208668358e-07	c2	PMVK
2.2164547089892e-11	0.276445606565517	0.389	0.332	7.43354580300797e-07	c2	MRPL18
2.26132642621506e-11	0.239621692935595	0.33	0.271	7.58403656824008e-07	c2	MAP2K1
2.4388333805722e-11	0.214365688649068	0.466	0.397	8.17935939176303e-07	c2	PCNP
2.67112150826863e-11	0.199698596473483	0.459	0.388	8.95840731443134e-07	c2	PDCD5
2.69048098728145e-11	0.522953173824904	0.144	0.103	9.02333513514451e-07	c2	HSD17B4
2.73054906461681e-11	0.411184838465618	0.235	0.185	9.15771545291185e-07	c2	DHRS4
2.96655043353392e-11	0.241141468802456	0.354	0.293	9.94921684398605e-07	c2	MRPL3
3.12114702591442e-11	0.980144043168884	0.05	0.026	1.04677028955118e-06	c2	TESMIN
3.23683358979426e-11	0.34438941333521	0.154	0.109	1.0855692493452e-06	c2	MVB12B
3.30171596801371e-11	0.537970876816736	0.146	0.102	1.10732950135244e-06	c2	TRAV8-2
3.32987419677743e-11	1.18025427527451	0.012	0.003	1.11677320811522e-06	c2	EGOT
3.37239806681469e-11	0.234721667301159	0.266	0.209	1.13103486364831e-06	c2	LMO4
3.45593253942809e-11	0.123164827384478	0.365	0.3	1.15905065507339e-06	c2	NFKB1
3.54178535661123e-11	0.444509741232064	0.126	0.085	1.18784397290028e-06	c2	ACSL6
3.64424253694677e-11	1.41925472830079	0.024	0.009	1.22220606204121e-06	c2	SPINT1-AS1
3.66100316617377e-11	0.431303782242176	0.235	0.185	1.22782724187136e-06	c2	MRPL24
3.81877304364071e-11	0.153335220476133	0.585	0.496	1.28074010337622e-06	c2	SNRPD3
3.95459731015957e-11	0.158180488074636	0.472	0.401	1.32629284588132e-06	c2	PDLIM2
4.01805056908974e-11	0.926311446108256	0.031	0.014	1.34757379986132e-06	c2	RIN1
4.1396141850324e-11	0.219584951782875	0.254	0.199	1.38834380537616e-06	c2	UNC119
4.30790982415349e-11	0.111630303618401	0.955	0.851	1.4447867968246e-06	c2	UBB
4.46269542573776e-11	0.699189903268572	0.059	0.033	1.49669879188393e-06	c2	AL162377.1
4.75025674501913e-11	0.114494831123672	0.591	0.512	1.59314110714452e-06	c2	TUBA4A
4.79260420096837e-11	0.6555849704904	0.06	0.034	1.60734359692077e-06	c2	TTC9
4.79863303068391e-11	0.898789555186991	0.071	0.042	1.60936554583077e-06	c2	TRAV8-4
4.93501079461157e-11	0.104472538668394	0.549	0.463	1.65510392029683e-06	c2	PSIP1
5.08884172560954e-11	0.271787743009323	0.283	0.226	1.70669573793493e-06	c2	CTDSP2
5.64611282967134e-11	0.636680543486855	0.108	0.072	1.89359332081517e-06	c2	ATF5
5.78168114043045e-11	0.302180986806945	0.324	0.269	1.93906022087757e-06	c2	ORMDL2
6.15462163452566e-11	0.378566761865511	0.1	0.064	2.06413700378722e-06	c2	SMIM14
6.29748104531246e-11	0.695843736006323	0.07	0.042	2.11204919297689e-06	c2	ZBTB22
6.399086073642e-11	0.159974784849341	0.48	0.409	2.14612548737805e-06	c2	GPR65
6.42456023068472e-11	0.874447375721748	0.024	0.01	2.15466901016704e-06	c2	LINC01353
6.60257185196337e-11	0.184841430134089	0.414	0.347	2.21437054771148e-06	c2	CAPN2
6.69029841781825e-11	0.217772406913095	0.429	0.364	2.24379228336789e-06	c2	RHEB
6.85672689811427e-11	0.125934712579456	0.772	0.674	2.29960906708957e-06	c2	TMEM59
7.60458443349349e-11	0.284919264418529	0.253	0.198	2.55042552730505e-06	c2	FBXL3
7.78907222690026e-11	0.78149831515742	0.058	0.033	2.61229904345781e-06	c2	TRBV3-1
8.43733237552121e-11	0.280741060499638	0.325	0.271	2.8297125321023e-06	c2	RRAGA
8.47184160692664e-11	0.282121234674641	0.213	0.161	2.84128623813106e-06	c2	CDKN2D
8.56921316730313e-11	0.757524812572903	0.027	0.011	2.87394271205012e-06	c2	AC010624.3
9.27397756199528e-11	0.223965861892674	0.115	0.076	3.11030659474198e-06	c2	IFNGR2
9.6947874074334e-11	0.253904678110861	0.121	0.082	3.25143780070501e-06	c2	C20orf204
1.06136912328637e-10	0.428114483987473	0.167	0.123	3.55961976567783e-06	c2	SLC25A24
1.24012977262539e-10	0.109129202687199	0.916	0.8	4.15914723143104e-06	c2	HNRNPK
1.33114137389078e-10	0.666793384708036	0.11	0.074	4.46438193975489e-06	c2	AC093512.2
1.35249174402063e-10	0.777357358678642	0.031	0.014	4.53598681109638e-06	c2	AC004854.2
1.3905744443484e-10	0.98706597314693	0.023	0.009	4.66370857145567e-06	c2	CYSLTR2
1.46876014045347e-10	0.131044277633647	0.712	0.626	4.92592775905285e-06	c2	UXT
1.54536188271414e-10	0.113909754056762	0.827	0.712	5.18283468224669e-06	c2	RPS17
1.63360040574803e-10	0.634009409456395	0.039	0.019	5.47876904079775e-06	c2	H1F0
1.63399439917236e-10	0.62935249653538	0.074	0.045	5.48009041594427e-06	c2	TDRKH
1.68242893875684e-10	1.03840880832731	0.03	0.013	5.64253017480269e-06	c2	DYRK3
2.06081809267596e-10	1.30319594893085	0.021	0.008	6.91157171921665e-06	c2	TRIM7
2.089553674004e-10	0.130406525061627	0.518	0.448	7.00794511187463e-06	c2	G3BP1
2.14064979523728e-10	1.36602108084459	0.036	0.018	7.17931128326679e-06	c2	TRBV11-3
2.17193373108586e-10	0.240358337055568	0.4	0.342	7.28423134731576e-06	c2	MAPRE1
2.19353438467162e-10	0.607842272356082	0.036	0.018	7.35667561931167e-06	c2	ARAP3
2.26096231436958e-10	0.455805881587561	0.099	0.065	7.5828154099327e-06	c2	RCBTB2
2.56160896169013e-10	0.648637526280561	0.089	0.058	8.59112413571636e-06	c2	RFLNB
3.31790976646933e-10	0.530676257544713	0.03	0.013	1.11276057747848e-05	c2	TRPC1
3.56133036628306e-10	0.130385034136395	0.613	0.523	1.19439897824401e-05	c2	GDI2
3.60846564559582e-10	0.140898353021885	0.613	0.529	1.21020720821993e-05	c2	PRDX2
3.65843267272619e-10	0.428012914239326	0.16	0.117	1.22696514977891e-05	c2	AAED1
3.76953135923206e-10	0.309188169109574	0.225	0.176	1.26422542725925e-05	c2	ELL
3.92915872791072e-10	0.272762776389356	0.299	0.245	1.3177612541667e-05	c2	APPL1
3.95082111918447e-10	0.166055437962249	0.067	0.04	1.32502638695209e-05	c2	Z93241.1
4.18308389773823e-10	0.839635267705627	0.046	0.024	1.40292267762345e-05	c2	PHLDA3
4.21986174316605e-10	0.109322100967273	0.808	0.701	1.41525723142303e-05	c2	CIB1
4.45382202152379e-10	0.267154882616805	0.308	0.255	1.49372282957865e-05	c2	ISG20L2
4.52973664094517e-10	0.143998604367267	0.285	0.23	1.51918307464019e-05	c2	TLE4
4.54691700726125e-10	0.250919947136911	0.219	0.171	1.52494502589528e-05	c2	REPS1
4.69839261552933e-10	0.100689613080337	0.852	0.767	1.57574691539623e-05	c2	RPL23
4.82142280444782e-10	0.113259581964824	0.548	0.479	1.61700878015571e-05	c2	HAX1
4.90582543757132e-10	0.242557042768153	0.261	0.211	1.64531573525267e-05	c2	SPTY2D1
5.33100498045696e-10	0.154939857368857	0.516	0.45	1.78791245034566e-05	c2	BCAS2
5.48279091414651e-10	0.695880299656691	0.054	0.03	1.83881841678646e-05	c2	GATD3A
5.56540552924753e-10	0.123398702827968	0.579	0.509	1.86652570639904e-05	c2	MATR3.1
5.76932716525984e-10	0.306588732304601	0.13	0.091	1.93491694468484e-05	c2	FAM160A2
5.8016683039453e-10	0.154113486436002	0.513	0.434	1.94576351577717e-05	c2	SNRPF
6.69271484517566e-10	0.127320877291082	0.21	0.164	2.24460270477501e-05	c2	INTS6
7.83488231673506e-10	0.399368851085263	0.177	0.134	2.6276628313866e-05	c2	UNG
8.15321304644019e-10	0.749197449250802	0.046	0.024	2.73442459151511e-05	c2	FAM84B
8.46303268356876e-10	0.310843286780899	0.174	0.132	2.83833190141529e-05	c2	CDK5RAP1
8.47276287652258e-10	0.947105692394513	0.041	0.021	2.84159521352814e-05	c2	KLF4
8.56550111883456e-10	1.22309293269054	0.035	0.017	2.87269776523474e-05	c2	F12
8.696177860347e-10	0.748499272817807	0.026	0.011	2.91652413080318e-05	c2	ZFYVE9
9.22087797315076e-10	0.194080348702873	0.47	0.407	3.0924980546353e-05	c2	HMGN4
9.69672642877649e-10	0.385279201613169	0.236	0.19	3.25208810968306e-05	c2	TIMM9
1.04895444791363e-09	0.233045641243699	0.176	0.131	3.51798342741272e-05	c2	HOOK2
1.07186607185721e-09	0.18336338612873	0.428	0.364	3.59482443179472e-05	c2	PCMT1
1.11346657765853e-09	0.121914016158931	0.789	0.689	3.73434420815117e-05	c2	TRMT112
1.12467333362986e-09	0.113667794192982	0.856	0.738	3.77192942632782e-05	c2	NDUFA4
1.12807196177732e-09	0.393769395379892	0.198	0.152	3.78332774540878e-05	c2	KLF10
1.17224560111483e-09	0.274640347827801	0.303	0.251	3.9314772970189e-05	c2	RNF11
1.1838256863308e-09	0.45012310603007	0.14	0.101	3.97031458681624e-05	c2	B3GALT6
1.21163585925685e-09	0.104192116804881	0.994	0.939	4.06358434477562e-05	c2	BTG1
1.23768143632818e-09	0.318776626209642	0.173	0.13	4.15093600115746e-05	c2	BLVRB
1.28635338628254e-09	0.332054311212631	0.061	0.036	4.31417198691439e-05	c2	EPS8
1.30773160629097e-09	0.227284641422511	0.263	0.215	4.38587026117865e-05	c2	BORCS5
1.49351774587888e-09	0.163011623633487	0.549	0.475	5.0089598161286e-05	c2	TOMM5
1.54163643857345e-09	2.03404760238707	0.013	0.004	5.17034028768764e-05	c2	TLCD2
1.59270328263448e-09	0.360844259082998	0.197	0.152	5.34160826929953e-05	c2	GCLM
1.59801850309553e-09	0.433686065528722	0.095	0.063	5.35943445568178e-05	c2	ZBTB16
1.74122563543695e-09	0.818983056834091	0.038	0.019	5.83972253612844e-05	c2	CCDC112
1.79253039257684e-09	0.330382333368701	0.172	0.129	6.01178843062422e-05	c2	RASSF3
1.8689594351148e-09	0.170489163065459	0.34	0.283	6.26811615348803e-05	c2	PABPC4
2.06159304049646e-09	0.611326186948424	0.05	0.028	6.91417073921702e-05	c2	HOOK1
2.11283806050703e-09	0.194819623762909	0.31	0.258	7.08603628732848e-05	c2	TIPARP
2.16146557703547e-09	0.406887894896479	0.194	0.15	7.24912325226156e-05	c2	SCOC
2.21593585520666e-09	1.04205724942721	0.027	0.012	7.4318056711921e-05	c2	SMKR1
2.24956174895676e-09	0.292521897672241	0.102	0.069	7.54458019365118e-05	c2	SH2B3
2.2983291938826e-09	0.278090537345278	0.105	0.072	7.70813645044347e-05	c2	PHC1
2.32257429412875e-09	0.613672105265285	0.059	0.035	7.789449667649e-05	c2	ASPH
2.56341263643327e-09	0.506670445319997	0.107	0.074	8.59717330006989e-05	c2	TMED8
2.61441411147125e-09	0.206069590572707	0.218	0.17	8.76822204705229e-05	c2	LIPA
2.67215613833445e-09	0.415528724720548	0.157	0.118	8.96187725674607e-05	c2	LZTFL1
2.79048395381531e-09	0.854403852241417	0.034	0.017	9.35872508430578e-05	c2	SLC30A4
2.98085650395001e-09	0.677505878858067	0.061	0.037	9.99719654294755e-05	c2	DUSP3
3.0165606261599e-09	0.268552509886529	0.117	0.082	0.000101169410280151	c2	RRP12
3.0556231864278e-09	0.107416947132072	0.464	0.401	0.000102479490426416	c2	SOCS3
3.1962198205548e-09	0.3640529857407	0.214	0.171	0.000107194820341767	c2	SETD3
3.39896437238243e-09	0.338960946764629	0.099	0.066	0.000113994467120962	c2	AC013264.1
3.59168811643142e-09	0.682482105499414	0.063	0.038	0.000120458036048877	c2	SETD9
3.63563107698195e-09	0.130390526984093	0.712	0.611	0.000121931795059821	c2	NEDD8
3.67664358392241e-09	0.321653920421483	0.089	0.058	0.00012330727251759	c2	TNFRSF10B
3.81965567534163e-09	1.36315018391421	0.015	0.005	0.000128103612039608	c2	ELOVL4
3.90900624176185e-09	0.203644850407905	0.217	0.169	0.000131100251336209	c2	F2R
4.05078175114137e-09	0.256285887684167	0.192	0.15	0.000135855118369779	c2	SPTLC2
4.10352316995343e-09	0.264355653709994	0.266	0.218	0.000137623960073898	c2	CERS2
4.28390924022311e-09	0.614205962890767	0.04	0.021	0.000143673748098603	c2	AF213884.3
4.3195407521528e-09	0.106531120734422	0.613	0.532	0.000144868757745701	c2	CCT4
4.4407752167532e-09	0.311200572836495	0.046	0.026	0.000148934719219469	c2	RIMKLB
4.44998446376054e-09	0.162363688623147	0.293	0.241	0.000149243578945601	c2	TRPV2
4.50295427326095e-09	0.404744118180305	0.217	0.173	0.000151020080416626	c2	FAM89B
4.59547635038594e-09	0.128389117412413	0.421	0.359	0.000154123085839244	c2	AC243960.1
4.78978382783972e-09	1.40821726887138	0.023	0.01	0.000160639770018089	c2	BAMBI
5.34411549690597e-09	0.179535425693978	0.322	0.267	0.000179230945535232	c2	TBC1D10A
5.38679042144227e-09	0.134254907026302	0.47	0.41	0.000180662177154331	c2	RTN4
5.66954814776079e-09	0.215793569403978	0.311	0.26	0.000190145305779601	c2	ATIC
5.76329793258538e-09	0.241342185947062	0.082	0.053	0.000193289486063048	c2	PIK3CB
6.50890152489086e-09	0.147809950657191	0.496	0.441	0.00021829553934179	c2	SF3A1
6.85811790195679e-09	0.230515154773826	0.387	0.336	0.000230007558195827	c2	PHPT1
6.91070405356358e-09	0.444567972377419	0.121	0.086	0.000231771192548415	c2	VARS
6.9792953459955e-09	0.233517853816735	0.144	0.106	0.000234071607313997	c2	AC245297.3
7.02074684095913e-09	0.261046038706557	0.236	0.192	0.000235461807552087	c2	COMTD1
7.02445822747638e-09	1.53658115549306	0.015	0.005	0.000235586280033103	c2	PLEK2
7.82101218009049e-09	0.162566851592087	0.451	0.388	0.000262301106495875	c2	DSTN
7.95957617174524e-09	0.282211814706858	0.11	0.076	0.000266948265647992	c2	TRBV20-1
7.96066678751857e-09	0.353177162348726	0.163	0.124	0.000266984842719798	c2	CIDEB
8.22863599075996e-09	1.15684071251205	0.016	0.006	0.000275971993858108	c2	RRAGD
8.39353835727668e-09	0.341984253174124	0.143	0.106	0.000281502489426345	c2	SFXN3
9.54759443361731e-09	0.187924246057738	0.413	0.361	0.000320207222114657	c2	ADIPOR1
9.7486627868042e-09	1.92741030042363	0.011	0.003	0.000326950652543839	c2	KIAA1217
9.89856967802032e-09	0.244878345695729	0.24	0.194	0.000331978229861445	c2	CYTH2
9.9502805633311e-09	0.125559735681648	0.511	0.445	0.000333712509532999	c2	TMED9
1.00366301496515e-08	0.403216644406576	0.067	0.042	0.000336608501959012	c2	SETD7
1.04108508564059e-08	0.189717263440529	0.211	0.166	0.000349159116022141	c2	CLSTN3
1.08207988848041e-08	1.28970383553861	0.021	0.009	0.000362907952998558	c2	TMPRSS3
1.1238752719392e-08	0.391245048535142	0.12	0.086	0.00037692528870297	c2	MYBBP1A
1.25078430517969e-08	0.123803020671602	0.46	0.396	0.000419488040271163	c2	CCT2
1.2609832012497e-08	0.507811317215453	0.098	0.068	0.000422908546035125	c2	NOMO2
1.47681476436127e-08	1.59541572284174	0.023	0.01	0.000495294135671483	c2	PROK2
1.51333769071303e-08	1.11455535315201	0.021	0.009	0.000507543194711334	c2	FOXJ1
1.60089401996228e-08	0.101060166054383	0.621	0.538	0.000536907836414951	c2	LSM7
1.72301341388633e-08	0.61717092660667	0.054	0.032	0.000577864238749199	c2	TMEM25
1.79456754091698e-08	1.5591917795808	0.01	0.003	0.000601862061872736	c2	SEPT4
1.90574985846547e-08	0.11278542162664	0.574	0.5	0.000639150387532149	c2	CMTM3
1.92674320911703e-08	0.36884981387427	0.151	0.112	0.000646191137473669	c2	CSF1
1.93571375671867e-08	0.708333074332257	0.015	0.005	0.000649199679728309	c2	AC083973.1
1.98043391050264e-08	0.316277950309614	0.054	0.032	0.000664197924904374	c2	AMPD3
1.99274915854845e-08	0.123925616202054	0.54	0.465	0.000668328212793979	c2	ILF2
2.00413102047627e-08	0.520952998638297	0.069	0.044	0.000672145461647333	c2	TRBV7-2
2.15534353938917e-08	0.284971234929162	0.205	0.164	0.000722859116240341	c2	TOB2
2.25130385312006e-08	0.642687687551667	0.05	0.029	0.000755042286259405	c2	PLCB3
2.53222030604233e-08	1.10283454128328	0.064	0.04	0.000849256046240477	c2	TRAV12-3
2.68465389522659e-08	0.941485959375711	0.02	0.009	0.000900379223381094	c2	RIMS3
2.71544326886977e-08	0.384115305025523	0.133	0.099	0.000910705363513544	c2	SUMF1
2.83557763753e-08	0.234227593163166	0.324	0.276	0.000950996028074811	c2	CPNE3
2.83963891259385e-08	0.181767332249499	0.327	0.277	0.000952358098505726	c2	GPR108
2.87228033602129e-08	0.477484943627851	0.032	0.016	0.00096330537909482	c2	AC106739.1
2.95550915877332e-08	0.745304351312537	0.022	0.01	0.000991218661669396	c2	ANK1
2.95673331998776e-08	0.971442609510872	0.038	0.021	0.000991629220857494	c2	QPCT
3.03063926225276e-08	0.103265080726808	0.497	0.435	0.00101641579577433	c2	SSR1
3.0776335748048e-08	1.14009194429739	0.029	0.014	0.00103217674831803	c2	GAS2L1
3.31017224081382e-08	0.806806977056374	0.026	0.012	0.00111016556612414	c2	RGS18
3.3251977759849e-08	1.21270864975771	0.011	0.003	0.00111520483010982	c2	SIAH3
3.53773034361281e-08	0.564551767783364	0.039	0.021	0.00118648400264086	c2	HDAC9
3.61545666819453e-08	1.09474468876091	0.014	0.005	0.00121255185737908	c2	SLC5A5
3.65632151831196e-08	0.275693322921134	0.107	0.075	0.00122625711081146	c2	TMEM65
3.83519630208025e-08	0.895459936576272	0.017	0.007	0.00128624813579168	c2	ZNF467
3.8386565394334e-08	0.249447822651898	0.279	0.233	0.00128740863019517	c2	RETREG2
3.89115345479326e-08	0.163770393533361	0.376	0.324	0.00130501504566856	c2	FAM162A
3.93756402893376e-08	0.398065626128921	0.1	0.07	0.0013205802240238	c2	SPRYD7
3.96199548927867e-08	0.452703434645032	0.085	0.058	0.00132877404719428	c2	NAA80
3.97020342440773e-08	0.195731891442887	0.405	0.352	0.00133152682447786	c2	FUNDC2
4.1220679694755e-08	0.12873037360918	0.426	0.37	0.00138245915560269	c2	HPCAL1
4.20223791252808e-08	0.583405629759276	0.056	0.034	0.00140934655110367	c2	TJP3
4.43298659418424e-08	0.440643116066399	0.02	0.009	0.00148673504395751	c2	PRMT5-AS1
4.43317302730796e-08	0.5563396781694	0.048	0.028	0.00148679756989855	c2	LINC00920
4.51503930234011e-08	0.143456145266357	0.519	0.455	0.00151425388121883	c2	APH1A
4.57676616187547e-08	0.521771287884942	0.047	0.027	0.0015349558353698	c2	NDRG2
4.64678385073664e-08	0.184847062842041	0.409	0.356	0.00155843836786005	c2	PHB
4.75839982555027e-08	0.14706417797928	0.504	0.438	0.00159587213349305	c2	ELOC
4.84028771154033e-08	0.591224545346598	0.047	0.028	0.0016233356926964	c2	CYFIP1
4.92246302653466e-08	0.102848663651166	0.124	0.089	0.00165089564983919	c2	PATJ
4.93848871952035e-08	0.167569147865149	0.142	0.105	0.00165627034675273	c2	CAMK1D
4.96555672582728e-08	0.18165118528444	0.354	0.303	0.00166534841470795	c2	TMEM147
5.12010057667709e-08	0.478393245189627	0.079	0.053	0.00171717933140596	c2	GGT1
5.2500491073843e-08	0.764304049155444	0.044	0.025	0.00176076146963455	c2	RILP
5.51506401388006e-08	0.226592867559292	0.206	0.163	0.0018496421689751	c2	GIMAP8
5.54811567501834e-08	0.567434267703793	0.015	0.006	0.00186072703508765	c2	VWDE
5.57330014410417e-08	0.270338222102775	0.1	0.069	0.00186917340232966	c2	PLEKHB1
5.77936974761918e-08	1.15677507312807	0.015	0.005	0.00193828502595652	c2	PLD1
6.0564533134498e-08	0.287125816431534	0.086	0.058	0.00203121331226479	c2	MBOAT1
6.09868954077392e-08	0.174941948143333	0.411	0.359	0.00204537849818476	c2	SEC13
6.22596674115875e-08	0.773756975490432	0.02	0.008	0.00208806472564982	c2	AXIN2
6.38746749516143e-08	1.34031420477396	0.017	0.007	0.00214222884852724	c2	ZFR2
6.50829033215265e-08	1.17117392763599	0.021	0.01	0.00218275041159736	c2	MAP1A
6.74081035847553e-08	1.26992234517582	0.02	0.009	0.00226073297802552	c2	PRSS16
6.78990089248451e-08	0.386341250090942	0.04	0.022	0.00227719696132145	c2	AC145124.1
6.96915479238008e-08	0.323805424223777	0.116	0.084	0.00233731513426843	c2	SIK1
7.03770904910415e-08	0.190127274767151	0.327	0.28	0.00236030686088855	c2	VPS35
7.33485705723048e-08	0.273548959786986	0.142	0.108	0.00245996435985396	c2	CAMTA2
7.4424894484024e-08	0.223472399585937	0.248	0.205	0.0024960621112052	c2	CHD9
7.90536558974913e-08	0.583638525979266	0.103	0.074	0.00265130151149006	c2	PPP1R14B
8.42491960438455e-08	0.789484507685134	0.039	0.022	0.00282554953691849	c2	ZNF485
8.43705444601416e-08	0.139035758729093	0.507	0.449	0.00282961932010423	c2	ABHD14B
8.56037630792846e-08	0.136230383444566	0.286	0.237	0.00287097900615305	c2	CD320
9.19337191020519e-08	0.134510093021103	0.505	0.444	0.00308327307124462	c2	PSMF1
9.44583381197586e-08	0.333239918600849	0.19	0.153	0.00316794374386046	c2	ALG2
9.51171738477669e-08	0.386793891806423	0.2	0.16	0.00319003977650641	c2	PRR7
9.58681430566754e-08	0.285409529270215	0.252	0.21	0.00321522578183478	c2	C15orf61
9.59815910215992e-08	0.389544355334994	0.14	0.105	0.0032190305996824	c2	C15orf39
9.88654607749992e-08	0.255171426166428	0.274	0.229	0.00331574982347192	c2	TVP23B
1.00986859878602e-07	0.117782743576284	0.204	0.16	0.00338689730660855	c2	STMN3
1.01552095203443e-07	0.535649196983984	0.042	0.024	0.00340585416893308	c2	CFP
1.03158993080187e-07	0.221662974988824	0.292	0.248	0.00345974630992331	c2	RTN3
1.04131532156952e-07	0.422903468752133	0.165	0.13	0.00349236332547987	c2	CYB5A
1.05335842978014e-07	0.572972890712553	0.046	0.027	0.00353275350179664	c2	AC020765.2
1.05443577673733e-07	0.452519701514795	0.069	0.045	0.00353636670802167	c2	FN3K
1.0597898592214e-07	1.30743515499161	0.012	0.004	0.00355432322985672	c2	NME9
1.06826840067503e-07	0.208039980603926	0.217	0.175	0.00358275856218391	c2	UBE2S
1.077287520221e-07	0.463001528758022	0.14	0.108	0.0036130068853172	c2	BCAT2
1.0918575860657e-07	1.06986106955673	0.02	0.009	0.00366187197214715	c2	FSBP
1.1009471468374e-07	0.901017525873939	0.027	0.013	0.00369235654106326	c2	PLAT
1.13465554062183e-07	0.64431796917595	0.046	0.027	0.00380540775213751	c2	TMCC3
1.16050157753015e-07	0.842694366555957	0.012	0.004	0.00389209019072061	c2	SNCA
1.16887223470328e-07	0.170023445942174	0.052	0.032	0.00392016370074785	c2	EPHA1-AS1
1.17189382206588e-07	0.101688945882219	0.498	0.436	0.00393029750044456	c2	TNIP1
1.19355474914825e-07	0.142211925530073	0.41	0.36	0.00400294391769342	c2	GORASP2
1.23899439105733e-07	0.223011651020241	0.098	0.069	0.00415533938872806	c2	HSBP1L1
1.33869097142099e-07	0.89630988760692	0.035	0.019	0.00448970177995173	c2	LATS2
1.3854647644544e-07	0.10455251674822	0.717	0.622	0.00464657172702715	c2	TMEM258
1.38980754201911e-07	0.348717982308656	0.215	0.177	0.00466113653442368	c2	NUP62
1.39234719342582e-07	0.304244080807953	0.182	0.143	0.00466965401731152	c2	ETFRF1
1.39770087485351e-07	0.233480553022981	0.338	0.293	0.00468760919408369	c2	CISD3
1.50280853454331e-07	0.313989175434571	0.178	0.14	0.00504011926315137	c2	RNF146
1.7130211800549e-07	0.248122298980036	0.034	0.018	0.00574513043366813	c2	LTC4S
1.7718938408292e-07	0.317534627019407	0.084	0.058	0.00594257756337297	c2	LINC00662
2.0447670150987e-07	0.125258045290499	0.427	0.369	0.00685773961523803	c2	VDAC3
2.13298247722286e-07	0.156283547472051	0.422	0.37	0.00715359663211004	c2	MTPN
2.16746820957951e-07	0.301132153021888	0.159	0.124	0.00726925488128777	c2	IFT57
2.19983927551349e-07	0.249167208711403	0.28	0.239	0.00737782096221713	c2	PSMB5
2.25675489639103e-07	0.135204626489578	0.421	0.368	0.00756870457151624	c2	MAP7D1
2.26742531312841e-07	0.210532852786691	0.089	0.061	0.00760449101517006	c2	ZNF250
2.28648623714857e-07	0.337808204178032	0.146	0.112	0.00766841754214889	c2	C12orf29
2.32801024654483e-07	0.249928384398038	0.339	0.299	0.00780768076486206	c2	IER3IP1
2.52198119207095e-07	0.394123279739279	0.048	0.029	0.00845822052196756	c2	AFF3
2.54689293943843e-07	0.130632711501039	0.429	0.377	0.00854176954028861	c2	KDELR2
2.60467164131938e-07	0.278931144364513	0.173	0.136	0.00873554775065694	c2	LUZP1
2.64289957750348e-07	0.289169455952148	0.093	0.065	0.00886375660303115	c2	AL365361.1
2.80540396466664e-07	0.755955400714775	0.031	0.016	0.00940876381669899	c2	IFNL1
2.8838880730872e-07	1.42577192782943	0.012	0.004	0.00967198381951986	c2	GREM2
2.94670882372681e-07	0.213003136484943	0.278	0.236	0.00988267205301499	c2	TFG
3.05368824027251e-07	0.505830104651933	0.027	0.014	0.0102414596202259	c2	DUSP8
3.31950322874719e-07	0.155379532914621	0.34	0.293	0.0111329499285723	c2	SYNCRIP
3.39425211167655e-07	0.185125576720067	0.162	0.127	0.0113836427321408	c2	CREB3L2
3.40343426904332e-07	0.10977251981917	0.608	0.532	0.0114144378515175	c2	DDOST
3.66773909246619e-07	0.470732326558986	0.04	0.023	0.0123008633683131	c2	COL5A3
3.83699588169946e-07	0.38800650735375	0.119	0.09	0.0128685167880437	c2	RBFA
3.94115699890728e-07	0.216284689377621	0.325	0.282	0.0132178523429352	c2	ARF3
3.96087093087503e-07	0.390421069692758	0.053	0.033	0.0132839689279687	c2	ANKRD42
3.99640134110946e-07	0.151972075619254	0.276	0.231	0.0134031308178129	c2	SDAD1
4.01942784944199e-07	0.931195062835107	0.015	0.006	0.0134803571214586	c2	ZNF365
4.0221539626323e-07	0.730920460484259	0.029	0.015	0.0134894999598762	c2	MAML3
4.05738031856705e-07	0.825016260848049	0.013	0.005	0.0136076421124102	c2	ADGRE2
4.33572926776826e-07	0.222143314780707	0.216	0.177	0.0145411688182412	c2	EMG1
4.64382992453296e-07	0.273877306384816	0.183	0.145	0.0155744768008986	c2	DEXI
4.71857377906994e-07	0.267621785695771	0.208	0.171	0.0158251527402448	c2	MPHOSPH6
4.82711754148963e-07	0.117067623117806	0.179	0.143	0.0161891868106479	c2	GAB3
5.32622772364552e-07	0.462831589971441	0.058	0.037	0.0178631025395623	c2	SLC27A1
5.59028375203384e-07	0.351617767672753	0.158	0.126	0.0187486936475711	c2	GMPPB
5.9603512304323e-07	0.654569530955242	0.044	0.027	0.0199898259566239	c2	CRYBG2
6.34786338520858e-07	0.904944252898145	0.031	0.017	0.0212894642213125	c2	HDAC11
6.38745275309326e-07	0.237242948385049	0.138	0.105	0.0214222390433242	c2	CERS4
6.64146600287493e-07	0.665493366126311	0.046	0.028	0.0222741486804419	c2	TRAV38-2DV8
6.64183845966202e-07	0.259760863982879	0.268	0.228	0.0222753978260145	c2	MOSPD3
6.70796118046557e-07	0.373754969038631	0.09	0.064	0.0224971602070454	c2	MICA
7.16171881077016e-07	1.29047678867386	0.019	0.009	0.024018972547561	c2	TRBV6-4
7.49691607535735e-07	1.00621029612099	0.016	0.007	0.0251431571335335	c2	CR1
7.6174055173154e-07	0.100818495586322	0.468	0.413	0.0255472546239724	c2	CTDSP1
7.75057818669859e-07	0.231368681263675	0.274	0.233	0.0259938891225497	c2	GRPEL1
7.93055568561103e-07	0.170577049534872	0.075	0.051	0.0265974976584023	c2	TRBV5-1
8.18187819688848e-07	0.20139061062097	0.319	0.276	0.0274403830967246	c2	COX20
8.36428455706836e-07	0.181174629033678	0.303	0.262	0.0280521375474959	c2	VPS4A
8.52224925097838e-07	0.169097613235198	0.279	0.238	0.0285819195379313	c2	LARS
9.17019499345266e-07	0.590559859915687	0.024	0.012	0.0307549999690415	c2	IRGM
9.40626921588186e-07	0.347375484394324	0.053	0.034	0.0315467456962246	c2	ATP6V1E2
9.42856981194371e-07	0.137971755453616	0.424	0.374	0.0316215374352968	c2	C18orf32
9.6530799312202e-07	0.545275088986881	0.049	0.03	0.0323744994733263	c2	EMILIN2
1.02866790228964e-06	0.24887481238167	0.207	0.17	0.0344994641069899	c2	CFAP36
1.03017969480633e-06	0.133741342359342	0.246	0.207	0.0345501666044147	c2	MAEA
1.10626912773228e-06	0.154436325085697	0.37	0.323	0.0371020540058854	c2	ADSL
1.15162678992373e-06	0.56274176760357	0.047	0.029	0.0386232592804621	c2	RSAD2
1.15662824213313e-06	0.397110088149431	0.06	0.039	0.038790997984661	c2	ZNF814
1.23509314538446e-06	0.261244531970707	0.285	0.248	0.041422553909904	c2	CAT
1.28424804293952e-06	0.524573729333961	0.046	0.028	0.0430711108641055	c2	CAMK2N1
1.2939406128813e-06	0.532715223458551	0.036	0.02	0.0433961802748131	c2	VSIG1
1.30032879397842e-06	0.28473548918759	0.221	0.184	0.0436104270924481	c2	DTD1
1.35266390347187e-06	0.372308330626799	0.161	0.129	0.0453656419946395	c2	PLIN3
1.36319605295166e-06	0.205756052224768	0.261	0.221	0.0457188692238927	c2	ATF1
1.38939101273416e-06	0.106844201002315	0.384	0.338	0.0465973957850782	c2	SARS
1.39621619122223e-06	0.914314597061936	0.031	0.017	0.0468262986212111	c2	TRAV39
1.40444046906586e-06	0.112525298706189	0.359	0.313	0.0471021244515309	c2	EPS15
1.40951370676373e-06	0.153642826328378	0.368	0.323	0.0472722706974419	c2	PDCL3
