p_val	avg_log2FC	pct.1	pct.2	p_val_adj	cluster	gene
0	4.99739497792243	0.999	0.655	0	16	IFI30
0	4.47647003132143	0.999	0.545	0	16	LYZ
0	3.8943803446901	0.758	0.801	0	16	APOC1
0	3.85671276633633	0.999	0.603	0	16	TYROBP
0	3.82625153835561	0.999	0.563	0	16	CST3
0	3.68294426100562	0.998	0.542	0	16	FCER1G
0	3.53072235336385	0.77	0.559	0	16	C1QB
0	3.52861784841141	0.998	0.665	0	16	HLA-DQB1
0	3.46244993917918	0.945	0.386	0	16	C15orf48
0	3.37417527498888	0.711	0.446	0	16	C1QC
0	3.33132008757123	0.999	0.843	0	16	GPX1
0	3.30524312235599	0.75	0.614	0	16	C1QA
0	3.19729141854479	0.997	0.802	0	16	CTSB
0	3.07181012683726	1	0.982	0	16	CD74
0	3.07026333218785	0.97	0.696	0	16	CD68
0	3.03766768620438	0.996	0.731	0	16	AIF1
0	3.03270848400835	0.995	0.806	0	16	HLA-DRB4
0	3.01755837199046	0.975	0.575	0	16	SERPINA1
0	2.95281214327758	0.996	0.68	0	16	GRN
0	2.87153888474563	0.996	0.795	0	16	NPC2
0	2.77920602163536	0.993	0.814	0	16	LOC100996809
0	2.7740037542919	1	0.979	0	16	FTL
0	2.76930674254012	0.932	0.622	0	16	MS4A6A
0	2.6643065127224	0.997	0.617	0	16	HLA-DRB1
0	2.63765920892112	0.999	0.742	0	16	TYMP
0	2.56773906344081	0.996	0.701	0	16	HLA-DMA
0	2.52315842172801	0.928	0.662	0	16	AREG
0	2.52266771938246	0.993	0.812	0	16	PSAP
0	2.48548618940769	0.981	0.621	0	16	GLUL
0	2.4284934266372	0.995	0.805	0	16	CTSH
0	2.38152309575079	0.943	0.541	0	16	GSN
0	2.35410903575664	0.968	0.759	0	16	TIMP1
0	2.30536480473807	0.95	0.477	0	16	ALDH2
0	2.2621379899065	0.795	0.455	0	16	S100A9
0	2.23992185705818	0.939	0.694	0	16	MNDA
0	2.21611779822564	0.735	0.428	0	16	S100A8
0	2.21217178791866	0.983	0.662	0	16	SPI1
0	2.20087992948414	0.977	0.526	0	16	C1orf162
0	2.1525814264469	0.965	0.812	0	16	LGALS3
0	2.14522017536408	1	0.99	0	16	FTH1
0	2.13888173949733	0.996	0.828	0	16	IFITM3
0	2.13452559360961	0.946	0.588	0	16	IGSF6
0	2.12542515925327	0.853	0.593	0	16	TMEM176B
0	2.09622936203023	0.945	0.36	0	16	MS4A7
0	2.09592852043001	0.933	0.463	0	16	FCGR2B
0	2.08819916384919	0.966	0.6	0	16	HLA-DMB
0	2.03813981691744	0.886	0.574	0	16	FBP1
0	2.03020840449727	1	0.91	0	16	SAT1
0	2.02942838296414	0.899	0.359	0	16	LOC100509457
0	1.99718338840209	0.913	0.497	0	16	CYBB
0	1.99433830729364	0.968	0.66	0	16	CAPG
0	1.97285067444594	0.957	0.618	0	16	FCGRT
0	1.96871906769771	0.943	0.581	0	16	CPVL
0	1.96661631914531	0.964	0.425	0	16	RAB31
0	1.93649639930697	1	0.93	0	16	S100A11
0	1.93452245064832	0.845	0.464	0	16	CD14
0	1.90952724625619	0.831	0.376	0	16	CD163
0	1.89000499769856	0.916	0.737	0	16	SGK1
0	1.88716408665146	0.858	0.52	0	16	CD9
0	1.87187177180005	0.934	0.504	0	16	FCGR2A
0	1.86535210118652	0.831	0.561	0	16	CLEC10A
0	1.86365610610965	0.92	0.541	0	16	CXCL16
0	1.85328773973183	0.985	0.92	0	16	MT2A
0	1.84872918731316	0.933	0.538	0	16	FAM26F
0	1.84489288654771	0.996	0.849	0	16	ANXA2
0	1.84291178776147	0.927	0.706	0	16	SOD2
0	1.79553295146172	0.982	0.765	0	16	CTSS
0	1.79278539384143	0.982	0.755	0	16	CD63
0	1.78986875835941	0.919	0.516	0	16	PLAUR
0	1.78635243022287	0.998	0.833	0	16	ANXA5
0	1.77974029931471	0.966	0.794	0	16	LAP3
0	1.77636643636887	0.956	0.528	0	16	RNF130
0	1.76286154140931	0.923	0.415	0	16	FGL2
0	1.76253621138204	0.797	0.365	0	16	TMEM176A
0	1.73781515720839	0.826	0.45	0	16	MAFB
0	1.71384813104989	0.965	0.764	0	16	PPT1
0	1.68041597856875	0.951	0.511	0	16	GRINA
0	1.67743692897027	0.956	0.537	0	16	LST1
0	1.66537017849879	0.948	0.701	0	16	RHOB
0	1.65716617128046	0.904	0.71	0	16	RNASE6
0	1.65301553802723	0.777	0.531	0	16	NAPSB
0	1.62810134863391	0.986	0.783	0	16	LGALS1
0	1.6175720976847	0.94	0.559	0	16	HLA-DRB3
0	1.61689708631493	0.878	0.773	0	16	FABP5
0	1.53947742921767	0.92	0.627	0	16	BCL2A1
0	1.53678467575774	0.827	0.651	0	16	CTSZ
0	1.53354301498264	0.986	0.835	0	16	CSTB
0	1.52691507567763	0.883	0.6	0	16	TNFSF13
0	1.52227533002447	0.819	0.392	0	16	MS4A4A
0	1.5221990281517	0.998	0.927	0	16	S100A10
0	1.52006931497538	0.941	0.651	0	16	MFSD1
0	1.51918160693374	0.868	0.668	0	16	PLXDC2
0	1.51168300703611	0.827	0.597	0	16	MRC1
0	1.49912410882857	0.951	0.772	0	16	PLSCR1
0	1.49598566531566	0.882	0.432	0	16	CSF1R
0	1.46129758410179	0.748	0.571	0	16	LGMN
0	1.44736544930094	0.926	0.735	0	16	ASAH1
0	1.4411959656431	0.933	0.465	0	16	FGR
0	1.43372736423772	0.876	0.403	0	16	KLF4
0	1.4318442580126	0.901	0.615	0	16	SPINT2
0	1.43128405222378	0.852	0.205	0	16	LILRB4
0	1.42246840647151	0.846	0.474	0	16	FPR1
0	1.41606826747374	0.929	0.679	0	16	PEA15
0	1.41553505787784	0.852	0.462	0	16	TGFBI
0	1.4150118119466	0.741	0.351	0	16	OLR1
0	1.40646304337243	0.989	0.781	0	16	ATP6V0B
0	1.38879782862377	0.861	0.537	0	16	SNX10
0	1.37891746198574	0.909	0.717	0	16	PLIN2
0	1.37656359217788	0.879	0.683	0	16	CLEC7A
0	1.37237844817615	0.941	0.848	0	16	LGALS9
0	1.36323671099318	0.846	0.534	0	16	IL18
0	1.36226081784725	0.993	0.866	0	16	LITAF
0	1.34385219241747	0.935	0.629	0	16	CD83
0	1.34048829721712	0.974	0.787	0	16	GSTO1
0	1.33422432924853	0.853	0.82	0	16	IL1R2
0	1.32269824146315	0.883	0.469	0	16	SLC31A2
0	1.31824460605992	1	0.924	0	16	GABARAP
0	1.31593468549503	0.811	0.445	0	16	HLA-DQB2
0	1.31333689526294	0.836	0.531	0	16	KCTD12
0	1.30165439533212	0.839	0.384	0	16	SLAMF8
0	1.29751199752859	0.949	0.874	0	16	PPA1
0	1.29216787810161	0.867	0.646	0	16	WARS
0	1.28932344188064	0.859	0.642	0	16	ALOX5
0	1.28880266894692	0.99	0.861	0	16	ATP6V1F
0	1.28512224344623	0.866	0.578	0	16	CD86
0	1.28004468076723	0.785	0.273	0	16	PLA2G7
0	1.27725621278288	0.91	0.679	0	16	SLC16A3
0	1.26705076776627	0.984	0.808	0	16	AP2S1
0	1.24894290635923	0.979	0.826	0	16	TUBA1B
0	1.24393931594275	0.863	0.576	0	16	NCF2
0	1.24208830901542	0.945	0.781	0	16	GPR183
0	1.2326907127687	0.907	0.827	0	16	ACP5
0	1.2280390957733	0.748	0.654	0	16	PDK4
0	1.22352524640998	0.745	0.447	0	16	SERPING1
0	1.20680729820853	0.777	0.656	0	16	CPM
0	1.20609720780303	0.863	0.631	0	16	SIGLEC10
0	1.19974992058902	0.88	0.623	0	16	ATP6V1B2
0	1.19832622609812	0.833	0.512	0	16	HCK
0	1.1902805100881	0.946	0.761	0	16	RGS2
0	1.18892770550787	0.842	0.615	0	16	IER3
0	1.17934949013641	0.961	0.736	0	16	H2AFY
0	1.16256424299177	0.762	0.773	0	16	HMOX1
0	1.1567084713547	0.989	0.813	0	16	GPX4
0	1.14922168644979	0.88	0.487	0	16	CD300A
0	1.13628670119039	0.964	0.818	0	16	SYNGR2
0	1.13499062449747	0.919	0.697	0	16	NAMPT
0	1.13227742369673	0.864	0.354	0	16	CSTA
0	1.13134893222429	0.943	0.652	0	16	CDKN1A
0	1.12872296013194	0.852	0.59	0	16	IL13RA1
0	1.12800121776644	1	0.995	0	16	TMSB10
0	1.12676143531437	0.942	0.798	0	16	ATOX1
0	1.12605668925808	0.796	0.398	0	16	CLEC4A
0	1.12543149929396	0.998	0.939	0	16	S100A6
0	1.12450947903157	0.789	0.694	0	16	SLC11A1
0	1.12202704867954	0.866	0.731	0	16	GK
0	1.11984516930847	0.931	0.912	0	16	TNFSF13B
0	1.11276260371286	0.933	0.708	0	16	MGAT1
0	1.10543952112133	0.792	0.249	0	16	PILRA
0	1.10212421406978	0.811	0.6	0	16	LINC01272
0	1.09434353999289	0.741	0.153	0	16	CLEC4E
0	1.08815043221047	0.759	0.329	0	16	IL1B
0	1.0876816831247	0.948	0.797	0	16	PYCARD
0	1.08749241091299	0.736	0.272	0	16	DAB2
0	1.08259564975407	0.971	0.868	0	16	TXN
0	1.0820200933049	0.884	0.614	0	16	IFNGR1
0	1.07885747510669	0.73	0.451	0	16	FCGR1A
0	1.07451702068187	0.998	0.861	0	16	ATP6V0C
0	1.07305262644083	1	0.98	0	16	VIM
0	1.07014679901986	0.807	0.586	0	16	ZFAND5
0	1.06879977780674	0.768	0.094	0	16	FPR3
0	1.05870218025959	0.691	0.423	0	16	CFD
0	1.05322494683114	0.772	0.543	0	16	SLC7A7
0	1.05273813544469	0.684	0.489	0	16	IDO1
0	1.0500520831276	0.843	0.724	0	16	ARHGAP18
0	1.04760290848512	0.81	0.506	0	16	ETS2
0	1.04506431119085	0.711	0.415	0	16	FCGR3A
0	1.03539692938209	0.774	0.617	0	16	PAK1
0	1.03169581117355	0.728	0.468	0	16	RASSF4
0	1.02558169497083	0.861	0.65	0	16	THEMIS2
0	1.02527310105502	0.865	0.666	0	16	GCA
0	1.02429506070817	0.997	0.924	0	16	PSME2
0	1.02270414434708	0.881	0.724	0	16	SMCO4
0	1.01430134728589	0.604	0.066	0	16	CD1E
0	1.00659042758467	0.837	0.64	0	16	IFNGR2
0	0.996318476472031	0.94	0.832	0	16	SERPINB1
0	0.995480718355249	0.964	0.797	0	16	SDCBP
0	0.994826990421129	0.525	0.103	0	16	WFDC21P
0	0.994467756769949	0.994	0.861	0	16	GSTP1
0	0.989407676522968	0.804	0.611	0	16	PLEK
0	0.989121313641637	0.825	0.602	0	16	BLVRB
0	0.972482394024991	0.961	0.796	0	16	ATF3
0	0.968111009040888	0.937	0.849	0	16	LIMS1
0	0.966233235010256	0.998	0.917	0	16	GNG5
0	0.960223624024324	0.989	0.884	0	16	DBI
0	0.954036043591516	0.906	0.672	0	16	ATP6AP1
0	0.945113187607261	0.767	0.533	0	16	RAB13
0	0.943678700586759	0.756	0.468	0	16	UBE2E2
0	0.943277518083689	0.642	0.215	0	16	CXCL8
0	0.941449802762558	0.786	0.55	0	16	PLBD1
0	0.939817479885413	0.776	0.482	0	16	SLC8A1
0	0.938539102045797	0.835	0.55	0	16	ZEB2
0	0.937230239507881	0.98	0.892	0	16	PRDX1
0	0.931473626972959	0.73	0.526	0	16	HLA-DPB2
0	0.930784718860978	0.809	0.423	0	16	PSTPIP2
0	0.928068325731469	0.765	0.238	0	16	LILRB2
0	0.923816233839536	0.714	0.152	0	16	CSF2RA
0	0.923613408388162	0.919	0.828	0	16	VAMP5
0	0.922552131166992	0.727	0.535	0	16	ANKRD22
0	0.921591974942542	0.836	0.658	0	16	NUDT16
0	0.918128766821937	0.903	0.824	0	16	IFI6
0	0.91700021285185	0.803	0.639	0	16	SYK
0	0.916755842481656	0.732	0.672	0	16	PMP22
0	0.913027629430188	0.948	0.713	0	16	RNH1
0	0.913019567682062	0.897	0.712	0	16	MAN2B1
0	0.909478263525348	0.818	0.597	0	16	APLP2
0	0.906218909471617	0.763	0.461	0	16	ZNF385A
0	0.904177822099764	0.817	0.739	0	16	LY96
0	0.899410386271098	0.833	0.686	0	16	CEACAM4
0	0.89827545273471	0.79	0.596	0	16	PVRL2
0	0.895739356716288	0.838	0.727	0	16	PGD
0	0.895611019055379	0.85	0.603	0	16	FUOM
0	0.891926236590774	0.797	0.424	0	16	LILRA6
0	0.891678549752585	0.897	0.727	0	16	RNF13
0	0.880752735675402	0.682	0.195	0	16	SLC1A3
0	0.877769076334806	0.735	0.573	0	16	ATF5
0	0.877629112358491	0.766	0.613	0	16	CREG1
0	0.874579574561288	0.734	0.322	0	16	PTAFR
0	0.874558079500579	0.739	0.091	0	16	CLEC5A
0	0.87455582619868	0.738	0.612	0	16	MARCH1
0	0.868596636962846	0.767	0.681	0	16	HLA-DOA
0	0.86849694632359	0.912	0.766	0	16	RALA
0	0.866573142954488	0.631	0.323	0	16	KCNMA1
0	0.860891009248688	0.659	0.319	0	16	CXCL2
0	0.852971496514646	0.78	0.576	0	16	LY86
0	0.849772031534853	0.803	0.536	0	16	CECR1
0	0.840334296940227	0.77	0.55	0	16	CCDC88A
0	0.838890655202048	0.924	0.739	0	16	HSBP1
0	0.838833584493175	0.643	0.184	0	16	FCN1
0	0.835037794909181	0.95	0.849	0	16	CTSC
0	0.8330983597812	0.932	0.77	0	16	COMT
0	0.831616270573295	0.711	0.53	0	16	IL1RN
0	0.830011820253355	0.725	0.509	0	16	GGTA1P
0	0.827730058731652	0.748	0.349	0	16	LPCAT2
0	0.825559779581911	0.991	0.869	0	16	PKM
0	0.824092857480263	0.81	0.59	0	16	PTTG1IP
0	0.822374311579112	0.886	0.707	0	16	HMGA1
0	0.82003529840892	0.763	0.721	0	16	MGST2
0	0.819882677351377	0.952	0.802	0	16	TPM4
0	0.81240848749212	0.755	0.618	0	16	MPP1
0	0.805911818135426	0.979	0.805	0	16	ITGB2
0	0.805499380268702	0.747	0.454	0	16	HLA-DRB6
0	0.803285731374513	0.716	0.442	0	16	ITGAX
0	0.802874796346493	0.859	0.65	0	16	SMIM3
0	0.798294823089923	0.749	0.489	0	16	KYNU
0	0.798181669163538	0.985	0.887	0	16	CALR
0	0.794051158827241	0.794	0.609	0	16	LAIR1
0	0.79240897926199	0.731	0.508	0	16	RNF144B
0	0.784275726464279	0.693	0.489	0	16	RAB20
0	0.784051620928509	0.983	0.881	0	16	POMP
0	0.780265070048259	0.879	0.735	0	16	ATP1B3
0	0.780179777745622	0.931	0.721	0	16	GLIPR2
0	0.772418475997429	0.914	0.804	0	16	ATP6V0D1
0	0.771639207433678	0.768	0.55	0	16	HBEGF
0	0.771005219984446	0.699	0.164	0	16	TREM1
0	0.76618859911632	0.844	0.692	0	16	UBE2D1
0	0.757597380398778	0.865	0.609	0	16	NR4A3
0	0.755227462362926	0.972	0.839	0	16	RNASET2
0	0.754936335458637	0.718	0.432	0	16	LILRB1
0	0.754640329046276	0.821	0.58	0	16	INSIG1
0	0.750204447570454	0.865	0.681	0	16	NANS
0	0.738309169963057	0.815	0.773	0	16	HAVCR2
0	0.738103485186429	0.682	0.193	0	16	VCAN
0	0.734150432123058	0.66	0.24	0	16	CD36
0	0.732962483802621	0.819	0.669	0	16	GNG10
0	0.732332057581772	0.977	0.864	0	16	HSP90B1
0	0.730983680675852	0.746	0.577	0	16	TBXAS1
0	0.728649009040953	0.758	0.658	0	16	ENG
0	0.71684469349178	0.56	0.216	0	16	MCEMP1
0	0.715891719276104	0.748	0.599	0	16	CD40
0	0.714397471604183	0.807	0.528	0	16	PTPRE
0	0.712445626423948	0.86	0.741	0	16	EIF4EBP1
0	0.71034735640127	0.738	0.637	0	16	IRAK3
0	0.709141213988597	0.924	0.825	0	16	SAMHD1
0	0.706286443529086	0.964	0.869	0	16	TALDO1
0	0.703867306851183	0.917	0.823	0	16	STAT1
0	0.702014563240403	0.715	0.464	0	16	DSE
0	0.695899845955577	0.698	0.56	0	16	MYOF
0	0.690151034721541	0.872	0.586	0	16	CHMP1B
0	0.684462351930374	0.799	0.667	0	16	ANXA4
0	0.683128435260095	0.984	0.881	0	16	FKBP1A
0	0.679082024263332	0.713	0.428	0	16	CEBPD
0	0.678644741700978	0.68	0.3	0	16	LILRA2
0	0.673387731629253	0.672	0.424	0	16	LHFPL2
0	0.665743271224265	0.784	0.573	0	16	PHLDA2
0	0.665296627412889	0.731	0.307	0	16	SDSL
0	0.665149576616166	0.782	0.566	0	16	LACTB
0	0.663812586292705	0.681	0.289	0	16	MMP19
0	0.658234425461748	0.913	0.727	0	16	UPP1
0	0.656218328833364	0.724	0.326	0	16	VEGFA
0	0.654605674260053	0.897	0.743	0	16	HIF1A
0	0.652373171714928	0.714	0.611	0	16	LTBR
0	0.648345366249776	0.69	0.406	0	16	CLEC12A
0	0.643785645610198	0.91	0.778	0	16	RTN4
0	0.642139321287732	0.851	0.649	0	16	MARCKSL1
0	0.633910391074405	0.847	0.624	0	16	GNAI2
0	0.633612443847454	0.943	0.793	0	16	BANF1
0	0.631934421803747	0.911	0.83	0	16	TKT
0	0.631582521969895	0.992	0.918	0	16	ENO1
0	0.625934030628553	0.711	0.325	0	16	LRRC25
0	0.618112925546767	0.656	0.159	0	16	ST14
0	0.616325550130803	0.698	0.292	0	16	OSCAR
0	0.607952061274927	0.848	0.617	0	16	PPIF
0	0.606492456081108	0.719	0.266	0	16	THBD
0	0.604796100447941	0.875	0.678	0	16	TXNDC17
0	0.602628894192185	0.743	0.442	0	16	SPG21
0	0.598417128745585	0.724	0.435	0	16	SERPINB6
0	0.592170033427013	0.952	0.785	0	16	SNX3
0	0.583493584807942	0.749	0.574	0	16	QSOX1
0	0.577357089330559	0.708	0.548	0	16	SLC43A2
0	0.566857590998217	0.34	0.092	0	16	CCL2
0	0.565066953773782	0.934	0.767	0	16	IGFLR1
0	0.562546573971157	0.677	0.329	0	16	ASGR1
0	0.559963853962617	0.998	0.948	0	16	YBX1
0	0.559266031115278	0.66	0.201	0	16	CD33
0	0.553647196575085	0.737	0.58	0	16	HRH2
0	0.52077060309899	0.732	0.571	0	16	AVPI1
0	0.515609918535716	0.763	0.569	0	16	PDLIM7
0	0.515355276337578	0.711	0.155	0	16	EREG
0	0.480397787106675	0.605	0.067	0	16	STAB1
0	0.472893359986323	0.78	0.54	0	16	MXD1
0	0.467789969942717	0.466	0.124	0	16	MMP12
0	0.458999869672787	0.689	0.401	0	16	SIGLEC7
0	0.458940117003381	0.467	0.087	0	16	CD207
0	0.450800737127399	0.685	0.187	0	16	ANPEP
0	0.439864533015804	0.635	0.331	0	16	IL3RA
0	0.434165688828598	0.673	0.413	0	16	DOK3
0	0.431026629554158	0.666	0.18	0	16	CST6
0	0.407594118293279	0.67	0.087	0	16	PID1
0	0.403536740472533	0.539	0.065	0	16	AQP9
0	0.400396942303628	0.601	0.134	0	16	KCNMB1
0	0.374685554979088	0.544	0.091	0	16	FPR2
0	0.372956170157733	0.555	0.117	0	16	F13A1
0	0.360139830492604	0.542	0.095	0	16	ALOX15B
0	0.351783709032542	0.664	0.098	0	16	RNASE2
0	0.335271340431453	0.687	0.321	0	16	IGFBP7
0	0.314479999214369	0.466	0.061	0	16	CD1B
0	0.302012023438949	0.76	0.547	0	16	MAFF
0	0.295208236367027	0.632	0.081	0	16	ST3GAL6
0	0.288735733589116	0.574	0.104	0	16	SH3PXD2B
0	0.283249026929783	0.544	0.082	0	16	CD300E
0	0.266890783529032	0.577	0.11	0	16	RIN2
0	-0.469374896388245	0.568	0.862	0	16	RTKN2
0	-0.471127435818561	0.46	0.826	0	16	TXK
0	-0.644798901346484	0.427	0.783	0	16	PASK
0	-0.685606183674174	0.616	0.84	0	16	MAL
0	-0.960142742202419	1	0.998	0	16	RPS18
0	-1.01394566449308	1	1	0	16	EEF1A1
0	-1.04764673414724	0.622	0.837	0	16	SIRPG
0	-1.07206618000018	0.493	0.795	0	16	PDCD1
0	-1.0795316972292	1	1	0	16	RPLP1
0	-1.12184156887161	1	0.999	0	16	RPS12
0	-1.37849297223228	0.597	0.862	0	16	FAIM3
0	-1.43204978813914	0.682	0.849	0	16	TIGIT
0	-1.57316362136957	0.573	0.835	0	16	SH2D2A
0	-1.62879066466014	0.613	0.8	0	16	ITM2A
0	-1.67487504148254	0.675	0.876	0	16	CD27
0	-1.74258553522198	0.685	0.829	0	16	TUBA4A
0	-1.88592116109202	0.895	0.967	0	16	IFITM1
0	-1.92736938266867	0.714	0.9	0	16	LTB
0	-2.81166263178329	0.516	0.783	0	16	GZMA
0	-2.84730900521377	0.693	0.923	0	16	CD7
0	-3.10286636731183	0.806	0.954	0	16	CD69
0	-3.29050545504127	0.702	0.951	0	16	IL32
0	-3.44633688475274	0.611	0.801	0	16	CCL5
1.08241168235621e-304	0.676092405606951	0.763	0.585	3.24723504706862e-301	16	DNASE2
2.15204659352885e-304	0.491673248075033	0.681	0.443	6.45613978058654e-301	16	RASGEF1B
2.71989565179468e-304	0.689516843440928	0.749	0.62	8.15968695538404e-301	16	LAT2
4.07826552486428e-304	1.83525588038797	0.637	0.372	1.22347965745928e-300	16	FN1
7.26305225942538e-303	0.626688602433385	0.86	0.654	2.17891567782761e-299	16	REL
1.52890799827802e-302	1.06777731853425	0.691	0.521	4.58672399483407e-299	16	SERPINF1
1.67705451798529e-302	-0.925984756213801	0.511	0.8	5.03116355395588e-299	16	GPR171
4.21243827260583e-302	0.482818048624404	0.865	0.584	1.26373148178175e-298	16	COTL1
2.29090032159826e-301	0.748612542465414	0.65	0.304	6.87270096479479e-298	16	TLR2
3.7229500504515e-301	0.900558104286786	0.716	0.623	1.11688501513545e-297	16	GM2A
7.27888112495119e-301	0.454954934640248	0.603	0.214	2.18366433748536e-297	16	RAB32
9.94282478255875e-301	0.524244084041449	0.918	0.815	2.98284743476763e-297	16	C19orf10
3.23782071710859e-300	0.783630939053078	0.929	0.755	9.71346215132576e-297	16	HSPB1
2.0509803593858e-298	-0.286974221630246	0.296	0.74	6.15294107815739e-295	16	LOC102724246
1.25071422340206e-297	0.752248087430608	0.715	0.558	3.75214267020617e-294	16	GNAQ
2.95512488247158e-296	0.353744033509015	0.513	0.174	8.86537464741475e-293	16	CXCL3
3.68943030989684e-296	-1.27480130321218	0.986	0.983	1.10682909296905e-292	16	TSC22D3
3.03082294533958e-295	0.547890761820842	0.892	0.772	9.09246883601875e-292	16	YWHAE
8.77949706167778e-295	0.419261622665981	0.991	0.934	2.63384911850333e-291	16	TPI1
1.90028911790153e-294	-0.307241164540463	0.396	0.758	5.7008673537046e-291	16	RIC3
3.77037102930055e-294	0.756706748263579	0.634	0.302	1.13111130879017e-290	16	LRP1
3.91388004994664e-294	0.797767878435592	0.71	0.575	1.17416401498399e-290	16	C3AR1
3.2216514229669e-292	0.578825376088254	0.754	0.558	9.6649542689007e-289	16	DDAH2
4.33813296208477e-292	0.544481474335236	0.691	0.601	1.30143988862543e-288	16	TUBB6
5.30306707989973e-289	0.703161670058813	0.723	0.7	1.59092012396992e-285	16	TM6SF1
1.31859356925563e-288	-1.55956290135639	0.89	0.958	3.95578070776688e-285	16	LDHB
1.68429081155053e-288	0.589121435698951	0.72	0.66	5.05287243465159e-285	16	SCIMP
1.49261405385379e-287	0.516867301087949	0.916	0.733	4.47784216156137e-284	16	MGST3
4.00213525159169e-287	0.54806435704654	0.865	0.66	1.20064057547751e-283	16	MAT2A
1.6128142861472e-282	-0.999764916071339	0.586	0.85	4.83844285844159e-279	16	CTLA4
1.78772212669221e-282	0.524121179951149	0.78	0.563	5.36316638007662e-279	16	NAAA
7.57972676221193e-282	-2.14849711882329	0.534	0.782	2.27391802866358e-278	16	CTSW
4.38934403341285e-281	1.07150663130511	0.683	0.559	1.31680321002385e-277	16	C5AR1
8.66078646929317e-281	0.49107005314061	0.824	0.709	2.59823594078795e-277	16	RIPK2
1.58410813832094e-280	0.965895517145986	0.646	0.399	4.75232441496282e-277	16	VSIG4
2.13633640668449e-280	0.450297260760789	0.867	0.764	6.40900922005346e-277	16	FKBP2
3.41098635101594e-280	0.558014426206793	0.789	0.681	1.02329590530478e-276	16	CYSTM1
3.16309860741253e-279	0.723293877882698	0.694	0.518	9.48929582223758e-276	16	GNS
3.16523203998838e-279	0.435248486495352	0.986	0.928	9.49569611996515e-276	16	SLC25A5
2.749636180433e-278	0.567523019713698	0.634	0.391	8.24890854129901e-275	16	TCN2
3.83458644152522e-278	0.330080937734915	0.666	0.591	1.15037593245756e-274	16	PLEK2
3.33395867500465e-276	0.773324344400537	0.689	0.478	1.00018760250139e-272	16	MEF2C
7.10784607889836e-276	0.396203919202908	0.569	0.144	2.13235382366951e-272	16	DSC2
1.2179188609876e-274	0.811219359795016	0.707	0.709	3.65375658296281e-271	16	RBM47
1.95313490599199e-273	-0.4402830445978	0.48	0.747	5.85940471797597e-270	16	JAKMIP1
3.43403034657782e-273	0.654270431332964	0.687	0.566	1.03020910397334e-269	16	TFEC
4.10850054116729e-273	-1.10685370749736	0.539	0.776	1.23255016235019e-269	16	FKBP11
2.16544784653919e-272	0.548700933052681	0.628	0.272	6.49634353961757e-269	16	SIRPA
2.65411840807289e-271	0.49644992536867	0.888	0.75	7.96235522421866e-268	16	PTPN6
4.65969041297764e-271	-0.771560607266584	0.495	0.787	1.39790712389329e-267	16	CCR7
6.32624373717424e-268	0.401726652770477	0.567	0.166	1.89787312115227e-264	16	ADORA3
9.0714944178775e-268	0.536515673988149	0.612	0.207	2.72144832536325e-264	16	DAPK1
1.58523180632588e-267	0.701943265799469	0.675	0.505	4.75569541897765e-264	16	CORO1C
2.89548232505355e-267	-1.0078058912594	0.569	0.765	8.68644697516064e-264	16	CXCR6
3.48762712281059e-267	0.676371622220217	0.634	0.339	1.04628813684318e-263	16	GNB4
1.85374992309252e-266	0.554311519048003	0.787	0.649	5.56124976927757e-263	16	CD151
3.58886324829171e-266	0.58910064474739	0.876	0.763	1.07665897448751e-262	16	GLRX
8.84975561501379e-266	0.485415585988069	0.684	0.621	2.65492668450414e-262	16	CD1D
1.91075072787128e-264	0.395639449390144	0.964	0.87	5.73225218361384e-261	16	BST2
4.09937910018468e-263	0.411032480831984	0.743	0.558	1.2298137300554e-259	16	EFHD2
6.13342056496454e-263	-0.997827448347279	0.529	0.746	1.84002616948936e-259	16	TRAT1
6.50553430008767e-263	0.53493652205489	0.88	0.804	1.9516602900263e-259	16	TMEM14C
9.21349512063174e-263	0.597153996050786	0.704	0.639	2.76404853618952e-259	16	GRASP
9.7258289454475e-262	0.739529671617915	0.742	0.652	2.91774868363425e-258	16	SCPEP1
1.1151397806836e-261	0.56737919755197	0.826	0.739	3.34541934205079e-258	16	CD4
2.15065494964283e-261	0.455965773013941	0.942	0.872	6.45196484892848e-258	16	VDAC1
6.39091279557758e-261	0.534990690910653	0.662	0.431	1.91727383867328e-257	16	EMR2
1.13061404829153e-259	0.537483428230973	0.931	0.807	3.3918421448746e-256	16	C10orf54
7.23677167251076e-259	2.54375761295904	0.688	0.727	2.17103150175323e-255	16	SPP1
2.34530025475573e-258	0.677210363823242	0.567	0.188	7.03590076426719e-255	16	SLCO2B1
3.43798714399265e-258	-1.98906177893959	0.5	0.751	1.03139614319779e-254	16	PRF1
3.47974664174976e-258	0.789352102566078	0.566	0.151	1.04392399252493e-254	16	MSR1
5.86833244487562e-256	0.451782092986618	0.644	0.45	1.76049973346269e-252	16	CYP2S1
7.51263819708332e-256	0.325716843692035	0.918	0.716	2.25379145912499e-252	16	NME2
1.810521383599e-254	-0.916991486444509	1	0.999	5.43156415079699e-251	16	RPS8
7.040945058624e-254	0.554683608347474	0.829	0.747	2.1122835175872e-250	16	MIS18BP1
4.10848417854124e-253	0.409313942552176	0.978	0.859	1.23254525356237e-249	16	EIF5A
1.139917846839e-252	0.561772094893188	0.881	0.79	3.41975354051701e-249	16	PSMA4
1.24067662486683e-252	0.678632101299956	0.691	0.577	3.72202987460049e-249	16	ACTN1
3.556565605816e-252	0.492622618447127	0.717	0.604	1.0669696817448e-248	16	DBNDD2
1.10443530121839e-251	0.507358226163438	0.75	0.615	3.31330590365518e-248	16	GLA
5.43786501282801e-251	0.668420175318688	0.618	0.358	1.6313595038484e-247	16	PLD4
5.76819977625701e-251	0.705733546979911	0.762	0.65	1.7304599328771e-247	16	AHR
7.99023612785293e-251	0.463301900606382	0.77	0.598	2.39707083835588e-247	16	PER1
1.1079801042311e-250	0.557511600319128	0.766	0.619	3.32394031269329e-247	16	HEXA
9.83304951450109e-250	0.772659878165756	0.687	0.529	2.94991485435033e-246	16	CD81
2.19911203984314e-249	0.49013464348925	0.763	0.651	6.59733611952941e-246	16	STX11
5.39434033890581e-249	0.306389725343559	0.624	0.445	1.61830210167174e-245	16	ETV5
6.82733499988134e-249	0.431099685049276	1	0.98	2.0482004999644e-245	16	SH3BGRL3
1.30059937504624e-248	0.343630265056831	0.539	0.104	3.90179812513873e-245	16	GPX3
9.80186520106887e-248	0.82318334426605	0.691	0.596	2.94055956032066e-244	16	ACSL1
1.56798838226175e-247	0.512744162902221	1	0.998	4.70396514678524e-244	16	ACTB
1.82833599887247e-245	-0.982025958796281	0.998	0.994	5.4850079966174e-242	16	RPLP0
8.03851957249002e-244	1.9621995157549	0.934	0.869	2.411555871747e-240	16	CTSD
4.72522385921452e-243	0.448964645584964	0.676	0.574	1.41756715776436e-239	16	BTK
2.96965824115051e-242	0.542486905012743	0.766	0.638	8.90897472345153e-239	16	SH3BP5
1.00111639804698e-241	-0.383458261105061	0.336	0.738	3.00334919414095e-238	16	FBLN7
2.1600260028504e-241	0.293308182964615	0.655	0.392	6.4800780085512e-238	16	ANXA2P2
1.82523380437029e-240	0.399192622998776	0.726	0.48	5.47570141311086e-237	16	RAC1
1.48780629026209e-239	0.713943763784114	0.615	0.331	4.46341887078627e-236	16	HNMT
9.6933003233382e-237	0.322899076711459	0.975	0.907	2.90799009700146e-233	16	COX5A
1.43901714096589e-236	2.36362715492447	0.676	0.691	4.31705142289767e-233	16	RNASE1
1.5519009172763e-236	-0.649820585930451	0.421	0.774	4.65570275182891e-233	16	MZB1
2.51604656108324e-236	0.646664059481642	0.636	0.439	7.54813968324973e-233	16	TIMP2
7.48328598197416e-236	0.490438950785717	0.728	0.655	2.24498579459225e-232	16	GNA15
1.04334808808834e-235	-1.19882915437115	0.659	0.815	3.13004426426501e-232	16	PIM2
2.12785564593673e-234	0.267025867793245	0.578	0.328	6.3835669378102e-231	16	MGST1
4.97621171086648e-234	0.304863181455773	0.988	0.911	1.49286351325995e-230	16	CALM2
7.4170539740076e-234	0.360144903176984	0.623	0.414	2.22511619220228e-230	16	GOLIM4
2.01946199580813e-233	0.591839320388905	0.735	0.696	6.05838598742439e-230	16	ODF3B
4.84089952627997e-233	-2.07088334769103	0.78	0.871	1.45226985788399e-229	16	IL7R
1.45745909132478e-232	0.473737231777813	0.936	0.75	4.37237727397435e-229	16	NR4A2
5.22810619445011e-232	0.567377005530598	0.751	0.669	1.56843185833503e-228	16	LAMP2
1.24133778051883e-231	0.475330605688976	0.658	0.524	3.72401334155649e-228	16	CLN8
1.35504150735921e-231	0.889317409857942	0.663	0.557	4.06512452207764e-228	16	IL4I1
6.16679481683837e-231	0.696015011620625	0.641	0.523	1.85003844505151e-227	16	TSPAN4
1.74606043944791e-230	0.616992597519629	0.765	0.621	5.23818131834373e-227	16	NINJ1
2.42372242107697e-230	0.524906463580776	0.899	0.889	7.27116726323092e-227	16	EPSTI1
5.49098063921291e-230	0.603280810480018	0.689	0.552	1.64729419176387e-226	16	SCARB2
1.33397524012289e-228	-0.965749291260344	0.569	0.819	4.00192572036866e-225	16	RNF19A
1.3379470726077e-228	0.483090277478458	0.719	0.629	4.01384121782311e-225	16	RRBP1
1.62024045884247e-228	0.517767864749019	0.663	0.541	4.86072137652741e-225	16	PHC2
2.10467498395557e-228	0.395571985918739	0.628	0.473	6.3140249518667e-225	16	SPINT1
1.58831090282617e-227	0.570298963853771	0.68	0.623	4.76493270847852e-224	16	SNX8
3.26976968707796e-227	0.424829272554658	0.62	0.441	9.80930906123388e-224	16	GAPT
9.41485718581574e-227	-0.512396088910971	0.276	0.702	2.82445715574472e-223	16	S1PR1
8.3623616192155e-226	0.670152781123833	0.671	0.575	2.50870848576465e-222	16	ALCAM
1.64564889354303e-225	-1.18969829446721	0.669	0.852	4.93694668062909e-222	16	PRDM1
1.821675055168e-225	0.589533941541831	0.671	0.572	5.465025165504e-222	16	RENBP
9.0040439271535e-225	-1.43453855543176	0.951	0.958	2.70121317814605e-221	16	CORO1A
1.01031119843784e-224	0.477711849263865	0.706	0.725	3.03093359531354e-221	16	CXorf21
2.00171956617072e-224	-1.89408844262905	0.483	0.739	6.00515869851215e-221	16	KLRB1
1.41824983487857e-223	0.392858001603697	0.712	0.576	4.25474950463571e-220	16	TPMT
4.72522630036211e-223	0.463168442510442	0.768	0.63	1.41756789010863e-219	16	APPL1
2.60988102867483e-221	0.371225475288725	0.605	0.4	7.82964308602449e-218	16	SLC37A2
6.51719625207777e-221	0.424727646236926	0.867	0.787	1.95515887562333e-217	16	PRDX3
1.73231086422732e-220	0.310313747973794	0.735	0.526	5.19693259268196e-217	16	FOSL2
2.90327216561743e-220	0.648723138520383	0.688	0.61	8.7098164968523e-217	16	GAA
3.04587448085381e-220	0.336724807095234	0.63	0.432	9.13762344256143e-217	16	NCF1C
9.59182808226525e-220	0.458978061786017	0.723	0.51	2.87754842467957e-216	16	YWHAH
2.15358974339655e-219	-0.390348162285563	0.472	0.743	6.46076923018965e-216	16	GPR25
4.59832711584623e-219	0.566687959525928	0.651	0.59	1.37949813475387e-215	16	B3GNT5
6.36510981149714e-219	0.3733439512752	0.958	0.852	1.90953294344914e-215	16	TSPO
6.69340608260361e-219	0.53634769508574	0.986	0.894	2.00802182478108e-215	16	DUSP1
9.83864408011826e-217	0.546780977494711	0.709	0.642	2.95159322403548e-213	16	NAGA
1.18404446475486e-216	0.520839147226164	0.598	0.28	3.55213339426458e-213	16	KIAA1598
2.82396849703835e-216	1.06261920082904	0.554	0.4	8.47190549111504e-213	16	PPP1R14A
7.0924566596229e-216	0.804860881217167	0.577	0.419	2.12773699788687e-212	16	UBD
4.8696660363576e-215	2.00505836318751	0.744	0.777	1.46089981090728e-211	16	CTSL
1.50564496197596e-214	0.589844889165463	0.758	0.72	4.51693488592788e-211	16	PRCP
2.63247447842515e-214	3.42234449358695	0.653	0.635	7.89742343527544e-211	16	APOE
3.07854389745677e-213	0.601740870492563	0.684	0.611	9.2356316923703e-210	16	FAM49A
4.89336269467708e-213	-0.54773061584173	0.681	0.869	1.46800880840312e-209	16	HIST1H1D
1.06138767692949e-212	0.312379670558397	0.625	0.518	3.18416303078847e-209	16	FSCN1
2.12932861931521e-212	0.35838309543517	0.885	0.755	6.38798585794564e-209	16	CMTM6
3.14973759445273e-212	0.392361135871809	0.588	0.281	9.44921278335818e-209	16	PALD1
6.32506124659295e-212	0.28468392900197	0.507	0.16	1.89751837397788e-208	16	OLFML2B
4.74085959626155e-211	0.297539946621537	0.582	0.354	1.42225787887847e-207	16	TGM2
7.63648978018303e-211	0.356461600089075	0.925	0.779	2.29094693405491e-207	16	DEK
8.46729907688607e-211	-1.60151943951604	0.849	0.912	2.54018972306582e-207	16	BTG2
1.22474652350281e-210	0.348805800197346	0.53	0.087	3.67423957050842e-207	16	MITF
1.62697376280909e-210	0.912749845414259	0.522	0.366	4.88092128842726e-207	16	S100B
5.98663731872446e-210	0.476551000904421	0.789	0.692	1.79599119561734e-206	16	KLF10
8.90424770195014e-210	0.740609967101275	0.747	0.583	2.67127431058504e-206	16	LMNA
5.88730049585196e-209	0.505641567571074	0.739	0.645	1.76619014875559e-205	16	PLEKHB2
2.7063845364194e-208	0.289569453033974	0.854	0.697	8.1191536092582e-205	16	H2AFJ
3.60767188099003e-207	-0.812853906577446	0.568	0.736	1.08230156429701e-203	16	GATA3
2.00910652791783e-206	0.292763948153938	0.893	0.784	6.02731958375349e-203	16	PHPT1
8.53389823623642e-206	1.12283267923837	0.623	0.321	2.56016947087093e-202	16	LGALS2
9.97338796979281e-205	0.287615719133204	0.528	0.122	2.99201639093784e-201	16	FAM198B
1.10783520906722e-204	0.525247631040169	0.649	0.546	3.32350562720167e-201	16	CD300C
1.12815718784274e-204	0.550809088361299	0.618	0.407	3.38447156352821e-201	16	NAIP
3.6515142727666e-204	0.601690837967006	0.635	0.542	1.09545428182998e-200	16	BASP1
9.41448345465418e-204	0.515884188489516	0.765	0.675	2.82434503639625e-200	16	AP1S2
4.85766011898105e-202	0.340298020597185	0.967	0.888	1.45729803569431e-198	16	HERPUD1
5.08143590416622e-202	0.514194101302169	0.615	0.406	1.52443077124987e-198	16	LYN
1.12373072589342e-200	0.378222059686763	0.924	0.832	3.37119217768026e-197	16	P4HB
2.18867142878026e-200	0.279225141699631	0.973	0.812	6.56601428634078e-197	16	ANXA1
8.2668849601901e-200	0.401569552819465	0.818	0.682	2.48006548805703e-196	16	ABI3
1.71502441977953e-199	0.332516584058605	0.637	0.588	5.14507325933859e-196	16	LILRA5
3.55077863877107e-198	0.363594142184859	0.723	0.578	1.06523359163132e-194	16	C20orf27
1.90527986701448e-197	0.498843024764024	0.603	0.332	5.71583960104344e-194	16	TMEM51
1.16194060708749e-196	0.548393883141348	0.636	0.536	3.48582182126246e-193	16	CIITA
7.39892712610516e-196	0.390665649393031	0.652	0.544	2.21967813783155e-192	16	MCOLN1
1.0781072836052e-195	0.500164417174046	0.713	0.612	3.23432185081561e-192	16	FAM105A
1.10319869146395e-194	0.398301835439741	0.993	0.944	3.30959607439185e-191	16	LDHA
2.46056892948902e-194	-1.00926178515362	0.525	0.722	7.38170678846706e-191	16	SH2D1A
4.41974508606149e-193	0.447185730438588	0.528	0.072	1.32592352581845e-189	16	CD302
2.6754526132337e-192	0.455180688824577	0.752	0.676	8.0263578397011e-189	16	RIN3
5.72412204255225e-192	0.360513395320371	0.916	0.829	1.71723661276568e-188	16	KDELR2
6.35397240067744e-192	0.474980943497724	0.766	0.725	1.90619172020323e-188	16	BLVRA
2.39284624363396e-191	0.80162090019364	0.787	0.769	7.17853873090189e-188	16	GBP1
2.28935447667271e-190	-2.53049820423404	0.479	0.72	6.86806343001813e-187	16	GZMB
5.14228293775967e-190	0.264239807718393	0.866	0.739	1.5426848813279e-186	16	EIF4A3
6.96938923784625e-190	0.370453103222123	0.896	0.767	2.09081677135388e-186	16	LRRFIP1
7.40278650244518e-190	1.62600761275845	0.629	0.575	2.22083595073355e-186	16	GPNMB
2.42622397378634e-189	-1.62476182898182	0.498	0.726	7.27867192135903e-186	16	CD8B
3.87178894257101e-189	0.513093282645125	0.694	0.623	1.1615366827713e-185	16	CTNNA1
4.62830587933278e-189	-1.29668902654005	0.979	0.974	1.38849176379983e-185	16	JUN
6.31188537845986e-188	-0.342398564329306	0.442	0.741	1.89356561353796e-184	16	IKZF2
2.0443087854251e-187	0.361585869665797	0.591	0.415	6.13292635627531e-184	16	NEK6
8.50386061767718e-187	0.474686073943216	0.791	0.756	2.55115818530315e-183	16	TMEM70
2.47275365761236e-186	-0.864950234827352	0.433	0.701	7.41826097283709e-183	16	IL2RB
1.09430036879659e-185	0.49820136752657	0.657	0.603	3.28290110638977e-182	16	SEMA4A
3.39916651946915e-185	0.490507613077047	0.661	0.585	1.01974995584075e-181	16	IRF8
4.79622311471138e-185	0.336442630338988	0.537	0.263	1.43886693441341e-181	16	PLAU
6.77437302830717e-184	0.538293397633473	0.653	0.652	2.03231190849215e-180	16	CD93
1.28311870688628e-183	0.473780926515683	0.762	0.65	3.84935612065883e-180	16	MAP3K8
5.77866424419679e-183	0.665349981452837	0.568	0.365	1.73359927325904e-179	16	MARCKS
1.74642377814865e-182	0.360979654636	0.823	0.726	5.23927133444594e-179	16	IFI35
3.70793307663151e-182	0.33960979179908	0.655	0.574	1.11237992298945e-178	16	IRS2
3.74790725493608e-182	-0.337927238345977	0.316	0.694	1.12437217648082e-178	16	CD70
1.92819825243939e-181	-0.303975855854217	0.514	0.75	5.78459475731818e-178	16	FAAH2
2.07671093291969e-181	0.358796558708027	0.877	0.794	6.23013279875906e-178	16	CTSA
4.46428924107698e-180	0.599591373687049	0.59	0.473	1.33928677232309e-176	16	NPL
7.49039594624194e-180	0.540666133357324	0.585	0.305	2.24711878387258e-176	16	P2RY13
9.7510174370032e-180	0.334155387223265	0.556	0.26	2.92530523110096e-176	16	APOL4
1.43591539236055e-179	0.637651840734587	0.755	0.706	4.30774617708164e-176	16	LTA4H
1.0419145271893e-178	-0.368081104460345	0.511	0.72	3.12574358156791e-175	16	NDFIP2
9.32232461194528e-178	0.339735325772811	0.588	0.42	2.79669738358358e-174	16	SNCA
4.27954405704098e-177	0.534494222354665	0.607	0.372	1.2838632171123e-173	16	EPB41L3
1.35124076248935e-176	0.326887159236457	0.522	0.161	4.05372228746804e-173	16	CD300LF
2.24729119511041e-176	-0.606082143787576	0.324	0.7	6.74187358533122e-173	16	CLIC3
2.98788954297347e-174	-0.615219663193136	0.583	0.745	8.96366862892042e-171	16	TOX
8.55702747204377e-174	-0.696385843578317	0.542	0.735	2.56710824161313e-170	16	PDE4D
9.85884146334515e-174	0.339701378720442	0.883	0.77	2.95765243900355e-170	16	DDX21
1.00638379165931e-173	0.782424908146607	0.603	0.526	3.01915137497794e-170	16	SDS
4.85207693686597e-173	0.340661319434138	0.661	0.552	1.45562308105979e-169	16	CUX1
1.18074333533255e-172	0.647749869723058	0.588	0.454	3.54223000599766e-169	16	ABCA1
5.63037089749839e-171	0.410301967113833	0.665	0.613	1.68911126924952e-167	16	C10orf128
5.87602445652765e-171	0.335925898942376	0.665	0.647	1.76280733695829e-167	16	MIR181A1HG
7.28578909844595e-170	0.355375099799328	0.936	0.867	2.18573672953379e-166	16	TUBB
1.05764500137272e-169	0.256032257999725	0.607	0.484	3.17293500411817e-166	16	CCDC112
3.24358844804486e-169	-0.488449685408889	0.437	0.769	9.73076534413458e-166	16	CD79A
3.62665001421845e-168	0.252777245471963	0.54	0.198	1.08799500426554e-164	16	PYGL
5.60547270593747e-167	0.366897783678345	0.57	0.398	1.68164181178124e-163	16	CLIC4
7.07487864366823e-166	0.39834544116674	0.843	0.817	2.12246359310047e-162	16	MTHFD2
1.05262616457205e-165	0.469531572183062	0.722	0.688	3.15787849371616e-162	16	SKAP2
1.35765862895907e-165	0.398347061016793	0.818	0.739	4.0729758868772e-162	16	VASP
4.10247558568565e-165	0.351931730625626	0.692	0.624	1.23074267570569e-161	16	SH3TC1
1.50866841417142e-164	0.500718826336948	0.59	0.419	4.52600524251425e-161	16	CLIC2
3.56445517593211e-163	0.391189906814572	0.742	0.639	1.06933655277963e-159	16	CNIH4
2.39385972868686e-162	-1.20070275413552	0.987	0.98	7.18157918606057e-159	16	HSPA8
2.53476157238859e-162	0.341997467545859	0.594	0.529	7.60428471716577e-159	16	SPHK1
5.74509862401012e-162	0.448714990187762	0.733	0.679	1.72352958720304e-158	16	BID
1.66838594889998e-161	0.282958651877365	0.764	0.632	5.00515784669993e-158	16	TUBA1C
2.22233059509471e-160	0.585422635515275	0.768	0.691	6.66699178528412e-157	16	AMICA1
7.96709180769757e-160	-0.777609008619662	0.674	0.833	2.39012754230927e-156	16	CD82
2.04681243963099e-159	0.404998545029138	0.555	0.372	6.14043731889298e-156	16	BMP2K
1.1169863915607e-158	0.408335592043254	0.68	0.682	3.35095917468209e-155	16	CFP
2.99261205930527e-158	0.305481271650284	0.742	0.594	8.97783617791582e-155	16	CCL3
3.6075410631929e-158	0.399104841251176	0.647	0.575	1.08226231895787e-154	16	APP
1.07393218863654e-156	0.329378418008577	0.534	0.323	3.22179656590963e-153	16	ENPP2
3.12827047106962e-156	0.370107126819625	0.688	0.656	9.38481141320886e-153	16	TSPAN3
4.3044493413374e-156	0.439471974839183	0.624	0.586	1.29133480240122e-152	16	CD72
1.93247060762542e-155	0.454097564565525	0.563	0.293	5.79741182287625e-152	16	CSF3R
2.22389248358748e-155	-1.37202018069423	0.895	0.936	6.67167745076244e-152	16	DNAJB1
4.78854706541583e-155	-0.723072704480724	0.514	0.716	1.43656411962475e-151	16	LEF1
9.89574452262178e-155	0.476010524670439	0.606	0.499	2.96872335678653e-151	16	ADAP2
9.20122202898059e-154	0.578747230977638	0.584	0.443	2.76036660869418e-150	16	C1orf54
9.49807328612351e-154	0.381041858757877	0.782	0.769	2.84942198583705e-150	16	PCBD1
3.66593580848649e-153	0.350708270801637	0.655	0.584	1.09978074254595e-149	16	EIF2AK4
8.94252037948633e-153	0.394953486488941	0.676	0.641	2.6827561138459e-149	16	SDC4
1.56760572373097e-152	-1.1300362991749	0.489	0.709	4.7028171711929e-149	16	LAG3
2.2362669448181e-152	0.320652544725232	0.681	0.555	6.70880083445431e-149	16	CALU
1.78097583903566e-151	0.402665242865475	0.687	0.612	5.34292751710697e-148	16	CAPNS1
2.13627661652827e-151	-0.559701922194604	0.29	0.283	6.40882984958482e-148	16	LOC102723407
3.17968467110401e-151	0.446553766367263	0.567	0.372	9.53905401331204e-148	16	LRRK2
3.93045260974927e-151	-0.508368277200673	0.431	0.694	1.17913578292478e-147	16	CDC14A
8.7629289901e-151	0.402745113352711	0.617	0.524	2.62887869703e-147	16	ASAP1
2.67428750747907e-150	-0.94378281734032	0.606	0.737	8.02286252243721e-147	16	CXCR3
4.42640216236571e-150	-0.564589297310447	0.322	0.67	1.32792064870971e-146	16	PERP
1.62856558993362e-149	0.488409619392359	0.401	0.072	4.88569676980086e-146	16	RETN
2.6865890729563e-149	0.326939809353463	0.819	0.743	8.0597672188689e-146	16	CCT5
5.04253185543848e-149	0.273447797895576	0.491	0.23	1.51275955663154e-145	16	BHLHE41
6.77284282314661e-149	0.329067437445305	0.597	0.528	2.03185284694398e-145	16	SIGLEC9
1.14521012527369e-148	0.285102633652263	0.584	0.524	3.43563037582108e-145	16	CD80
4.74582540998668e-148	0.278235518862104	0.661	0.57	1.423747622996e-144	16	SPATS2L
5.70545236647791e-148	0.378484284241243	0.521	0.4	1.71163570994337e-144	16	MT1G
1.2257653191887e-147	1.27160008618709	0.559	0.467	3.67729595756609e-144	16	CD1C
1.29662335010276e-147	0.814968164332013	0.751	0.681	3.88987005030827e-144	16	PLD3
2.29855190738384e-147	0.334283511530934	0.783	0.664	6.89565572215152e-144	16	AGTRAP
9.71573440828884e-147	0.435905524937054	0.549	0.372	2.91472032248665e-143	16	CCR1
1.4153930373103e-146	0.267585987959189	0.535	0.269	4.24617911193091e-143	16	BST1
2.15771324181602e-146	0.53523152465666	0.598	0.47	6.47313972544807e-143	16	NLRP3
3.24656808459576e-146	0.319501527795892	0.729	0.617	9.73970425378728e-143	16	LINC00936
3.61050341972651e-146	0.505105538997328	0.607	0.498	1.08315102591795e-142	16	DPYSL2
7.4677681445088e-146	0.487294508273071	0.61	0.592	2.24033044335264e-142	16	FGD4
2.19079181639356e-145	0.555512681982855	0.616	0.595	6.57237544918069e-142	16	CYFIP1
2.75372244687172e-145	-0.301373619212107	0.469	0.75	8.26116734061516e-142	16	LAIR2
6.65685998739611e-145	0.271486920483431	0.749	0.673	1.99705799621883e-141	16	MAPKAPK3
1.04460121242532e-143	0.262582417719027	0.505	0.32	3.13380363727597e-140	16	SDC2
1.47632413335876e-142	0.457766132976631	0.46	0.166	4.42897240007629e-139	16	CXCL11
4.11139823904734e-142	0.382244075038389	0.763	0.771	1.2334194717142e-138	16	AHCY
1.62731829827452e-139	0.290285941087735	0.723	0.733	4.88195489482356e-136	16	CCDC50
2.59824082434554e-139	0.383580279267234	0.666	0.587	7.79472247303661e-136	16	PECAM1
2.84548618454454e-139	0.398537537802225	0.551	0.432	8.53645855363362e-136	16	FCHO2
3.8955042920607e-139	0.305436484412887	0.562	0.452	1.16865128761821e-135	16	DRAM1
3.99343269925192e-139	0.251811606412223	0.569	0.429	1.19802980977558e-135	16	S100A12
2.55804670439664e-138	0.539133592891405	0.59	0.537	7.67414011318992e-135	16	ADM
3.82400899725052e-138	0.343175495964793	0.702	0.611	1.14720269917516e-134	16	JARID2
5.8441467885036e-138	-0.552053513688941	0.556	0.705	1.75324403655108e-134	16	ABLIM1
9.22098154408104e-138	-1.89663982415926	0.548	0.703	2.76629446322431e-134	16	CD8A
2.24997144853677e-137	0.408639040291904	0.587	0.496	6.74991434561032e-134	16	AGPAT9
2.86002633350123e-137	0.300166676982377	0.928	0.876	8.5800790005037e-134	16	PDIA6
5.46223459984512e-137	0.398529025877789	0.654	0.598	1.63867037995354e-133	16	BACH1
9.61133310891238e-137	0.263881282356409	0.528	0.373	2.88339993267371e-133	16	TNFRSF21
2.32187971991118e-136	0.334989721266594	0.619	0.593	6.96563915973353e-133	16	LOC158960
6.37428288042211e-136	0.475206725306864	0.555	0.351	1.91228486412663e-132	16	MCTP1
1.23483151058566e-135	0.431226790084413	0.588	0.526	3.70449453175698e-132	16	FLVCR2
1.43901550391892e-134	-0.380164137717199	0.324	0.652	4.31704651175675e-131	16	APOBEC3H
1.16399014163756e-132	-0.588605586962502	0.502	0.743	3.49197042491269e-129	16	THEM4
5.75568141874299e-132	-0.373174889599373	0.394	0.726	1.7267044256229e-128	16	CCR6
1.08525505457223e-131	0.327516049190988	0.722	0.678	3.25576516371669e-128	16	BEX4
1.34461943599625e-131	-0.539299996009396	0.399	0.66	4.03385830798874e-128	16	SYTL2
2.24220992532961e-131	1.02946964818473	0.569	0.53	6.72662977598882e-128	16	PLTP
2.19819423905162e-130	-0.952621294814671	0.484	0.712	6.59458271715485e-127	16	C12orf75
4.71437890316682e-130	0.394412605552301	0.596	0.546	1.41431367095005e-126	16	CREB5
6.17185778531741e-130	0.519897478138157	0.618	0.557	1.85155733559522e-126	16	IL18BP
7.6748816501617e-130	0.66481353538451	0.537	0.39	2.30246449504851e-126	16	A2M
1.13848682401778e-129	-0.287688007407853	0.229	0.64	3.41546047205335e-126	16	KIR2DL4
2.50059068971764e-129	-0.572304545259629	0.997	0.999	7.50177206915291e-126	16	MALAT1
4.47780827217894e-129	-1.3975636523802	0.668	0.791	1.34334248165368e-125	16	BATF
2.04119345225759e-127	0.304787503724628	0.655	0.619	6.12358035677277e-124	16	TRIB1
2.23358934731095e-127	-0.362235296477961	0.506	0.692	6.70076804193285e-124	16	FBXO32
6.71660090643173e-127	0.363423751355495	0.611	0.63	2.01498027192952e-123	16	ALDH3B1
8.55629420059087e-127	-0.739512897894929	0.344	0.654	2.56688826017726e-123	16	KLRC2
1.43158958470143e-126	0.34837125230375	0.58	0.479	4.2947687541043e-123	16	RASSF2
1.69369680477463e-126	0.449172739837112	0.623	0.574	5.08109041432388e-123	16	SLC43A3
1.71348188735386e-126	-0.925835736718524	0.66	0.881	5.14044566206159e-123	16	SELL
3.79521590860273e-126	0.279407399665465	0.67	0.568	1.13856477258082e-122	16	PLEC
5.67390103955708e-125	0.305850414946113	0.553	0.425	1.70217031186712e-121	16	ARHGAP31
9.9755750079333e-125	0.381451881698581	0.589	0.498	2.99267250237999e-121	16	YBX3
2.85780175521818e-124	-2.07123374011044	0.484	0.696	8.57340526565455e-121	16	GZMK
2.20389037785044e-121	0.275881671919356	0.635	0.603	6.61167113355132e-118	16	NADK
9.19714645359157e-121	-0.482677499585533	0.471	0.686	2.75914393607747e-117	16	TESPA1
8.62891886466528e-119	0.49423949339294	0.741	0.716	2.58867565939958e-115	16	CH25H
1.18989760425935e-118	0.307145553475338	0.75	0.635	3.56969281277804e-115	16	BHLHE40
1.42172327285602e-117	-2.85641363098582	0.709	0.77	4.26516981856807e-114	16	NKG7
2.77574852601947e-117	0.348251121045403	0.589	0.58	8.32724557805841e-114	16	PTGS1
1.40157830377653e-116	-0.726161751877405	0.513	0.719	4.2047349113296e-113	16	TMEM2
5.17832821315772e-115	0.335914247387768	0.584	0.546	1.55349846394732e-111	16	VASH1
7.43574023277013e-115	0.450191648872727	0.645	0.586	2.23072206983104e-111	16	SLC25A37
2.24770678501586e-114	0.507171565751583	0.645	0.599	6.74312035504757e-111	16	C12orf45
6.94636866397299e-114	0.373680492315033	0.624	0.589	2.0839105991919e-110	16	IDH1
2.1995684191602e-113	0.404710512096708	0.572	0.467	6.59870525748059e-110	16	ZMIZ1
2.21557302543549e-113	0.258194977699773	0.875	0.826	6.64671907630647e-110	16	CCT6A
2.28965346468157e-113	-0.613403645956218	0.484	0.663	6.86896039404471e-110	16	NELL2
4.85816789667328e-113	0.488108746651321	0.637	0.599	1.45745036900198e-109	16	ICAM1
8.7377425486347e-113	-1.46588155882867	0.426	0.653	2.62132276459041e-109	16	LOC101929531
9.65850342571188e-113	0.42102955204368	0.584	0.583	2.89755102771356e-109	16	RGL1
1.97833440433882e-112	0.846054000448387	0.526	0.354	5.93500321301646e-109	16	TREM2
2.56887382197718e-111	-1.40850950002866	0.75	0.812	7.70662146593155e-108	16	CLDND1
5.8334525217138e-111	0.371601690812297	0.597	0.563	1.75003575651414e-107	16	ACER3
1.12070756363224e-109	0.434675466884609	0.611	0.583	3.36212269089672e-106	16	OGFRL1
2.84319008983323e-109	0.345795222474747	0.617	0.581	8.52957026949968e-106	16	ATP6V1A
4.87404270945295e-109	0.296197775042114	0.628	0.596	1.46221281283588e-105	16	HPS5
3.52227881430325e-108	0.333039594547215	0.621	0.508	1.05668364429097e-104	16	LAMP1
1.62100342340625e-106	0.654620078631494	0.759	0.691	4.86301027021875e-103	16	PLAC8
1.87996752582738e-106	0.486244649616781	0.426	0.138	5.63990257748213e-103	16	SDC3
4.61669157965402e-106	-1.25635554190772	0.908	0.932	1.38500747389621e-102	16	TNFAIP3
1.99095675841828e-105	-0.529725052804985	0.522	0.684	5.97287027525485e-102	16	TNFRSF25
1.02318846773316e-104	0.408878969341308	0.447	0.258	3.06956540319948e-101	16	C2
8.66379464315181e-104	0.346611297204929	0.725	0.712	2.59913839294554e-100	16	MYD88
4.84435401536472e-103	-0.891331161422298	0.65	0.808	1.45330620460942e-99	16	TNFRSF4
9.91254814151548e-103	0.870472917312604	0.538	0.421	2.97376444245464e-99	16	MARCO
1.27327898670687e-102	-1.08721421447246	0.341	0.642	3.81983696012062e-99	16	HOPX
1.57089578479819e-102	-0.559203804259627	0.565	0.697	4.71268735439458e-99	16	CD28
4.47944331039629e-102	0.372393329173577	0.469	0.18	1.34383299311889e-98	16	AXL
5.6100132249845e-102	0.315861760607186	0.517	0.253	1.68300396749535e-98	16	PRAM1
2.79317909814497e-101	0.318921107734295	0.613	0.602	8.37953729443492e-98	16	CAMK1
1.09630231330664e-100	0.280779213860189	0.602	0.567	3.28890693991992e-97	16	ASPH
1.7452963726265e-100	-0.283649157908495	0.519	0.708	5.2358891178795e-97	16	UNG
3.50290586264695e-100	0.288347196917415	0.761	0.765	1.05087175879408e-96	16	HDLBP
1.17137099402634e-99	-0.271582628226364	0.306	0.634	3.51411298207901e-96	16	TMIGD2
9.51641043151544e-99	-0.562282717205571	0.663	0.833	2.85492312945463e-95	16	FOXP3
1.78252912674782e-98	0.307852369776275	0.563	0.523	5.34758738024346e-95	16	NRP1
2.91002668649437e-98	0.389811135404668	0.471	0.186	8.73008005948311e-95	16	MMP14
3.84079955296169e-98	0.250894244111849	0.709	0.629	1.15223986588851e-94	16	ARL4A
7.21243415675955e-98	-0.509540210622267	0.182	0.588	2.16373024702786e-94	16	KLRC3
1.55749921637017e-97	-0.79039286768447	0.356	0.629	4.67249764911051e-94	16	KLRG1
1.50753440741457e-95	-2.11694296682712	0.465	0.702	4.52260322224371e-92	16	CXCL13
4.1096281776435e-94	0.314246045925927	0.606	0.562	1.23288845329305e-90	16	UBE2R2
1.33350767565648e-92	-1.61099765228396	0.448	0.637	4.00052302696944e-89	16	IFNG
2.26230367959375e-91	0.289984499965328	0.671	0.634	6.78691103878125e-88	16	CYB5A
4.18904066489087e-91	-0.710145757618578	0.753	0.866	1.25671219946726e-87	16	ARID5B
8.0116726869211e-91	0.296004838013848	0.559	0.478	2.40350180607633e-87	16	PIK3AP1
4.14287541943286e-90	-0.37119567257115	0.572	0.758	1.24286262582986e-86	16	HOXB2
4.91934844130836e-90	0.429463923028298	0.532	0.441	1.47580453239251e-86	16	TLR4
5.92173907997618e-90	-0.555342405719093	0.506	0.69	1.77652172399285e-86	16	TARSL2
1.23763662242803e-89	-0.671083054612898	0.639	0.794	3.71290986728409e-86	16	BTG3
4.41322076772864e-88	-0.324407028950508	0.45	0.677	1.32396623031859e-84	16	CD79B
5.65960532262196e-88	0.279092502903377	0.576	0.577	1.69788159678659e-84	16	NFIL3
9.08330538738567e-88	-0.264695265740168	0.444	0.676	2.7249916162157e-84	16	AP3M2
1.62641883937897e-87	0.477111415702985	0.611	0.697	4.8792565181369e-84	16	H1F0
2.50744988747223e-87	0.371903434525519	0.534	0.479	7.52234966241668e-84	16	SLC31A1
5.22589459511878e-86	-1.19534704071689	0.916	0.929	1.56776837853563e-82	16	DDIT4
7.35771730675804e-86	-1.82712506370129	0.374	0.622	2.20731519202741e-82	16	GZMH
1.12813830170702e-85	0.617235423266841	0.669	0.688	3.38441490512106e-82	16	LIPA
4.14236638697569e-85	-0.253006241434076	0.427	0.661	1.24270991609271e-81	16	LTA
5.08111633049746e-85	0.350364759529272	0.662	0.651	1.52433489914924e-81	16	CD59
3.51397245944654e-84	0.315304489787624	0.42	0.25	1.05419173783396e-80	16	CMKLR1
4.22020902349481e-84	0.347505902985886	0.591	0.573	1.26606270704844e-80	16	UNC93B1
4.79601915519998e-84	0.340565499954352	0.518	0.399	1.43880574656e-80	16	DOCK4
7.80560133749099e-83	0.262823894872744	0.762	0.804	2.3416804012473e-79	16	GGCT
1.31768428257406e-82	-0.934676277658761	0.58	0.692	3.95305284772219e-79	16	FLT3LG
1.66132597185081e-82	0.354297559809139	0.602	0.551	4.98397791555243e-79	16	VAT1
1.25928851551811e-81	-0.815325053256967	0.649	0.8	3.77786554655434e-78	16	TMEM173
1.80479905185624e-81	-0.33081141326865	0.481	0.688	5.41439715556872e-78	16	IL21R
2.10650540955924e-81	-0.285862261206059	0.595	0.78	6.31951622867772e-78	16	STAM
2.56297389698904e-80	-0.726184713138313	0.446	0.637	7.68892169096712e-77	16	FAM46C
3.27473012344804e-80	0.424072824408184	0.548	0.521	9.82419037034413e-77	16	RHOQ
6.96481905920587e-80	0.339745967373235	0.589	0.652	2.08944571776176e-76	16	TNS3
7.0630123820105e-80	0.332287486342238	0.568	0.577	2.11890371460315e-76	16	ADAM28
4.15916513289196e-79	-0.476859153916409	0.41	0.645	1.24774953986759e-75	16	NCR3
9.02765972629437e-79	0.270806130509442	0.316	0.75	2.70829791788831e-75	16	CCL22
1.15121214519304e-78	0.460861210699832	0.557	0.584	3.45363643557911e-75	16	G0S2
7.10565441628965e-78	-0.591926834617045	0.539	0.779	2.1316963248869e-74	16	IL6ST
1.00976497677099e-76	0.281725942879014	0.592	0.619	3.02929493031296e-73	16	CCRL2
2.49353206008996e-76	-0.325310648636619	0.457	0.722	7.48059618026987e-73	16	NMB
1.42848464870303e-75	0.295807689763886	0.582	0.562	4.28545394610908e-72	16	IER5
1.12646213941503e-74	1.85178533553542	0.508	0.425	3.3793864182451e-71	16	CXCL9
2.58927226142573e-74	-0.636758422606635	0.868	0.907	7.76781678427718e-71	16	HIST1H4C
8.16535352101074e-74	-0.605091494455251	0.647	0.759	2.44960605630322e-70	16	AQP3
1.86188704555324e-73	-0.28558821773085	0.379	0.61	5.58566113665971e-70	16	LOC100996286
9.49090483464913e-73	0.436564797846489	0.576	0.572	2.84727145039474e-69	16	LGALS3BP
1.21311056910147e-72	0.389486331179779	0.532	0.488	3.63933170730442e-69	16	BRI3
2.73206240156828e-72	-0.783704266102262	0.677	0.785	8.19618720470483e-69	16	ITGAE
1.06916644070412e-71	0.326614414853224	0.477	0.238	3.20749932211237e-68	16	ADAMTSL4
1.4628847757695e-71	0.350755458488024	0.545	0.536	4.38865432730849e-68	16	PLXNC1
2.53482789056163e-71	0.308250524551832	0.53	0.44	7.60448367168489e-68	16	VMO1
3.23616428569906e-71	-0.303505246346516	0.477	0.666	9.70849285709718e-68	16	RGS16
3.94664525194427e-71	-0.584812852724329	0.591	0.722	1.18399357558328e-67	16	PTTG1
2.17440376732066e-70	0.252485531265314	0.448	0.19	6.52321130196199e-67	16	FMNL2
2.17934929085747e-70	0.377846391668208	0.865	0.836	6.5380478725724e-67	16	HSPA1A
3.09410135262633e-70	0.303535784779317	0.629	0.704	9.28230405787899e-67	16	SOX4
3.15629330305697e-70	0.252815943057435	0.581	0.561	9.4688799091709e-67	16	PLEKHO1
7.54637099909786e-70	-0.909897882548857	0.743	0.781	2.26391129972936e-66	16	DUSP4
2.61175678500282e-69	-1.42447298512454	0.311	0.619	7.83527035500846e-66	16	LOC102725018
4.16689747737699e-69	-0.264723270147143	0.309	0.612	1.2500692432131e-65	16	CHN1
4.23536526581254e-69	-0.375999877403651	0.457	0.651	1.27060957974376e-65	16	DUSP16
5.67837298183596e-69	0.250767332907135	0.587	0.578	1.70351189455079e-65	16	NFIC
8.19540590394825e-69	0.628731571257659	0.425	0.371	2.45862177118447e-65	16	CD1A
1.10152338728359e-68	0.484712843227125	0.501	0.432	3.30457016185078e-65	16	NDRG2
4.18249241474632e-68	0.316768048091125	0.529	0.511	1.2547477244239e-64	16	NCEH1
2.11076579620571e-67	0.329678280122326	0.502	0.43	6.33229738861713e-64	16	PLXNB2
1.84000082778401e-66	0.458509488112587	0.549	0.572	5.52000248335204e-63	16	TNFAIP2
2.21675231272543e-66	-0.470033048758991	0.204	0.56	6.6502569381763e-63	16	MS4A1
1.44888460696802e-65	0.318143940930454	0.552	0.523	4.34665382090406e-62	16	METRNL
1.80000984949409e-65	-0.393934535440571	0.457	0.675	5.40002954848228e-62	16	MYC
3.5677104027532e-65	0.25902334203801	0.497	0.313	1.07031312082596e-61	16	NFAM1
3.88738602311556e-65	0.460239788251994	0.527	0.484	1.16621580693467e-61	16	SLC15A3
1.76030241074001e-64	0.308837904524496	0.485	0.47	5.28090723222004e-61	16	NRP2
2.69620404551118e-64	-0.732259119152237	0.997	0.984	8.08861213653355e-61	16	JUNB
4.169740751715e-64	-0.454775737213488	0.371	0.633	1.2509222255145e-60	16	KLRC4
3.60923867604358e-63	-0.937363019067897	0.656	0.756	1.08277160281307e-59	16	APOBEC3G
4.70986385610787e-63	0.43982286296818	0.553	0.585	1.41295915683236e-59	16	TTYH3
1.07313450685733e-62	-0.747500403023301	0.717	0.817	3.21940352057199e-59	16	TNFRSF18
5.31482915430489e-62	-0.787393574493273	0.78	0.866	1.59444874629147e-58	16	EZR
2.43527684922394e-61	0.448710776754706	0.475	0.476	7.30583054767182e-58	16	DMXL2
9.26300706657548e-61	0.342944095324317	0.594	0.675	2.77890211997264e-57	16	METTL7A
3.1305111169112e-60	-0.563081284238864	0.551	0.721	9.39153335073359e-57	16	FAM65B
5.66189272528935e-60	0.401759563751092	0.614	0.66	1.6985678175868e-56	16	FNDC3B
1.51111454918568e-59	-0.323185122219041	0.466	0.666	4.53334364755704e-56	16	P2RY8
2.15477064873054e-59	0.418770521049813	0.52	0.498	6.46431194619161e-56	16	FNIP2
2.18652612941135e-59	0.30402816382122	0.622	0.643	6.55957838823406e-56	16	SCO2
4.83568761270827e-59	-0.320416765204444	0.238	0.561	1.45070628381248e-55	16	LOC102725101
2.18108953278439e-58	0.416142700922247	0.575	0.641	6.54326859835317e-55	16	QPCT
3.3050884520946e-58	-0.294468666130088	0.578	0.753	9.91526535628379e-55	16	APOBEC3C
4.82374402523193e-58	-0.293871480756014	0.332	0.585	1.44712320756958e-54	16	CPNE7
1.8813938182363e-57	0.283376664438438	0.618	0.657	5.64418145470891e-54	16	PON2
1.99643306367776e-57	0.256624126219098	0.494	0.435	5.98929919103328e-54	16	SAP30
2.3203686431044e-57	0.388863504428347	0.596	0.64	6.96110592931319e-54	16	ACP2
1.91482207980607e-56	0.26565375597864	0.515	0.536	5.74446623941821e-53	16	MYO1E
2.53768987361222e-56	0.262652978101862	0.844	0.811	7.61306962083665e-53	16	ISG15
3.23826041291315e-56	0.445728451833958	0.577	0.617	9.71478123873945e-53	16	RGS18
3.76652933268031e-56	0.376573070704396	0.532	0.571	1.12995879980409e-52	16	ITGAM
3.91619413607409e-56	0.273053153888565	0.583	0.738	1.17485824082223e-52	16	C19orf38
4.16340964262156e-56	0.28656843806497	0.567	0.657	1.24902289278647e-52	16	CLEC11A
6.63911033297521e-56	0.285259535366814	0.618	0.676	1.99173309989256e-52	16	ISOC2
1.59864643165541e-55	-0.327119053704483	0.447	0.666	4.79593929496623e-52	16	SESN3
6.74438717834122e-55	0.459022916493113	0.616	0.642	2.02331615350236e-51	16	TFRC
1.14088093584572e-54	-0.490189564803461	0.539	0.648	3.42264280753718e-51	16	P2RY10
2.48543059923876e-54	0.605282892083563	0.52	0.52	7.45629179771628e-51	16	PKIB
3.08274584244798e-54	0.456630732185613	0.448	0.37	9.24823752734394e-51	16	MMP9
1.05232550176129e-53	0.33895196615576	0.455	0.409	3.15697650528387e-50	16	EMP1
1.48415474782889e-53	-0.333056298088357	0.52	0.683	4.45246424348667e-50	16	DNAJC9
3.10821953068762e-53	-0.488998136257706	0.438	0.606	9.32465859206286e-50	16	TCF7
5.03732325819695e-53	-0.303574029811692	0.48	0.639	1.51119697745909e-49	16	TNIP3
1.84353117569936e-52	-0.413552972946011	0.151	0.567	5.53059352709809e-49	16	PPP1R2P9
2.51361972507383e-52	-1.22504870060914	0.598	0.673	7.54085917522149e-49	16	TNF
4.14582508261641e-52	0.626538236764438	0.391	0.242	1.24374752478492e-48	16	FCER1A
5.85869585940888e-52	0.281207138959428	0.441	0.187	1.75760875782267e-48	16	SIGLEC1
6.00061961619255e-52	0.49826527797339	0.51	0.588	1.80018588485776e-48	16	CYP27A1
6.26291315200636e-52	0.401084788543264	0.679	0.747	1.87887394560191e-48	16	GBP4
6.54672030170308e-52	-0.903930112661804	0.454	0.614	1.96401609051092e-48	16	LINC00861
1.99308918269528e-51	-1.20358521188823	0.842	0.848	5.97926754808583e-48	16	CST7
8.63141022819825e-51	0.339166596161311	0.495	0.48	2.58942306845948e-47	16	FILIP1L
4.81493138278651e-50	-0.891706328081425	0.576	0.644	1.44447941483595e-46	16	ICOS
8.27617416006178e-49	-0.886600842597296	0.168	0.568	2.48285224801853e-45	16	KLRC1
2.13556073621413e-48	0.403849425498862	0.513	0.492	6.40668220864239e-45	16	MPEG1
1.61664234176131e-47	-0.496831852059393	0.54	0.445	4.84992702528394e-44	16	CCL4L2
5.9717814813167e-46	-0.559068863358521	0.588	0.73	1.79153444439501e-42	16	ICAM2
1.0791597012383e-45	-0.858585416073436	0.957	0.935	3.2374791037149e-42	16	CRIP1
1.49094232846887e-45	0.354532224325354	0.544	0.623	4.47282698540661e-42	16	LOC102724297
1.52525680156888e-45	-0.456448635178427	0.461	0.634	4.57577040470664e-42	16	MAF
3.96195401714214e-44	0.251117880365824	0.585	0.61	1.18858620514264e-40	16	ABHD2
2.01462398099568e-43	-0.957180096005362	0.974	0.958	6.04387194298705e-40	16	KLF6
5.91229160119314e-43	0.382733908636614	0.56	0.592	1.77368748035794e-39	16	FUCA1
6.54635738896782e-43	0.269116109702062	0.471	0.367	1.96390721669035e-39	16	SERPINF2
6.83329514657514e-43	-0.697446279445691	0.557	0.686	2.04998854397254e-39	16	PIM1
8.68575152012246e-43	-2.02487376741787	0.61	0.838	2.60572545603674e-39	16	IGJ
2.5963719783542e-42	-1.0343412041967	0.747	0.777	7.78911593506261e-39	16	TAGAP
1.02652033530474e-41	-0.34694650593094	0.597	0.787	3.07956100591422e-38	16	LDLRAD4
2.39666721871938e-40	-0.730843240329487	0.691	0.762	7.19000165615815e-37	16	TSPYL2
2.80013353986952e-40	0.280635757088994	0.55	0.621	8.40040061960855e-37	16	SRD5A3
2.97846134624565e-40	-0.526270480325306	0.514	0.641	8.93538403873696e-37	16	ERN1
5.10784060994892e-40	-0.29588436682103	1	0.986	1.53235218298468e-36	16	PPIA
1.10168387122726e-39	-2.28085730356806	0.511	0.612	3.30505161368178e-36	16	GNLY
3.35578858496679e-39	-0.718907665705891	0.476	0.596	1.00673657549004e-35	16	PRKCQ-AS1
1.01913181670491e-38	-0.555331498779974	0.589	0.692	3.05739545011474e-35	16	CCND2
3.07981288675398e-38	-0.687317570498567	0.567	0.672	9.23943866026195e-35	16	PTPN22
8.84710526651979e-38	-0.288731501786152	0.448	0.611	2.65413157995594e-34	16	BEX2
1.7913227043175e-37	0.275210065489898	0.564	0.603	5.37396811295251e-34	16	ATP2A2
2.15948056150051e-37	0.265790632203532	0.568	0.614	6.47844168450153e-34	16	IFIT2
1.09444811700483e-36	0.250010693000533	0.714	0.743	3.28334435101448e-33	16	TNFSF10
6.06404772040127e-36	-0.445267755955564	0.673	0.79	1.81921431612038e-32	16	GCHFR
8.90572869468753e-36	-0.882531354003445	0.984	0.96	2.67171860840626e-32	16	CXCR4
1.28440702755465e-35	-0.257638840990386	0.561	0.696	3.85322108266394e-32	16	FUT8
2.47828803892299e-35	-0.255478122886327	0.503	0.699	7.43486411676896e-32	16	USP11
6.13517357776283e-35	0.323137675370363	0.523	0.619	1.84055207332885e-31	16	PKP2
1.82780812822709e-34	0.276903480464017	0.491	0.534	5.48342438468126e-31	16	IL1RAP
4.06558237842719e-34	-1.19564995351391	0.342	0.57	1.21967471352816e-30	16	XCL1
8.49920070718049e-34	-1.09077608425465	0.386	0.566	2.54976021215415e-30	16	KLRD1
8.95973167695217e-34	-0.563891189320992	0.583	0.675	2.68791950308565e-30	16	METTL12
2.47623870887491e-33	-0.321393524344363	0.138	0.5	7.42871612662472e-30	16	FGFBP2
1.56392037902429e-32	-0.265740719722752	0.783	0.684	4.69176113707288e-29	16	SNHG15
2.18844225267433e-32	-0.603506638565335	0.999	1	6.56532675802299e-29	16	RNR2
3.85617437390083e-32	0.422428371986809	0.523	0.555	1.15685231217025e-28	16	SLC40A1
7.16907884082543e-32	-0.266197399243773	0.701	0.814	2.15072365224763e-28	16	HIST1H1C
1.13898287190557e-31	-0.336068392471031	0.415	0.602	3.41694861571672e-28	16	LOC100130476
1.19104925215715e-31	0.574269738765757	0.447	0.339	3.57314775647145e-28	16	HAMP
4.70165775198282e-31	0.389487829803566	0.564	0.679	1.41049732559485e-27	16	IFIT3
6.72502409329128e-31	-1.27277712515222	0.427	0.594	2.01750722798738e-27	16	LOC101060038
1.04447423979125e-30	-0.304290592155067	0.359	0.568	3.13342271937376e-27	16	FXYD7
2.69879654276483e-30	-0.735509955330312	0.332	0.558	8.09638962829448e-27	16	CD40LG
5.40043362632954e-30	-0.285073955938738	0.729	0.608	1.62013008789886e-26	16	RNA45S5
1.99641272838922e-29	0.332485166530386	0.526	0.663	5.98923818516765e-26	16	CSF2RB
8.7629116200796e-29	-0.544552476393651	0.7	0.772	2.62887348602388e-25	16	BIRC3
1.29985586621905e-28	-0.290095185396506	0.365	0.558	3.89956759865715e-25	16	CRTAM
1.80086529848858e-28	-0.488579334714712	0.623	0.734	5.40259589546574e-25	16	HNRNPLL
1.92469447011761e-28	0.533849964330731	0.501	0.604	5.77408341035284e-25	16	NR1H3
1.93249353600809e-28	-0.293275509562716	0.257	0.543	5.79748060802426e-25	16	FASLG
3.69661010091407e-28	-0.696710579662789	0.244	0.528	1.10898303027422e-24	16	KLRK1
5.35411222145844e-28	-0.386617709312627	0.474	0.62	1.60623366643753e-24	16	TNFSF8
6.82561585400717e-27	-0.623412545502748	0.716	0.782	2.04768475620215e-23	16	TOB1
5.37469050541497e-26	-2.16605078601688	0.64	0.669	1.61240715162449e-22	16	CCL4
1.64856399498582e-25	-0.427377511339634	0.667	0.58	4.94569198495745e-22	16	RGCC
1.70450215056796e-25	-0.551581378377774	0.496	0.636	5.11350645170388e-22	16	FAM107B
3.07854699476954e-25	-0.28808562953833	0.63	0.774	9.23564098430863e-22	16	TMPO
4.87400871774969e-25	0.986978446671494	0.462	0.757	1.46220261532491e-21	16	IFI27
5.2258480633416e-25	-0.560716684374687	0.638	0.72	1.56775441900248e-21	16	RAB27A
1.60555518056738e-24	-0.256479659695918	0.427	0.603	4.81666554170214e-21	16	LOC102724850
2.42489052047858e-24	-0.386304045213733	0.874	0.784	7.27467156143575e-21	16	TUBB4B
3.90294628625753e-24	-0.522710034829581	0.81	0.883	1.17088388587726e-20	16	PMAIP1
1.49934774721525e-23	-0.447385490305899	0.628	0.723	4.49804324164574e-20	16	PTGER2
9.62017102139366e-23	-0.529273177196492	0.982	0.927	2.8860513064181e-19	16	SSR4
1.50164267711737e-21	0.553522563072615	0.286	0.448	4.50492803135212e-18	16	SEPP1
4.58918251832845e-21	-0.27136985996371	0.519	0.623	1.37675475549853e-17	16	TMEM106C
2.26203687576439e-20	-0.626156157266885	0.624	0.688	6.78611062729317e-17	16	RUNX3
3.79874086315209e-20	-0.361888088669476	0.494	0.594	1.13962225894563e-16	16	LOC101929065
1.0977800623032e-18	-0.298894834781453	0.562	0.665	3.29334018690961e-15	16	CFAP97
4.90257729181641e-18	-0.358085692300149	0.567	0.665	1.47077318754492e-14	16	S1PR4
1.25732946450191e-17	0.288346477606073	0.445	0.497	3.77198839350573e-14	16	FOLR2
1.84686929392444e-17	1.91775567257999	0.439	0.482	5.54060788177331e-14	16	CXCL10
2.5998914490751e-17	-0.495274545759472	0.522	0.625	7.79967434722531e-14	16	TBCC
3.24366949592548e-17	-0.381301735241362	0.47	0.459	9.73100848777643e-14	16	ODC1
3.50361820932094e-17	-0.318136340227787	0.369	0.621	1.05108546279628e-13	16	DERL3
5.26470312408395e-17	-0.956271254969862	0.142	0.498	1.57941093722518e-13	16	XCL2
5.48829998438582e-17	-0.427202569048635	0.472	0.595	1.64648999531575e-13	16	CDC25B
8.03565855330923e-17	-0.414893305827565	0.528	0.613	2.41069756599277e-13	16	SLAMF1
4.05363772253107e-16	-2.08427688156302	0.531	0.748	1.21609131675932e-12	16	LOC100293211
8.85163319600127e-16	-0.266620359397524	0.558	0.651	2.65548995880038e-12	16	DNAAF2
4.04840383086458e-15	-0.41183301645301	0.668	0.754	1.21452114925938e-11	16	PDE4B
8.18284963904186e-15	-0.257872647413352	0.298	0.531	2.45485489171256e-11	16	CDKN2D
1.27964983358471e-14	-0.274479626374382	0.463	0.596	3.83894950075412e-11	16	NEDD9
2.12621769195557e-14	-0.460151826210053	0.543	0.615	6.37865307586672e-11	16	PELO
2.13782859975837e-14	-0.359178715693449	0.985	0.962	6.41348579927511e-11	16	HSP90AB1
2.4043036274923e-14	-0.913706987524359	0.985	0.972	7.2129108824769e-11	16	NFKBIA
2.7660954923703e-14	-0.486941532070461	0.664	0.742	8.2982864771109e-11	16	G3BP2
3.40300923677288e-14	-0.305017226970495	0.764	0.687	1.02090277103186e-10	16	PTGER4
4.49450479053732e-14	-0.457328376501227	0.911	0.844	1.3483514371612e-10	16	SERTAD1
5.31052754495619e-14	-0.585109672608856	0.704	0.714	1.59315826348686e-10	16	H2AFX
5.93219488672051e-14	-0.383635679965245	0.857	0.845	1.77965846601615e-10	16	CORO1B
1.63024545659506e-13	-0.255528277621718	0.856	0.81	4.89073636978517e-10	16	HMGB2
2.19664126015417e-13	-0.329965550310407	0.528	0.634	6.58992378046251e-10	16	BCL2
2.35774921375215e-13	-0.664630601398509	0.391	0.439	7.07324764125646e-10	16	SOCS1
2.54897391458561e-13	0.311036827988029	0.525	0.71	7.64692174375684e-10	16	BCAT1
3.43866369460732e-13	-0.669818382853441	0.668	0.729	1.0315991083822e-09	16	NR3C1
3.63570309209314e-13	-0.401060974844514	0.478	0.478	1.09071092762794e-09	16	BRE-AS1
5.85094943534363e-13	-0.306482526915067	0.964	0.933	1.75528483060309e-09	16	LSP1
6.96007204941212e-13	0.275456047348121	0.479	0.596	2.08802161482364e-09	16	HK2
1.92084528166803e-12	-0.282561323896255	0.997	0.969	5.76253584500408e-09	16	MIF
2.0499132423595e-12	-0.34720517915467	0.499	0.611	6.1497397270785e-09	16	PLA2G16
4.67023027092314e-12	-0.810663719659264	1	1	1.40106908127694e-08	16	RNR1
4.69163764080977e-12	-0.547434711085838	0.537	0.63	1.40749129224293e-08	16	ITM2C
6.71365395915171e-12	-0.285058951398298	0.881	0.833	2.01409618774551e-08	16	CACYBP
3.30813764284567e-11	-0.438017397543224	0.951	0.877	9.924412928537e-08	16	DNAJA1
4.82554285561985e-11	-0.366675339458745	0.675	0.743	1.44766285668596e-07	16	MAGEH1
1.14263895897675e-10	-0.374165122471513	0.677	0.808	3.42791687693026e-07	16	UGP2
2.48511011683365e-10	-0.780412515572647	0.789	0.792	7.45533035050096e-07	16	LINC00152
4.19957900691252e-10	-0.28391364140456	0.586	0.667	1.25987370207376e-06	16	MRPS31
4.96366016532985e-10	-0.279297926065063	0.403	0.55	1.48909804959896e-06	16	FXYD1
5.19981213690323e-10	-0.281870219272116	0.353	0.423	1.55994364107097e-06	16	BCL3
5.67219653809959e-10	-0.591657395181041	0.63	0.698	1.70165896142988e-06	16	LYAR
6.48576637229606e-10	-0.295619780215083	0.555	0.652	1.94572991168882e-06	16	LOC101927902
4.21210275969629e-09	-0.420148734737138	0.685	0.77	1.26363082790889e-05	16	RAD21
4.23951413120402e-09	-0.820221741224483	0.724	0.668	1.27185423936121e-05	16	DUSP2
5.38664477489325e-09	0.334484400678557	0.59	0.853	1.61599343246797e-05	16	EBI3
1.25558038526772e-08	-0.412215267187399	0.576	0.673	3.76674115580316e-05	16	SRRT
3.60822599788308e-08	-0.26050752855338	0.511	0.594	0.000108246779936493	16	HIST2H2BC
6.62830990121266e-08	-0.494311054332378	0.708	0.845	0.00019884929703638	16	IGLL5
1.50357676464799e-07	-0.546417699941567	0.56	0.633	0.000451073029394398	16	MAPRE2
4.13753176993176e-07	-0.344730323558992	0.853	0.804	0.00124125953097953	16	YPEL5
7.26122940106637e-07	-0.753063732869698	0.645	0.658	0.00217836882031991	16	PHLDA1
1.2730331466826e-06	-0.605327017406627	0.864	0.866	0.00381909944004779	16	YWHAQ
1.6700026975281e-06	-0.410653530180555	0.969	0.941	0.00501000809258428	16	RAN
2.01994440661839e-06	0.311019769471901	0.385	0.439	0.00605983321985516	16	ADAMDEC1
3.27583467795049e-06	-0.297956892734037	0.052	0.415	0.00982750403385148	16	TBX21
1.01628997929681e-05	-0.394913186315758	0.858	0.765	0.0304886993789042	16	CSRNP1
1.15242129197629e-05	0.648675847678709	0.366	0.599	0.0345726387592887	16	NUPR1
