p_val	avg_log2FC	pct.1	pct.2	p_val_adj	cluster	gene
0	3.59653443730009	0.99	0.735	0	17	STMN1
0	2.5860145324697	0.982	0.827	0	17	TUBA1B
0	2.43740474674585	0.948	0.655	0	17	TYMS
0	2.38799923044416	0.986	0.868	0	17	TUBB
0	2.24660011072554	0.876	0.436	0	17	RRM2
0	2.2224060767227	0.925	0.649	0	17	KIAA0101
0	2.19803811822142	0.987	0.81	0	17	HMGB2
0	2.16136836268021	0.995	0.848	0	17	HMGN2
0	2.05748653148382	0.995	0.828	0	17	H2AFZ
0	1.92670354509725	0.833	0.439	0	17	UBE2C
0	1.7029532765059	0.972	0.8	0	17	DUT
0	1.65881629701462	0.832	0.532	0	17	NUSAP1
0	1.62552109851071	0.841	0.718	0	17	BIRC5
0	1.51139406836313	0.891	0.676	0	17	PCNA
0	1.4636082329591	0.844	0.554	0	17	CDK1
0	1.44777788794594	0.842	0.52	0	17	MKI67
0	1.4417728250183	0.867	0.548	0	17	CKS1B
0	1.43852281479282	0.876	0.578	0	17	MCM7
0	1.43711654069589	0.885	0.496	0	17	ASF1B
0	1.42654911739795	0.914	0.715	0	17	PTTG1
0	1.41296227585228	0.958	0.749	0	17	RANBP1
0	1.40836018779812	0.873	0.672	0	17	TK1
0	1.3884833711266	0.917	0.621	0	17	TMEM106C
0	1.38569280784441	0.816	0.559	0	17	TOP2A
0	1.38393637436167	0.909	0.773	0	17	FABP5
0	1.34895085791272	0.913	0.678	0	17	CENPU
0	1.31626212821905	0.895	0.552	0	17	MAD2L1
0	1.30280041758795	0.915	0.629	0	17	CARHSP1
0	1.27091313020625	0.956	0.783	0	17	DEK
0	1.25657197896328	0.768	0.522	0	17	CCNA2
0	1.2471835894597	0.956	0.816	0	17	CKS2
0	1.24390249699384	0.879	0.764	0	17	SMC4
0	1.24017347115673	0.852	0.619	0	17	MCM5
0	1.22519639993759	0.888	0.709	0	17	CENPM
0	1.21080350071205	1	0.955	0	17	HMGB1
0	1.16700615038892	0.838	0.704	0	17	GINS2
0	1.16053925583037	0.874	0.683	0	17	SMC2
0	1.14467806257665	0.842	0.704	0	17	UBE2T
0	1.13903730021818	0.928	0.768	0	17	NASP
0	1.12749638448437	0.744	0.288	0	17	PLK1
0	1.12519010978239	0.803	0.523	0	17	CCNB2
0	1.12082222925466	0.832	0.532	0	17	ZWINT
0	1.10392737685151	0.944	0.757	0	17	RPA3
0	1.09948552901887	0.914	0.704	0	17	NUDT1
0	1.07404682691858	0.875	0.624	0	17	FEN1
0	1.07189780708156	0.807	0.459	0	17	UHRF1
0	1.05879567601968	0.869	0.579	0	17	RRM1
0	1.05813541336547	0.939	0.704	0	17	H2AFV
0	1.04882256219809	0.976	0.869	0	17	PKM
0	1.03382391901891	0.8	0.481	0	17	CDKN3
0	1.0304031400229	0.84	0.501	0	17	CLSPN
0	1.02131111719379	0.979	0.845	0	17	CALM3
0	1.01059129156847	0.873	0.533	0	17	CENPW
0	1.00971079938774	0.817	0.424	0	17	DHFR
0	0.999564520178273	0.954	0.743	0	17	SNRPD1
0	0.983528683573757	0.992	0.929	0	17	SLC25A5
0	0.972916273439541	0.93	0.789	0	17	PRDX3
0	0.970996211752785	0.909	0.663	0	17	ANP32E
0	0.966667101122135	0.867	0.624	0	17	RFC4
0	0.962384431508183	0.833	0.52	0	17	CDCA8
0	0.961567652935366	0.964	0.82	0	17	HN1
0	0.959041180198499	0.864	0.659	0	17	CDK4
0	0.957989533737235	0.983	0.902	0	17	PGAM1
0	0.946540186333941	0.926	0.877	0	17	ENTPD1
0	0.940501332368081	0.994	0.934	0	17	TPI1
0	0.912151271052077	0.99	0.94	0	17	RAN
0	0.891214445209565	0.896	0.7	0	17	DNMT1
0	0.873400189395336	0.81	0.565	0	17	AURKB
0	0.870225355825706	0.801	0.637	0	17	CENPN
0	0.865199656476386	0.868	0.612	0	17	GMNN
0	0.862575252273079	0.815	0.563	0	17	KIFC1
0	0.860433538257983	0.974	0.858	0	17	SNRPG
0	0.850900705566118	0.846	0.625	0	17	DTYMK
0	0.843505734299004	0.768	0.528	0	17	TROAP
0	0.829810841255755	0.855	0.683	0	17	EZH2
0	0.824529684463598	0.788	0.444	0	17	PKMYT1
0	0.794214079677209	1	0.999	0	17	ACTB
0	0.791096932044657	0.807	0.451	0	17	NUF2
0	0.787336561258658	0.796	0.532	0	17	CENPK
0	0.785537508126898	1	0.985	0	17	PFN1
0	0.767319638563214	1	0.995	0	17	GAPDH
0	0.72581318145204	0.875	0.693	0	17	SKA2
0	0.704750893596966	0.757	0.476	0	17	DTL
0	0.690159926419179	0.773	0.493	0	17	WDR34
0	0.680479917850907	1	0.994	0	17	PTMA
0	0.664977208423451	0.766	0.43	0	17	KIF11
0	0.643220524776418	0.773	0.326	0	17	FAM111B
0	0.64018627539715	0.804	0.544	0	17	HIRIP3
0	0.624325006146786	0.753	0.42	0	17	RAD51AP1
0	0.611936124174311	0.752	0.392	0	17	HJURP
0	0.607423658215802	0.808	0.621	0	17	ATAD5
0	0.605796144866611	0.749	0.337	0	17	SGOL1
0	0.593398595666202	0.763	0.522	0	17	SPC25
0	0.586510926789079	0.794	0.529	0	17	CDK2
0	0.556857947930113	0.801	0.615	0	17	RBBP8
0	0.555958147512739	0.799	0.425	0	17	CENPA
0	0.546769168426362	0.769	0.52	0	17	MND1
0	0.539642300013455	0.759	0.444	0	17	CEP55
0	0.52190541397764	0.712	0.336	0	17	CKAP2L
0	0.49639106579246	0.781	0.374	0	17	KIF2C
0	0.453877370987966	0.759	0.529	0	17	MCM10
0	0.37415438844511	0.679	0.225	0	17	KIF15
0	-0.874847655413478	1	1	0	17	EEF1A1
0	-0.982220950046839	0.999	0.999	0	17	RPS12
0	-1.90586449124251	0.97	0.985	0	17	JUNB
1.8248225962794e-307	0.268155060468424	0.766	0.63	5.4744677888382e-304	17	MYBL2
1.86783721903747e-306	1.17336264712632	0.778	0.535	5.60351165711242e-303	17	ASPM
2.11553355419844e-306	0.915282162665449	0.962	0.833	6.34660066259533e-303	17	ANXA5
7.56160232786904e-306	0.810738464052542	0.882	0.721	2.26848069836071e-302	17	SAE1
1.36905198528528e-305	0.529904917450001	0.768	0.531	4.10715595585585e-302	17	HIST1H3B
2.52137483285332e-303	-2.00851469687645	0.968	0.986	7.56412449855995e-300	17	ZFP36
2.28738729945702e-301	0.693091161806345	0.744	0.496	6.86216189837106e-298	17	KIF23
6.22794961529118e-299	0.474595491849181	0.773	0.616	1.86838488458735e-295	17	DEPDC1B
1.06836546029805e-298	0.617970472545527	0.756	0.481	3.20509638089415e-295	17	MCM4
1.88241946425957e-298	1.5364979734921	0.803	0.668	5.64725839277871e-295	17	CENPF
1.12446589198578e-296	0.775403512953843	0.792	0.63	3.37339767595735e-293	17	HELLS
1.36911347287993e-296	0.834550880092421	0.867	0.678	4.10734041863979e-293	17	DNAJC9
1.66313030538985e-296	0.807798931187197	0.845	0.688	4.98939091616956e-293	17	LMNB1
2.89829324339374e-296	0.867352341996309	0.958	0.833	8.69487973018121e-293	17	CACYBP
1.33460745036585e-295	0.835742872760871	0.944	0.794	4.00382235109754e-292	17	BANF1
9.44907072034902e-295	0.693840276794935	0.823	0.587	2.83472121610471e-291	17	RFC2
1.58413282378311e-291	0.546253561450121	0.828	0.642	4.75239847134933e-288	17	SNRNP25
7.4531305001362e-291	0.776605257370031	0.816	0.639	2.23593915004086e-287	17	PHF19
1.74808644555053e-289	0.655886772151473	0.742	0.511	5.24425933665158e-286	17	CDC45
1.67959481566135e-288	0.450742072663707	0.747	0.572	5.03878444698405e-285	17	DIAPH3
6.07743697955298e-288	0.526232872248336	0.761	0.499	1.82323109386589e-284	17	NCAPH
2.16324760465578e-287	0.80374292343534	0.951	0.887	6.48974281396733e-284	17	DNPH1
3.39102103479069e-287	0.782118655092874	0.908	0.72	1.01730631043721e-283	17	LSM4
5.18579680672566e-287	0.517411109216658	0.758	0.525	1.5557390420177e-283	17	ESCO2
8.01609611455324e-285	0.767363007491554	0.964	0.83	2.40482883436597e-281	17	NAP1L1
6.47700894914612e-283	0.944846265313035	0.913	0.739	1.94310268474384e-279	17	H2AFY
8.74046393304381e-283	0.758315675348139	0.981	0.908	2.62213917991314e-279	17	COX5A
2.23042535528896e-281	0.593670005747559	0.761	0.49	6.69127606586688e-278	17	FBXO5
1.14649797030812e-280	0.570658114288278	0.779	0.515	3.43949391092437e-277	17	BCL2L12
1.14854785788608e-279	0.962794283970019	0.744	0.478	3.44564357365823e-276	17	CCNB1
2.24871993248594e-279	0.53665119060147	0.743	0.572	6.74615979745783e-276	17	RAD51
2.43450294428143e-279	0.400105042615238	0.737	0.52	7.30350883284429e-276	17	SHCBP1
3.67946673100315e-279	0.300801217590584	0.72	0.448	1.10384001930095e-275	17	OIP5
1.80589878024682e-277	0.429286229586031	0.766	0.583	5.41769634074047e-274	17	RCC1
4.13987748959717e-277	0.8709658448447	0.937	0.805	1.24196324687915e-273	17	TPM4
1.78163875847984e-276	0.686189878002603	0.88	0.733	5.34491627543953e-273	17	SHMT2
2.86842604879925e-276	0.471971633135823	1	0.986	8.60527814639774e-273	17	PPIA
1.18302134832714e-275	0.543554937300403	0.753	0.612	3.54906404498141e-272	17	CDC6
4.16967549694163e-274	0.742252340871289	0.873	0.704	1.25090264908249e-270	17	HMGA1
4.55644535996934e-274	0.743771925701906	0.883	0.671	1.3669336079908e-270	17	STRA13
1.56242211511664e-270	0.60018068676984	0.763	0.531	4.6872663453499e-267	17	CDCA3
6.19476652340335e-270	0.8005038476069	0.983	0.919	1.858429957021e-266	17	ENO1
1.50203404588635e-269	0.574280097787539	0.914	0.74	4.50610213765905e-266	17	HSBP1
9.55988734773443e-269	1.08441724941081	0.8	0.662	2.86796620432033e-265	17	CDCA7
1.16732003780272e-267	0.868998164089909	0.873	0.643	3.50196011340815e-264	17	SLBP
3.01225660909645e-266	1.05035474584346	0.825	0.657	9.03676982728936e-263	17	MCM3
5.3035273702694e-266	0.602217425965674	0.726	0.457	1.59105821108082e-262	17	FANCI
1.3269256968136e-265	0.597163323657201	0.752	0.529	3.9807770904408e-262	17	PRC1
3.48099139596909e-265	1.14428779032706	0.731	0.486	1.04429741879073e-261	17	CDC20
4.89009779521349e-265	0.810002442335368	0.931	0.768	1.46702933856405e-261	17	NUCKS1
1.02444982974651e-262	0.353553527983888	0.722	0.483	3.07334948923954e-259	17	LOC102723602
1.23862022173539e-260	0.700554534557358	0.861	0.699	3.71586066520616e-257	17	SMC1A
1.27979590544973e-260	0.602356715984983	0.785	0.618	3.8393877163492e-257	17	ACOT7
1.95006088812779e-260	0.741094592894596	0.976	0.863	5.85018266438336e-257	17	YWHAQ
2.65274956863706e-259	0.745134671399288	0.813	0.645	7.95824870591117e-256	17	RNASEH2A
3.37814119220377e-259	0.706352521993163	0.788	0.632	1.01344235766113e-255	17	CENPE
1.42715092409727e-257	0.717789390548495	0.931	0.761	4.28145277229182e-254	17	IDH2
1.79580825080333e-256	0.656322500276597	0.985	0.923	5.38742475240998e-253	17	ATP5G3
1.79837550670711e-255	0.716602136774319	0.962	0.872	5.39512652012133e-252	17	TALDO1
1.31509746015186e-254	0.469237433909365	0.773	0.703	3.94529238045557e-251	17	LMCD1
1.34402562552333e-254	0.779219083557145	0.824	0.632	4.03207687656998e-251	17	KIF20B
4.17362088853926e-253	0.684717816257925	0.882	0.68	1.25208626656178e-249	17	TXNDC17
1.04051757581017e-252	0.78798535410377	0.812	0.644	3.12155272743052e-249	17	ATAD2
1.02197632532657e-251	0.441322477608922	0.731	0.573	3.06592897597971e-248	17	NEIL3
5.13032473411931e-251	0.799074384359294	0.73	0.492	1.53909742023579e-247	17	GGH
5.96262392441015e-251	0.335393595210753	0.695	0.437	1.78878717732305e-247	17	SPAG5
3.70281597139209e-250	0.675709157355146	0.969	0.87	1.11084479141763e-246	17	TXN
4.30861289543504e-250	0.509085067119693	0.731	0.561	1.29258386863051e-246	17	BRCA1
4.78182031384895e-248	0.641086335408994	0.986	0.918	1.43454609415469e-244	17	GNG5
1.0356624355164e-247	0.601854631845639	0.833	0.628	3.10698730654921e-244	17	ACYP1
4.74452574728566e-247	0.681488158221414	0.92	0.792	1.4233577241857e-243	17	PSMA4
7.8960438374492e-245	0.733948743509921	0.747	0.569	2.36881315123476e-241	17	MCM2
1.05940027487281e-244	-0.933756979353286	1	0.999	3.17820082461842e-241	17	MALAT1
6.3933084296855e-244	0.89101352012897	0.888	0.766	1.91799252890565e-240	17	TMPO
1.65693383458664e-243	1.59060258881047	0.816	0.695	4.97080150375992e-240	17	CXCL13
1.59538575242561e-242	0.382095694986875	0.718	0.508	4.78615725727682e-239	17	DSCC1
4.26192970664398e-242	0.710576881378204	0.722	0.496	1.27857891199319e-238	17	DLGAP5
7.07863493161962e-242	0.259442944706184	0.681	0.422	2.12359047948588e-238	17	CENPO
8.09317162093438e-242	0.763434126765555	0.912	0.817	2.42795148628031e-238	17	MTHFD2
2.72313606041416e-241	0.74513593756364	0.725	0.484	8.16940818124249e-238	17	TCF19
5.84798795379221e-241	0.351036109750896	0.705	0.505	1.75439638613766e-237	17	KIF4A
5.8239331849559e-240	0.550176895182619	0.784	0.655	1.74717995548677e-236	17	BARD1
2.34520300877153e-237	0.415789339095203	0.706	0.48	7.0356090263146e-234	17	MELK
3.79035839712545e-237	0.555690093552707	0.822	0.776	1.13710751913763e-233	17	CD38
2.88744687507302e-236	0.579268299094114	0.777	0.643	8.66234062521906e-233	17	NRM
3.70687101024995e-235	0.437861319223067	0.972	0.921	1.11206130307499e-231	17	MT2A
2.73587126624615e-234	0.408811212254276	0.999	0.983	8.20761379873845e-231	17	CFL1
9.35170858617082e-234	0.609873753375357	0.885	0.723	2.80551257585124e-230	17	MIR4435-1HG
3.42799943602003e-233	0.344680445502581	0.731	0.58	1.02839983080601e-229	17	POC1A
4.48707632495379e-233	0.510570495411287	0.813	0.662	1.34612289748614e-229	17	HIST1H3D
4.5877432152099e-233	0.448440234778628	0.718	0.519	1.37632296456297e-229	17	NCAPG2
8.10173266416413e-233	0.60616201165383	0.788	0.624	2.43051979924924e-229	17	C19orf48
4.87993461077696e-232	0.659183463632948	0.739	0.496	1.46398038323309e-228	17	LIG1
1.09717315250894e-228	0.710688524610091	0.843	0.683	3.29151945752682e-225	17	USP1
1.24062006805565e-227	-1.31098031432241	0.984	0.983	3.72186020416696e-224	17	TSC22D3
3.47655252220359e-227	-1.8456414211027	0.962	0.981	1.04296575666108e-223	17	FOS
5.29934666183799e-225	0.829784403591029	0.797	0.652	1.5898039985514e-221	17	MCM6
1.07024366405746e-224	0.290162418916319	0.678	0.431	3.21073099217237e-221	17	STIL
1.257133476229e-224	0.707003844028536	0.73	0.559	3.77140042868701e-221	17	NCAPG
5.82368614868241e-223	0.667395216127091	0.992	0.943	1.74710584460472e-219	17	LDHA
2.02969626804125e-222	0.645292464367259	0.917	0.771	6.08908880412374e-219	17	YWHAE
2.91207549640211e-221	0.559705459072791	0.987	0.925	8.73622648920633e-218	17	PSME2
4.59000117141281e-220	0.648714230587221	0.882	0.71	1.37700035142384e-216	17	DDX39A
1.77136114035223e-218	0.562116266177972	0.698	0.442	5.3140834210567e-215	17	CDCA5
5.00091904651637e-218	0.516752917498485	0.735	0.542	1.50027571395491e-214	17	TUBG1
5.84080131105204e-218	0.420984060148825	0.64	0.283	1.75224039331561e-214	17	CDCA2
6.74144827076458e-215	0.588999414274333	0.967	0.882	2.02243448122937e-211	17	FKBP1A
8.54171523160592e-215	0.322183541688257	0.741	0.605	2.56251456948178e-211	17	KIAA1524
3.1222763774963e-213	-0.350030829117777	0.479	0.179	9.36682913248891e-210	17	FCN1
3.04540275882009e-211	0.565130959176978	0.936	0.819	9.13620827646028e-208	17	TPR
5.45653822562606e-210	0.36392519757343	0.687	0.467	1.63696146768782e-206	17	PBK
7.56671829560133e-209	0.374947452045346	0.719	0.584	2.2700154886804e-205	17	ANLN
2.24105323429383e-202	0.520972662541514	0.892	0.767	6.72315970288148e-199	17	SMS
3.67738292483195e-200	0.55470877773597	0.835	0.689	1.10321487744958e-196	17	SUPT16H
4.99688275415172e-200	0.551714718062328	0.731	0.559	1.49906482624551e-196	17	CENPH
1.09464273440969e-199	0.508496144213467	0.992	0.946	3.28392820322906e-196	17	YBX1
8.17074043762907e-199	0.528471344342486	0.721	0.631	2.45122213128872e-195	17	ORC6
3.61787268470575e-198	0.882956433479934	0.743	0.662	1.08536180541173e-194	17	HMMR
4.08589713371419e-198	0.808973319870501	0.834	0.831	1.22576914011426e-194	17	MT1E
3.6519876222423e-197	0.564710257988189	0.892	0.803	1.09559628667269e-193	17	SNRPE
6.32222388145358e-196	0.861709661264724	0.8	0.631	1.89666716443608e-192	17	KIF22
1.08224893733799e-195	0.920902823771078	0.866	0.712	3.24674681201396e-192	17	H2AFX
1.04970996778819e-193	0.709557332259319	0.944	0.856	3.14912990336458e-190	17	HSPD1
9.71138089622203e-193	0.55451211395747	0.769	0.66	2.91341426886661e-189	17	PAICS
1.92683004115776e-192	0.540591232055498	0.82	0.651	5.78049012347329e-189	17	CD59
2.28074632690905e-191	2.32461186047052	0.961	0.906	6.84223898072716e-188	17	HIST1H4C
4.78961725343039e-191	0.6081635824902	0.76	0.646	1.43688517602912e-187	17	MTHFD1
1.05100718937622e-190	0.366006793384542	0.698	0.504	3.15302156812865e-187	17	CHAF1B
1.75129190180521e-190	0.49574104611824	0.692	0.518	5.25387570541562e-187	17	CHEK1
2.3810115739552e-190	0.646181103258139	0.854	0.636	7.14303472186561e-187	17	TUBA1C
5.58279057063191e-190	0.532818752522202	0.98	0.886	1.67483717118957e-186	17	DBI
8.62280592889607e-190	0.409168471875494	1	0.989	2.58684177866882e-186	17	ACTG1
1.9516765240087e-187	0.67604271485713	0.74	0.595	5.85502957202611e-184	17	RACGAP1
3.09420270359529e-184	0.46711423119767	0.78	0.647	9.28260811078588e-181	17	ARL3
1.30509677070856e-183	0.869243396384433	0.838	0.703	3.91529031212568e-180	17	KPNA2
1.99345204553121e-183	0.751728713463205	0.895	0.764	5.98035613659363e-180	17	RAD21
3.08494096232928e-183	1.16516321451105	0.723	0.635	9.25482288698782e-180	17	TPX2
4.40909259789843e-183	0.507238866238568	0.682	0.526	1.32272777936953e-179	17	HIST1H3C
2.95148819947256e-181	0.345663085187816	0.814	0.669	8.85446459841768e-178	17	PAFAH1B3
1.19879897838029e-178	0.324021327523822	0.684	0.524	3.59639693514087e-175	17	HIST1H2AH
1.77234336671255e-178	0.403680876030739	0.918	0.787	5.31703010013764e-175	17	BTG3
1.85705534730731e-178	0.466037571363147	0.775	0.77	5.57116604192194e-175	17	LAYN
4.02588602817233e-178	0.421272213542498	0.967	0.883	1.2077658084517e-174	17	POMP
2.56371250041765e-177	0.435459851313051	0.929	0.788	7.69113750125296e-174	17	LINC00152
3.83376422762589e-177	0.41288697336352	0.772	0.588	1.15012926828777e-173	17	POLD2
1.21954564445705e-176	0.624433042729193	0.771	0.668	3.65863693337117e-173	17	NDC80
2.78610232581298e-176	0.531675679761003	0.891	0.831	8.35830697743894e-173	17	SIRPG
2.91365121004562e-176	0.618393971281494	0.668	0.462	8.74095363013685e-173	17	KIF14
2.92178701397704e-176	0.405091189469621	0.824	0.649	8.76536104193113e-173	17	CD151
3.42982177005752e-175	0.491479043522375	0.993	0.934	1.02894653101726e-171	17	CRIP1
1.26600427803933e-174	0.441070175276634	0.74	0.645	3.798012834118e-171	17	AURKA
2.45690057826799e-174	0.467080661817626	0.961	0.872	7.37070173480398e-171	17	BST2
2.66718090947706e-174	0.5806890449044	0.79	0.733	8.00154272843118e-171	17	TNFRSF9
2.93698982062006e-174	0.446646978250813	0.91	0.806	8.81096946186018e-171	17	AP2S1
5.07503690907243e-174	0.471644015955615	0.984	0.943	1.52251107272173e-170	17	SUB1
3.1094596342007e-172	0.721615534359448	0.643	0.367	9.3283789026021e-169	17	GTSE1
1.86846532556732e-171	0.400511932350693	0.895	0.794	5.60539597670197e-168	17	DECR1
2.48690485618572e-171	0.530196621512184	0.947	0.874	7.46071456855716e-168	17	PDIA6
1.08276456851446e-170	0.438503073663472	0.901	0.778	3.24829370554337e-167	17	DUSP4
4.36180205242759e-170	0.279508908036633	0.712	0.618	1.30854061572828e-166	17	CDCA7L
5.76098419147139e-170	0.409575615146919	0.719	0.565	1.72829525744142e-166	17	CTNNAL1
1.17235745518124e-169	0.487870764176669	0.771	0.696	3.51707236554373e-166	17	SCCPDH
2.07281307026499e-169	0.450360262914767	0.897	0.792	6.21843921079498e-166	17	GSTO1
4.09644374475652e-169	0.691495273594908	0.741	0.706	1.22893312342696e-165	17	HMGB3
3.00140396934438e-168	0.546026045865607	0.823	0.665	9.00421190803313e-165	17	PRKDC
2.37401157387728e-167	0.364079473398454	0.706	0.601	7.12203472163185e-164	17	KNSTRN
2.65313262587018e-167	0.457449728094401	0.933	0.871	7.95939787761053e-164	17	VDAC1
7.41722003967651e-166	0.446822446054695	0.701	0.575	2.22516601190295e-162	17	CCDC34
2.14815413906713e-165	0.97355099789767	0.932	0.82	6.4444624172014e-162	17	ARL6IP1
4.8616885952026e-165	0.51512185013387	0.826	0.803	1.45850657856078e-161	17	GGCT
1.0217262099957e-164	-0.273000967573526	0.408	0.731	3.06517862998711e-161	17	LOC102724246
6.99527416733322e-164	0.567462420395133	0.884	0.848	2.09858225019997e-160	17	CTLA4
8.16987461527562e-164	-2.1999730275618	0.799	0.871	2.45096238458269e-160	17	IL7R
9.36200313907844e-164	0.479908623902542	0.798	0.668	2.80860094172353e-160	17	LOC101928173
5.99274031867012e-161	0.420036380743383	0.923	0.774	1.79782209560104e-157	17	CDK2AP2
1.13393143467913e-160	0.46482786835787	0.998	0.967	3.4017943040374e-157	17	HSP90AA1
3.2982530430626e-160	0.51923887513754	0.84	0.748	9.89475912918781e-157	17	MIS18BP1
3.27357528820935e-159	-1.70925530372112	0.936	0.951	9.82072586462804e-156	17	CD69
3.37392482261888e-159	0.521999176778498	0.63	0.419	1.01217744678566e-155	17	MXD3
1.45792420572266e-158	0.527526834346143	0.865	0.713	4.37377261716799e-155	17	RAB27A
9.6460220182068e-157	0.254989102484175	0.746	0.703	2.89380660546204e-153	17	SOX4
1.48870338992304e-155	-0.693284979356314	0.999	0.998	4.46611016976913e-152	17	RPS18
2.72207229686265e-155	0.517167636431648	0.936	0.79	8.16621689058796e-152	17	ITM2A
5.04505574355379e-155	0.436470673493756	0.837	0.737	1.51351672306614e-151	17	TOX
8.89639399636834e-155	0.251867396636304	0.602	0.315	2.6689181989105e-151	17	RAD54L
2.18001215796435e-154	0.338981181255209	0.78	0.617	6.54003647389306e-151	17	PPIF
1.03987289197621e-150	0.359850780633604	0.777	0.643	3.11961867592863e-147	17	MPST
1.04788958112424e-150	0.308174668650374	0.64	0.454	3.14366874337271e-147	17	HIST1H3G
2.63696058457009e-148	0.294857082534788	0.671	0.577	7.91088175371026e-145	17	PHGDH
3.31561896066252e-148	0.348230845650388	0.959	0.852	9.94685688198755e-145	17	DYNLL1
3.48266870566528e-148	0.422600875920538	0.778	0.74	1.04480061169958e-144	17	MYL6B
3.2883502146096e-147	0.392416454917531	0.962	0.861	9.8650506438288e-144	17	EIF5A
4.07785165848925e-146	0.467210182199769	0.803	0.771	1.22335549754677e-142	17	AHCY
3.13766980646543e-145	0.382029060085892	0.961	0.893	9.41300941939629e-142	17	PRDX1
1.06158749829432e-143	0.434852920903879	0.772	0.586	3.18476249488296e-140	17	HNRNPAB
2.4391399123641e-143	-1.46849084542186	0.955	0.96	7.31741973709229e-140	17	CXCR4
5.08830006090209e-143	0.976358831481959	0.88	0.847	1.52649001827063e-139	17	HIST1H1E
1.14746886865509e-142	0.358499350228751	0.86	0.797	3.44240660596526e-139	17	LAP3
2.21373178571933e-142	0.464215605938881	0.888	0.806	6.64119535715799e-139	17	TMEM14C
6.85821011253252e-142	0.339100841334594	0.763	0.72	2.05746303375976e-138	17	ETV7
1.03613062371402e-140	0.324559038504996	0.637	0.504	3.10839187114206e-137	17	CCNE2
2.07521380946223e-140	0.377159465738061	0.931	0.836	6.22564142838668e-137	17	PRDX5
2.82130533682901e-139	-1.24354217090986	0.795	0.653	8.46391601048702e-136	17	IFI30
8.49608403978602e-137	-1.73780818427024	0.656	0.816	2.54882521193581e-133	17	ANXA1
9.62738668895216e-137	0.398147140850677	0.719	0.538	2.88821600668565e-133	17	MIR155HG
1.16189122077158e-136	0.390031858860858	0.683	0.554	3.48567366231474e-133	17	BUB1
1.23305847241494e-134	0.338794027227112	0.725	0.542	3.69917541724481e-131	17	WDR54
1.80851038614031e-132	0.462955230389301	0.879	0.79	5.42553115842092e-129	17	RBPJ
2.44784138018172e-132	-1.52498589517342	0.86	0.91	7.34352414054517e-129	17	BTG2
1.18244057012703e-131	-0.798351498331487	0.999	0.998	3.54732171038108e-128	17	RPS8
1.72929470986932e-131	0.392227594759911	0.704	0.676	5.18788412960795e-128	17	IL21
1.75360242663583e-131	0.296948951328835	0.612	0.377	5.26080727990749e-128	17	DEPDC1
2.02160168765337e-131	0.46476483836021	0.837	0.746	6.0648050629601e-128	17	CCT5
2.68075864572973e-131	0.313537790977406	0.854	0.709	8.04227593718919e-128	17	C12orf75
4.42534249736346e-131	0.306573082365483	0.751	0.701	1.32760274920904e-127	17	LYRM4
9.463511557707e-131	0.363629080099395	0.828	0.738	2.8390534673121e-127	17	ATP1B3
1.7798223501855e-129	0.390689051932622	0.812	0.746	5.33946705055651e-126	17	APOBEC3C
4.53312491916401e-129	0.273701931816885	0.624	0.481	1.3599374757492e-125	17	C21orf58
1.78548402436795e-128	0.451102491165217	0.793	0.742	5.35645207310385e-125	17	DCTPP1
2.83972954660664e-127	0.311849147888828	0.842	0.751	8.51918863981992e-124	17	RNASEH2B
3.59804965033877e-127	-1.31546587321405	0.975	0.973	1.07941489510163e-123	17	JUN
2.5736553453384e-126	0.400075550481821	0.983	0.913	7.72096603601521e-123	17	CALM2
6.48521607582158e-126	0.977756645533396	0.796	0.744	1.94556482274647e-122	17	HIST1H2AM
1.41849551697587e-125	0.561845910721068	0.812	0.764	4.2554865509276e-122	17	CKAP2
1.52282187657658e-125	0.271132092979926	0.805	0.72	4.56846562972973e-122	17	PGD
2.58193216845473e-125	0.257851992452047	0.765	0.637	7.7457965053642e-122	17	SPTBN1
3.27456544467007e-125	0.39949827264079	0.893	0.827	9.82369633401022e-122	17	CCT6A
3.77800145271943e-125	0.387937477551712	0.715	0.645	1.13340043581583e-121	17	NCAPD2
1.2642660301739e-124	0.368887591050414	0.702	0.715	3.79279809052169e-121	17	ZBED2
6.32628056291785e-124	0.487003848020919	0.818	0.734	1.89788416887536e-120	17	NUCB2
5.06388968355043e-123	0.491420489404329	0.943	0.86	1.51916690506513e-119	17	GSTP1
6.22534818000924e-122	0.405525526127515	0.925	0.832	1.86760445400277e-118	17	RPS27L
1.58154698420856e-120	0.298138032742939	0.687	0.585	4.74464095262569e-117	17	FANCL
1.86217201431656e-120	0.387283807559277	0.941	0.876	5.58651604294968e-117	17	PPA1
2.09648236099579e-119	0.330208985508234	0.731	0.587	6.28944708298738e-116	17	SLC1A5
2.44969065387805e-119	0.415901416881535	0.691	0.649	7.34907196163415e-116	17	BRCA2
5.16060184454417e-119	-0.421696659454979	1	1	1.54818055336325e-115	17	RPLP1
1.2419568449026e-118	0.322085616567705	0.719	0.757	3.72587053470781e-115	17	C3orf14
2.17301045018969e-118	0.48126744026962	0.91	0.788	6.51903135056908e-115	17	TUBB4B
2.46979156143105e-118	0.309554901623605	0.851	0.706	7.40937468429314e-115	17	LAG3
1.20907162257685e-117	0.2824636532536	0.877	0.784	3.62721486773054e-114	17	PHPT1
6.85718594911986e-117	0.386305031165802	0.861	0.755	2.05715578473596e-113	17	SDF2L1
1.37475892529494e-115	0.304265969001002	0.938	0.851	4.12427677588483e-112	17	CTSC
1.51846922547811e-115	0.350801851923004	0.86	0.803	4.55540767643432e-112	17	IMPDH2
1.23696731794747e-114	0.335930113786921	0.763	0.694	3.71090195384241e-111	17	RUVBL2
2.13944667463486e-114	-0.712644232693022	0.559	0.725	6.41834002390457e-111	17	PTGER2
5.17091363346534e-114	0.336999478041216	0.885	0.75	1.5512740900396e-110	17	HMGN3
7.27096815842665e-114	0.515022490391746	0.784	0.77	2.18129044752799e-110	17	HAVCR2
1.17200462305815e-113	0.276204979833804	0.931	0.833	3.51601386917445e-110	17	P4HB
1.50086042284562e-113	0.280082969499341	0.682	0.617	4.50258126853685e-110	17	DERL3
2.23296485131269e-112	0.28792299925575	0.883	0.851	6.69889455393808e-109	17	LIMS1
4.36380236742633e-112	0.342164100530187	0.659	0.623	1.3091407102279e-108	17	TRIP13
7.23905360055724e-112	0.382100857595826	0.761	0.735	2.17171608016717e-108	17	GPR25
1.06665210791882e-110	0.303930506060604	0.895	0.784	3.19995632375645e-107	17	BATF
1.62705151352701e-109	0.320819302702049	0.697	0.726	4.88115454058104e-106	17	FOXM1
4.39386114090374e-107	0.256247427994772	0.95	0.853	1.31815834227112e-103	17	HSPE1
2.38391233768812e-106	0.337175479475524	0.652	0.586	7.15173701306436e-103	17	NEK2
4.99497149601338e-106	-0.435224825039923	0.527	0.808	1.49849144880401e-102	17	APOC1
6.84174418041847e-106	0.289551523356483	0.752	0.734	2.05252325412554e-102	17	CCDC50
9.17292675931472e-106	0.317452386592476	0.877	0.777	2.75187802779442e-102	17	ITGAE
1.87936050983717e-105	0.845158178508985	0.802	0.782	5.6380815295115e-102	17	HIST1H1B
2.04647770629827e-104	0.287207889176679	0.747	0.605	6.1394331188948e-101	17	UBE2S
3.43561017584124e-104	0.301628766120571	0.681	0.579	1.03068305275237e-100	17	SLC43A3
3.52777835704273e-103	0.255646529885896	0.669	0.575	1.05833350711282e-99	17	SPATS2L
8.69463663868254e-103	0.336148884410191	0.876	0.793	2.60839099160476e-99	17	NHP2
1.19201202298531e-101	0.266840850183072	0.569	0.389	3.57603606895594e-98	17	ECT2
3.60320995299684e-101	0.250546376634771	0.78	0.609	1.08096298589905e-97	17	VOPP1
2.62316823918203e-100	-1.02869242548341	0.874	0.896	7.8695047175461e-97	17	DUSP1
6.20692688799531e-100	0.319462058918309	0.69	0.628	1.86207806639859e-96	17	LOC100506100
1.12959029436247e-98	0.290029795395143	0.624	0.57	3.3887708830874e-95	17	BUB1B
1.34764135093566e-98	0.28149341875273	0.909	0.829	4.04292405280698e-95	17	KDELR2
9.17871805269106e-97	0.303467885537485	0.806	0.74	2.75361541580732e-93	17	PRDX4
3.65175753177757e-96	0.250213280650156	0.888	0.756	1.09552725953327e-92	17	HSPB1
2.61717563117355e-95	0.251863389460239	0.72	0.65	7.85152689352065e-92	17	TESC
4.94785587678243e-92	0.325798444000061	0.605	0.541	1.48435676303473e-88	17	MTFR2
1.33652230961056e-90	0.438691739235111	0.754	0.779	4.00956692883167e-87	17	IL2RA
1.87687377580608e-89	0.373685341433182	0.861	0.827	5.63062132741825e-86	17	IFI6
2.94281878580487e-88	0.28241981969654	0.679	0.614	8.82845635741461e-85	17	LOC100506844
3.02194561870252e-88	0.359238779127663	0.951	0.891	9.06583685610757e-85	17	CALR
9.13323032471463e-88	0.303474683431061	0.73	0.724	2.73996909741439e-84	17	SMCO4
1.13176864219498e-87	0.499515145618937	0.651	0.588	3.39530592658494e-84	17	HIST1H2BH
1.00848321871819e-86	0.324907344584668	0.885	0.839	3.02544965615456e-83	17	SEC11C
2.64859523018091e-86	0.305071119039493	0.898	0.841	7.94578569054272e-83	17	C1QBP
6.68495024294706e-86	0.281430505907854	0.673	0.649	2.00548507288412e-82	17	GEM
3.81199239528694e-84	-0.316630309288145	0.628	0.822	1.14359771858608e-80	17	TXK
7.29372951559122e-84	0.342579807193385	0.733	0.592	2.18811885467737e-80	17	CDC25B
1.23886785930405e-82	0.250512727139367	0.706	0.66	3.71660357791214e-79	17	INPP1
1.51030165913699e-82	0.547954139451367	0.751	0.697	4.53090497741097e-79	17	UNG
3.01869149605794e-80	0.5307704638735	0.64	0.562	9.05607448817382e-77	17	ARHGAP11A
5.5724764968724e-79	-0.90863999791189	0.643	0.781	1.67174294906172e-75	17	TOB1
1.46769171949831e-78	-0.355162510570626	0.539	0.393	4.40307515849492e-75	17	C15orf48
7.70276877440822e-78	-1.41381782286017	0.898	0.901	2.31083063232247e-74	17	IER2
3.07992749842126e-77	-0.538717887853765	0.504	0.698	9.23978249526379e-74	17	PLAC8
2.02539862154964e-76	0.259806745036513	0.792	0.717	6.07619586464892e-73	17	MANF
1.99188534145954e-75	0.259964301769036	0.788	0.761	5.97565602437862e-72	17	MX1
2.80956448378401e-74	0.48366387339127	0.643	0.614	8.42869345135202e-71	17	HIST1H2AL
6.35445946157202e-72	0.589744802074766	0.651	0.717	1.90633783847161e-68	17	CASC5
6.11189355986721e-71	0.300857170380983	1	0.995	1.83356806796016e-67	17	TMSB10
1.18382099301676e-70	-0.283526978770249	0.52	0.376	3.55146297905027e-67	17	MS4A7
2.2565138924065e-70	0.298040631199135	0.519	0.406	6.76954167721951e-67	17	HIST1H2AI
5.41931338532594e-70	-1.30073675407703	0.815	0.895	1.62579401559778e-66	17	LTB
2.94548406899263e-69	0.472271340613156	0.831	0.808	8.83645220697788e-66	17	HIST1H1C
1.76635258996606e-66	0.399442198204402	0.663	0.685	5.29905776989818e-63	17	CDKN2A
3.06685061628137e-66	0.308350378269513	0.743	0.704	9.20055184884412e-63	17	GALNT2
5.10052838173334e-65	0.399736926384312	0.783	0.816	1.53015851452e-61	17	TNFRSF18
1.17672988086337e-64	0.592191832067408	0.751	0.611	3.53018964259012e-61	17	GNLY
3.7388479910854e-64	0.250709760816003	0.862	0.891	1.12165439732562e-60	17	EPSTI1
2.06232690012455e-61	0.594379805984293	0.876	0.864	6.18698070037364e-58	17	HIST1H1D
1.66912895927337e-57	-0.531163552152177	0.735	0.74	5.00738687782012e-54	17	AIF1
2.2564270711864e-57	-0.267504755153779	0.417	0.606	6.76928121355919e-54	17	LINC01272
2.28950543962902e-57	0.267291848662503	0.829	0.801	6.86851631888706e-54	17	TNFRSF4
3.52953197215822e-56	0.293408718859433	0.605	0.696	1.05885959164747e-52	17	SKA3
7.81959009418589e-52	0.322974824583258	0.605	0.567	2.34587702825577e-48	17	CDKN2C
3.50820567707536e-51	0.30786816159064	0.582	0.575	1.05246170312261e-47	17	PRR11
7.67675776012422e-51	0.38208475255894	0.688	0.667	2.30302732803727e-47	17	HIST1H2BF
3.76561484305613e-49	0.818749930430061	0.831	0.78	1.12968445291684e-45	17	GZMA
4.68959672826432e-49	-0.368757670825849	0.923	0.847	1.4068790184793e-45	17	GPX1
1.29869541348538e-47	0.51339545000466	0.715	0.767	3.89608624045614e-44	17	MZB1
5.55252234506189e-47	0.402582924974698	0.579	0.554	1.66575670351857e-43	17	SGOL2
1.56401585902946e-46	-0.642656555843151	0.656	0.787	4.69204757708839e-43	17	CCR7
4.0823463026724e-46	0.33580414669049	0.914	0.865	1.22470389080172e-42	17	HSP90B1
1.25562663348757e-45	0.281071703288634	0.785	0.829	3.76687990046271e-42	17	FOXP3
3.80578830328962e-45	0.260673583504125	0.514	0.409	1.14173649098689e-41	17	SKA1
1.20331140182007e-43	0.619144808155785	0.797	0.83	3.6099342054602e-40	17	IGJ
2.41394965290983e-42	-0.301492596309593	0.323	0.577	7.2418489587295e-39	17	LOC102725101
2.57556559420838e-40	-0.433248094693382	0.397	0.605	7.72669678262514e-37	17	TCF7
2.67544319414926e-40	-0.600117870560302	0.448	0.669	8.02632958244777e-37	17	CAPG
3.81587582343934e-40	-0.92787853802762	0.989	0.979	1.1447627470318e-36	17	FTL
5.94589982701781e-40	-0.291002255264466	0.784	0.69	1.78376994810534e-36	17	MT1X
3.07461498342282e-39	-1.12220402904563	0.7	0.747	9.22384495026847e-36	17	FOSB
4.49654370726401e-39	-0.946687292685333	0.533	0.439	1.3489631121792e-35	17	S100A8
1.1707914154372e-38	-0.357822724353169	0.605	0.716	3.51237424631159e-35	17	SATB1
1.18814366340085e-38	0.315518928209995	0.78	0.716	3.56443099020254e-35	17	CD8B
1.2266819304316e-38	-1.27308158456065	0.794	0.817	3.68004579129481e-35	17	GADD45B
2.31921455554053e-38	-0.931766068461117	0.923	0.902	6.95764366662158e-35	17	PPP1R15A
1.72432776381606e-37	-0.929345100070154	0.754	0.779	5.17298329144817e-34	17	SLC2A3
1.75177939582741e-37	-0.413979127606892	0.401	0.592	5.25533818748224e-34	17	LOC101929065
2.32694501874799e-37	-1.02890537057876	0.928	0.931	6.98083505624397e-34	17	TNFAIP3
1.61624373697779e-36	0.270671955637817	0.772	0.7	4.84873121093338e-33	17	CD8A
2.6400411503707e-35	0.287419361674024	0.619	0.578	7.92012345111209e-32	17	HIST1H2AB
2.85685724219196e-35	-0.946734006992413	0.945	0.936	8.57057172657589e-32	17	DNAJB1
2.28516970912609e-34	-0.547215205487989	0.777	0.831	6.85550912737828e-31	17	SAMHD1
6.79162675206069e-34	-0.841521449216271	0.642	0.77	2.03748802561821e-30	17	TIMP1
2.98694911912354e-33	-0.574729387658262	0.812	0.858	8.96084735737063e-30	17	CD55
2.74213259196814e-30	-0.661329285544728	0.663	0.803	8.22639777590442e-27	17	NPC2
3.54812673395572e-30	-0.926081809572135	0.979	0.958	1.06443802018672e-26	17	KLF6
4.28053700114731e-30	-0.297731094021521	0.564	0.692	1.28416110034419e-26	17	LIPA
6.29624588745114e-29	-1.09404133561138	0.986	0.972	1.88887376623534e-25	17	NFKBIA
1.48213908895365e-28	-0.911651258414483	0.935	0.929	4.44641726686094e-25	17	S100A10
3.45060511276595e-28	0.36853936795643	0.643	0.672	1.03518153382978e-24	17	HIST1H2AG
3.53422253726832e-28	-0.354923613524491	0.696	0.675	1.0602667611805e-24	17	HLA-DQB1
8.57222913916209e-28	-0.653036147767322	0.668	0.729	2.57166874174863e-24	17	SOCS3
2.38223558233911e-27	0.269790655057711	0.627	0.643	7.14670674701734e-24	17	HIST1H3H
2.89851963618762e-27	-0.399545167930421	0.693	0.773	8.69555890856287e-24	17	PASK
4.30377494772811e-27	-0.340316156662029	0.42	0.632	1.29113248431843e-23	17	C1QA
8.27199838299127e-27	-0.863492518261582	0.846	0.846	2.48159951489738e-23	17	SERTAD1
2.06337110679084e-26	-0.549631783730034	0.489	0.629	6.19011332037253e-23	17	KLRG1
1.01715015722888e-25	-0.830458644994225	0.578	0.647	3.05145047168665e-22	17	KLF2
1.27101698158765e-25	0.388649683743201	0.646	0.634	3.81305094476294e-22	17	HIST1H4F
3.18756474456586e-25	-0.747122113637233	0.992	0.986	9.56269423369757e-22	17	PABPC1
4.15690530895881e-25	-0.280304672912256	0.466	0.62	1.24707159268764e-21	17	BEX2
4.92547584107589e-25	-0.788344344023301	0.627	0.568	1.47764275232277e-21	17	BMS1P20
2.04122725189677e-24	-0.330644308875514	0.574	0.69	6.12368175569031e-21	17	CDC14A
2.84937887380435e-24	-0.917025293517135	0.749	0.777	8.54813662141304e-21	17	TAGAP
1.83544880120601e-22	-0.519880169324136	0.512	0.628	5.50634640361802e-19	17	BCL2A1
3.82694157206094e-22	-0.762050481664921	0.755	0.786	1.14808247161828e-18	17	GPR183
4.32953776986636e-22	-0.771920361639847	0.999	0.99	1.29886133095991e-18	17	FTH1
2.46445598710008e-21	-0.756889221155707	0.533	0.622	7.39336796130024e-18	17	AOAH
4.33399677967161e-21	-0.997747465395936	0.596	0.666	1.30019903390148e-17	17	AREG
5.30886253278232e-21	-0.258170492505747	0.515	0.663	1.5926587598347e-17	17	P2RY8
5.42473802514021e-21	-0.729710275726711	0.614	0.679	1.62742140754206e-17	17	AHNAK
1.3833127275163e-20	0.253965787524133	0.498	0.496	4.14993818254889e-17	17	TTK
2.84518518479441e-20	-0.990407107036142	0.943	0.929	8.53555555438324e-17	17	DDIT4
2.90763839579699e-20	0.337416093611971	0.602	0.669	8.72291518739096e-17	17	HIST2H2AB
1.27704404573392e-18	-0.377927729855131	0.693	0.796	3.83113213720177e-15	17	GPR171
6.03871223641131e-18	-0.943397505457345	0.579	0.639	1.81161367092339e-14	17	EGR1
8.80339743339443e-18	1.27418131831595	0.732	0.734	2.64101923001833e-14	17	LOC100293211
9.83099780692755e-18	-0.302277847791942	0.949	0.874	2.94929934207827e-14	17	DNAJA1
2.37931120117187e-17	-0.361419177050874	0.638	0.692	7.1379336035156e-14	17	S1PR1
4.05922029090802e-16	-0.582708261531668	0.59	0.658	1.21776608727241e-12	17	MYADM
4.36431288579767e-16	-0.330924290430037	0.83	0.746	1.3092938657393e-12	17	PRF1
9.37848853913914e-16	-0.301321612316201	0.953	0.862	2.81354656174174e-12	17	ATP6V0C
1.27040457059503e-15	-0.491540221159879	0.626	0.718	3.8112137117851e-12	17	FAM65B
1.30270270285858e-15	-0.358878483922625	0.57	0.479	3.90810810857575e-12	17	SNORA78
1.37602289619781e-15	-1.08418376108642	0.814	0.796	4.12806868859343e-12	17	CCL5
3.76191183039925e-15	0.261908685756832	0.518	0.576	1.12857354911977e-11	17	KIF20A
4.00940908138804e-15	-0.769136185531153	0.615	0.67	1.20282272441641e-11	17	DUSP2
4.75304826620382e-15	-0.612671242577494	0.695	0.726	1.42591447986114e-11	17	PIK3R1
1.54911507021696e-14	-0.272513665380446	0.563	0.655	4.64734521065087e-11	17	SYTL2
8.79147878117256e-14	-0.294576900197886	0.857	0.878	2.63744363435177e-10	17	SELL
2.13094519917331e-13	-0.724897341133067	0.766	0.755	6.39283559751993e-10	17	NR4A2
2.55389765283998e-13	-0.299514766307596	0.675	0.677	7.66169295851993e-10	17	GRN
6.17738742891345e-13	-0.282465398578511	0.514	0.459	1.85321622867404e-09	17	ODC1
6.24102852517377e-13	-0.323870963871844	0.511	0.678	1.87230855755213e-09	17	SPI1
6.24469420008809e-13	-0.646055788662139	0.403	0.59	1.87340826002643e-09	17	SERPINA1
6.24958860981871e-13	-1.18134072778095	0.624	0.606	1.87487658294561e-09	17	TYROBP
6.57058303628323e-13	-0.566094808608705	0.643	0.73	1.97117491088497e-09	17	UPP1
7.1774936009108e-13	-0.480902367017283	0.613	0.635	2.15324808027324e-09	17	ERN1
1.31748619575983e-12	-0.469175355009572	0.522	0.64	3.95245858727948e-09	17	HOPX
2.15887837265866e-12	-0.633685762342055	0.847	0.855	6.47663511797598e-09	17	FAIM3
2.33960592178412e-12	-0.30856220253901	0.562	0.696	7.01881776535235e-09	17	CLIC3
3.24893425308065e-12	-0.365090438479202	0.662	0.724	9.74680275924195e-09	17	CH25H
3.72173135911039e-12	0.542933608610567	0.769	0.847	1.11651940773312e-08	17	IGLL5
5.9848888834631e-12	-0.260386455182124	0.774	0.711	1.79546666503893e-08	17	SOD2
1.01727495428831e-11	-0.372405013948456	0.706	0.587	3.05182486286494e-08	17	PRKCQ-AS1
1.48270081213967e-11	-0.259669827340344	0.59	0.612	4.448102436419e-08	17	MS4A6A
1.56328327212743e-11	-0.288445845311321	0.372	0.535	4.68984981638229e-08	17	PLAUR
2.46731047227064e-11	-0.683247939794896	0.83	0.846	7.40193141681191e-08	17	RNASET2
2.92386272009974e-11	-0.64056353847586	0.716	0.742	8.77158816029922e-08	17	DDIT3
5.6837303527656e-11	-0.941157528556612	0.711	0.776	1.70511910582968e-07	17	CTSW
1.37964444389507e-10	-0.379119423437179	0.48	0.592	4.13893333168522e-07	17	TUBB2A
1.80209341022085e-10	-0.262939334432893	0.486	0.617	5.40628023066256e-07	17	PLEK
2.26829236313873e-10	-0.261014069406502	0.987	0.98	6.8048770894162e-07	17	VIM
2.28996404334599e-10	-0.28551423567157	0.571	0.658	6.86989213003797e-07	17	SMIM3
1.78562592970785e-09	-0.452130691318127	1	1	5.35687778912354e-06	17	RNR2
2.29423912361564e-09	-0.449512576536798	0.581	0.545	6.88271737084691e-06	17	LST1
3.57171251649134e-09	-0.548797386280201	0.412	0.543	1.0715137549474e-05	17	C1orf162
4.426057452218e-09	-0.502487152721066	0.454	0.437	1.3278172356654e-05	17	SOCS1
5.13841680211407e-09	-0.395717982555145	0.983	0.965	1.54152504063422e-05	17	IFITM1
6.33767711742717e-09	-0.289451952043101	0.66	0.603	1.90130313522815e-05	17	TPST2
8.13521317804861e-09	-1.02622660071829	0.626	0.695	2.44056395341458e-05	17	GZMK
8.60292404417894e-09	-0.964781517401569	0.432	0.452	2.58087721325368e-05	17	S100A9
8.61371117502123e-09	-0.519063262829748	0.838	0.769	2.58411335250637e-05	17	NKG7
1.74533396245342e-08	-0.567310966089126	0.715	0.805	5.23600188736027e-05	17	ATF3
2.11869544814385e-08	-0.673782058050679	0.549	0.63	6.35608634443155e-05	17	GLUL
3.48058180695581e-08	-0.290250925714251	0.536	0.606	0.000104417454208674	17	PER1
4.35240002068062e-08	-0.35678393358517	0.419	0.428	0.000130572000620418	17	FCGR3A
9.92107656230014e-08	-0.279437869666324	0.47	0.547	0.000297632296869004	17	FXYD1
1.48944965893535e-07	-0.533009365410233	0.755	0.666	0.000446834897680604	17	CCL4
2.17728058459101e-07	-0.311252333374	0.838	0.735	0.000653184175377302	17	NFKBIZ
2.20240126821409e-07	-0.593642919324525	0.778	0.766	0.000660720380464228	17	CSRNP1
5.38000622910629e-07	-0.576154170666076	0.65	0.67	0.00161400186873189	17	ZNF331
8.42854954380131e-07	-0.346095251946417	0.498	0.587	0.00252856486314039	17	SESN1
1.74274615255733e-06	-0.780613899941	0.497	0.58	0.00522823845767198	17	RGCC
2.19680612603362e-06	-0.591108303776185	0.825	0.806	0.00659041837810086	17	YPEL5
2.7758743163255e-06	-0.267444875600032	0.797	0.786	0.00832762294897649	17	GCHFR
3.22382195577927e-06	-0.355901686094909	0.91	0.843	0.00967146586733781	17	EMP3
3.43275613119592e-06	-0.594670003473894	0.958	0.94	0.0102982683935878	17	S100A6
4.88968737922868e-06	-0.271562634808625	0.375	0.507	0.014669062137686	17	FGFBP2
8.07763121528574e-06	-0.268583508640559	0.578	0.625	0.0242328936458572	17	NABP1
1.64511404101281e-05	-0.320808585037629	0.998	0.98	0.0493534212303842	17	HSPA8
1.66567074184343e-05	-0.362581022794716	0.684	0.657	0.0499701222553029	17	CDKN1A
