statistic	p.value	sumsq	meansq	gene	method	p_adjust
127.905858927178	8.78821674193001e-44	157.556784109071	78.7783920545355	HLA-B	anova	1.19880064576667e-39
88.9278557495084	9.62782636860918e-33	124.194158437481	62.0970792187407	RPS26	anova	6.56665897470989e-29
69.9071072756612	8.30491345616839e-27	104.447321311635	52.2236606558177	ISG20	anova	3.77624414851977e-23
49.5157893495611	5.78027460915345e-20	79.9669192048838	39.9834596024419	FKBP5	anova	1.97121814858655e-16
40.2747531538193	1.11520583382805e-16	67.5186538989859	33.7593269494929	RPS14	anova	3.04250455584969e-13
39.0564381145341	3.0888592758737e-16	65.806444393249	32.9032221966245	CD74	anova	7.02252156369885e-13
38.0769014177993	7.03311744660341e-16	64.4172353443477	32.2086176721739	RPL30	anova	1.37055364413025e-12
36.7931791363331	2.07815705820093e-15	62.5794013959584	31.2897006979792	FOSB	anova	3.54351755386487e-12
35.0973829832592	8.77270220827875e-15	60.1211793447783	30.0605896723892	PSMB9	anova	1.1966843082313e-11
35.1251918378216	8.56723699217971e-15	60.1617739576633	30.0808869788316	RPS12	anova	1.1966843082313e-11
34.5995725238121	1.34148850968622e-14	59.392878136789	29.6964390683945	RPS3	anova	1.62649239217572e-11
34.5240959579533	1.43082682399448e-14	59.2821881593828	29.6410940796914	FOS	anova	1.62649239217572e-11
34.3488331906878	1.66203452833934e-14	59.0248848612845	29.5124424306423	RPL32	anova	1.74398561546745e-11
33.7700183668513	2.72786912372018e-14	58.1724146394564	29.0862073197282	IFITM2	anova	2.65791876547621e-11
33.5284626272924	3.35568828384668e-14	57.8154182652804	28.9077091326402	UBE2L6	anova	3.05166292533017e-11
33.3513149462973	3.90671689310329e-14	57.5531460837256	28.7765730418628	RNF213	anova	3.33072032117638e-11
32.8472026060049	6.02542061415625e-14	56.8046329534018	28.4023164767009	RGS2	anova	4.83486838810032e-11
31.9963619603771	1.25460188947096e-13	55.5339929754386	27.7669964877193	RARRES3	anova	9.50779131904077e-11
31.503014317374	1.92187034057398e-13	54.7929985627508	27.3964992813754	SH2D2A	anova	1.37980175346156e-10
30.4641247669401	4.73190517585405e-13	53.2223525512721	26.6111762756361	RPS3A	anova	3.22739592519126e-10
29.7658033393537	8.69061063421882e-13	52.1586982885152	26.0793491442576	EEF1A1	anova	5.64517236482757e-10
29.2408551702206	1.37417015725209e-12	51.3548983218265	25.6774491609132	RPL10	anova	8.5204795977617e-10
29.0510042294914	1.62224945059259e-12	51.0633014127826	25.5316507063913	MT-ND5	anova	9.62134989371024e-10
28.7359087573959	2.13734446972413e-12	50.5782814058116	25.2891407029058	LEPROTL1	anova	1.21481316297945e-09
27.9128366980739	4.40014772985875e-12	49.3050851633001	24.65254258165	IFITM1	anova	2.40089660732013e-09
27.8493104542599	4.65283315770974e-12	49.2064392662225	24.6032196331112	DUSP1	anova	2.44112681170456e-09
27.5099400144763	6.27163282427384e-12	48.6785292200292	24.3392646100146	RPS23	anova	3.16856827244146e-09
26.9650907651116	1.01379851648062e-11	47.8277192613782	23.9138596306891	RPL13	anova	4.93900912975433e-09
26.424287158119	1.63479875527925e-11	46.979221850437	23.4896109252185	NEAT1	anova	7.68975511060837e-09
25.9497821779385	2.48852236380705e-11	46.2314353978881	23.1157176989441	RPL41	anova	1.13153111882306e-08
25.7428279009412	2.98983569484996e-11	45.9043162584293	22.9521581292147	AC016831.7	anova	1.31562415204672e-08
25.0707366058636	5.43242815780349e-11	44.837881841806	22.418940920903	VIM	anova	2.31574226564367e-08
24.9822178496252	5.87771723373676e-11	44.6969559243472	22.3484779621736	LY6E	anova	2.42963456925464e-08
24.8653086146456	6.52255006118249e-11	44.5106628967444	22.2553314483722	TNFRSF25	anova	2.6102212926631e-08
24.8356265358624	6.69729090559405e-11	44.4633344721332	22.2316672360666	CYTIP	anova	2.6102212926631e-08
24.6449507627487	7.93766759357338e-11	44.1590047533811	22.0795023766905	TXNIP	anova	3.00771454566485e-08
24.5898933724736	8.33704767759079e-11	44.0710348398528	22.0355174199264	RPS18	anova	3.07366668567611e-08
24.5137121856095	8.92318229065309e-11	43.9492432571019	21.9746216285509	MRPL10	anova	3.20318762175786e-08
24.2642411773545	1.11485259314002e-10	43.5498388454444	21.7749194227222	TAP1	anova	3.89941133923666e-08
24.0093406891668	1.40000503580812e-10	43.1408330921792	21.5704165460896	UCP2	anova	4.77436717336465e-08
23.9220580424163	1.51364675393689e-10	43.0005702953177	21.5002851476588	CD101	anova	5.03601350498856e-08
23.8560232553531	1.60574603514818e-10	42.8943808311012	21.4471904155506	TMSB10	anova	5.19207094072804e-08
23.8090033719837	1.67473881234538e-10	42.8187311508305	21.4093655754153	HSPA1B	anova	5.19207094072804e-08
23.8143130451242	1.66680098381853e-10	42.8272753894846	21.4136376947423	PDE3B	anova	5.19207094072804e-08
23.5932900674534	2.03148753187793e-10	42.4712695126366	21.2356347563183	FTH1	anova	6.15811587163262e-08
23.2578881587762	2.7439359891984e-10	41.9296998117048	20.9648499058524	DUSP4	anova	8.13696322362074e-08
23.1628947057099	2.98804226021969e-10	41.7760224050932	20.8880112025466	TUBA1B	anova	8.67231584503336e-08
23.0376075685695	3.34369613437985e-10	41.5731388724478	20.7865694362239	RGS1	anova	9.50236645189074e-08
22.3456652206098	6.22949625089515e-10	40.4485705155348	20.2242852577674	RPL34	anova	1.73421547670328e-07
22.0820567637257	7.899861346161e-10	40.018322177411	20.0091610887055	DUSP2	anova	2.1390297729996e-07
22.068468230135	7.99725228524153e-10	39.9961162867284	19.9980581433642	SELENOM	anova	2.1390297729996e-07
21.7446972194071	1.07109066584558e-09	39.4662254137475	19.7331127068737	PSME1	anova	2.80975918707683e-07
21.6990116089263	1.1162079553239e-09	39.3913321091617	19.6956660545809	HMGB1	anova	2.87286655067422e-07
21.4911462465614	1.34685395803372e-09	39.0501886745211	19.5250943372606	MIR4435-2HG	anova	3.37735473212979e-07
21.4590620150218	1.38649560149013e-09	38.9974764206151	19.4987382103075	SRGN	anova	3.37735473212979e-07
21.4739482386208	1.36795919306447e-09	39.0219353717301	19.510967685865	RPS16	anova	3.37735473212979e-07
21.37275165648	1.4990548706275e-09	38.855599262634	19.427799631317	RPLP2	anova	3.58747499828593e-07
20.9680508058534	2.16242622234729e-09	38.1888894059249	19.0944447029625	RPS21	anova	5.08580277569645e-07
20.8894375986609	2.32211936969201e-09	38.0591007079286	19.0295503539643	CD8A	anova	5.36881869863876e-07
20.0521824835012	4.96726025908095e-09	36.6711221598108	18.3355610799054	RPS28	anova	1.12930661990205e-06
19.7849986218256	6.33522164360406e-09	36.2259913579808	18.1129956789904	GBP2	anova	1.41670095803939e-06
19.6201523366693	7.36216661449275e-09	35.9508217377811	17.9754108688906	NFKBIA	anova	1.61979539981122e-06
19.1304574629301	1.15108102989123e-08	35.130984597254	17.565492298627	NFKBIZ	anova	2.49236449662638e-06
19.0952617447871	1.18870183034133e-08	35.0719210732905	17.5359605366453	RPL39	anova	2.53360651057595e-06
19.0196407979587	1.27376637432735e-08	34.944954663544	17.472477331772	CD7	anova	2.67314570956913e-06
18.9195662525079	1.39581851473391e-08	34.7767977107737	17.3883988553868	EEF1B2	anova	2.84238705747589e-06
18.9193576446443	1.39608483872799e-08	34.7764470246916	17.3882235123458	RPL21	anova	2.84238705747589e-06
18.8031141619023	1.55272376230084e-08	34.58092983859	17.290464919295	STAT1	anova	3.11480953552143e-06
18.2068168116819	2.68150918951725e-08	33.5747420464917	16.7873710232459	CD52	anova	5.30122708031955e-06
18.1265696362576	2.88643010870053e-08	33.4389183230288	16.7194591615144	LIMD2	anova	5.62482758754057e-06
17.7805639106339	3.96635618670906e-08	32.852147203345	16.4260736016725	CISH	anova	7.62043165392933e-06
17.6093070144736	4.64291536919865e-08	32.5610400218992	16.2805200109496	RPL11	anova	8.67589158236148e-06
17.6157368518545	4.61553198206876e-08	32.5719778206053	16.2859889103026	RPL3	anova	8.67589158236148e-06
17.3896908717025	5.68305895004908e-08	32.1870668730551	16.0935334365275	CD8B	anova	1.04760279915702e-05
17.3339369713861	5.98251364245896e-08	32.0920074695856	16.0460037347928	BCL2	anova	1.08809958129043e-05
17.2679417861096	6.35753932281178e-08	31.9794245231031	15.9897122615515	GPR171	anova	1.14109465661152e-05
17.1452735303193	7.11854064545152e-08	31.7699817286381	15.884990864319	TUBB	anova	1.26109107720265e-05
17.1196531432459	7.2886956282267e-08	31.7262081493063	15.8631040746531	RPL10A	anova	1.27468073159795e-05
17.0998641251829	7.42291519106442e-08	31.6923907338217	15.8461953669109	RPL36A	anova	1.28172134330772e-05
16.8659013817575	9.21130320127387e-08	31.292109754238	15.646054877119	GIMAP4	anova	1.57064233710721e-05
16.6765915552615	1.09710673620689e-07	30.96759884269	15.483799421345	RPL35A	anova	1.84760901093804e-05
16.5536882924591	1.22907295336408e-07	30.7566203863036	15.3783101931518	MT-ATP6	anova	2.04460782400481e-05
16.4006514540005	1.41592299739738e-07	30.4935828077281	15.2467914038641	RPS27A	anova	2.32706091656599e-05
16.3239723660612	1.5200270268173e-07	30.3616495082754	15.1808247541377	NOSIP	anova	2.46841531819223e-05
16.2841616052642	1.57707584142463e-07	30.2931150258505	15.1465575129252	ISG15	anova	2.5309284179851e-05
16.261951948863	1.60983232634549e-07	30.2548701189793	15.1274350594897	RPS25	anova	2.55345613531149e-05
16.0319083984017	1.99209138789858e-07	29.8582791225796	14.9291395612898	ARID5B	anova	3.12346191061202e-05
16.0040383432807	2.04421149557434e-07	29.8101749290417	14.9050874645209	MT-ATP8	anova	3.16876011490109e-05
15.7167026669108	2.66839598074622e-07	29.3135122438208	14.6567561219104	RPL23A	anova	4.08984152509654e-05
15.6171788027098	2.9266382890198e-07	29.1411791019549	14.5705895509774	CD38	anova	4.43580810005767e-05
15.4587752271373	3.39047400720263e-07	28.8665666747678	14.4332833373839	CAPG	anova	5.08235779475286e-05
15.3867873077289	3.6250313777097e-07	28.7416346425864	14.3708173212932	CAMK4	anova	5.37489706775414e-05
15.3453248909074	3.76745996058144e-07	28.6696408735278	14.3348204367639	GBP5	anova	5.52601304540767e-05
15.2020708393252	4.30427134429008e-07	28.4206889155953	14.2103444577976	IDH2	anova	6.24623036249585e-05
15.1070067311278	4.70230581549948e-07	28.2553022162843	14.1276511081421	MT-ND3	anova	6.75201617149772e-05
15.065936607123	4.88551885156536e-07	28.1838062277729	14.0919031138864	MCL1	anova	6.94201694314615e-05
15.0122553703608	5.13585119801478e-07	28.090315763281	14.0451578816405	LIMS1	anova	7.22248929815666e-05
14.9520661419208	5.43189705096899e-07	27.9854361824737	13.9927180912368	ICOS	anova	7.56086812982327e-05
14.8814411306678	5.80121823330275e-07	27.8622982195664	13.9311491097832	CLEC2B	anova	7.99337554752352e-05
14.8013309193947	6.2507892606438e-07	27.7225254843388	13.8612627421694	SSB	anova	8.52670163044421e-05
14.6921371225408	6.92050987739277e-07	27.5318429483492	13.7659214741746	SARAF	anova	9.34679952846681e-05
14.3009885363165	9.96926897374243e-07	26.8472130758104	13.4236065379052	TNF	anova	0.000133324311834138
14.2326165248703	1.06268017143847e-06	26.7272873760442	13.3636436880221	CD63	anova	0.000140738060374681
13.9167744163876	1.42776528356964e-06	26.1723112856859	13.0861556428429	PTGER4	anova	0.000187270636857437
13.8854132403465	1.4702862233022e-06	26.1171171577257	13.0585585788628	SAT1	anova	0.00019101118449586
13.7400138368297	1.68467383858191e-06	25.8610121797784	12.9305060898892	NPDC1	anova	0.000216798451246187
13.6698368772879	1.79912515016741e-06	25.7372799527737	12.8686399763868	RAB34	anova	0.000229363235265735
13.5699787515846	1.97558700700022e-06	25.5610769427839	12.780538471392	RPS5	anova	0.0002495276144675
13.5425241919217	2.0270824072759e-06	25.5126039039227	12.7563019519614	PARP9	anova	0.000253682854290372
13.4930959804813	2.12321754779405e-06	25.425303707634	12.712651853817	AL157402.2	anova	0.000263298277904169
13.4298421134048	2.25295734853675e-06	25.31352631326	12.65676315663	RPL9	anova	0.000276870190913422
13.3915457141814	2.33534925778239e-06	25.2458200141267	12.6229100070633	CR381653.1	anova	0.0002844330287983
13.3397237575667	2.45168312880746e-06	25.1541628890697	12.5770814445348	SMIM3	anova	0.000295959376637722
13.3214773991813	2.49401576154778e-06	25.1218802076802	12.5609401038401	B2M	anova	0.000298428675467309
13.296098463217	2.55412066119433e-06	25.0769690141165	12.5384845070583	PSMB10	anova	0.000302963129907407
13.1092730476725	3.04377419011494e-06	24.7460327423998	12.3730163711999	ZNF623	anova	0.000357932101097913
13.042217779397	3.24166240835473e-06	24.6271133836407	12.3135566918203	TNFAIP3	anova	0.000374741668748872
13.0481563995402	3.22362687109751e-06	24.6376482328576	12.3188241164288	MT-ND4	anova	0.000374741668748872
12.9530850577414	3.5248680641313e-06	24.4689261102383	12.2344630551192	NR4A1	anova	0.000404056514813572
12.9403402373988	3.56734620813767e-06	24.446296690851	12.2231483454255	CREM	anova	0.00040551808021005
12.9010405392677	3.70159758762771e-06	24.37650016145	12.188250080725	RNPEPL1	anova	0.000417301592502723
12.8853824116346	3.7564912948217e-06	24.3486841252418	12.1743420626209	MT2A	anova	0.00042001883403822
12.8554047601205	3.86387884950189e-06	24.2954187437135	12.1477093718568	GAPDH	anova	0.000428513588504514
12.8273853906107	3.96703934789032e-06	24.2456194993868	12.1228097496934	PSMB8	anova	0.000436406320520741
12.7763469978723	4.16211644756656e-06	24.1548748882542	12.0774374441271	SOCS3	anova	0.000454203443690044
12.6564893868302	4.65899302163832e-06	23.9416026684585	11.9708013342292	HLA-E	anova	0.000502748698133135
12.6515563055241	4.68067477918834e-06	23.9328197516556	11.9664098758278	IL32	anova	0.000502748698133135
12.6253582535938	4.79753052912009e-06	23.8861696776597	11.9430848388299	CXCR5	anova	0.000511274327716618
12.6032411102256	4.89846311941656e-06	23.8467775073333	11.9233887536667	MMP28	anova	0.00051798399544156
12.5604790892448	5.09970163430772e-06	23.7705923978773	11.8852961989386	TNFRSF4	anova	0.000531673857869063
12.5591937238649	5.10587752956874e-06	23.7683019130829	11.8841509565415	RPL37	anova	0.000531673857869063
12.4848612885858	5.47611519522398e-06	23.6357970230911	11.8178985115456	MTHFD2	anova	0.00056053580748129
12.4790204264695	5.50632638387896e-06	23.6253812278872	11.8126906139436	C5orf17	anova	0.00056053580748129
12.4919546394108	5.43964954352246e-06	23.6484455744754	11.8242227872377	TAGAP	anova	0.00056053580748129
12.4336299507137	5.746884396272e-06	23.5444187636011	11.7722093818006	RPS8	anova	0.000580690741107751
12.3644478296378	6.13400807252073e-06	23.4209536174761	11.7104768087381	SELPLG	anova	0.000615250030273936
12.2730012372314	6.68623539211153e-06	23.2576323596453	11.6288161798226	GZMK	anova	0.000665744065575134
12.1658097558277	7.39750179625106e-06	23.0660139882265	11.5330069941132	MGAT4A	anova	0.000731226971033774
12.1310258573464	7.64427948698124e-06	23.0037922253681	11.501896112684	MT-CYB	anova	0.00075018429123677
12.0250701204345	8.44816578457041e-06	22.8141332678238	11.4070666339119	RPL19	anova	0.00082315306762375
12.0149625962234	8.52915699918199e-06	22.7960311834632	11.3980155917316	KANSL1-AS1	anova	0.000825150571814479
11.8382658111868	1.00780448291157e-05	22.4793000303428	11.2396500151714	PSMG1	anova	0.000968131052915263
11.8265514443496	1.01902047820548e-05	22.4582834250478	11.2291417125239	RPL12	anova	0.000972060024000063
11.8005901714392	1.04432637933367e-05	22.4116984275848	11.2058492137924	MT-CO3	anova	0.000989281676422959
11.728585622093	1.11786774692774e-05	22.2824341314214	11.1412170657107	HLA-A	anova	0.00103733564189396
11.7323674823336	1.11387875045088e-05	22.2892255798066	11.1446127899033	RPS6	anova	0.00103733564189396
11.7403601305245	1.10549533505755e-05	22.3035779542767	11.1517889771384	CEBPB	anova	0.00103733564189396
11.7035094129572	1.14468306290838e-05	22.2373963159048	11.1186981579524	RPL28	anova	0.00105504200413062
11.6264396928899	1.23121285415639e-05	22.0989101663157	11.0494550831579	SMCHD1	anova	0.00112717949956694
11.5411765124955	1.33462378192709e-05	21.9455850370521	10.9727925185261	GALM	anova	0.0012137068672845
11.5228805350734	1.35792748927982e-05	21.9126682439278	10.9563341219639	CPA5	anova	0.00122672111796463
11.4929123131498	1.39698503262926e-05	21.8587394362245	10.9293697181122	RHOC	anova	0.00123765375225437
11.4982481736204	1.3899491193557e-05	21.8683425990792	10.9341712995396	NAP1L4	anova	0.00123765375225437
11.4927129758144	1.3972485730311e-05	21.858380671519	10.9291903357595	IFI35	anova	0.00123765375225437
11.481438577999	1.4122358714548e-05	21.8380880710933	10.9190440355467	IL7R	anova	0.00124285867887193
11.4288572179667	1.48429562005291e-05	21.7434195096602	10.8717097548301	DUSP6	anova	0.00129790234315011
11.3438031487817	1.60876452771236e-05	21.5901878547396	10.7950939273698	TNFSF10	anova	0.00139778069570219
11.273005401321	1.72033620505626e-05	21.4625471056286	10.7312735528143	LMO4	anova	0.001485259884378
11.2038051610924	1.83690376721356e-05	21.3377047597597	10.6688523798799	RPL8	anova	0.00157592479802265
11.190147445689	1.86083166176372e-05	21.3130556782126	10.6565278391063	TMEM109	anova	0.00158647529363243
11.1424791134788	1.94682663089027e-05	21.2270004448743	10.6135002224372	CFLAR	anova	0.00164948211627169
11.0891274342793	2.04782064338645e-05	21.1306395600141	10.5653197800071	GPX4	anova	0.00171626293901433
11.0875893506292	2.05080902470006e-05	21.1278608435345	10.5639304217673	NDUFA6	anova	0.00171626293901433
11.0356887005194	2.15425889824343e-05	21.0340731727083	10.5170365863541	ST3GAL3	anova	0.00178098458369325
11.0389003628266	2.14770774326683e-05	21.0398781675686	10.5199390837843	HIST1H4C	anova	0.00178098458369325
11.008445541083	2.21064344748505e-05	20.9848248572381	10.4924124286191	PRDX2	anova	0.00181658959440624
10.9815597888558	2.2677423125823e-05	20.9362103147685	10.4681051573842	MGST3	anova	0.00184132576701995
10.9840404742347	2.26241244197199e-05	20.9406963775031	10.4703481887515	PDCD1	anova	0.00184132576701995
10.9074346819259	2.43296105826934e-05	20.8021146131129	10.4010573065565	FAU	anova	0.00196378827194391
10.8535505062251	2.5606102884479e-05	20.704577193829	10.3522885969145	RPL7A	anova	0.00205466382027752
10.825637260633	2.62936039974893e-05	20.654031187515	10.3270155937575	RPS4X	anova	0.00209749153292253
10.8023263120842	2.6881946095168e-05	20.6118089991463	10.3059044995732	HINT1	anova	0.0021319571318848
10.7767861970546	2.75417502512284e-05	20.5655386149185	10.2827693074592	FKBP11	anova	0.00215917824814372
10.7810468250444	2.74305606624417e-05	20.5732582576476	10.2866291288238	CYBA	anova	0.00215917824814372
10.7537614450789	2.81505120766784e-05	20.5238157511904	10.2619078755952	PVRIG	anova	0.00219429220135983
10.669039723036	3.05092825857205e-05	20.3702149848659	10.1851074924329	ATP6V0B	anova	0.00236464274858985
10.6511843693203	3.10312075719357e-05	20.3378275900273	10.1689137950137	RPL5	anova	0.0023915067937219
10.5922800103443	3.28175039651501e-05	20.2309439084365	10.1154719542182	EIF4A1	anova	0.00251496388532928
10.5684885382834	3.35679636958921e-05	20.1877568315714	10.0938784157857	SKAP2	anova	0.00255810387025511
10.5447254999703	3.43347434229675e-05	20.1446117401695	10.0723058700848	RPL17	anova	0.00260200130573722
10.5305666985038	3.47999595003823e-05	20.1188998964493	10.0594499482246	AC013264.1	anova	0.00262268645052329
10.5003484075411	3.58141402774735e-05	20.0640131991349	10.0320065995674	DYNLT3	anova	0.00268428949189569
10.4880236070823	3.62362628985277e-05	20.0416226968574	10.0208113484287	IRF1	anova	0.0026966008436616
10.4840400086678	3.63737669697042e-05	20.0343851274215	10.0171925637107	CRLF3	anova	0.0026966008436616
10.4726386250014	3.67702198078266e-05	20.013669116814	10.006834558407	ZNF83	anova	0.00271125712647872
10.4573313073658	3.73093288084631e-05	19.9858526399118	9.99292631995589	MATR3.1	anova	0.00273621803374326
10.4269076357273	3.84045204461804e-05	19.9305548315254	9.96527741576268	DYNLT1	anova	0.00280147627490025
10.3981493392067	3.9469453322101e-05	19.8782694644954	9.93913473224769	TENT5C	anova	0.00286384474875947
10.3716145503822	4.0478356199015e-05	19.8300141187048	9.91500705935239	TP53I11	anova	0.00292150929582414
10.3464375010731	4.14595890952962e-05	19.78421679205	9.89210839602498	MT-ND1	anova	0.00297658028867861
10.2916128936451	4.3679789192982e-05	19.684452741129	9.84222637056449	CCND2	anova	0.00311956023236371
10.2226675283196	4.6642259047137e-05	19.558920224015	9.77946011200748	CLECL1	anova	0.00331378674823956
10.2102854693291	4.71953014753365e-05	19.5363669267236	9.7681834633618	HNRNPDL	anova	0.00333570521981899
10.1827588833022	4.84484973519183e-05	19.4862192274739	9.74310961373695	COMMD6	anova	0.00340662862050267
10.1353453266095	5.068600623374e-05	19.3998111724741	9.69990558623705	ZNF221	anova	0.00354568108222793
10.1215614942196	5.13557603126003e-05	19.3746838241491	9.68734191207457	SIRPB1	anova	0.00357420370624582
10.1005024287919	5.23962318769713e-05	19.3362877394667	9.66814386973334	TBCA	anova	0.00362810659408003
10.0681619701729	5.40354875202825e-05	19.2773079650345	9.63865398251724	BTF3	anova	0.00372271760234431
10.0603550653724	5.44388622868548e-05	19.2630677077448	9.63153385387241	RPS13	anova	0.00373166090680898
10.0503964560942	5.49578086594472e-05	19.2449010956105	9.62245054780524	HSP90AB1	anova	0.0037483973396176
10.0243761785632	5.63373208339121e-05	19.1974265636582	9.59871328182909	LRRC20	anova	0.00382337011689251
9.98567782365055	5.84536183692519e-05	19.1267991134855	9.56339955674276	BCL2L11	anova	0.00392791038509835
9.98627546295598	5.84203354328266e-05	19.1278900463934	9.5639450231967	YWHAZ	anova	0.00392791038509835
9.96341324889145	5.97072207242705e-05	19.0861529064698	9.5430764532349	PIK3R3	anova	0.00396900655834091
9.9662436086986	5.95463708086522e-05	19.0913204838826	9.54566024194128	CYTOR	anova	0.00396900655834091
9.95936434521013	5.99380801274267e-05	19.0787603125572	9.53938015627859	ADA	anova	0.00396900655834091
9.94978172351715	6.04880399545402e-05	19.0612629893948	9.53063149469739	CD55	anova	0.00397650042253228
9.94316614736284	6.08706731999201e-05	19.0491824018925	9.52459120094627	LY96	anova	0.00397650042253228
9.94221678760972	6.09257817102299e-05	19.0474487309773	9.52372436548864	E2F4	anova	0.00397650042253228
9.89943058428823	6.34621942559541e-05	18.9692987251509	9.48464936257544	TRBV28	anova	0.00410278574334346
9.9020467445452	6.3304103333303e-05	18.9740781070576	9.48703905352879	RPL26	anova	0.00410278574334346
9.81075097458459	6.90622645052758e-05	18.8072230366418	9.4036115183209	LSP1	anova	0.00444376580243617
9.77558621839723	7.14180810909355e-05	18.7429165160532	9.3714582580266	CRYZ	anova	0.00457377485521808
9.76308311987083	7.22750325716566e-05	18.7200467051703	9.36002335258515	RPS27	anova	0.00458559869446497
9.76687194974231	7.2014263887476e-05	18.7269772576019	9.36348862880095	SLAMF7	anova	0.00458559869446497
9.75435973115179	7.28790388160587e-05	18.7040888847105	9.35204444235524	HSPA1A	anova	0.0046025137430086
9.71796494899353	7.54542313627343e-05	18.6374972316363	9.31874861581817	TSTD1	anova	0.0047431851152952
9.6994777342645	7.67971611266312e-05	18.6036623652265	9.30183118261325	FAM177A1	anova	0.00480545905930448
9.68413960762463	7.7929551794878e-05	18.5755864108968	9.2877932054484	TNFRSF14	anova	0.0048540503015248
9.65627565309013	8.00298123009283e-05	18.5245719397622	9.26228596988109	RUNX2	anova	0.00496221213453165
9.5983541437867	8.45795053490283e-05	18.418483973114	9.20924198655699	CCR7	anova	0.00522058385731265
9.59146345653598	8.51377850667527e-05	18.4058592608567	9.20292963042837	EMB	anova	0.00523137173916925
9.53127967101686	9.01740037609283e-05	18.2955591841109	9.14777959205546	CALR	anova	0.00551598020315167
9.52047546227351	9.11093084312639e-05	18.2757514560654	9.13787572803269	HINT3	anova	0.00554831284067353
9.50639742645885	9.23426675894296e-05	18.2499386789065	9.12496933945324	PASK	anova	0.00557365632118323
9.51002768214277	9.20230289709703e-05	18.2565952608388	9.12829763041939	CPNE7	anova	0.00557365632118323
9.42828033228587	9.94976840118028e-05	18.106644800891	9.05332240044549	PQBP1	anova	0.00597906567226873
9.38904487136302	0.000103299009694045	18.0346334798228	9.01731673991138	ATF7IP2	anova	0.00615328293116363
9.38987257091688	0.00010321733024525	18.0361528844853	9.01807644224267	CST7	anova	0.00615328293116363
9.35549215027323	0.000106665342212208	17.9730308924932	8.98651544624659	INSIG1	anova	0.00632618231789883
9.32801573934994	0.000109503997139777	17.922569838859	8.96128491942951	COTL1	anova	0.00646642435057876
9.31079458049309	0.000111321736172039	17.8909361147814	8.9454680573907	LINC02195	anova	0.00654543018587405
9.30559542911819	0.000111876457054757	17.8813847291328	8.94069236456638	EPSTI1	anova	0.00654981438061776
9.27754410281636	0.000114917660800853	17.829843413488	8.91492170674399	ERF	anova	0.00669911030335228
9.27062262575536	0.000115680750746338	17.8171238385146	8.90856191925731	RGS10	anova	0.00671153668460565
9.26670565619238	0.000116114849172856	17.8099252683917	8.90496263419587	S1PR4	anova	0.00671153668460565
9.23364981199999	0.00011984408426658	17.7491649382176	8.8745824691088	BLOC1S1	anova	0.00689786140709039
9.20309804654115	0.000123397779789089	17.6929905112621	8.84649525563106	RNF149	anova	0.0070669944830056
9.19557661411101	0.000124288777637522	17.6791586380918	8.83957931904589	GPRIN3	anova	0.0070669944830056
9.19517253110729	0.00012433682837925	17.6784155038337	8.83920775191683	SLA	anova	0.0070669944830056
9.16640379186703	0.000127806225525077	17.6255006768024	8.8127503384012	ADAM19	anova	0.00723404449123476
9.15303201696891	0.000129451766986315	17.6009008489313	8.80045042446564	CCDC144A	anova	0.00729690724570383
9.11850908639448	0.000133799314023629	17.537375223863	8.76868761193148	ASB2	anova	0.00751093186253631
9.02025766348725	0.000146992370448359	17.3564693499948	8.67823467499738	CENPM	anova	0.00821771690691009
9.01448375836651	0.000147807157866703	17.345832892685	8.67291644634252	PPP2R2B	anova	0.00822954057330486
9.00850647151782	0.00014865542738444	17.3348211619162	8.66741058095809	EOMES	anova	0.00824312473557377
8.99470168187033	0.000150633285694538	17.3093867383394	8.65469336916972	RPL35	anova	0.00831898238930846
8.92536812872559	0.000160974190941593	17.1815939617029	8.59079698085143	RPS6KA3	anova	0.00885422959126721
8.91217514657089	0.000163021236763852	17.157267702958	8.57863385147898	HSD17B8	anova	0.00893081401885824
8.90465032320814	0.000164200496135388	17.1433914817145	8.57169574085724	HP1BP3	anova	0.00895943587113131
8.89125396041915	0.000166321176123177	17.1186853481089	8.55934267405445	TNFRSF10A	anova	0.00903899268325204
8.87779690912677	0.000168479177122771	17.0938641373387	8.54693206866937	ADTRP	anova	0.00911993831401474
8.87012336248074	0.000169722297617331	17.0797090482773	8.53985452413867	UHRF1BP1	anova	0.00915091644979451
8.86572296120737	0.00017043932030678	17.0715913377953	8.53579566889767	ZNF701	anova	0.00915339672560938
8.86002880980359	0.000171371673113213	17.0610864594224	8.53054322971118	BRK1	anova	0.00916737644289152
8.84112308043883	0.000174504189952604	17.0262040879239	8.51310204396197	LINC01891	anova	0.0092623021600913
8.84339494513224	0.000174124740089468	17.0303961645134	8.5151980822567	PSME2	anova	0.0092623021600913
8.82722714051933	0.000176843262106814	17.0005611430394	8.50028057151969	RHBDF2	anova	0.00935007340464748
8.77052312522899	0.000186719328308439	16.8958871269152	8.44794356345761	CDK2AP1	anova	0.0098341249322603
8.75125688367186	0.000190199562668153	16.8603093974289	8.43015469871446	ZRANB1	anova	0.00990271845174152
8.7548466454943	0.000189546206207391	16.8669388716823	8.43346943584117	RPL6	anova	0.00990271845174152
8.75173838500323	0.00019011179551412	16.8611986340425	8.43059931702124	CD226	anova	0.00990271845174152
8.73734784777409	0.000192752528885266	16.8346204412996	8.4173102206498	FAM174B	anova	0.00999748002480578
8.7192512096784	0.000196125740705163	16.8011922304197	8.40059611520983	NLE1	anova	0.0101339061702997
8.70890240423057	0.000198081355301343	16.7820732846668	8.39103664233341	IL18R1	anova	0.0101963311987382
8.69671773517504	0.000200409028380686	16.7595602629326	8.37978013146632	CD2	anova	0.0102773667524096
8.68506608493928	0.000202660584770564	16.7380296443337	8.36901482216685	HLA-DRA	anova	0.0103539065050759
8.6756670995166	0.00020449534913897	16.7206599036776	8.3603299518388	BBS2	anova	0.0104086606627041
8.66861833561741	0.000205882275456167	16.707632461699	8.35381623084949	OSBPL8	anova	0.010439114007903
8.66486719865993	0.000206624205126736	16.7006993002147	8.35034965010735	FFAR3	anova	0.010439114007903
8.6559548760342	0.000208397748687095	16.6842258207408	8.34211291037042	SLC43A3	anova	0.0104898660141722
8.64263732636256	0.00021107647966168	16.659607156429	8.3298035782145	LMBRD1	anova	0.0105549526576196
8.64183811701344	0.000211238331172945	16.6581296487305	8.32906482436524	SERF2	anova	0.0105549526576196
8.63539920871545	0.000212546862108675	16.6462255553502	8.3231127776751	TUBA1A	anova	0.0105815757154176
8.59983538885261	0.00021992237227214	16.5804629682238	8.29023148411191	CKLF	anova	0.0109089493824155
8.58460523492738	0.000223159075925691	16.5522934594252	8.27614672971261	AL132780.1	anova	0.0110293947634143
8.55783244306133	0.000228965299054214	16.502764972087	8.25138248604351	PTPN22	anova	0.0112703586070751
8.55081032089619	0.000230513162625464	16.4897722748055	8.24488613740275	CEP83	anova	0.0112703586070751
8.55348063228899	0.000229923319314753	16.4947131263232	8.24735656316161	EXOSC8	anova	0.0112703586070751
8.53002905069607	0.000235155795886758	16.4513166171213	8.22565830856064	SH3GLB2	anova	0.0114562864703259
8.52595272275769	0.000236077431897504	16.4437724999697	8.22188624998483	P2RY8	anova	0.011460257112149
8.45485667957595	0.000252748504432748	16.3121471709666	8.15607358548331	SAMD9L	anova	0.012226036698465
8.44439096094745	0.000255300543510995	16.2927637253075	8.14638186265376	SMAP2	anova	0.0123058470460547
8.43809748088038	0.000256847644662011	16.2811067120277	8.14055335601385	PRDX6	anova	0.0123273278530283
8.43523842494021	0.000257553583909762	16.2758108345767	8.13790541728836	CBLB	anova	0.0123273278530283
8.41273970562855	0.000263177298912299	16.2341310675196	8.11706553375981	PRNP	anova	0.0125524529177017
8.40511826904269	0.00026511018066508	16.2200100385259	8.11000501926297	HMGB2	anova	0.0126005852768375
8.37695949125494	0.000272376117992437	16.1678284871238	8.08391424356189	ANP32E	anova	0.0127455516590295
8.38687275538348	0.000269795605566142	16.1862005294208	8.09310026471038	CHIC2	anova	0.0127455516590295
8.38175644496912	0.000271124344820435	16.1767187954575	8.08835939772877	SKP1	anova	0.0127455516590295
8.38377455741712	0.000270599444211791	16.180458890353	8.09022944517652	HIGD2A	anova	0.0127455516590295
8.37521805867111	0.000272831983317691	16.1646009486556	8.08230047432778	HLA-DRB1	anova	0.0127455516590295
8.3339714945766	0.000283856386962165	16.0881397539861	8.04406987699306	GNLY	anova	0.0131730128303125
8.33376156910822	0.000283913625988701	16.0877505262138	8.04387526310688	ALOX5AP	anova	0.0131730128303125
8.3127959834915	0.000289688997406398	16.048873833759	8.02443691687952	GBP4	anova	0.0133954156393921
8.30014797528549	0.000293230080826389	16.0254167674363	8.01270838371815	SLC16A7	anova	0.0135133497721377
8.29253096878822	0.000295383579915475	16.0112888667604	8.0056444333802	RPL15	anova	0.0135212329316342
8.29440425868939	0.000294852489450741	16.0147635092995	8.00738175464974	CARS	anova	0.0135212329316342
8.28893271124401	0.000296406408711326	16.0046145216634	8.00230726083171	TMEM256	anova	0.0135226749873953
8.27556905482756	0.000300236372967928	15.979824513906	7.98991225695299	RSRP1	anova	0.0136517478788517
8.23615713562746	0.000311823750137114	15.9066958407284	7.95334792036422	BCL9L	anova	0.0141315208492371
8.22305918673565	0.000315773302956735	15.8823865879605	7.94119329398023	CCL4L2	anova	0.0142631245881881
8.19575932575169	0.00032416764238668	15.8317094575394	7.91585472876968	CCL5	anova	0.014593963068636
8.1859332154681	0.000327243619026177	15.813465891376	7.90673294568798	LY6G5C	anova	0.0146839809445266
8.15943919084069	0.000335684301749812	15.7642674993723	7.88213374968614	POLR2J3	anova	0.014964279608396
8.16098497580143	0.000335185876541016	15.7671383029597	7.88356915147986	EIF4B	anova	0.014964279608396
8.136978516085	0.000343011165870069	15.7225491904485	7.86127459522427	RPL22	anova	0.0152410922268196
8.10580563949762	0.000353447116948489	15.6646341503172	7.83231707515858	DDX6	anova	0.0156538055918647
8.09725976735097	0.000356363401401087	15.6487540671351	7.82437703356756	ZFP36L2	anova	0.0157318872443761
8.08387429172289	0.000360979881482013	15.6238783610438	7.8119391805219	TTC9	anova	0.0157824569336415
8.08899043029858	0.000359208336922416	15.6333866191414	7.81669330957069	EARS2	anova	0.0157824569336415
8.08468605036934	0.000360698212186802	15.6253870317677	7.81269351588387	CBX7	anova	0.0157824569336415
8.07911183291564	0.000362636848652419	15.615026995677	7.8075134978385	ODF2L	anova	0.0158042468129957
8.06876261801911	0.000366263974929706	15.5957908699453	7.79789543497264	TRIT1	anova	0.0159114868854017
8.05884892765222	0.000369772647120998	15.5773624820748	7.78868124103738	RHBDD2	anova	0.015962242656258
8.06135892294738	0.000368881124100898	15.5820284330527	7.79101421652635	SDCBP	anova	0.015962242656258
8.04767425232263	0.000373768123612681	15.5565879904711	7.77829399523557	TSC22D3	anova	0.0160838201078883
8.03924315272814	0.00037681133269991	15.5409125356588	7.77045626782941	SMC5	anova	0.0161637842432688
8.01036802334867	0.000387423760667514	15.487217167096	7.74360858354802	CEMIP2	anova	0.0165669201230895
7.96389377529279	0.000405138839618786	15.4007640379629	7.70038201898143	EML4	anova	0.0172703090976245
7.94052342253786	0.00041435251459141	15.3572752073225	7.67863760366124	OTUD6B-AS1	anova	0.0176080456434312
7.93030329986781	0.00041844766277804	15.3382540082488	7.66912700412438	ZNF680	anova	0.0177268464843331
7.91058702651572	0.000426463147029701	15.3015538110075	7.65077690550373	LITAF	anova	0.0180104761257961
7.90508717325393	0.000428726465280175	15.2913150662801	7.64565753314003	ZSCAN18	anova	0.018050178126194
7.89515349211234	0.000432845043175795	15.2728207753616	7.63641038768079	CBWD6	anova	0.0181675053352647
7.88912564225774	0.000435363594653369	15.2615974166774	7.63079870833871	ARHGDIB	anova	0.0182171619468301
7.86737628396515	0.000444573955164475	15.2210965603885	7.61054828019426	LRRC8C	anova	0.0184329280316067
7.86864598852152	0.000444030921633253	15.2234611877618	7.6117305938809	LINC00861	anova	0.0184329280316067
7.86953090103336	0.000443652852085732	15.2251091828852	7.61255459144261	MT-ND4L	anova	0.0184329280316067
7.86069508154488	0.000447442419785372	15.2086533891161	7.60432669455807	RPLP1	anova	0.0184397644963513
7.86340166107496	0.000446278159866402	15.2136942585375	7.60684712926874	MT-CO2	anova	0.0184397644963513
7.82794471040721	0.000461774593002823	15.1476471731913	7.57382358659565	SYTL3	anova	0.0189730940456371
7.81803367749819	0.000466202117635654	15.1291815119428	7.56459075597139	SH3BGRL3	anova	0.0190403086427184
7.82036731482823	0.000465155794330458	15.1335295662099	7.56676478310497	RNF13	anova	0.0190403086427184
7.81233277197175	0.000468768166764579	15.1185591272004	7.55927956360021	ATP5F1E	anova	0.0190879598890615
7.78726220451374	0.000480222269847064	15.0718387980851	7.53591939904257	THEMIS	anova	0.019380804683384
7.78824873608415	0.000479766276975764	15.0736774624265	7.53683873121325	SELENOW	anova	0.019380804683384
7.79298578046782	0.000477582782227119	15.0825059660406	7.54125298302032	MT-ND6	anova	0.019380804683384
7.78194946471221	0.000482685413848091	15.0619367958131	7.53096839790657	SPOCK2	anova	0.019422748466967
7.77458399572319	0.000486121280966031	15.0482080436487	7.52410402182437	ALDOA	anova	0.0194602104521222
7.77384023455709	0.000486469596376634	15.0468216680468	7.52341083402338	AC025682.1	anova	0.0194602104521222
7.75870228368208	0.000493613701004439	15.0186022987914	7.50930114939571	CCR4	anova	0.0196882587584841
7.73530318727144	0.00050486453003894	14.9749749423154	7.48748747115771	C3orf62	anova	0.0200783004497411
7.68246762881795	0.000531226286799032	14.8764278971678	7.43821394858388	DDX5	anova	0.0210652842390279
7.65592220563115	0.000544988584229119	14.8268975957908	7.41344879789541	ETV7	anova	0.0215483747173026
7.64794860024466	0.000549192008694959	14.8120174431051	7.40600872155255	ATAD3A	anova	0.0216518155797917
7.63994637398306	0.000553443278887684	14.797082743503	7.39854137175149	GATD3A	anova	0.0217565411161582
7.63334526906851	0.000556975070221441	14.7847621258433	7.39238106292167	CDKN1B	anova	0.0218324624508353
7.62228803606484	0.000562941844930532	14.76412264341	7.38206132170502	ACTA2	anova	0.0220031223687604
7.59800516524697	0.000576271946174873	14.7187884997922	7.35939424989609	CIRBP	anova	0.022459787479347
7.59179567343779	0.000579731286837329	14.7071942013956	7.35359710069781	PSMA5	anova	0.0224662343288296
7.59450482605618	0.000578219444702784	14.712252787211	7.35612639360552	RRM2B	anova	0.0224662343288296
7.57054508424932	0.000591728798771979	14.6675101359581	7.33375506797906	EGR1	anova	0.0228662111729421
7.54768508646819	0.000604913689288345	14.6248116418325	7.31240582091626	ENO2	anova	0.0233096825863907
7.5261615464285	0.000617597517514747	14.5846009222963	7.29230046114816	PSMB4	anova	0.0237314020744188
7.51953997411552	0.000621553116322061	14.5722287071108	7.28611435355541	CTSW	anova	0.0238003377962174
7.51732651471059	0.000622881063943232	14.5680927486376	7.2840463743188	NR1D1	anova	0.0238003377962174
7.51418274984642	0.000624772043058861	14.5622183185137	7.28110915925684	TEX2	anova	0.0238059090485082
7.50703141771861	0.000629095095957187	14.5488547044606	7.27442735223029	IL6R	anova	0.0239038612923454
7.49523647130163	0.000636291039619516	14.5268116319232	7.26340581596159	TRGV10	anova	0.024096322954312
7.49295382922958	0.000637693173997993	14.5225454134831	7.26127270674153	RHOG	anova	0.024096322954312
7.48553286163123	0.00064227306539785	14.5086751128301	7.25433755641504	ARPC1B	anova	0.0241356663501159
7.48612463276639	0.000641906640805186	14.5097812098985	7.25489060494926	STOM	anova	0.0241356663501159
7.4734666130214	0.000649790495218943	14.4861203682727	7.24306018413633	AP001347.1	anova	0.0243510773222022
7.45855281647789	0.000659204288993725	14.4582392838262	7.22911964191311	AC006449.6	anova	0.024636180016886
7.44911485460904	0.000665232349855446	14.4405931309851	7.22029656549257	UQCRFS1	anova	0.0247935368425632
7.43814952565092	0.000672305551500615	14.4200892681015	7.21004463405075	REXO2	anova	0.0249888829101359
7.43498300644082	0.000674362148393632	14.4141678546666	7.20708392733329	GSTM2	anova	0.024997212136515
7.41522900117082	0.000687335535416404	14.3772236909009	7.18861184545046	DTNBP1	anova	0.0253182417976508
7.41333751800749	0.000688590844287694	14.3736858529545	7.18684292647725	RXYLT1	anova	0.0253182417976508
7.4142469343916	0.000687987010260941	14.3753868370856	7.18769341854278	INTS14	anova	0.0253182417976508
7.39425288211853	0.000701386248049638	14.3379863035718	7.16899315178588	LRRC2	anova	0.0255818444108158
7.39762302853855	0.000699109467515444	14.3442909413311	7.17214547066554	TSPAN14	anova	0.0255818444108158
7.39467268371647	0.000701102235562219	14.3387716505207	7.16938582526037	FTL	anova	0.0255818444108158
7.37359646192437	0.000715504893280998	14.2993392718063	7.14966963590314	CD48	anova	0.0259780286404251
7.3727964870583	0.00071605738353492	14.2978424095939	7.14892120479694	H2AFJ	anova	0.0259780286404251
7.33948622814196	0.00073944724011116	14.2355042349182	7.11775211745911	MTG1	anova	0.0266846555617892
7.33974558078532	0.000739262193528473	14.2359896744612	7.1179948372306	RELB	anova	0.0266846555617892
7.32900071924763	0.000746967702407244	14.215877130945	7.10793856547248	PLEKHA1	anova	0.0268141748119401
7.32913749976566	0.000746869106978895	14.2161331736302	7.10806658681508	RPL36AL	anova	0.0268141748119401
7.30919753507071	0.000761381342502379	14.1788035592506	7.08940177962532	TOMM5	anova	0.0272452401199955
7.30703714658145	0.000762970583229843	14.1747586692285	7.08737933461424	RNLS	anova	0.0272452401199955
7.29200676279603	0.000774120007833383	14.1466150129047	7.07330750645237	SRPK2	anova	0.0275712037254704
7.26400014748157	0.000795333774682414	14.0941632403385	7.04708162016926	PPP1R2	anova	0.0282529896365698
7.24990310850752	0.000806231718627052	14.0677565111251	7.03387825556254	RORA	anova	0.028540146158923
7.24814438013433	0.000807601819320011	14.0644617926549	7.03223089632747	KLF2	anova	0.028540146158923
7.22069334693212	0.00082929280667791	14.0130291641741	7.00651458208706	SERPINB9	anova	0.0292309642787942
7.20837054396812	0.000839219401041354	13.9899366142846	6.99496830714231	ATP1A1	anova	0.0295046181690853
7.20432773828091	0.000842502015088339	13.9823599307868	6.99117996539342	ATP9B	anova	0.029543881716761
7.19994666488235	0.000846073860355866	13.9741489648068	6.98707448240342	MALAT1	anova	0.0295930603310625
7.18925983110281	0.000854850697295937	13.9541183635998	6.97705918179991	CXorf21	anova	0.0298235763729255
7.18323276207081	0.000859840875324848	13.9428207761382	6.97141038806909	TP53INP1	anova	0.0299211463783323
7.15506300515808	0.000883555317172547	13.8900086711843	6.94500433559216	ANKRD34A	anova	0.0306681376120883
7.14858030831291	0.000889105103126908	13.8778530300784	6.9389265150392	BIN1	anova	0.0307824434308481
7.11464210411472	0.000918736255511635	13.8142035656862	6.90710178284308	IRF7	anova	0.0317278006618588
7.10591599523207	0.000926514038018512	13.7978348384272	6.89891741921359	CSK	anova	0.0319156009914407
7.09805872132998	0.000933574009474979	13.7830947347763	6.89154736738816	SSBP2	anova	0.0320777910913053
7.09248010348623	0.00093861934222991	13.7726286777733	6.88631433888663	ZNF532	anova	0.032170116701905
7.08404510438772	0.000946300089990148	13.7568026996032	6.8784013498016	GSKIP	anova	0.0323520790164301
7.06555837160364	0.000963355399696522	13.7221129253668	6.86105646268338	GBP1	anova	0.0327709002674819
7.06705636315081	0.000961961969599879	13.7249240873917	6.86246204369584	AL121944.1	anova	0.0327709002674819
7.06204118648572	0.000966635059056836	13.7155123448237	6.85775617241183	COX5A	anova	0.0328006687576973
7.03462083988806	0.000992591371111694	13.6640459240491	6.83202296202454	PXN	anova	0.0335978632588948
7.03198622712344	0.00099512190563868	13.659100197413	6.82955009870651	CDC42SE1	anova	0.033600143353508
7.02884108090661	0.000998151296393273	13.6531959284038	6.82659796420188	KIT	anova	0.0336192144051868
7.02378087698558	0.00100304472491812	13.6436962189581	6.82184810947904	KIF27	anova	0.0337008204251429
7.01328720793684	0.00101326951600376	13.6239946003871	6.81199730019357	RFC3	anova	0.0339607112231138
7.00479198102023	0.00102162374630941	13.6080435646241	6.80402178231205	AC006369.1	anova	0.0341567880475654
6.99222273554227	0.00103411152381101	13.5844405878409	6.79222029392045	GPSM3	anova	0.0342698359686807
6.99552971906377	0.00103081118018782	13.5906508338248	6.79532541691238	CORO1B	anova	0.0342698359686807
6.99128025094244	0.00103505405902034	13.5826706425447	6.79133532127233	C14orf28	anova	0.0342698359686807
6.99561223359628	0.00103072896682248	13.590805786896	6.79540289344801	RPL18	anova	0.0342698359686807
6.98808160799851	0.00103825931532764	13.5766636107608	6.78833180538038	SNAPIN	anova	0.0342927247466934
6.98406868187602	0.00104229464923455	13.5691271007353	6.78456355036765	NLRC3	anova	0.0343428534063007
6.96790520744748	0.00105870861025143	13.5387682261993	6.76938411309967	MRPL23	anova	0.0347996244637103
6.95395438729745	0.00107308434944986	13.512561478771	6.75628073938552	IFI16	anova	0.0351263841904382
6.95279756904665	0.00107428517394608	13.5103882280166	6.75519411400829	CD4	anova	0.0351263841904382
6.95078761944325	0.00107637479595361	13.5066121892721	6.75330609463603	NDUFA12	anova	0.0351263841904382
6.94772716324298	0.00107956441318988	13.5008624525964	6.75043122629822	LAPTM5	anova	0.0351463917907473
6.94215793845021	0.00108539306649299	13.4903990140302	6.74519950701512	RABGAP1L	anova	0.0351682822328525
6.94313877517552	0.0010843642503767	13.4922418467469	6.74612092337344	CDC42EP3	anova	0.0351682822328525
6.92711759483619	0.0011012925484724	13.4621384922687	6.73106924613436	GPR132	anova	0.035598890174673
6.91938097172886	0.00110956205770272	13.4475999424037	6.72379997120187	ELAC2	anova	0.0357814090522998
6.89958981079085	0.00113100152401148	13.4104037908061	6.70520189540305	FUT8	anova	0.03638677308736
6.88631312162344	0.00114561680004239	13.3854472086375	6.69272360431876	ARL2	anova	0.0367702559279489
6.8837002191434	0.00114851541724713	13.3805352864579	6.69026764322893	ZNF43	anova	0.0367767577621317
6.87920879504055	0.00115351520188428	13.3720916976157	6.68604584880785	LSR	anova	0.036850353322959
6.85063122723004	0.00118584370445258	13.3183592193534	6.65917960967669	CIDEB	anova	0.0377946120851346
6.84660143050653	0.00119047510382038	13.3107810834998	6.6553905417499	ADAMTS4	anova	0.0378537783011976
6.83229736833456	0.00120706187021341	13.2838795726741	6.64193978633707	GALE	anova	0.0382919324920493
6.82283930926542	0.00121815664448854	13.2660898735865	6.63304493679327	C12orf57	anova	0.0385542338456338
6.80722680863735	0.00123669555350772	13.236720744709	6.6183603723545	ANGEL2	anova	0.0390503797347196
6.78693012362681	0.00126122122956542	13.1985335093998	6.59926675469992	TMEM183A	anova	0.039732837857972
6.78377682247148	0.00126507517545753	13.1926000603857	6.59630003019287	PAG1	anova	0.0397624204341387
6.7735087943656	0.00127770690271317	13.1732778562798	6.58663892813991	ID3	anova	0.0399752290364917
6.77427541080525	0.00127675944840475	13.1747205278121	6.58736026390605	RPS7	anova	0.0399752290364917
6.7611982951506	0.00129301847410632	13.1501096645974	6.5750548322987	PAIP2B	anova	0.0400865113756463
6.76321929774674	0.00129049219564528	13.1539133509477	6.57695667547384	NAPRT	anova	0.0400865113756463
6.76720176893087	0.00128552856496191	13.161408460921	6.58070423046049	MAP3K8	anova	0.0400865113756463
6.76466173149254	0.00128869216945534	13.1566280801396	6.57831404006978	ZNF253	anova	0.0400865113756463
6.75583981770517	0.00129974072165795	13.1400242315883	6.57001211579415	ZEB2	anova	0.0401872254657611
6.75391879536633	0.00130215920063532	13.1364084626881	6.56820423134404	PDE8A	anova	0.0401872254657611
6.74292787513871	0.00131608347900442	13.1157199579003	6.55785997895016	OVCH1-AS1	anova	0.0405252702869058
6.72826478298061	0.00133489325628269	13.0881158409141	6.54405792045707	HIST3H2A	anova	0.0410118894345768
6.68938884593915	0.00138608137286336	13.0149109154973	6.50745545774867	RPS15	anova	0.0424888449600654
6.6865370355121	0.00138991312421017	13.0095397725879	6.50476988629394	KCNK5	anova	0.0425033033962263
6.68440498890852	0.0013927847385172	13.0055241480837	6.50276207404184	PDIA3	anova	0.0425033033962263
6.66177681294834	0.00142363212211142	12.9628998385049	6.48144991925247	GIMAP1	anova	0.0433476914681291
6.65343103623482	0.00143518184775587	12.9471767129578	6.47358835647892	STK17A	anova	0.0436020391653404
6.64480645414271	0.00144721636043554	12.9309270102725	6.46546350513624	EVI2A	anova	0.0438699519393359
6.62376998082836	0.00147699719014404	12.8912862581058	6.44564312905292	LINC00944	anova	0.0446734338597669
6.60581953543638	0.00150289572667376	12.8574544548579	6.42872722742895	APMAP	anova	0.0453561960344175
6.59277863416783	0.00152199664360914	12.8328721902012	6.41643609510059	PPP2R5C	anova	0.0458312499237799
6.58938298244127	0.00152701013950952	12.8264708403621	6.41323542018107	RRAGA	anova	0.0458809368128842
6.58489352247997	0.00153366406963356	12.8180071668411	6.40900358342053	MAP1LC3B	anova	0.0459795858766404
6.56542041174546	0.00156286456104238	12.7812916278444	6.39064581392218	DCUN1D5	anova	0.0467522707832874
6.56250846844623	0.00156727886988724	12.7758007221115	6.38790036105575	SERINC5	anova	0.0467817309937239
6.55916195137614	0.00157236743974946	12.769490173461	6.3847450867305	NSA2	anova	0.0468311446410969
6.54885356731574	0.00158814650336653	12.7500503179714	6.37502515898569	CXCR3	anova	0.0471980532732524
6.54601846675996	0.00159251403139802	12.7447034653518	6.37235173267588	ZNF101	anova	0.0472249650050008
6.53783164179059	0.00160519386793448	12.7292627239289	6.36463136196445	MX2	anova	0.047497721372005
6.52479249341552	0.00162559885075714	12.7046677723829	6.35233388619145	PLSCR1	anova	0.0479973894441086
6.52088103218761	0.00163177057936924	12.6972892229445	6.34864461147224	KBTBD7	anova	0.0480755560975719
6.514968320731	0.00164114472650353	12.6861350066981	6.34306750334905	BDH2	anova	0.0482333097691573
6.5130505349227	0.00164419683620395	12.6825170051792	6.3412585025896	HOMER1	anova	0.0482333097691573
6.50997725709776	0.00164909978288945	12.6767189701171	6.33835948505853	SUSD3	anova	0.0482733264772424
6.49872688117636	0.00166717372045418	12.6554925960987	6.32774629804934	CCDC159	anova	0.0486978944769067
