p_val	avg_log2FC	pct.1	pct.2	p_val_adj	cluster	gene
0	2.63943775762177	0.832	0.264	0	c6	GZMK
0	0.679974772361631	0.836	0.537	0	c6	NKG7
0	0.85529399982855	0.757	0.484	0	c6	GZMA
0	1.62746664401326	0.549	0.278	0	c6	CCL4L1
0	1.20159499203899	0.87	0.62	0	c6	CST7
0	0.698424101399716	0.975	0.766	0	c6	CCL5
0	1.00966763555922	0.881	0.789	0	c6	CD74
2.28533150869942e-285	0.778691533242171	0.78	0.515	7.0221381267807e-281	c6	CCL4
5.5507634144241e-197	1.32703086950116	0.588	0.476	1.70558307435009e-192	c6	CLDND1
3.96716256087474e-187	1.35650044844909	0.384	0.21	1.21899004007998e-182	c6	KLRG1
1.9049149018009e-185	3.0270452118641	0.086	0.017	5.85323201876362e-181	c6	DKK3
3.23067229666495e-185	1.78027143023837	0.249	0.106	9.92688676596238e-181	c6	EOMES
2.78551136370179e-160	1.35500504505389	0.366	0.212	8.5590407672465e-156	c6	CMC1
9.19131060785689e-132	2.12911997995803	0.142	0.052	2.82421401047619e-127	c6	DTHD1
1.63762834855397e-127	1.23350270234959	0.419	0.287	5.03194062660179e-123	c6	SH2D1A
1.43395102059623e-124	2.25327692031505	0.09	0.025	4.40610130098604e-120	c6	MS4A1
2.9919628065974e-124	1.37534054831312	0.319	0.187	9.19340411583182e-120	c6	SAMD3
8.65922531998183e-124	2.3250444724555	0.085	0.023	2.66072016407082e-119	c6	IFNG-AS1
8.97104012153755e-121	0.406958646602455	0.994	0.997	2.75653149814484e-116	c6	COX1
1.96282450218715e-109	0.270770368235429	0.983	0.991	6.03117084787047e-105	c6	HLA-A
2.8713790126518e-109	1.14961327558096	0.293	0.166	8.82288629217519e-105	c6	CCL4L2
1.82328908060981e-108	1.37194933234734	0.314	0.194	5.60242035798975e-104	c6	ITM2C
1.55325604110466e-105	0.195490347537914	0.995	0.998	4.77268983750228e-101	c6	HLA-C
1.77369306192742e-103	1.13993947344401	0.307	0.181	5.45002667138437e-99	c6	LOC100996809
4.01025729042531e-102	0.72686362354423	0.534	0.405	1.23223175762899e-97	c6	CD8A
1.65338513533277e-96	0.393337784115271	0.985	0.991	5.08035650533702e-92	c6	ND3
4.38509228727835e-95	0.846049726213763	0.459	0.333	1.34740730711202e-90	c6	CD8B
2.70371822917492e-92	0.344085143791871	0.998	0.999	8.30771500278576e-88	c6	MALAT1
1.1438323215507e-91	0.90116915440138	0.488	0.389	3.51465357442884e-87	c6	GZMM
5.85378588630881e-87	2.03809634579246	0.12	0.05	1.79869278928611e-82	c6	PPP1R14B
1.37922522947042e-85	0.217410531512416	0.986	0.996	4.23794536259377e-81	c6	RPS15A
1.40292669933774e-82	0.199173313254555	0.992	0.998	4.31077286905508e-78	c6	RPL28
3.28653066913364e-82	0.425325594957298	0.933	0.962	1.00985227870469e-77	c6	COX3
1.01506199169427e-79	0.35019569278076	0.992	0.997	3.11898098187897e-75	c6	COX2
1.22191337617613e-70	0.922212572423629	0.431	0.348	3.75457323097641e-66	c6	PVRIG
4.20739273189107e-70	1.09533747174874	0.3	0.2	1.29280556472817e-65	c6	HLA-DRB4
1.06297383375121e-69	1.0607417385106	0.296	0.198	3.26619969896733e-65	c6	AOAH
1.47438210769774e-69	1.23331295526659	0.233	0.142	4.53033390232285e-65	c6	HLA-DQB1
2.69356586518678e-69	0.405426268443391	0.913	0.945	8.27651983395941e-65	c6	ND4L
3.87520141925695e-66	0.398368370703325	0.785	0.786	1.19073314009508e-61	c6	HCST
5.11572352430956e-64	1.36380583972747	0.169	0.092	1.5719083673146e-59	c6	HIST2H2BC
4.21747856929755e-62	3.11957710801799	0.022	0.003	1.29590463998806e-57	c6	PACSIN1
9.49045933182438e-59	1.0694148174275	0.182	0.104	2.91613343888968e-54	c6	PLEK
3.12369157613406e-58	0.881864238361364	0.406	0.319	9.59816710598712e-54	c6	LINC00861
4.54925952341501e-58	1.39239662748372	0.138	0.072	1.39785097375973e-53	c6	HLA-DRB5
6.20853910922286e-57	2.11798272768107	0.059	0.02	1.90769781209091e-52	c6	LOC102724420
1.62861246450138e-55	0.391982071480934	0.924	0.955	5.0042375196734e-51	c6	ATP8
6.51812929779809e-55	0.359840966787953	0.774	0.818	2.00282558933442e-50	c6	PTPRCAP
7.23901080256781e-54	0.390891431265429	0.933	0.96	2.22433084930501e-49	c6	ATP6
5.09295981034646e-53	0.434411659976575	0.886	0.922	1.56491376092516e-48	c6	CYTB
2.42830730361659e-51	2.57258190107846	0.033	0.008	7.4614598518227e-47	c6	TMEM171
2.67134231236741e-51	0.710530548727557	0.398	0.311	8.20823352321136e-47	c6	LYAR
6.65274052449738e-51	1.54003831476046	0.101	0.048	2.04418758096231e-46	c6	FCRL3
4.41826721886359e-50	0.379972845444023	0.775	0.814	1.35760096834021e-45	c6	PTPRC
8.06709389882257e-50	0.820935630275308	0.247	0.163	2.47877594229121e-45	c6	CCL3
9.6276410909889e-50	1.42232579847421	0.122	0.064	2.95828527802816e-45	c6	TNIP3
5.83998422456329e-49	0.792351562987136	0.43	0.361	1.79445195268156e-44	c6	TC2N
2.69229853717075e-48	1.23189309246246	0.25	0.177	8.27262571516457e-44	c6	LYST
1.60438701587605e-45	0.438483488488726	0.934	0.951	4.92979998368233e-41	c6	RNR1
3.09776565998529e-45	0.424665105232697	0.806	0.85	9.51850454343681e-41	c6	ND1
5.3659361254363e-43	0.744346651894025	0.416	0.357	1.64879119326281e-38	c6	GIMAP7
6.15515202270277e-42	0.504636666711195	0.61	0.625	1.89129356201588e-37	c6	RARRES3
6.71170054295704e-42	0.487512557344944	0.767	0.806	2.06230422583441e-37	c6	ND2
1.06726195081749e-41	1.44308147128086	0.108	0.058	3.27937579627691e-37	c6	SLAMF7
4.55194215659571e-41	0.432074034825835	0.828	0.802	1.39867526645716e-36	c6	DUSP2
9.92711251838017e-41	1.14433336406998	0.181	0.117	3.05030386352268e-36	c6	PTGDR
1.29537569752524e-39	0.122635662006633	0.994	0.999	3.98030090578582e-35	c6	RPS27
1.72764069691904e-39	0.513447113017691	0.987	0.991	5.30852156942313e-35	c6	RNR2
6.02990371980625e-39	0.295619553061606	0.793	0.827	1.85280851598487e-34	c6	CYBA
9.14346483678926e-39	1.65121809524152	0.081	0.04	2.80951244040024e-34	c6	KLRAP1
3.75272101834153e-38	0.877394138205584	0.334	0.272	1.1530985873058e-33	c6	APMAP
1.11953006961676e-37	2.07156467802485	0.044	0.016	3.43998004491141e-33	c6	CHI3L2
2.43520868107567e-37	2.78109509431698	0.018	0.004	7.48266571434121e-33	c6	NXPH4
3.25314514210801e-36	0.615223767617818	0.493	0.466	9.99593907815528e-32	c6	GIMAP4
6.15509076091844e-34	1.32851965013328	0.097	0.054	1.89127473810741e-29	c6	CCL3L1
1.50001146487232e-33	0.969544490375412	0.285	0.226	4.60908522811317e-29	c6	PYHIN1
2.14538429480182e-32	0.67343152398493	0.386	0.331	6.59212232263757e-28	c6	CD27
3.34962220800322e-32	3.316023211285	0.012	0.002	1.02923841585315e-27	c6	LDB2
1.7122752762863e-31	0.514537685436267	0.514	0.479	5.26130824144492e-27	c6	CLEC2B
1.75805399480021e-30	0.163869493934018	0.888	0.939	5.4019725098226e-26	c6	RPL23A
2.27210527752948e-30	0.406650440723084	0.846	0.885	6.98149788626482e-26	c6	ND4
3.01033909437462e-29	0.423488961723028	0.406	0.33	9.24986893528489e-25	c6	GZMH
6.34276199353794e-29	0.30022938405097	0.535	0.467	1.9489404777544e-24	c6	CTSW
4.07049658194715e-26	0.945523698918975	0.181	0.13	1.2507414847349e-21	c6	F2R
4.07857272293516e-26	0.128593212193111	0.958	0.979	1.25322304057629e-21	c6	RPL7A
2.7727383798422e-24	1.68212079089464	0.04	0.017	8.51979321974112e-20	c6	PLCG2
1.40566061320286e-23	1.19603238406384	0.108	0.069	4.31917336618842e-19	c6	CD81
1.44957336941874e-21	1.24968362909684	0.091	0.057	4.45410409221296e-17	c6	PECAM1
9.79377981627985e-21	1.85105286854506	0.035	0.015	3.00933472414831e-16	c6	ZNF80
3.36962736563172e-20	0.133031711408301	0.957	0.984	1.03538540063766e-15	c6	RPS29
4.25943623659544e-20	1.35803938206674	0.068	0.04	1.30879697241868e-15	c6	HLA-DMB
2.44405030957709e-19	1.00085398756577	0.153	0.113	7.50983338623752e-15	c6	LOC643733
9.17572908773291e-19	1.60588343324827	0.04	0.02	2.81942627678769e-14	c6	LGR6
1.81426419447375e-18	2.29019444988435	0.014	0.004	5.57468959035948e-14	c6	IGFBP2
3.45865086558621e-18	1.93554978877077	0.02	0.007	1.06273965146868e-13	c6	SLC4A4
7.81142174651123e-18	0.601392777986301	0.427	0.412	2.40021556005051e-13	c6	FYN
3.07170945501537e-17	0.976136848515661	0.104	0.071	9.43844164242574e-13	c6	CPNE7
1.51658010876791e-16	0.908177951126666	0.171	0.133	4.65999570021114e-12	c6	HLA-DMA
1.71451079762741e-16	0.942023456038623	0.109	0.076	5.26817732786974e-12	c6	CRTAM
2.17012235276996e-16	0.886213732780027	0.078	0.049	6.66813495335627e-12	c6	EPHA1
4.65028612729196e-16	0.122401301565822	0.454	0.573	1.428893418333e-11	c6	TAGAP
5.25926377124793e-16	0.152990734384097	0.3	0.405	1.61601397899135e-11	c6	ETS1
1.30814657890939e-15	1.00493433807343	0.104	0.072	4.01954199301489e-11	c6	EIF4EBP1
3.52179686690189e-15	1.14326785086383	0.104	0.074	1.08214252329294e-10	c6	MIAT
4.00777799624058e-15	0.305836787429346	0.674	0.708	1.23146994490484e-10	c6	HLA-H
7.66533209060094e-15	0.557740743018226	0.284	0.247	2.35532659147895e-10	c6	LAG3
7.91322335135842e-15	0.67406585135208	0.332	0.31	2.4314961391719e-10	c6	APOBEC3G
9.01256668673357e-15	1.15606691284279	0.041	0.022	2.76929136583262e-10	c6	CXCR5
1.00995234885497e-14	0.554995684641901	0.251	0.208	3.10328058232665e-10	c6	KLRK1
1.57316927744939e-14	0.605701275162047	0.356	0.338	4.83387723881874e-10	c6	DENND2D
2.12312917754214e-14	0.382580155521483	0.569	0.605	6.52373902383374e-10	c6	PSMB9
2.63026332819722e-14	1.53148609787472	0.045	0.025	8.08201012855159e-10	c6	ENC1
2.71277079571343e-14	0.107411146805613	0.152	0.214	8.33553082398866e-10	c6	RCN2
4.36212908166426e-14	0.854737520062686	0.104	0.073	1.34035140292298e-09	c6	C1orf21
8.30518080882196e-14	0.822821141461805	0.231	0.196	2.55193290712672e-09	c6	GeneID:102723863
2.94268378796665e-13	2.26760575299321	0.01	0.003	9.04198447528512e-09	c6	MIR181A2HG
3.75700017626685e-13	1.44941491173677	0.032	0.017	1.15441344416152e-08	c6	RCAN2
4.29795730823281e-13	1.46297883376283	0.038	0.021	1.32063334210069e-08	c6	PDLIM1
9.36799311659401e-13	0.129356816057109	0.156	0.215	2.87850324493584e-08	c6	HNRNPH1
1.15798016245996e-12	0.11033247010263	0.24	0.316	3.55812564519072e-08	c6	COX17
1.53569843092291e-12	2.05716587107646	0.019	0.008	4.71874056869681e-08	c6	VIPR2
1.64334404325401e-12	0.114157478803007	0.057	0.092	5.04950324170659e-08	c6	RANGAP1
2.31026813193441e-12	1.11220292916325	0.055	0.034	7.09876088899487e-08	c6	CCR5
2.34199106534283e-12	0.114325722330291	0.273	0.358	7.19623594647892e-08	c6	LSM8
2.38239698353661e-12	0.102261548148763	0.225	0.296	7.32039121131295e-08	c6	ACTR2
2.60266526280843e-12	0.117200875719502	0.131	0.182	7.99720955303146e-08	c6	PIH1D1
3.31866728789649e-12	2.13138610854463	0.01	0.003	1.01972689755195e-07	c6	ATP9A
3.49545743573218e-12	1.11820832939146	0.078	0.053	1.07404920627743e-07	c6	HLA-DQB2
3.60603915311812e-12	1.09213585706283	0.07	0.047	1.1080276505786e-07	c6	USP28
4.69852335795849e-12	0.132137860197789	0.104	0.149	1.4437152721999e-07	c6	GPCPD1
5.24291987999822e-12	0.101252345707321	0.304	0.394	1.61099199152705e-07	c6	NEDD8
5.25580260640891e-12	0.814577864905208	0.2	0.17	1.61495046687126e-07	c6	SYNE1
5.99124147358394e-12	0.543441328381737	0.229	0.192	1.84092876758814e-07	c6	XCL2
6.42624533981542e-12	0.102217029454106	0.144	0.197	1.97459240556508e-07	c6	TGOLN2
6.53854779195378e-12	0.141505893532276	0.115	0.163	2.00909958003364e-07	c6	LASP1
7.33588925908787e-12	0.122920313685596	0.226	0.297	2.25409869263993e-07	c6	RBM25
8.16787687361117e-12	0.266473699046888	0.105	0.151	2.5097435269545e-07	c6	XIST
9.90028679931599e-12	0.138476461907502	0.144	0.196	3.04206112482582e-07	c6	SMARCA5
1.15121799764811e-11	0.147092090591288	0.172	0.232	3.53734754137335e-07	c6	IK
1.38333956830414e-11	0.120459383928711	0.271	0.35	4.25058749152814e-07	c6	FAM49B
1.55528784196536e-11	0.24375244736315	0.208	0.277	4.77893295200696e-07	c6	SLC38A2
1.63513016759844e-11	0.103884886168524	0.125	0.173	5.02426446597972e-07	c6	SLC25A38
2.52879131662366e-11	0.553955400047525	0.403	0.395	7.77021707858953e-07	c6	PIK3R1
2.64462446154233e-11	1.12816700348891	0.058	0.038	8.12613758298112e-07	c6	PRR5L
3.4163256305901e-11	0.132814449462465	0.221	0.289	1.04973437651142e-06	c6	STUB1
4.04152176157833e-11	0.111393013376595	0.143	0.194	1.24183839168017e-06	c6	GDI1
4.22637045629819e-11	0.107445480939227	0.113	0.157	1.29863685010674e-06	c6	TLE4
5.65427821429109e-11	0.105236405684709	0.333	0.423	1.73739006690522e-06	c6	MRPS21
5.77780012796561e-11	0.124257887326613	0.135	0.184	1.77534464531999e-06	c6	MMP24-AS1
6.06103930239978e-11	0.109097834470783	0.137	0.186	1.86237554644838e-06	c6	MVP
6.25173257332346e-11	0.104682716954536	0.184	0.243	1.9209698678051e-06	c6	IMP3
6.95845762037324e-11	0.120406523044667	0.24	0.312	2.13812527301208e-06	c6	NDUFS7
6.98211098529185e-11	0.114571191614933	0.194	0.255	2.14539324245063e-06	c6	STAT4
8.33522079168998e-11	0.124666069120221	0.239	0.31	2.56116329266258e-06	c6	MRPL41
9.06780970818545e-11	0.12840167476463	0.141	0.192	2.78626588903414e-06	c6	TLN1
9.72509048459064e-11	0.108972331031264	0.218	0.285	2.98822855320016e-06	c6	RAD21
1.17748416416103e-10	0.150850520173034	0.252	0.329	3.6180555912176e-06	c6	SPSB3
1.21632147375009e-10	0.112442766169024	0.186	0.245	3.7373909923919e-06	c6	C1orf86
1.32191468549942e-10	0.108701242528505	0.118	0.164	4.06184725413408e-06	c6	C1orf52
1.35085463525045e-10	0.103527659222037	0.101	0.142	4.15077103773405e-06	c6	DAZAP1
1.53841707680829e-10	0.121475461077851	0.061	0.092	4.72709415190882e-06	c6	DPM2
1.83096322828531e-10	0.145854082069903	0.159	0.212	5.62600071155228e-06	c6	KCNAB2
2.04655955940135e-10	0.101599957621896	0.103	0.144	6.28846355817252e-06	c6	UPF3A
2.50023415957952e-10	0.110123073419705	0.145	0.194	7.68246950214e-06	c6	SP140
2.77459978823124e-10	0.1312241033912	0.15	0.201	8.52551276929814e-06	c6	STK10
2.78447330997761e-10	0.106140599401347	0.163	0.215	8.5558511395682e-06	c6	ACAP2
2.86059928380908e-10	0.113801372132304	0.136	0.183	8.78976341936016e-06	c6	SMEK2
3.19556180009319e-10	0.136581426689328	0.092	0.13	9.81900274314634e-06	c6	ZGPAT
3.21345490827927e-10	0.111525193009201	0.084	0.12	9.87398289666972e-06	c6	CAPN7
3.47749489912004e-10	0.115452527633895	0.128	0.173	1.06852985765262e-05	c6	MRPL4
3.67716469680028e-10	0.154208221652416	0.805	0.88	1.12988239638582e-05	c6	TMA7
3.81434399477029e-10	0.124940503164793	0.127	0.172	1.17203347927307e-05	c6	BABAM1
3.86785462829528e-10	0.114995109522257	0.329	0.42	1.18847569163629e-05	c6	NDUFB8
3.88135203762466e-10	0.14441963016461	0.108	0.149	1.19262304060093e-05	c6	SDF2
4.57217619624607e-10	0.165234015196811	0.069	0.101	1.40489257982053e-05	c6	HIST3H2A
4.58128923886274e-10	1.22979430170628	0.032	0.018	1.40769274442535e-05	c6	PTPRM
4.86426878725478e-10	0.134940858093261	0.165	0.217	1.49464387025978e-05	c6	MYO1G
5.22757029431626e-10	0.127242134883792	0.31	0.396	1.60627552433456e-05	c6	LSM7
5.42081735917861e-10	0.124676425878091	0.262	0.33	1.66565454995481e-05	c6	TNF
5.69697726862482e-10	0.132583316548577	0.135	0.182	1.75051020533035e-05	c6	VIMP
6.06664737397731e-10	0.122287340834411	0.211	0.272	1.86409873860201e-05	c6	IFI27L2
6.11527091637306e-10	1.2284376934969	0.035	0.021	1.87903929447395e-05	c6	SEMA4A
7.27307431799158e-10	0.108416662235174	0.169	0.22	2.23479754568927e-05	c6	FBXW5
7.41322955895036e-10	0.9280795215108	0.12	0.095	2.27786304657868e-05	c6	MLLT3
7.51443759878324e-10	0.141644010972337	0.162	0.214	2.30896124097813e-05	c6	WDR33
7.67749197444813e-10	0.111228627507164	0.082	0.116	2.35906295898868e-05	c6	PWP1
1.11773549907932e-09	0.148842280715279	0.188	0.244	3.43446586802104e-05	c6	RNF19A
1.1682972506226e-09	0.115052060376539	0.098	0.136	3.58982696198806e-05	c6	RBM33
1.20044514948973e-09	0.101575647309772	0.095	0.132	3.6886078108371e-05	c6	SAFB2
1.21245375489122e-09	0.158574357421665	0.159	0.211	3.72550665265425e-05	c6	ANAPC5
1.22858355752989e-09	0.109041617198419	0.183	0.237	3.77506869722209e-05	c6	RNF181
1.26484786226068e-09	0.131858071739102	0.176	0.229	3.8864980263684e-05	c6	MIEN1
1.33361885345642e-09	0.144331722275311	0.095	0.132	4.09781065101554e-05	c6	BRMS1
1.37396874392105e-09	0.131345252671111	0.157	0.207	4.22179375944622e-05	c6	PTBP3
1.6116080772211e-09	0.146248821702125	0.13	0.175	4.95198813887726e-05	c6	ABTB1
1.62968487790695e-09	0.18863851906044	0.201	0.262	5.0075327243447e-05	c6	SERINC1
1.72855392975946e-09	0.16042111504865	0.23	0.294	5.31132765997189e-05	c6	CHD2
1.74089922684671e-09	0.142624611711199	0.242	0.307	5.34926105433188e-05	c6	AAK1
1.86510798125234e-09	0.110226581747473	0.069	0.1	5.73091729399406e-05	c6	MGRN1
2.21508675620971e-09	0.173455450008232	0.192	0.25	6.80629707580558e-05	c6	RER1
2.25410567023944e-09	0.173864895390805	0.148	0.195	6.92619049294474e-05	c6	MYLIP
2.32511318201833e-09	0.160078689473055	0.202	0.261	7.14437527438773e-05	c6	TMC8
2.45020565929025e-09	0.119528626620265	0.187	0.243	7.52874692930116e-05	c6	SCAMP2
2.50437167909318e-09	0.137387255337556	0.137	0.183	7.69518285834961e-05	c6	PPP1R7
2.54144857931495e-09	0.182397115042628	0.239	0.305	7.80910904966103e-05	c6	IQGAP1
2.65072663082114e-09	0.113220449121383	0.129	0.172	8.14488771852412e-05	c6	MESDC2
2.72663431135204e-09	0.766948962498393	0.168	0.143	8.37812924849142e-05	c6	NUCB2
2.87171799601707e-09	0.136942293330516	0.101	0.139	8.82392788636166e-05	c6	NRD1
3.03215547103729e-09	0.136295742463941	0.145	0.191	9.3169041158563e-05	c6	ATF6B
3.48904263222642e-09	0.106599433104628	0.128	0.171	0.000107207812960421	c6	ZFAND6
3.61252957482624e-09	0.137224462173706	0.102	0.14	0.000111002196245686	c6	N4BP2L1
3.77701600553262e-09	0.109713843058977	0.155	0.203	0.000116056370802001	c6	CHMP2A
3.78205276562602e-09	0.132434366989164	0.284	0.358	0.000116211135329391	c6	VCP
3.82366740489716e-09	0.126275936268377	0.196	0.253	0.000117489828350275	c6	DDX18
4.33776681444142e-09	0.100924984806951	0.077	0.108	0.000133286560907341	c6	MIDN
4.37806860970278e-09	0.138171137336517	0.063	0.092	0.000134524914170337	c6	RFWD2
4.50882173689723e-09	0.110338890311612	0.079	0.111	0.000138542565509641	c6	TSG101
4.52746261391945e-09	0.126093015354727	0.274	0.345	0.000139115343737903	c6	FLNA
4.74008510973655e-09	0.131423281370778	0.082	0.114	0.000145648595166875	c6	POGZ
4.81884706233723e-09	0.152240714139058	0.1	0.137	0.000148068713684436	c6	RAP1GDS1
5.19426350278055e-09	0.131291764182746	0.339	0.43	0.000159604134649938	c6	VPS28
5.28680749921146e-09	0.142036394433141	0.135	0.179	0.000162447734028271	c6	PNKD
5.61193268859686e-09	0.235469274076119	0.116	0.156	0.000172437855722516	c6	POLR2A
5.86103096929773e-09	0.162266800183804	0.117	0.157	0.000180091898593611	c6	RSBN1L
6.2638682922867e-09	1.19896792938828	0.051	0.034	0.000192469881017093	c6	VNN2
6.86087203940446e-09	0.163166734622675	0.227	0.29	0.000210814015154781	c6	AKAP13
7.37109961928415e-09	0.136893163642979	0.083	0.116	0.000226491778001744	c6	ZSCAN16-AS1
7.55666168892336e-09	0.110229227251315	0.096	0.132	0.000232193543715548	c6	ELF2
7.62182268011626e-09	0.1909817175824	0.139	0.183	0.000234195745491932	c6	SAT2
7.75853417226705e-09	0.108654903632951	0.179	0.232	0.00023839647951125	c6	KPNB1
7.94882782139328e-09	0.138425002610962	0.096	0.131	0.000244243632467951	c6	C22orf39
8.3055944620107e-09	0.100959196039052	0.086	0.12	0.000255206001034203	c6	NGLY1
8.54730340792407e-09	0.222841634855965	0.075	0.107	0.000262632991815283	c6	RLF
8.68457718331742e-09	0.18728156886337	0.082	0.115	0.000266851003111794	c6	COPA
9.28316790089606e-09	0.217344422958307	0.131	0.173	0.000285243900090833	c6	MAZ
1.00959300340197e-08	0.161631717164181	0.257	0.329	0.000310217642155322	c6	SLC38A1
1.01212366637944e-08	0.187780712963827	0.15	0.197	0.00031099523896841	c6	TBCC
1.0197288265968e-08	0.130061977816643	0.067	0.097	0.0003133320765484	c6	BROX
1.03454277133194e-08	0.131994898006234	0.106	0.143	0.000317883957347167	c6	SPAG7
1.03705830914947e-08	0.205258134871698	0.14	0.185	0.000318656906652358	c6	RPAIN
1.04391975097876e-08	0.157061769907095	0.097	0.133	0.000320765221883244	c6	ANKRD11
1.05079540570999e-08	0.189547086334691	0.132	0.173	0.00032287790431251	c6	SLC20A1
1.05396620882457e-08	0.137233746099423	0.222	0.283	0.000323852196985525	c6	ZNRD1
1.19000549303303e-08	0.1635698251375	0.218	0.278	0.000365652987844259	c6	TNFRSF14
1.19567656545328e-08	0.106403878075917	0.099	0.134	0.000367395538266829	c6	CHTOP
1.23744521321734e-08	0.114545972960463	0.062	0.091	0.000380229790665291	c6	CHFR
1.26703450708719e-08	0.159072205905731	0.087	0.12	0.000389321692992682	c6	PSPC1
1.36843921130416e-08	0.171093246974617	0.162	0.21	0.00042048031645743	c6	PNN
1.43495424745124e-08	0.124071256087228	0.091	0.126	0.000440918391614342	c6	CLPTM1
1.44363651989229e-08	0.154737443535235	0.107	0.145	0.000443586193467304	c6	CHCHD5
1.45726898199698e-08	0.150386337734971	0.113	0.151	0.000447775040098212	c6	LETMD1
1.49359639269528e-08	1.13362993187353	0.065	0.046	0.000458937363583478	c6	E2F3
1.50660905667318e-08	0.158564227927815	0.128	0.169	0.000462935764843968	c6	TMEM165
1.53681745160123e-08	0.103366127437413	0.086	0.118	0.000472217898353509	c6	RNF5
1.55687167106373e-08	0.148672887721051	0.096	0.131	0.000478379958367753	c6	DRAM2
1.6077934430362e-08	0.124847660312215	0.089	0.122	0.000494026691241733	c6	FOXN2
1.6579412921741e-08	0.146311300506393	0.098	0.133	0.000509435620846335	c6	THOC2
1.78344108177757e-08	0.100207098839969	0.271	0.341	0.000547997941197793	c6	BIN1
1.82909374927106e-08	0.67101386010367	0.072	0.052	0.00056202563633852	c6	LOC101059954
1.85218595858737e-08	0.134171413383492	0.28	0.354	0.00056912117949514	c6	TRABD
1.8807685847804e-08	0.138104999511267	0.079	0.111	0.000577903763045475	c6	EML2
1.97839899787152e-08	0.176816902853796	0.099	0.134	0.000607902660075981	c6	ACTR10
2.1684327979662e-08	0.164878956104147	0.26	0.329	0.000666294345831075	c6	AIP
2.19318690241215e-08	0.100078074570842	0.124	0.164	0.00067390053950418	c6	SZRD1
2.19841594750254e-08	0.108992944913361	0.101	0.137	0.000675507268189106	c6	P2RY8
2.2398501561623e-08	0.107577301389779	0.083	0.114	0.00068823875748399	c6	APPL1
2.24277754629666e-08	0.124577341106485	0.075	0.105	0.000689138256650574	c6	TACC1
2.26138072529029e-08	0.117124352983015	0.093	0.127	0.000694854455459946	c6	DCAF8
2.41571798008909e-08	0.105747752137652	0.089	0.122	0.000742277663741974	c6	PPWD1
2.47289951078587e-08	0.152059346865256	0.072	0.102	0.000759847832679174	c6	SH2B1
2.49189597459242e-08	0.151632637348068	0.071	0.101	0.000765684876113011	c6	SFSWAP
2.76661301779456e-08	0.146775656051078	0.094	0.128	0.000850097181977734	c6	CAND1
2.88858242923238e-08	0.144969473834142	0.052	0.076	0.000887574723030233	c6	LOC100289097
2.89712060617193e-08	1.25525661419443	0.032	0.019	0.000890198248658448	c6	ADAMTS6
3.00098474508737e-08	0.133732587038123	0.253	0.319	0.000922112582622996	c6	HMHA1
3.00373690014699e-08	0.143687849468381	0.087	0.12	0.000922958237308164	c6	POLDIP3
3.05572964551505e-08	0.131523750742379	0.088	0.121	0.000938934048177409	c6	LOC100129361
3.11862819510216e-08	0.16026779638587	0.178	0.228	0.00095826088550904	c6	SSNA1
3.13721470861953e-08	0.198278781140927	0.097	0.131	0.000963971963517524	c6	SUPT5H
3.19727238729351e-08	0.173920767802671	0.106	0.142	0.000982425886443677	c6	UPF2
3.43163748540567e-08	0.141737816147513	0.177	0.226	0.0010544392501406	c6	RNPEPL1
3.75858959271541e-08	0.101096600093472	0.046	0.07	0.00115490182415366	c6	TRAP1
3.79427930016351e-08	0.120883096460176	0.156	0.201	0.00116586820056124	c6	MEA1
3.82649218546777e-08	0.195195810368032	0.228	0.29	0.00117576625382868	c6	CHIC2
3.83205831465936e-08	0.135201363851635	0.056	0.081	0.00117747655834538	c6	TRAF7
3.88436417324921e-08	0.140239762636774	0.125	0.163	0.00119354857951429	c6	TRAPPC2L
3.884662059224e-08	0.192727779454464	0.181	0.231	0.00119364011093776	c6	PPP1R12A
3.95799689808435e-08	0.212948484648836	0.074	0.104	0.00121617370687438	c6	MVD
4.30484893772064e-08	0.19021477191186	0.096	0.131	0.00132275093309342	c6	CELF1
4.38865469296309e-08	0.131006087917858	0.072	0.101	0.00134850192750677	c6	NMT1
4.49965369520153e-08	0.10201054914335	0.346	0.432	0.00138260859092457	c6	KRT10
4.60724703125854e-08	0.123428161703074	0.089	0.122	0.00141566879529481	c6	SACM1L
4.62371220374073e-08	0.110939397207525	0.114	0.151	0.00142072804884341	c6	PTPMT1
4.77872286650904e-08	0.141623600706891	0.255	0.319	0.00146835817519223	c6	KTN1
4.85815482191264e-08	0.149896256127339	0.112	0.149	0.0014927652321291	c6	NELFE
4.86646981215862e-08	0.109323927396469	0.043	0.065	0.00149532017918198	c6	D2HGDH
4.91426639449749e-08	0.125407771217716	0.096	0.13	0.00151000663503724	c6	CISD3
4.93969200594449e-08	0.128227963252101	0.134	0.175	0.00151781916266656	c6	ITSN2
5.10078250630071e-08	0.233840861024835	0.067	0.095	0.00156731744071102	c6	NOP56
5.22069619207209e-08	0.171209759907217	0.214	0.272	0.00160416331893799	c6	CNPY3
5.52468800325642e-08	0.117789522084946	0.122	0.161	0.0016975708827606	c6	USP16
5.53722088126489e-08	0.126276659298319	0.095	0.129	0.00170142186018626	c6	JPX
5.54427163200004e-08	0.137293381035853	0.071	0.1	0.00170358834436465	c6	ABCD4
5.58755359896621e-08	0.185421953545207	0.112	0.149	0.00171688759435435	c6	PPIE
5.92074719879906e-08	0.127877372922505	0.064	0.091	0.00181926799177499	c6	RABGGTA
6.00044991488839e-08	0.139980109547797	0.04	0.062	0.00184375824534775	c6	WDR5
6.16443473119645e-08	0.158698259719099	0.102	0.136	0.00189414585985473	c6	FPGS
6.32962508036732e-08	0.184939903836388	0.128	0.168	0.00194490389844447	c6	CAMTA1
6.33786769421777e-08	0.135179884066936	0.077	0.106	0.00194743660640229	c6	ELOF1
6.38889429268544e-08	0.178154380856069	0.087	0.119	0.00196311554931346	c6	MFSD11
6.4291721179745e-08	0.173853255608058	0.089	0.121	0.00197549171669002	c6	GLS
6.49552763958674e-08	0.120556384671489	0.06	0.086	0.00199588077781582	c6	SUPT7L
6.53759578484364e-08	0.109068318585748	0.063	0.09	0.00200880705680891	c6	S100PBP
6.63374217284686e-08	0.170621987756048	0.063	0.09	0.00203834995745065	c6	DYM
6.87791453744947e-08	0.143758700664743	0.063	0.09	0.0021133767999221	c6	GNB5
7.09636271152596e-08	0.123412702875857	0.086	0.118	0.00218049937037058	c6	ZC3H13
7.18588076327027e-08	0.177148294902562	0.107	0.142	0.00220800558213006	c6	TOX4
7.62123579056843e-08	0.138796201312739	0.085	0.115	0.00234177712136796	c6	SLC35C2
8.10170039003723e-08	0.104554119411888	0.082	0.112	0.00248940947884674	c6	KLHL28
8.11896035672327e-08	0.169525871963097	0.079	0.108	0.00249471294881036	c6	MBD4
8.13821963267618e-08	0.157372373405904	0.082	0.113	0.00250063074653241	c6	PPIL4
8.2198641634427e-08	0.141019947428463	0.12	0.157	0.00252571766150104	c6	RASA3
8.27899048120563e-08	0.196438903754443	0.106	0.142	0.00254388540516005	c6	PRKDC
8.71548130518771e-08	0.191639700766457	0.083	0.114	0.00267800594064503	c6	YIF1B
8.99976317449762e-08	0.13952636090818	0.093	0.126	0.00276535723062789	c6	STIM1
9.16177229035724e-08	0.127157905495752	0.071	0.099	0.00281513777165807	c6	EI24
9.27528806093735e-08	0.142799579260217	0.061	0.087	0.00285001776248422	c6	POLR2M
9.28759233478692e-08	0.154860363962034	0.109	0.144	0.00285379849670998	c6	PREB
9.47405888253448e-08	0.12637644606701	0.082	0.113	0.00291109407283637	c6	EIF2AK2
9.48541713279323e-08	0.12746742600672	0.077	0.106	0.00291458412239338	c6	MRPL13
1.01646930578391e-07	0.111358810961802	0.12	0.156	0.00312330523588223	c6	RSBN1
1.02600939072959e-07	0.203630280066769	0.072	0.101	0.00315261905489483	c6	GAK
1.04136192367647e-07	0.111713059633705	0.062	0.089	0.0031997927828807	c6	FAM122B
1.04957749321386e-07	0.182503928493923	0.131	0.171	0.00322503676339821	c6	HPS1
1.06343919484935e-07	0.165921031964962	0.096	0.129	0.00326762961401359	c6	TMEM170A
1.0885151411933e-07	0.234231138900563	0.145	0.189	0.00334468047434465	c6	SNHG9
1.1494570710401e-07	0.159906695731154	0.135	0.175	0.00353193674218493	c6	YTHDC1
1.15021285479835e-07	0.101333467536	0.05	0.073	0.00353425903893889	c6	ZZZ3
1.1690837833239e-07	0.138018306642062	0.092	0.124	0.00359224374101935	c6	TMUB2
1.23252468100083e-07	0.199284814437761	0.173	0.221	0.00378717858731125	c6	COPS6
1.25202715334846e-07	0.243023296507197	0.644	0.724	0.00384710383409381	c6	PSME1
1.26154425849575e-07	0.171561927369399	0.103	0.136	0.00387634704307991	c6	SAR1A
1.26650094397035e-07	0.127814251904851	0.08	0.11	0.00389157745053769	c6	ATP6V1H
1.35872329758383e-07	0.124104622418502	0.09	0.121	0.00417494907648585	c6	ZC3H11A
1.48251780333536e-07	0.18360813209412	0.066	0.093	0.00455533245430856	c6	MBTPS1
1.5117588993544e-07	0.18256424211445	0.06	0.085	0.00464518157004626	c6	NUP50
1.5431782056118e-07	0.177143277320756	0.154	0.198	0.00474172367238338	c6	FNTA
1.54478015858658e-07	0.11243338717827	0.132	0.171	0.00474664599328898	c6	NIPBL
1.58842474659126e-07	0.16289441020045	0.075	0.104	0.00488075271885096	c6	FTSJ1
1.81116765066345e-07	0.115561623340987	0.079	0.108	0.00556517484019358	c6	FBXW2
1.81385443292491e-07	0.120907735866975	0.079	0.107	0.00557343051604837	c6	ASXL2
1.87600417093349e-07	0.134159167935646	0.143	0.184	0.00576439801602733	c6	TMED4
1.88673936096575e-07	0.167988290281242	0.137	0.177	0.00579738403443945	c6	FLJ10038
1.88971579209524e-07	0.106931427015923	0.097	0.129	0.00580652971437104	c6	DDX27
2.00219892785651e-07	0.101951977501089	0.124	0.16	0.0061521566456247	c6	PEF1
2.08766541220797e-07	0.128906396155631	0.149	0.19	0.00641476951209144	c6	FAM195B
2.17629762951657e-07	0.10662156372119	0.083	0.113	0.00668710972621556	c6	TMEM141
2.19431847817869e-07	0.102111228517074	0.051	0.074	0.00674248238789965	c6	RAD51C
2.19598041798073e-07	0.184769790389073	0.102	0.135	0.00674758903032938	c6	MGMT
2.20802787159454e-07	0.198781997137395	0.072	0.099	0.00678460724104855	c6	GNA13
2.25080998685319e-07	0.163835382423256	0.118	0.155	0.00691606384660378	c6	ZBTB8OS
2.31317925434946e-07	0.257229411505522	0.265	0.331	0.00710770589483957	c6	MAPRE2
2.33719204684802e-07	0.19627362565603	0.13	0.168	0.00718149000234992	c6	TIA1
2.33809946537385e-07	0.105131061817107	0.088	0.118	0.00718427822725423	c6	MPZL3
2.3594091017782e-07	0.162158976709323	0.155	0.198	0.00724975634703387	c6	C7orf50
2.37179323636767e-07	0.118954641898841	0.091	0.122	0.00728780907738694	c6	COPB2
2.38057707817925e-07	0.133613392036394	0.07	0.097	0.00731479918812137	c6	TPP2
2.41310833490674e-07	0.138754214075693	0.066	0.092	0.00741475798066793	c6	KLC1
2.43160873173426e-07	0.178866408967119	0.04	0.061	0.00747160414999985	c6	SCO2
2.48110886125701e-07	0.144176666832454	0.258	0.323	0.0076237031979844	c6	SEC62
2.48451256989891e-07	0.343702603958375	0.552	0.601	0.00763416177352839	c6	GUK1
2.48598753751816e-07	0.116852827188072	0.231	0.288	0.00763869390653205	c6	MGST3
2.54176950408494e-07	0.167780094487314	0.147	0.189	0.00781009515520179	c6	DHPS
2.54795063884584e-07	0.119009983870392	0.089	0.12	0.00782908792798162	c6	SNRK
2.61028364393593e-07	0.198501013228943	0.124	0.162	0.00802061855272195	c6	CIR1
2.61392809125856e-07	0.145713488312463	0.049	0.071	0.00803181684601018	c6	TMEM223
2.68206576246076e-07	0.116924950184194	0.063	0.088	0.00824118346831319	c6	PAM
2.70341939140634e-07	0.120540249637035	0.072	0.098	0.00830679676397427	c6	RAB37
2.70704716085969e-07	0.123996128674125	0.071	0.098	0.00831794381117356	c6	DNAJC2
2.70861960969054e-07	0.169356623420896	0.16	0.203	0.00832277547469612	c6	GRK6
2.71542810980295e-07	0.131536853023611	0.089	0.12	0.00834369595299152	c6	BET1L
2.75241340229345e-07	0.161346151427032	0.067	0.093	0.00845734066122708	c6	HTRA2
2.76478408523999e-07	0.172129093938264	0.095	0.126	0.00849535205871691	c6	ORMDL2
2.78404423584427e-07	0.236905722147908	0.118	0.154	0.00855453272347868	c6	BCL11B
2.86421113770203e-07	0.139427988582281	0.269	0.333	0.00880086156281704	c6	PSMB3
2.87031256068214e-07	0.201580388781631	0.093	0.124	0.00881960940520802	c6	EFCAB14
2.93724598076842e-07	0.103781269543783	0.029	0.047	0.00902527572510713	c6	KAT2B
2.9380931339602e-07	0.141917740425813	0.087	0.116	0.0090278787727195	c6	CNDP2
2.93868098465708e-07	0.875580187208095	0.142	0.12	0.0090296850615558	c6	TNFSF9
2.97098103095903e-07	0.178391906253889	0.076	0.105	0.00912893341382782	c6	ESCO1
2.99602250834455e-07	0.147780023465996	0.089	0.119	0.00920587836139029	c6	RB1CC1
2.99901902162582e-07	0.156318159373896	0.066	0.092	0.00921508574774965	c6	USP9X
3.15127307797303e-07	0.122658701040865	0.093	0.123	0.00968291678668773	c6	TVP23B
3.1745545676375e-07	0.156052369406354	0.159	0.203	0.00975445381997975	c6	PCED1B
3.17821366281355e-07	0.105554167610895	0.058	0.083	0.00976569712172719	c6	AKAP8L
3.36882848373615e-07	0.100313882419449	0.13	0.167	0.0103513992819761	c6	BLOC1S4
3.46022125906127e-07	0.156085222707772	0.071	0.098	0.0106322218627176	c6	FLAD1
3.58705164341965e-07	0.124509756708752	0.107	0.14	0.0110219335847355	c6	PPHLN1
3.90857816848709e-07	0.229239277769672	0.07	0.097	0.0120098881383103	c6	FBXW11
3.94007620853226e-07	0.177751114072645	0.066	0.092	0.0121066721659571	c6	ELP2
3.96677108660443e-07	0.201545204205568	0.133	0.172	0.0121886975178094	c6	CARD8
4.04048669613906e-07	0.11023039018543	0.399	0.492	0.0124152034712265	c6	UQCR10
4.16458416353893e-07	0.155101066858933	0.076	0.104	0.0127965177593061	c6	STX12
4.16976050302527e-07	0.10345988270627	0.38	0.467	0.0128124230976458	c6	ATPIF1
4.21009385354044e-07	0.100098763578991	0.064	0.088	0.0129363553837737	c6	ZC3H6
4.26630225979656e-07	0.114379869772014	0.046	0.067	0.0131090669536769	c6	TMEM242
4.29652375864349e-07	0.176374788516739	0.104	0.137	0.0132019285531839	c6	PRRC2B
4.33147142551212e-07	0.116535030387038	0.089	0.118	0.0133093122491711	c6	HUWE1
4.46848760061372e-07	0.184493940115003	0.139	0.178	0.0137303218504058	c6	GNAI2
4.54273726750266e-07	0.209469938933984	0.14	0.18	0.0139584688018554	c6	SURF1
4.73144843329035e-07	0.153951967240531	0.072	0.099	0.0145383216009713	c6	SIKE1
4.83813979950178e-07	0.134624723182794	0.098	0.129	0.0148661521619291	c6	APEH
4.94285528222119e-07	0.173048449909892	0.099	0.13	0.0151879114256811	c6	FAM208A
5.01530894137321e-07	0.147207460506821	0.194	0.242	0.0154105397841575	c6	RAB27A
5.02923398000382e-07	0.107372363685568	0.049	0.071	0.0154533272503577	c6	SUZ12
5.14299171065568e-07	0.161479735325836	0.11	0.143	0.0158028706293317	c6	U2AF2
5.15964717791014e-07	0.191926982513862	0.238	0.297	0.0158540478835645	c6	ARL4C
5.20311048890564e-07	0.108745225052748	0.092	0.122	0.0159875975992604	c6	FAM200B
5.26022029302749e-07	0.139313549335723	0.161	0.203	0.0161630788943856	c6	LINC00116
5.26930965954762e-07	0.161217227930373	0.264	0.328	0.016191007790892	c6	PRPF38B
5.28915627717175e-07	0.879015656404335	0.122	0.102	0.0162519904928656	c6	LOC100507412
5.35521379812556e-07	0.118208503371632	0.099	0.131	0.0164549654375004	c6	MICU2
5.3626465664008e-07	0.143207573140663	0.128	0.163	0.0164778041045797	c6	TAOK3
5.40392249481885e-07	0.220439255802225	0.07	0.096	0.0166046326498299	c6	HSD17B7
5.55850144012722e-07	0.150760829265957	0.24	0.298	0.0170796073750789	c6	EVI2B
5.67907576388204e-07	0.152067361128911	0.329	0.405	0.0174500960996804	c6	C19orf60
5.68084266823928e-07	0.215147262646179	0.069	0.094	0.0174555252666988	c6	ACYP1
5.7015870066858e-07	0.13544506084199	0.071	0.097	0.0175192663954435	c6	PLEKHB2
5.72215143668225e-07	0.11700925178917	0.056	0.079	0.0175824547194936	c6	TERF1
5.75670110922861e-07	0.154454932097614	0.112	0.145	0.0176886154983267	c6	JAK3
5.75690752928014e-07	0.205166580548952	0.065	0.09	0.0176892497652191	c6	CYB5R4
5.78228160975236e-07	1.21392284009666	0.036	0.024	0.0177672167022861	c6	LOC101927369
5.8334810672262e-07	0.213443288211459	0.134	0.172	0.0179245372752659	c6	RALGAPA1
5.98452919612734e-07	0.108290292170811	0.08	0.107	0.0183886628609405	c6	APOPT1
6.08179191841701e-07	0.193384205562703	0.118	0.151	0.0186875220277199	c6	ARRDC3
6.10616596244539e-07	0.831700809320901	0.158	0.138	0.018762416152806	c6	HLA-DRB1
6.14509539066457e-07	0.142426517607122	0.077	0.104	0.018882034606895	c6	SLC25A32
6.15055640142933e-07	0.113505105872468	0.059	0.083	0.0188988146546719	c6	TYK2
6.23953754363718e-07	0.111466497907992	0.035	0.053	0.019172227010334	c6	SACS
6.64628703125468e-07	0.121709565113535	0.045	0.065	0.0204220461609363	c6	CERS4
6.83294317928098e-07	0.122883075801323	0.059	0.083	0.0209955845069767	c6	CHID1
6.88724195276056e-07	0.181846935227125	0.154	0.196	0.0211624283482474	c6	LMF2
6.97856291886163e-07	0.161024916508898	0.079	0.106	0.0214430302807861	c6	CEP350
7.11039361431497e-07	0.220156138962786	0.173	0.218	0.0218481064587056	c6	LBR
7.12687339839843e-07	0.119223960308871	0.053	0.075	0.0218987438912589	c6	ARFGEF1
7.14517285674758e-07	0.652797071621109	0.193	0.173	0.0219549726369283	c6	BTN3A1
7.39644174766975e-07	0.130188459056834	0.04	0.06	0.0227270465580648	c6	RARS
7.54968176213226e-07	0.230105472519099	0.174	0.219	0.0231979071505038	c6	STARD7
7.60270941573707e-07	0.136848814586042	0.126	0.162	0.0233608452217353	c6	FOXN3
7.80766651287854e-07	0.155648837242442	0.054	0.076	0.0239906168941219	c6	WWP1
8.24964850673446e-07	0.124765945966668	0.074	0.101	0.025348694966643	c6	ZDHHC12
8.32125074456847e-07	0.202163035828089	0.054	0.077	0.0255687071628356	c6	ARL4D
8.49670818014949e-07	0.138033741170764	0.063	0.087	0.0261078352251453	c6	ZNF335
8.72388607942426e-07	1.07850922958266	0.024	0.015	0.0268058847562469	c6	STAG3
8.86034600062961e-07	0.139716753383132	0.042	0.062	0.0272251851561346	c6	RABGEF1
8.98439805188054e-07	0.204562061449797	0.108	0.141	0.0276063598940133	c6	MRPL28
9.05591515061341e-07	0.128448657320503	0.072	0.098	0.0278261104832898	c6	TP53TG1
9.07289411465466e-07	0.177418041075794	0.155	0.195	0.0278782817460994	c6	CDC25B
9.23910842618062e-07	0.151514629906783	0.112	0.146	0.0283890084611252	c6	VPS36
9.27475732101998e-07	0.115467684570426	0.123	0.158	0.0284985468202981	c6	AIMP1
9.34499265934851e-07	0.211980893845522	0.064	0.088	0.0287143589443802	c6	UBR5
9.37511578230437e-07	0.147934483474206	0.062	0.086	0.0288069182642866	c6	BET1
9.4234791541094e-07	0.187900442379604	0.04	0.059	0.0289555243968319	c6	SERTAD2
9.45670509481979e-07	0.148194405563958	0.074	0.101	0.0290576177448528	c6	IWS1
9.47361850681902e-07	0.779428402087301	0.045	0.031	0.0291095875859028	c6	EPHA1-AS1
9.5109527313692e-07	1.62126636719498	0.019	0.01	0.0292243044576782	c6	A2M-AS1
9.56896647730604e-07	0.43962987524896	0.363	0.362	0.0294025632948183	c6	CTSC
9.69963808205808e-07	0.100586656540828	0.077	0.103	0.0298040779347399	c6	MIA3
9.87542329786454e-07	0.220199742618609	0.059	0.083	0.0303442131673484	c6	NOL12
9.88648726373871e-07	0.224711321557392	0.065	0.089	0.0303782094152899	c6	TRPM7
1.00265446829471e-06	0.178850300259235	0.032	0.049	0.0308085638472914	c6	CWF19L1
1.01658142956976e-06	0.19434288417891	0.182	0.228	0.0312364975863901	c6	ZNF428
1.01981618131525e-06	0.183566394985697	0.093	0.123	0.0313358918032736	c6	USP47
1.02597812198179e-06	0.143420592963379	0.05	0.071	0.0315252297541344	c6	SELO
1.04229147302374e-06	0.162768112309895	0.041	0.061	0.0320264900916005	c6	CRCP
1.08253135347497e-06	0.112132004422528	0.078	0.104	0.0332629408982255	c6	DDB1
1.09755374066941e-06	0.138858468144551	0.178	0.222	0.0337245337895489	c6	SH3GLB1
1.0989015908223e-06	0.104687999581437	0.326	0.4	0.0337659491811969	c6	TOMM6
1.10113250563028e-06	0.174197028894539	0.166	0.207	0.0338344985005016	c6	ACTN4
1.11900965792468e-06	0.251450382257925	0.062	0.086	0.0343838097590516	c6	GOSR1
1.14173628013068e-06	0.106531741587008	0.059	0.082	0.0350821306795753	c6	LONP2
1.15970201754209e-06	0.13784176630821	0.089	0.117	0.0356341638930157	c6	KAT8
1.1702072185964e-06	0.11814991969252	0.056	0.079	0.0359569572058117	c6	RALBP1
1.17085024103649e-06	0.708372749816282	0.162	0.143	0.0359767153563283	c6	SLAMF6
1.18231859340187e-06	0.179385040526988	0.047	0.067	0.0363291034194594	c6	C14orf142
1.19267078771426e-06	0.181825788429476	0.224	0.278	0.036647195294096	c6	PPP3CC
1.21216105036666e-06	0.161651445692769	0.035	0.053	0.0372460725946163	c6	MTSS1
1.23267648404741e-06	0.172273153138657	0.095	0.126	0.0378764503253247	c6	TUSC2
1.27203451073116e-06	0.161611965698079	0.077	0.103	0.0390858044112362	c6	ACBD6
1.27969614674211e-06	0.124959349091579	0.072	0.098	0.0393212235009447	c6	ARL16
1.28549968358112e-06	0.19416294399204	0.138	0.176	0.0394995487773972	c6	EHD1
1.29418132241967e-06	0.165670194652693	0.046	0.066	0.0397663094939891	c6	RNGTT
1.31926129129346e-06	0.218550501747954	0.136	0.174	0.0405369416975742	c6	CCDC88C
1.33058429924135e-06	0.190316611924406	0.077	0.104	0.0408848637627889	c6	SMEK1
1.34717595179285e-06	0.141443691980186	0.073	0.098	0.041394675470739	c6	CUL5
1.39449282045492e-06	0.203361051457241	0.086	0.114	0.0428485808941182	c6	ZNF148
1.40064213635019e-06	0.169689446287061	0.07	0.095	0.0430375309236323	c6	NADSYN1
1.42964641034784e-06	0.208422196854115	0.066	0.09	0.0439287452507581	c6	MRPL19
1.4621253115508e-06	0.196747915917161	0.23	0.285	0.0449267244480214	c6	MFSD10
1.47862139872844e-06	0.150061697384259	0.048	0.069	0.0454335997187287	c6	LTN1
1.47927573675635e-06	0.100962994807575	0.09	0.118	0.0454537055633122	c6	SRM
1.48509902186254e-06	0.200987225068033	0.184	0.23	0.0456326376447702	c6	TRA2A
1.48899427651359e-06	0.104175661907587	0.051	0.073	0.045752327134433	c6	TMEM245
1.50498900323613e-06	0.173503930779843	0.072	0.098	0.0462437971024365	c6	SNHG3
1.50633968058537e-06	0.129809607228976	0.034	0.052	0.0462852993653466	c6	DHRS13
1.53780542031858e-06	0.14736587699908	0.043	0.063	0.0472521471501289	c6	WDR26
1.56481701623226e-06	0.108183723288066	0.083	0.11	0.0480821324577685	c6	PRPF18
1.56614329823268e-06	0.139123187598199	0.059	0.082	0.0481228851247955	c6	ANKRD17
1.56943320967911e-06	0.255575914619551	0.077	0.104	0.0482239742338102	c6	C3orf17
1.59838734108594e-06	0.126999650637453	0.058	0.081	0.0491136478295477	c6	TBP
