p_val	avg_log2FC	pct.1	pct.2	p_val_adj	cluster	gene
0	2.63048949054054	0.988	0.675	0	13	CCL4
0	2.4515832584125	1	0.781	0	13	NKG7
0	2.40189106625449	0.977	0.63	0	13	GZMH
0	2.22767393597357	0.923	0.408	0	13	FCGR3A
0	2.04454769334802	0.901	0.523	0	13	FGFBP2
0	1.93363699616632	0.998	0.866	0	13	CST7
0	1.92639444561136	0.985	0.619	0	13	AOAH
0	1.89951885011821	0.989	0.791	0	13	CTSW
0	1.88055038774532	0.862	0.463	0	13	PTGDS
0	1.83276612926356	0.952	0.593	0	13	TPST2
0	1.80906645670355	0.98	0.774	0	13	PRF1
0	1.57776093816187	0.969	0.864	0	13	LITAF
0	1.54430105658117	0.996	0.736	0	13	GZMB
0	1.53959105919662	0.84	0.537	0	13	FCER1G
0	1.53672914607896	1	0.998	0	13	ACTB
0	1.51500258918012	0.994	0.78	0	13	RTN4
0	1.51205279880599	0.976	0.637	0	13	MAP3K8
0	1.50202106120121	0.839	0.599	0	13	SPON2
0	1.46396461716236	0.886	0.356	0	13	CX3CR1
0	1.44815497342894	0.932	0.599	0	13	CCL3
0	1.43930832172124	0.857	0.444	0	13	KLRF1
0	1.43475716276298	0.799	0.534	0	13	ZEB2
0	1.41991531040811	0.751	0.456	0	13	S1PR5
0	1.36716627975709	0.968	0.741	0	13	NR4A2
0	1.35121418944792	0.962	0.777	0	13	ID2
0	1.32178742685048	0.982	0.775	0	13	TNFRSF1B
0	1.28953356067354	0.906	0.55	0	13	MATK
0	1.22213262486433	0.996	0.792	0	13	ATOX1
0	1.19666917400583	0.85	0.644	0	13	KLRG1
0	1.19056842398075	0.982	0.845	0	13	CLEC2B
0	1.17114852768606	0.999	0.985	0	13	PPIA
0	1.15838990521335	0.782	0.691	0	13	PLAC8
0	1.115088870919	0.997	0.816	0	13	CCL5
0	1.08273207107738	0.796	0.431	0	13	ADRB2
0	1.06363207511009	0.911	0.718	0	13	C12orf75
0	1.06070612497584	0.869	0.65	0	13	NCR3
0	1.0419585950065	0.982	0.687	0	13	CCND2
0	1.04184080376306	0.949	0.773	0	13	LAIR2
0	1.02882875144181	0.986	0.831	0	13	CARD16
0	1.01735133181109	0.854	0.704	0	13	FLNA
0	1.00996336565432	0.987	0.799	0	13	ATP6V0D1
0	1.00262398546887	1	0.985	0	13	PFN1
0	0.992579391776659	0.758	0.557	0	13	EFHD2
0	0.960228736241211	0.946	0.776	0	13	LGALS1
0	0.956059225427614	1	0.989	0	13	ACTG1
0	0.927991684447279	0.988	0.833	0	13	CCT6A
0	0.920783435381256	0.893	0.718	0	13	FAM65B
0	0.918968939832749	0.983	0.737	0	13	H2AFY
0	0.912171135806562	0.811	0.712	0	13	CLIC3
0	0.885903863731648	0.849	0.438	0	13	CCL4L2
0	0.862164922328547	0.795	0.537	0	13	KLRK1
0	0.857048552921509	0.964	0.756	0	13	CTSS
0	0.855886911952132	0.978	0.781	0	13	CPNE3
0	0.824793170182391	0.947	0.778	0	13	CDK2AP2
0	0.820654165283186	0.965	0.911	0	13	UCP2
0	0.818756417295544	0.89	0.646	0	13	HSH2D
0	0.796467152512713	0.988	0.925	0	13	ATP5G3
0	0.788735790136586	0.889	0.413	0	13	LILRB1
0	0.788016345842989	0.787	0.425	0	13	SH2D1B
0	0.769600696576783	0.997	0.981	0	13	CFL1
0	0.762309661977235	0.984	0.761	0	13	IKZF2
0	0.755335380126796	0.989	0.7	0	13	GTF2I
0	0.749189561881267	0.739	0.215	0	13	LOC101060789
0	0.746918155672085	0.997	0.963	0	13	S100A4
0	0.728796958266505	0.998	0.687	0	13	SPAG16
0	0.726324620322683	0.929	0.487	0	13	CD160
0	0.718882226879609	0.96	0.833	0	13	EMP3
0	0.710056434699982	0.796	0.52	0	13	MTSS1
0	0.703470031521476	0.891	0.663	0	13	AGTRAP
0	0.702229640040613	0.895	0.805	0	13	ITGB2
0	0.702201810998345	0.964	0.768	0	13	LRRFIP1
0	0.694446668533901	0.971	0.778	0	13	SMS
0	0.678935199886983	0.974	0.736	0	13	SH2D1A
0	0.67404195904523	0.845	0.306	0	13	IGFBP7
0	0.674038259256721	0.986	0.771	0	13	TMPO
0	0.672055827032326	0.883	0.615	0	13	LAIR1
0	0.667567383132946	1	0.994	0	13	GAPDH
0	0.660682965512205	0.998	0.743	0	13	EIF4EBP1
0	0.65991353637193	0.981	0.748	0	13	RNASEH2B
0	0.659216867912477	0.955	0.698	0	13	RNH1
0	0.653736649335356	0.977	0.822	0	13	KDELR2
0	0.650672003100605	0.864	0.526	0	13	CDKN2D
0	0.630764369478819	0.997	0.728	0	13	BZW2
0	0.622133158142065	0.925	0.732	0	13	ATP1B3
0	0.61503579094259	0.983	0.672	0	13	CARS
0	0.614542842236232	0.935	0.667	0	13	SRRT
0	0.609794103501462	0.976	0.558	0	13	CRTAM
0	0.605065067106092	0.981	0.938	0	13	IFITM2
0	0.60024223167732	0.968	0.593	0	13	HIST2H2BC
0	0.593476586402119	0.848	0.568	0	13	ASCL2
0	0.567197051139308	0.971	0.743	0	13	BCAS2
0	0.562298819161036	0.998	0.979	0	13	SH3BGRL3
0	0.558744596993864	0.972	0.764	0	13	APOBEC3C
0	0.552832445171363	0.927	0.667	0	13	SNHG15
0	0.549852902827745	0.976	0.491	0	13	ERRFI1
0	0.549469503361339	0.99	0.601	0	13	FBXO25
0	0.532517395334272	0.925	0.698	0	13	USP11
0	0.532238809071449	0.995	0.699	0	13	CD70
0	0.531542123855469	0.999	0.693	0	13	EZH2
0	0.522194915359108	0.94	0.657	0	13	FNDC3B
0	0.51940287626677	0.975	0.663	0	13	TMIGD2
0	0.517837843084216	0.976	0.642	0	13	SCPEP1
0	0.515714475822918	0.974	0.791	0	13	GSTO1
0	0.515190269493692	0.971	0.766	0	13	COMT
0	0.510649763407675	0.878	0.602	0	13	APLP2
0	0.506189031216311	0.979	0.649	0	13	ALAS1
0	0.501264562760738	0.984	0.644	0	13	RNASEH2A
0	0.497783009890213	0.987	0.765	0	13	HDLBP
0	0.497575974184172	0.953	0.699	0	13	DNAJB9
0	0.474319302661898	0.942	0.73	0	13	DDIT3
0	0.47002639776325	0.949	0.611	0	13	ABHD2
0	0.46965093318395	0.989	0.763	0	13	PLSCR1
0	0.460453142472221	0.985	0.816	0	13	PIM2
0	0.460278574441241	0.991	0.746	0	13	HIST1H2AM
0	0.456173665057303	0.797	0.316	0	13	SIGLEC7
0	0.425274446404952	0.98	0.644	0	13	HIST1H4F
0	0.424653529222196	0.897	0.674	0	13	RIN3
0	0.416408268170412	0.923	0.683	0	13	SKAP2
0	0.401185940349649	0.963	0.675	0	13	CDK6
0	0.394888001467333	0.994	0.592	0	13	CDHR3
0	0.391540653622082	0.871	0.599	0	13	DPEP2
0	0.391406129129327	0.977	0.642	0	13	SPTBN1
0	0.388360326982429	0.841	0.61	0	13	CAPNS1
0	0.384025440777886	0.846	0.525	0	13	FAM46A
0	0.38286870407433	0.962	0.539	0	13	DDAH2
0	0.379310411187968	0.978	0.609	0	13	GAA
0	0.377858513138574	0.995	0.407	0	13	EMR2
0	0.372378270095656	0.986	0.792	0	13	ITGAE
0	0.361044722417743	0.985	0.495	0	13	PDGFRB
0	0.360894110749118	0.912	0.591	0	13	NUAK2
0	0.360055734830146	0.977	0.607	0	13	LOC102723797
0	0.359852543203063	0.999	0.803	0	13	HIST1H1B
0	0.356895676651723	0.941	0.605	0	13	HIST3H2A
0	0.354113905877684	0.956	0.762	0	13	PPT1
0	0.353559594188937	0.878	0.554	0	13	RP9
0	0.351295910945849	1	0.511	0	13	SERPINF1
0	0.349384548550778	0.954	0.512	0	13	GNAO1
0	0.349026529985598	0.907	0.691	0	13	SUPT16H
0	0.345897002355525	0.982	0.602	0	13	DUS4L
0	0.344701161391238	0.922	0.561	0	13	C8orf33
0	0.34449475458375	0.971	0.608	0	13	ATP2A2
0	0.339272895617244	0.754	0.671	0	13	RAMP1
0	0.330385809871211	0.889	0.484	0	13	PIM3
0	0.328662988358731	0.924	0.56	0	13	HDHD2
0	0.328497264038083	0.967	0.604	0	13	GFOD1
0	0.325366606900685	0.959	0.561	0	13	CMSS1
0	0.318307872603186	0.972	0.681	0	13	KLRC2
0	0.316015579455841	0.895	0.501	0	13	DPYSL2
0	0.315750992560592	0.814	0.701	0	13	LOC100288798
0	0.315321173889358	0.898	0.641	0	13	RMDN3
0	0.313728017249293	0.949	0.783	0	13	GBP1
0	0.312190926642928	0.99	0.533	0	13	LYZ
0	0.309633142014523	0.959	0.826	0	13	CADM1
0	0.3062316655681	0.9	0.441	0	13	DBN1
0	0.30542778130302	0.98	0.638	0	13	NAGA
0	0.303518731813773	0.953	0.598	0	13	SLC1A4
0	0.303163897783147	0.798	0.576	0	13	CXXC5
0	0.301676571909135	0.964	0.667	0	13	MCM6
0	0.299704575351962	0.919	0.612	0	13	GLA
0	0.298255254968186	0.951	0.622	0	13	GNLY
0	0.298218200607335	0.885	0.625	0	13	NSRP1
0	0.297296382800355	0.895	0.631	0	13	MSMO1
0	0.293443847970189	0.898	0.634	0	13	TMEM106C
0	0.289241574315384	0.938	0.711	0	13	KPNA2
0	0.284324026240931	0.927	0.584	0	13	OGFRL1
0	0.282977933751241	0.932	0.496	0	13	TNFSF14
0	0.282162984964942	0.995	0.606	0	13	SYK
0	0.280717814250245	0.981	0.568	0	13	UNC93B1
0	0.280091389403541	0.955	0.568	0	13	AVPI1
0	0.268544609364666	0.948	0.593	0	13	KDM6B
0	0.260225341444993	1	0.443	0	13	VMO1
0	0.259271789715568	0.962	0.628	0	13	RFC4
0	0.256494228480336	0.996	0.617	0	13	KIAA1524
0	0.255267078817228	0.738	0.48	0	13	NCAM1
0	0.254600374192538	0.901	0.672	0	13	BID
0	0.254111844440926	0.998	0.702	0	13	HMMR
0	0.251582221048755	0.861	0.598	0	13	LOC101929065
0	-0.2551515820024	0.889	0.803	0	13	CCR4
0	-0.25628995846528	0.152	0.678	0	13	RDX
0	-0.258076479795998	0.173	0.577	0	13	VAT1
0	-0.260867236854055	0.416	0.728	0	13	LMNB1
0	-0.263605788065618	0.133	0.639	0	13	CTNNA1
0	-0.263721340784803	0.006	0.48	0	13	KIF11
0	-0.264865405579264	0.265	0.66	0	13	MFSD1
0	-0.265870241558128	0.146	0.518	0	13	TFDP1
0	-0.268179439897007	0.075	0.545	0	13	LST1
0	-0.269176358644217	0.24	0.777	0	13	MYL6B
0	-0.273180845766452	0.123	0.522	0	13	PLK2
0	-0.273333052441615	0.503	0.734	0	13	CCL20
0	-0.280352372896823	0.094	0.445	0	13	ENC1
0	-0.281626914931306	0.275	0.677	0	13	HIST1H2AC
0	-0.285185824604879	0.291	0.657	0	13	NCOA7
0	-0.285913139609273	0.128	0.583	0	13	BTLA
0	-0.289181910921238	0.323	0.646	0	13	LOC102724850
0	-0.293912894580958	0.703	0.782	0	13	LOC102724246
0	-0.294874075690317	0.271	0.599	0	13	RUNX2
0	-0.296374120046363	0.096	0.704	0	13	TIAM1
0	-0.298902463551721	0.094	0.61	0	13	SPATS2L
0	-0.302611783912311	0.174	0.654	0	13	MAST4
0	-0.303553298479807	0.516	0.793	0	13	IFI44L
0	-0.307401077943109	0.154	0.587	0	13	MX2
0	-0.311452632030432	0.191	0.571	0	13	WDR54
0	-0.315572017795704	0.185	0.539	0	13	PTPRE
0	-0.316777819950548	0.571	0.814	0	13	STAM
0	-0.323413755099769	0.218	0.608	0	13	BAG3
0	-0.323621667100433	0.312	0.737	0	13	SMCO4
0	-0.327135228361227	0.312	0.756	0	13	HERC5
0	-0.335442664659388	0.007	0.488	0	13	BBS12
0	-0.338106594188584	0.189	0.596	0	13	DNASE2
0	-0.339162563614583	0.135	0.462	0	13	EDARADD
0	-0.342589352548161	0.082	0.594	0	13	ARHGAP5
0	-0.344832713101065	0.673	0.846	0	13	NGFRAP1
0	-0.348702787529411	0.298	0.642	0	13	HEXA
0	-0.348859871846432	0.185	0.649	0	13	RAB11FIP1
0	-0.35001094621214	0.101	0.772	0	13	LOC100293211
0	-0.357978806739922	0.126	0.611	0	13	NIF3L1
0	-0.36100511664156	0.352	0.722	0	13	ADI1
0	-0.362234461354025	0.508	0.781	0	13	ADK
0	-0.365276940295848	0.365	0.708	0	13	ATP2B1
0	-0.372485177332372	0.211	0.465	0	13	MYBL1
0	-0.380225629503265	0.217	0.687	0	13	CD59
0	-0.383606376112606	0.117	0.619	0	13	BLVRB
0	-0.394608903673437	0.181	0.674	0	13	TCTN3
0	-0.394908105978417	0.317	0.666	0	13	ERN1
0	-0.403000797794329	0.244	0.726	0	13	IFI44
0	-0.418631585186061	0.104	0.864	0	13	IGJ
0	-0.428620631987724	0.315	0.82	0	13	CTSH
0	-0.432274278868596	0.11	0.46	0	13	KLRAP1
0	-0.438419591141628	0.098	0.521	0	13	RFWD2
0	-0.4478661864518	0.263	0.702	0	13	SESN3
0	-0.449263455188074	0.116	0.584	0	13	LRPPRC
0	-0.477669969784476	0.331	0.665	0	13	REL
0	-0.489228903135884	0.098	0.563	0	13	SYVN1
0	-0.492854082208179	0.028	0.414	0	13	TCF7L2
0	-0.49991331509716	0.743	0.89	0	13	RTKN2
0	-0.508315742597439	0.559	0.775	0	13	MAGEH1
0	-0.512445679428109	0.137	0.623	0	13	PTTG1IP
0	-0.513212350151722	0.149	0.661	0	13	THEMIS2
0	-0.515168159323591	0.188	0.643	0	13	NINJ1
0	-0.515536862121535	0.253	0.61	0	13	RANBP2
0	-0.515677808205149	0.459	0.791	0	13	RILPL2
0	-0.517332743722634	0.279	0.707	0	13	HLA-DMA
0	-0.517393687776542	0.603	0.744	0	13	CH25H
0	-0.521663970040668	0.15	0.566	0	13	MXD1
0	-0.528086309265528	0.247	0.649	0	13	TUBA1C
0	-0.531233589662459	0.047	0.704	0	13	PPP1R14B
0	-0.53412395745554	0.255	0.752	0	13	RNF13
0	-0.542116208974814	0.194	0.664	0	13	CNIH4
0	-0.577577794562145	0.181	0.74	0	13	NUDT1
0	-0.580501674242637	0.122	0.534	0	13	SLC7A5
0	-0.583167133988371	0.005	0.301	0	13	LOC102723407
0	-0.583306098335713	0.077	0.649	0	13	MCM5
0	-0.603813996568023	0.289	0.782	0	13	MX1
0	-0.605388576315533	0.609	0.748	0	13	SGK1
0	-0.612007688139586	0.136	0.628	0	13	PER1
0	-0.61212499303538	0.223	0.58	0	13	RAPGEF6
0	-0.620295731697929	0.532	0.838	0	13	IFI6
0	-0.624351909590684	0.242	0.79	0	13	RALA
0	-0.627368193962288	0.159	0.728	0	13	TNFRSF25
0	-0.639222749749932	0.223	0.74	0	13	MANF
0	-0.647331491793979	0.122	0.645	0	13	LOC100130476
0	-0.647503328844756	0.175	0.733	0	13	MAN2B1
0	-0.656013281963291	0.681	0.89	0	13	PPA1
0	-0.659310006276057	0.159	0.792	0	13	XAF1
0	-0.662265656801359	0.527	0.756	0	13	LEF1
0	-0.664115465158058	0.342	0.709	0	13	NELL2
0	-0.675597301904846	0.828	0.939	0	13	TNFSF13B
0	-0.683744685193142	0.02	0.769	0	13	MGST2
0	-0.685164552357012	0.219	0.753	0	13	IFI35
0	-0.687075934247014	0.487	0.816	0	13	CTSB
0	-0.69970698446099	0.387	0.764	0	13	SNRPD1
0	-0.700068759943816	0.198	0.772	0	13	PTRHD1
0	-0.703768768611979	0.273	0.703	0	13	LOC101928173
0	-0.714700396172857	0.208	0.741	0	13	CD28
0	-0.723700869475692	0.187	0.654	0	13	CARHSP1
0	-0.74037543724581	0.071	0.478	0	13	LOC101929734
0	-0.747745588473832	0.725	0.813	0	13	TMEM14C
0	-0.757606418049983	0.001	0.713	0	13	POU2AF1
0	-0.765379194066644	0.537	0.781	0	13	TRAT1
0	-0.780979809214532	0.18	0.72	0	13	TARSL2
0	-0.785227599396191	0.835	0.869	0	13	MAL
0	-0.787961104033647	0.038	0.704	0	13	GPATCH4
0	-0.790781920614443	0.455	0.846	0	13	STAT1
0	-0.809868377019646	0.056	0.609	0	13	QSOX1
0	-0.821016938347519	0.338	0.922	0	13	ENTPD1
0	-0.826445682561939	0.357	0.768	0	13	G3BP2
0	-0.8282973707207	0.162	0.403	0	13	PTGDR
0	-0.858113157779788	0.02	0.53	0	13	DAPK2
0	-0.867483254784267	0.049	0.59	0	13	FXYD1
0	-0.870963989549729	0.048	0.686	0	13	ARL3
0	-0.873186897104868	0.365	0.78	0	13	GBP5
0	-0.882475686866541	0.098	0.643	0	13	JARID2
0	-0.904210983205538	0.404	0.811	0	13	TOB1
0	-0.909754296461437	0.394	0.734	0	13	BAX
0	-0.943281439622207	0.254	0.767	0	13	HIF1A
0	-0.972142556649387	0.067	0.667	0	13	TNFSF8
0	-0.975379911293075	0.376	0.821	0	13	CCR7
0	-1.00259554504223	0.285	0.708	0	13	PIM1
0	-1.00542446532669	0.205	0.715	0	13	LYST
0	-1.01166752868404	0.105	0.69	0	13	CFAP97
0	-1.01785364065197	0.663	0.897	0	13	HERPUD1
0	-1.05634457154938	0.148	0.777	0	13	CCT5
0	-1.06937864378581	0.086	0.607	0	13	PAG1
0	-1.08357614098491	0.415	0.85	0	13	NAP1L1
0	-1.13110577353488	0.914	0.975	0	13	LDHB
0	-1.13941086456626	0.519	0.839	0	13	TNFRSF4
0	-1.14371718485422	0.909	0.882	0	13	CTLA4
0	-1.16251696050943	0.265	0.753	0	13	NFKBIZ
0	-1.25483803885872	0.206	0.801	0	13	BIRC3
0	-1.268137489533	0.987	0.994	0	13	RPLP0
0	-1.33772816238156	0.772	0.898	0	13	DUSP1
0	-1.39222596324325	0.494	0.839	0	13	H2AFZ
0	-1.42340906763512	0.668	0.907	0	13	PPP1R15A
0	-1.43180423746644	0.642	0.861	0	13	HSPA1B
0	-1.43755468340502	0.456	0.822	0	13	GPX4
0	-1.47241710222719	0.898	0.943	0	13	DNAJB1
0	-1.47298054029146	0.653	0.849	0	13	HSPA1A
0	-1.5056118892223	0.365	0.753	0	13	FOSB
0	-1.72290375522252	0.262	0.814	0	13	LINC00152
0	-1.85715823549247	0.616	0.958	0	13	LDHA
0	-2.02146995474314	0.882	0.976	0	13	NFKBIA
0	-2.28443308392009	0.562	0.914	0	13	IL7R
0	-2.42609150810772	0.638	0.917	0	13	LTB
2.02232936978202e-307	0.264489932573846	0.966	0.805	6.06698810934606e-304	13	GZMA
1.02780267794465e-305	-0.454755001230094	0.318	0.648	3.08340803383396e-302	13	PFKFB3
1.03387321972054e-304	0.544212812043631	0.965	0.84	3.10161965916161e-301	13	C1QBP
1.60152100435732e-302	0.846835771720068	0.972	0.88	4.80456301307196e-299	13	DBI
3.31415796687903e-302	-0.306858681771041	0.466	0.688	9.9424739006371e-299	13	PAFAH1B3
3.41318681679276e-301	-0.355929870541216	0.521	0.73	1.02395604503783e-297	13	GALNT2
6.60219065381407e-299	-0.805338659249859	0.999	0.998	1.98065719614422e-295	13	RPS8
2.61244622820924e-298	0.611488022040968	0.99	0.912	7.83733868462772e-295	13	HIST1H4C
4.46257030784862e-297	-0.571383691826101	0.37	0.692	1.33877109235459e-293	13	METTL12
1.57062289769771e-294	-0.256631327374163	0.45	0.724	4.71186869309312e-291	13	FBXO32
8.44945276474444e-290	-0.869546987316245	0.966	0.893	2.53483582942333e-286	13	DNPH1
2.04238341910032e-288	0.915083069657156	0.942	0.862	6.12715025730097e-285	13	HSP90B1
5.55342474294713e-288	0.729369525084052	0.965	0.779	1.66602742288414e-284	13	TAGAP
3.87688092654683e-286	0.782943180074952	0.904	0.766	1.16306427796405e-282	13	KLRB1
1.29146380234781e-285	0.553627844781722	0.949	0.768	3.87439140704343e-282	13	APOBEC3G
8.673485653667e-284	-0.291000219720317	0.534	0.747	2.6020456961001e-280	13	SHMT2
1.05240725644364e-283	0.754367029391111	0.858	0.666	3.15722176933091e-280	13	CMC1
1.81235278288719e-283	0.767550328753848	0.947	0.853	5.43705834866156e-280	13	GSTP1
1.08868529550354e-281	0.255111603806845	0.763	0.571	3.26605588651062e-278	13	IL18BP
4.95270934301853e-281	0.528203294666864	0.999	0.982	1.48581280290556e-277	13	MYL6
3.9469716394619e-280	-0.578685966100265	0.441	0.774	1.18409149183857e-276	13	IDH2
1.63596126259342e-279	0.602824003325799	0.959	0.78	4.90788378778027e-276	13	DEK
3.64473408889773e-279	-0.362788485526274	0.511	0.804	1.09342022666932e-275	13	PRDX3
3.057422140786e-276	-1.12423455769123	0.778	0.934	9.172266422358e-273	13	SSR4
2.31661487240743e-275	-0.494079048898096	0.9	0.815	6.94984461722228e-272	13	SNX9
3.63862087804041e-275	-0.263596626898606	0.658	0.735	1.09158626341212e-271	13	CENPM
1.6082991450044e-274	-0.343383211175463	0.359	0.669	4.82489743501319e-271	13	MAF
1.72778452981028e-272	-1.29838016308263	0.689	0.863	5.18335358943084e-269	13	ALOX5AP
8.88530421215417e-272	-0.417838961967223	0.35	0.648	2.66559126364625e-268	13	TRAF1
1.06741296207127e-269	0.414027263555792	0.951	0.86	3.20223888621381e-266	13	MT1E
2.0313227353425e-269	0.642771882134366	0.916	0.827	6.09396820602751e-266	13	IFITM3
3.23734496134899e-268	-1.13554990285847	0.892	0.949	9.71203488404697e-265	13	TNFAIP3
5.1203967007403e-267	0.497347816547476	0.871	0.631	1.53611901022209e-263	13	ILF3-AS1
1.88004697123376e-266	0.762452610471883	0.96	0.867	5.64014091370129e-263	13	PRDM1
6.7104497086629e-266	0.586186308503075	0.952	0.796	2.01313491259887e-262	13	SDCBP
9.84164997902361e-266	-0.778103118059874	0.595	0.817	2.95249499370708e-262	13	ISG15
7.50939820549708e-265	-0.327677416724107	0.473	0.692	2.25281946164912e-261	13	SERINC5
7.45602571610939e-264	0.868115470526776	0.763	0.637	2.23680771483282e-260	13	SH3BP5
6.1706796841619e-262	-0.315159817229904	0.398	0.693	1.85120390524857e-258	13	ANP32E
5.77762133368432e-261	-0.311759640201165	0.398	0.695	1.73328640010529e-257	13	TXNDC17
8.04526208622139e-261	-0.329683174340848	0.416	0.722	2.41357862586642e-257	13	PLIN2
1.644835170363e-260	-0.262873771258052	0.743	0.783	4.93450551108899e-257	13	MZB1
3.35973481775012e-259	-0.939014975485007	0.376	0.632	1.00792044532503e-255	13	LOC101060038
1.65984867137096e-253	0.615551497841887	0.934	0.8	4.97954601411289e-250	13	AP2S1
9.05842625732592e-253	-0.712440787362308	0.504	0.776	2.71752787719778e-249	13	IGFLR1
2.27853091702586e-252	-0.813981687173658	0.437	0.649	6.83559275107757e-249	13	CDKN1A
1.18747543895114e-251	1.08455588447972	0.718	0.601	3.56242631685341e-248	13	PLEK
6.84716696415546e-250	-0.260239030476578	0.707	0.75	2.05415008924664e-246	13	GK
6.09757689092717e-249	0.530610269835462	0.889	0.686	1.82927306727815e-245	13	RUNX3
5.90385610565551e-248	-0.387772293582215	0.865	0.766	1.77115683169665e-244	13	GPR25
2.43869542144309e-244	0.478098377618811	0.762	0.505	7.31608626432928e-241	13	LAMP1
3.34035235712123e-244	-0.351023089999861	0.449	0.719	1.00210570713637e-240	13	TESPA1
4.88569694624824e-236	1.10977399016432	0.699	0.484	1.46570908387447e-232	13	GPR56
5.40836937118553e-236	-0.625095412398439	0.582	0.82	1.62251081135566e-232	13	LOC100996809
1.75497792671487e-235	-0.442159525292598	1	0.999	5.2649337801446e-232	13	RPS12
8.66715223655051e-232	-0.771696205155847	0.685	0.807	2.60014567096515e-228	13	RBPJ
3.8897165971538e-231	-0.745002277859557	0.492	0.764	1.16691497914614e-227	13	IRF1
7.32293812054069e-230	0.380545006641705	0.662	0.468	2.19688143616221e-226	13	RASSF4
8.07109795118409e-230	0.519829974088524	0.849	0.608	2.42132938535523e-226	13	RNA45S5
1.71966140104787e-229	0.690539418737383	0.941	0.836	5.15898420314362e-226	13	HSPA5
4.06558354957058e-229	-0.327051434527138	0.879	0.778	1.21967506487117e-225	13	FAAH2
9.0151188920337e-225	0.517208291384187	0.804	0.646	2.70453566761011e-221	13	KLF2
1.91537205970534e-223	-0.873436757428988	0.783	0.844	5.74611617911601e-220	13	GPX1
2.97822894168385e-222	1.26063513586963	0.693	0.583	8.93468682505156e-219	13	TYROBP
3.04139896610455e-217	-0.287870773599164	0.428	0.72	9.12419689831365e-214	13	MGAT1
2.45006613352107e-216	0.689603168510056	0.934	0.844	7.35019840056322e-213	13	SAMHD1
1.6407050468612e-213	0.383113064631376	0.969	0.867	4.9221151405836e-210	13	TALDO1
3.31179809341814e-212	-0.444140328176406	0.441	0.725	9.93539428025443e-209	13	IFRD1
6.61229737399962e-212	-0.366017795081859	0.333	0.533	1.98368921219989e-208	13	LINC00892
4.83624277850423e-209	-0.25559401458698	0.573	0.685	1.45087283355127e-205	13	CYSTM1
9.0769288902789e-209	-0.80866759695724	0.816	0.839	2.72307866708367e-205	13	TNFRSF18
1.98385967316269e-208	0.436818939058573	0.83	0.629	5.95157901948808e-205	13	B4GALT1
3.37165213716055e-208	0.251792310699887	0.69	0.39	1.01149564114817e-204	13	LYN
1.44452513492941e-206	0.7051496690316	0.932	0.849	4.33357540478822e-203	13	SH2D2A
4.18010179141961e-206	0.670071199051428	0.792	0.673	1.25403053742588e-202	13	P2RY8
2.86155315210347e-204	0.328122171287622	0.82	0.618	8.58465945631042e-201	13	PLA2G16
6.22997058588863e-202	0.756553552589856	0.778	0.661	1.86899117576659e-198	13	STARD3NL
1.03786934767939e-200	-0.459464413547893	0.166	0.529	3.11360804303818e-197	13	NCF1
4.22494413713412e-199	-0.278551288824747	0.471	0.683	1.26748324114023e-195	13	APOBEC3H
4.06287479333655e-198	-0.317717723593158	0.382	0.646	1.21886243800096e-194	13	NABP1
4.41501320887896e-195	-0.330789561786545	0.522	0.761	1.32450396266369e-191	13	TOX
5.38635082976275e-194	-0.932664436617628	0.85	0.781	1.61590524892882e-190	13	GPR183
1.67438473065676e-193	0.614210758012452	0.766	0.598	5.02315419197028e-190	13	CDC25B
1.36754479166279e-191	-1.10075628493633	0.953	0.965	4.10263437498838e-188	13	CD69
7.92844550991494e-191	0.268517451251622	0.761	0.494	2.37853365297448e-187	13	MTRNR2L8
2.67594690196604e-188	0.507075135650837	0.928	0.81	8.02784070589812e-185	13	C19orf10
2.92433401896396e-186	0.255558790270361	0.892	0.75	8.77300205689189e-183	13	MIS18BP1
1.0686987887143e-185	-0.282380372215642	0.971	0.619	3.2060963661429e-182	13	ITM2C
3.0771037638655e-185	-0.471265277543502	0.618	0.769	9.23131129159649e-182	13	IRF7
1.40516884513011e-183	0.612019276084637	0.992	0.929	4.21550653539034e-180	13	DDIT4
1.56392688167498e-183	-0.702436508445445	0.807	0.778	4.69178064502495e-180	13	AQP3
4.8506689769107e-183	-0.732006641225311	0.484	0.673	1.45520069307321e-179	13	ICOS
5.89257515908672e-183	-0.620840613365093	0.468	0.718	1.76777254772602e-179	13	FLT3LG
1.15349716359885e-180	-0.878960222045822	0.744	0.874	3.46049149079655e-177	13	PKM
1.17774985644167e-180	0.367513777887426	0.963	0.8	3.533249569325e-177	13	TPM4
1.44677946954015e-178	0.701599451538365	0.811	0.705	4.34033840862044e-175	13	LYAR
6.28678731076455e-177	0.293750934790592	0.872	0.708	1.88603619322937e-173	13	SMC1A
1.48294099812903e-176	-0.278730304900955	0.337	0.611	4.44882299438709e-173	13	VOPP1
3.88469824607709e-175	0.677098600362318	0.843	0.741	1.16540947382313e-171	13	HMGN3
6.00861212962747e-172	-0.389763004187182	0.574	0.772	1.80258363888824e-168	13	RPA3
3.37277009954912e-171	-0.300687465055958	0.455	0.68	1.01183102986474e-167	13	SMIM3
6.81552237074822e-171	-0.638519615669327	0.723	0.877	2.04465671122446e-167	13	TXN
3.07050448927908e-169	0.493379316617782	0.858	0.68	9.21151346783723e-166	13	PTPN22
5.8874211344118e-166	0.40196749581105	0.976	0.81	1.76622634032354e-162	13	ITM2A
4.2138423609551e-165	0.272364656300244	0.944	0.808	1.26415270828653e-161	13	SNRPE
2.19068906233584e-164	-0.295307197177549	0.461	0.651	6.57206718700753e-161	13	CHN1
3.32521210022764e-158	-0.284077836356254	0.683	0.816	9.97563630068292e-155	13	IMPDH2
1.09715804116541e-157	0.747499951739636	0.674	0.51	3.29147412349623e-154	13	TTC38
6.43721832039425e-157	-0.319317699127248	0.442	0.653	1.93116549611828e-153	13	MARCKSL1
1.69187134220549e-155	-0.36015095182512	0.84	0.578	5.07561402661648e-152	13	KLRC1
2.92264612543508e-155	-1.00999399680238	0.714	0.83	8.76793837630523e-152	13	CLDND1
6.43957195159196e-155	-0.250366317634508	0.541	0.783	1.93187158547759e-151	13	U2SURP
1.07233006127298e-154	-0.338343190018308	0.472	0.711	3.21699018381895e-151	13	MRPL18
1.21234110954171e-154	-0.896178847562028	0.678	0.856	3.63702332862512e-151	13	HMGN2
4.65251039070157e-149	-0.578940401697466	0.535	0.672	1.39575311721047e-145	13	ZNF331
1.43271590924674e-146	-0.314324371672346	0.616	0.837	4.29814772774022e-143	13	VAMP5
4.44927123593898e-146	0.324666805526466	0.971	0.874	1.3347813707817e-142	13	VDAC1
1.60474031408857e-145	0.286432858116009	0.9	0.744	4.81422094226572e-142	13	PTPN6
3.24214350069546e-145	-0.744763608236357	0.666	0.829	9.72643050208639e-142	13	CYCS
4.62702097891824e-142	-0.953312944685307	0.983	0.982	1.38810629367547e-138	13	VIM
1.28522574572664e-141	0.321957778750895	0.993	0.961	3.85567723717991e-138	13	CORO1A
8.37757584489986e-141	-0.354033972787642	0.591	0.771	2.51327275346996e-137	13	TIMP1
1.82817707483561e-138	0.534857149615341	0.946	0.824	5.48453122450683e-135	13	SQSTM1
6.12352569019733e-134	0.405477446180235	0.675	0.524	1.8370577070592e-130	13	SYNGR1
3.56254714388875e-132	-0.358609481698314	0.938	0.897	1.06876414316662e-128	13	EPSTI1
1.51549222408596e-131	-0.583227871289814	0.647	0.778	4.54647667225787e-128	13	TSPYL2
1.64517316743072e-131	0.500149897528219	0.863	0.736	4.93551950229216e-128	13	TMEM2
4.8340713286295e-131	-0.321599577681148	0.487	0.726	1.45022139858885e-127	13	GLIPR2
5.67694452517024e-131	-1.01365284783028	0.579	0.666	1.70308335755107e-127	13	PHLDA1
6.91424984818797e-130	-0.391968641175666	1	1	2.07427495445639e-126	13	EEF1A1
8.01782361842944e-128	-0.277351378712947	1	1	2.40534708552883e-124	13	RPLP1
2.07175448325303e-127	0.394702396323378	0.974	0.893	6.21526344975908e-124	13	IER2
2.43234629488303e-127	-0.461117641628459	0.715	0.766	7.2970388846491e-124	13	CD4
7.47885358796488e-127	-0.984532117274083	0.858	0.933	2.24365607638947e-123	13	S100A11
4.30937114834045e-126	-1.06089623351514	0.972	0.981	1.29281134450213e-122	13	CD74
8.43775941372196e-126	-0.255547175641015	0.478	0.689	2.53132782411659e-122	13	PPP1R10
1.18945381839217e-125	0.267954452731664	0.944	0.789	3.5683614551765e-122	13	NHP2
2.73441434429241e-125	-0.551436604077752	0.99	0.858	8.20324303287724e-122	13	FOXP3
3.07082871325488e-125	-0.337964645050273	0.466	0.633	9.21248613976463e-122	13	ARL4A
7.07872654745221e-125	0.454549258966702	0.942	0.867	2.12361796423566e-121	13	TUBB
4.69886570236675e-124	-0.44835130017126	0.357	0.567	1.40965971071003e-120	13	DNAJB4
4.80243018377169e-124	-0.528451131476552	0.517	0.702	1.44072905513151e-120	13	PTGER4
2.85675104483385e-122	0.492613738371376	0.65	0.636	8.57025313450157e-119	13	AKR1C3
8.67135546043455e-120	-0.54408555086394	0.518	0.635	2.60140663813037e-116	13	PELO
1.15058188809343e-118	0.469479253360283	0.934	0.779	3.4517456642803e-115	13	SLC2A3
1.39679313083303e-117	0.506903579601375	0.748	0.65	4.1903793924991e-114	13	HOPX
5.87114411609068e-115	-0.286681404733003	0.775	0.667	1.76134323482721e-111	13	ADAM19
1.32998523439356e-114	0.509969273728434	0.823	0.734	3.98995570318068e-111	13	ICAM2
6.04302561748046e-114	-0.719135257306686	0.747	0.86	1.81290768524414e-110	13	TSPO
8.03910363526153e-114	0.293836388486725	0.732	0.578	2.41173109057846e-110	13	MIDN
2.04851758711623e-113	-0.926010329972235	0.681	0.807	6.14555276134868e-110	13	BATF
1.69531920281483e-112	0.321225535473524	0.807	0.688	5.08595760844448e-109	13	LIPA
2.84389821077938e-110	-0.624102624683959	0.767	0.908	8.53169463233813e-107	13	PGAM1
8.02085300096329e-109	-0.419082279279873	0.564	0.766	2.40625590028899e-105	13	CMTM6
8.67229503243491e-109	-0.597502566400787	0.837	0.809	2.60168850973047e-105	13	GCHFR
1.26249065252296e-108	-0.472010318833578	0.884	0.743	3.78747195756888e-105	13	ID3
2.48740926534269e-108	-0.380548574592301	0.803	0.833	7.46222779602808e-105	13	MTHFD2
5.38311843135409e-106	-0.504605713528298	0.748	0.818	1.61493552940623e-102	13	CKS2
1.52195545101623e-105	0.282745709024626	0.661	0.46	4.56586635304869e-102	13	ITGB2-AS1
4.9835316482468e-105	-0.454684154707061	0.925	0.624	1.49505949447404e-101	13	EGR1
3.08014798761496e-104	-0.716604463490876	0.826	0.706	9.24044396284487e-101	13	AMICA1
4.14249382060419e-103	-0.317012531044488	0.613	0.667	1.24274814618126e-99	13	AHR
4.25372336305246e-103	0.361793353379244	0.885	0.853	1.27611700891574e-99	13	CTSC
6.22212952395004e-103	0.374382582711672	0.97	0.905	1.86663885718501e-99	13	COX5A
8.50976774833801e-103	-0.79295858947162	0.96	0.969	2.5529303245014e-99	13	UBC
1.29542890803744e-101	0.440679155004752	0.974	0.925	3.88628672411231e-98	13	SLC25A5
7.4390948093242e-101	-0.654863103947052	0.823	0.926	2.23172844279726e-97	13	ENO1
8.1090385407199e-97	0.267740447589935	0.982	0.903	2.43271156221597e-93	13	SAT1
1.59452898074342e-96	-0.526541759537419	0.998	0.993	4.78358694223025e-93	13	PTMA
1.11661335447793e-95	0.449550734108058	0.97	0.951	3.34984006343379e-92	13	ARPC1B
3.61818517317308e-95	-1.13140650794551	0.968	0.881	1.08545555195192e-91	13	CD27
1.43350301188783e-94	-0.355998533713355	0.627	0.847	4.30050903566348e-91	13	P4HB
4.5453050170747e-94	0.529760025662505	0.758	0.64	1.36359150512241e-90	13	MAPRE2
6.72754075995041e-94	-0.447696986328424	0.595	0.624	2.01826222798512e-90	13	SLAMF1
5.5369225828286e-92	-0.323027027267584	0.976	0.801	1.66107677484858e-88	13	PASK
6.9693708775731e-92	0.821234634340353	0.611	0.441	2.09081126327193e-88	13	FGR
1.41932751045032e-90	0.293835363546739	0.996	0.982	4.25798253135097e-87	13	TSC22D3
1.34876463431518e-87	-0.376556532662882	0.671	0.812	4.04629390294555e-84	13	DUT
1.91050028518327e-87	0.558623510816094	0.608	0.432	5.73150085554981e-84	13	TBX21
1.0824631681135e-86	-0.614396471011397	0.947	0.827	3.24738950434051e-83	13	ACP5
1.39755796153317e-85	0.314444441485422	0.888	0.794	4.19267388459951e-82	13	BANF1
9.68500068997508e-85	-0.474952167924528	0.667	0.825	2.90550020699252e-81	13	HMGB2
1.13834169706865e-84	0.275838751045944	0.798	0.663	3.41502509120594e-81	13	ATP6AP1
2.85632467951827e-83	-0.508642812370499	0.624	0.667	8.56897403855482e-80	13	LOC284454
5.68754105600163e-83	0.436484319577999	0.996	0.942	1.70626231680049e-79	13	CD7
1.85226225320858e-82	-0.65453316245044	0.888	0.894	5.55678675962573e-79	13	PRDX1
1.99128152507082e-82	-0.555946574693916	0.768	0.861	5.97384457521245e-79	13	DYNLL1
4.76014528399836e-79	-0.991976081223736	0.594	0.732	1.42804358519951e-75	13	CD8A
6.94000455205763e-78	0.466393312034038	0.645	0.57	2.08200136561729e-74	13	CEP78
6.50076139511285e-77	0.425578166730602	0.885	0.769	1.95022841853386e-73	13	NEAT1
7.66933218945837e-77	-0.319082124934279	0.622	0.616	2.30079965683751e-73	13	CPNE7
1.9717579102272e-76	-0.535562368131053	0.8	0.577	5.91527373068161e-73	13	XCL1
4.01249959681243e-75	0.264995536157734	0.855	0.793	1.20374987904373e-71	13	PYCARD
4.07541657808211e-75	-0.971860929605605	0.87	0.93	1.22262497342463e-71	13	MT2A
5.65608200808086e-74	-2.73635749315375	0.726	0.722	1.69682460242426e-70	13	CXCL13
8.63032502495936e-73	-0.478614741874189	0.556	0.701	2.58909750748781e-69	13	RHOB
1.82094392853271e-72	-0.304220191515908	0.624	0.738	5.46283178559812e-69	13	EIF4A3
3.69064367567747e-72	-0.670734661190636	0.825	0.917	1.10719310270324e-68	13	CALM2
3.73912838832197e-72	-0.354944497154897	0.529	0.688	1.12173851649659e-68	13	AHNAK
4.02883179869488e-71	-0.436247174306198	0.909	0.743	1.20864953960846e-67	13	CCR6
7.02121637291081e-69	0.287216309249768	0.754	0.675	2.10636491187324e-65	13	S1PR4
1.37972195470911e-67	0.263350749378753	0.823	0.724	4.13916586412732e-64	13	RAB27A
4.46462848824742e-67	-0.688434525392378	0.906	0.957	1.33938854647423e-63	13	HMGB1
1.24352163760753e-66	0.432435268492505	0.866	0.836	3.7305649128226e-63	13	SERPINB1
3.85835985277501e-66	-0.280922075393208	0.726	0.863	1.1575079558325e-62	13	ATP6V1F
1.27052768125898e-63	0.262336100758536	0.972	0.922	3.81158304377693e-60	13	PSME2
4.01107256879307e-63	-0.463661233709475	0.498	0.607	1.20332177063792e-59	13	ANKRD28
4.8863519047286e-63	-0.329245538996029	0.777	0.822	1.46590557141858e-59	13	UGP2
2.7973418151543e-62	-0.617777455337093	0.992	0.984	8.3920254454629e-59	13	ZFP36
6.79322026908741e-62	-0.539997536452692	0.556	0.59	2.03796608072622e-58	13	LMNA
2.23075752643677e-60	-0.519394141030953	0.689	0.795	6.69227257931032e-57	13	TUBB4B
8.12267873518208e-59	0.456982972330167	0.649	0.617	2.43680362055463e-55	13	UBE2F
3.5559104488842e-58	-0.352945793148282	0.667	0.828	1.06677313466526e-54	13	ARL6IP1
4.25632682764767e-58	-0.29903935867378	0.694	0.82	1.2768980482943e-54	13	SLA
4.82974596149434e-58	0.304938685103903	0.621	0.516	1.4489237884483e-54	13	RNF130
9.70331249504897e-57	0.252889699891645	0.943	0.881	2.91099374851469e-53	13	POMP
1.29859521382374e-56	-0.914868754928343	0.961	0.819	3.89578564147121e-53	13	LGALS3
8.43991837565247e-55	-0.382923500414606	0.579	0.717	2.53197551269574e-51	13	NME2
1.57963056555701e-53	0.373121711914557	0.885	0.854	4.73889169667102e-50	13	EIF5A
2.39405426094612e-53	-0.309961639824095	1	0.997	7.18216278283836e-50	13	RPS18
1.38217993406214e-52	-1.61219289666365	0.694	0.727	4.14653980218642e-49	13	GZMK
3.31599334025458e-51	-0.803627270183673	0.937	0.911	9.94798002076375e-48	13	BTG2
1.22051581818736e-49	-0.367505974162999	0.787	0.748	3.66154745456208e-46	13	HNRNPLL
3.49649892693177e-49	-0.383723039836587	0.742	0.678	1.04894967807953e-45	13	MYC
1.81705266656332e-48	0.348330804122008	0.916	0.872	5.45115799968996e-45	13	PDIA6
8.56852512785116e-48	0.258188735219973	0.847	0.77	2.57055753835535e-44	13	ATP6V0B
2.61923147140552e-46	-0.453700604802736	0.739	0.722	7.85769441421655e-43	13	SOCS3
1.30475980992903e-45	-0.345585313285066	0.995	0.983	3.91427942978709e-42	13	JUNB
1.53612858909929e-45	-0.53720400554251	0.496	0.578	4.60838576729788e-42	13	CD40LG
5.33018214873241e-45	-0.277880817534558	0.899	0.735	1.59905464461972e-41	13	TBC1D4
7.99705688679626e-45	-0.419867020633004	0.846	0.805	2.39911706603888e-41	13	IL6ST
3.54447993513194e-39	-0.57172870853741	0.96	0.968	1.06334398053958e-35	13	MIF
1.05044533674193e-37	-0.323904537291179	0.934	0.722	3.15133601022579e-34	13	TYMP
6.03210621747081e-36	-0.721869850660512	0.725	0.708	1.80963186524124e-32	13	CKLF
6.17059361240401e-36	-0.418564715818291	0.834	0.84	1.8511780837212e-32	13	RNASET2
4.08538643844319e-35	-0.591583250397456	0.882	0.947	1.22561593153296e-31	13	SUB1
7.05138394438093e-35	-0.282577236092769	0.668	0.659	2.11541518331428e-31	13	P2RY10
3.57815467376692e-34	0.25062765619681	0.852	0.804	1.07344640213007e-30	13	DECR1
4.07952422396217e-33	0.412539154828466	0.562	0.197	1.22385726718865e-29	13	SLC1A7
5.37210888751224e-33	-0.337828559562194	0.779	0.831	1.61163266625367e-29	13	TMEM173
6.12632995268566e-33	-0.367122100265659	0.684	0.738	1.8378989858057e-29	13	NR3C1
1.76890503321668e-32	-0.505593319532059	0.957	0.822	5.30671509965003e-29	13	GPR171
2.94835843408459e-32	-0.273174022369001	0.79	0.9	8.84507530225376e-29	13	SELL
4.6026958353572e-32	-0.297228441349735	0.297	0.508	1.38080875060716e-28	13	GADD45G
1.58370023561462e-30	-0.283287646758144	0.669	0.793	4.75110070684385e-27	13	CD97
4.52381143845071e-30	0.26730159369802	0.496	0.669	1.35714343153521e-26	13	PXN
2.31020988116561e-28	0.344181184071533	0.461	0.572	6.93062964349683e-25	13	C1orf21
4.98440557528031e-28	-0.354742411119984	0.901	0.754	1.49532167258409e-24	13	FBLN7
2.2274818180296e-26	-0.549912499544182	0.829	0.818	6.6824454540888e-23	13	TUBA1A
1.23196658418506e-25	-0.278143921548493	0.64	0.713	3.69589975255519e-22	13	H2AFV
2.45553329604794e-25	-0.312801928254588	0.847	0.835	7.36659988814383e-22	13	ANXA5
4.03847918467568e-25	-0.659646494612772	0.916	0.751	1.21154375540271e-21	13	CXCR3
5.08255972035287e-25	0.28803773344785	0.735	0.684	1.52476791610586e-21	13	SYTL2
8.16231773744409e-24	-0.480888167611551	0.798	0.839	2.44869532123323e-20	13	TUBA4A
2.26045351983101e-21	-0.308300835854228	0.766	0.802	6.78136055949302e-18	13	YPEL5
1.82191694131725e-20	0.326654514829206	0.647	0.67	5.46575082395175e-17	13	ANXA4
4.01167433893885e-20	-0.434765380451861	0.83	0.545	1.20350230168165e-16	13	SPRY1
9.37801328875863e-20	-0.342530453141858	0.627	0.652	2.81340398662759e-16	13	MYADM
5.26013527669196e-17	-0.395362234354142	0.972	0.968	1.57804058300759e-13	13	HSP90AA1
1.42565491244069e-16	-0.33453716098049	0.984	0.79	4.27696473732207e-13	13	LDLRAD4
4.78665156977898e-15	0.558240284948733	0.648	0.719	1.4359954709337e-11	13	S1PR1
2.87248767044817e-14	-0.339852180106434	0.903	0.809	8.61746301134452e-11	13	HSPH1
1.40745924972216e-13	-0.272035083255806	0.831	0.864	4.22237774916648e-10	13	SNRPG
3.64975923109381e-13	-0.696971011432443	0.604	0.58	1.09492776932814e-09	13	RGCC
1.28556487772126e-12	-0.379343885199913	0.802	0.76	3.85669463316377e-09	13	CSRNP1
2.10976317617593e-12	-0.360306599945637	0.74	0.716	6.32928952852778e-09	13	H2AFX
4.11358974685811e-12	-0.488908836068967	0.622	0.58	1.23407692405743e-08	13	COTL1
5.73127402200947e-12	0.41446585722109	0.527	0.444	1.71938220660284e-08	13	SIGLEC17P
6.37293007942485e-12	-0.391087036292376	0.973	0.961	1.91187902382745e-08	13	CXCR4
1.76123006994807e-11	-0.978417559733667	0.988	0.792	5.2836902098442e-08	13	DUSP4
2.24732686202641e-11	-0.507185919975046	0.881	0.734	6.74198058607923e-08	13	LAG3
3.0082037559231e-11	0.584419840867858	0.55	0.479	9.02461126776929e-08	13	TARP
3.36423452564931e-11	-0.606731174971655	0.739	0.65	1.00927035769479e-07	13	CAPG
5.86659502563526e-10	-0.454194352072869	0.975	0.977	1.75997850769058e-06	13	IL32
8.09600280497157e-09	-0.479735948954049	0.988	0.977	2.42880084149147e-05	13	FTL
1.01602143289589e-08	-0.311281932248954	0.964	0.87	3.04806429868767e-05	13	ICA1
9.17029646674151e-08	-0.292477169089037	0.846	0.671	0.000275108894002245	13	DUSP16
2.53464367832281e-07	0.310397609096627	0.59	0.576	0.000760393103496844	13	GNPTAB
1.43364293907021e-06	-0.252671798277025	0.779	0.793	0.00430092881721062	13	NOSIP
2.48766138705759e-06	-0.323663107655803	0.938	0.849	0.00746298416117277	13	CORO1B
