p_val	avg_log2FC	pct.1	pct.2	p_val_adj	cluster	gene
0	2.25685653554452	0.982	0.79	0	11	GZMA
0	2.06160907691839	0.89	0.613	0	11	GNLY
0	1.85667138712592	0.952	0.72	0	11	GZMB
0	1.73064088413671	0.938	0.704	0	11	CD8A
0	1.65690801637455	0.934	0.715	0	11	LAG3
0	1.46714126422996	0.955	0.85	0	11	TIGIT
0	1.44657379339403	0.883	0.702	0	11	CXCL13
0	1.33437977895162	0.95	0.882	0	11	ENTPD1
0	1.28869055396112	0.872	0.781	0	11	HAVCR2
0	1.26920134858224	0.929	0.723	0	11	CD8B
0	1.25876936523042	0.853	0.637	0	11	IFNG
0	1.24947293512711	0.884	0.651	0	11	LOC101929531
0	1.23048431725755	0.931	0.846	0	11	SIRPG
0	1.2118950575031	0.954	0.757	0	11	PRF1
0	1.1841481393567	0.938	0.861	0	11	CTLA4
0	1.1522348057563	0.98	0.926	0	11	CD7
0	1.13615398335677	0.908	0.825	0	11	IFI6
0	1.07437390211594	0.845	0.563	0	11	KLRD1
0	1.06371740409024	0.901	0.827	0	11	ACP5
0	1.06090432706508	0.972	0.887	0	11	FKBP1A
0	1.05650288176308	0.912	0.77	0	11	CXCR6
0	1.05092498960782	0.834	0.606	0	11	CCL3
0	1.04856011319925	0.982	0.929	0	11	RGS1
0	1.04201260935677	0.977	0.773	0	11	NKG7
0	1.02079771844998	0.768	0.636	0	11	KIR2DL4
0	1.01623815543185	0.95	0.871	0	11	BST2
0	1.00806229618824	0.951	0.842	0	11	ALOX5AP
0	0.977027848809999	0.883	0.803	0	11	PDCD1
0	0.96364237287442	0.987	0.936	0	11	TPI1
0	0.918116906319013	0.804	0.789	0	11	LAYN
0	0.90985894300193	0.883	0.783	0	11	DUSP4
0	0.90496700801451	0.874	0.714	0	11	RAB27A
0	0.900799292919836	0.822	0.659	0	11	KLRC2
0	0.873769607550666	0.788	0.648	0	11	FAM3C
0	0.828420876176585	0.968	0.901	0	11	PGAM1
0	0.800620605092146	0.959	0.872	0	11	CTSD
0	0.760445424893542	0.829	0.561	0	11	KLRC1
0	0.683405532902427	0.816	0.706	0	11	ASB2
0	0.640568304463958	0.741	0.649	0	11	TNS3
0	0.629493652776264	0.997	0.995	0	11	GAPDH
0	0.531528998726222	0.826	0.652	0	11	PON2
0	0.513759570373557	0.843	0.676	0	11	LOC101928173
0	0.477557296657522	0.832	0.79	0	11	CD38
0	0.471995197202681	0.835	0.653	0	11	MT1F
0	0.458280798032102	0.775	0.729	0	11	ZBED2
0	0.428323799313398	0.801	0.603	0	11	GFOD1
0	0.409668238340765	0.902	0.848	0	11	MT1E
0	0.371777525759754	0.87	0.659	0	11	CD59
0	0.362062947496327	0.769	0.56	0	11	GTF3C1
0	0.353557689599997	0.893	0.739	0	11	STMN1
0	0.339522292207391	0.741	0.47	0	11	CD109
0	0.28083493854167	0.812	0.714	0	11	MT1L
0	0.263537675479437	0.73	0.565	0	11	REG4
0	-0.636915046394526	0.997	0.998	0	11	RPS18
0	-0.638996366240422	1	1	0	11	EEF1A1
0	-0.680699543234787	1	0.999	0	11	RPS12
0	-1.04682594449172	0.974	0.985	0	11	JUNB
0	-1.5335422482772	0.949	0.981	0	11	FOS
0	-2.01070221915411	0.847	0.886	0	11	IL7R
4.00182169900967e-303	0.771395520185135	0.868	0.788	1.2005465097029e-299	11	ITGAE
2.17266000729433e-301	0.432322460242901	0.758	0.573	6.51798002188298e-298	11	GCNT1
1.94091236720912e-295	-0.271097639971532	0.618	0.75	5.82273710162736e-292	11	LOC102724246
2.93242245567562e-291	0.370535694690726	1	0.998	8.79726736702685e-288	11	ACTB
4.39586686006003e-290	0.817585306593427	0.86	0.774	1.31876005801801e-286	11	FABP5
1.61351720868092e-285	0.461268244718338	0.828	0.766	4.84055162604276e-282	11	USP18
5.86443860605552e-282	1.05220704785752	0.777	0.75	1.75933158181666e-278	11	TNFRSF9
1.2817742036577e-280	0.70454627396987	0.868	0.749	3.8453226109731e-277	11	PTPN6
4.18495733398652e-279	0.746629822703449	0.731	0.545	1.25548720019595e-275	11	FASLG
9.34226026702805e-278	0.651102969851857	0.89	0.761	2.80267808010841e-274	11	APOBEC3G
1.40517870338722e-276	0.782667617788734	0.936	0.856	4.21553611016166e-273	11	DYNLL1
5.02286395868386e-271	1.00515653075024	0.895	0.807	1.50685918760516e-267	11	ISG15
1.63185652776116e-270	0.436547213573499	0.766	0.671	4.89556958328347e-267	11	INPP5F
5.25783991217382e-270	-0.694438272172578	0.651	0.795	1.57735197365214e-266	11	CCR7
4.71337163879903e-269	0.727922123719605	0.767	0.592	1.41401149163971e-265	11	KLRC3
7.97652862786455e-266	0.774829864992495	0.829	0.74	2.39295858835936e-262	11	TOX
1.33616445884746e-265	0.562444835033864	0.893	0.825	4.00849337654238e-262	11	MTHFD2
3.87485978113144e-264	0.734473315343578	0.847	0.702	1.16245793433943e-260	11	RHOB
4.67324501389141e-255	0.362623667313018	0.816	0.742	1.40197350416742e-251	11	MYL6B
1.91477792423862e-254	0.66417220102877	0.972	0.802	5.74433377271585e-251	11	CCL5
1.56569252826127e-252	-0.312681274380019	0.648	0.8	4.6970775847838e-249	11	CTSL
7.57037584512956e-251	0.673687109965983	0.947	0.848	2.27111275353887e-247	11	HMGN2
3.14300096871329e-248	0.276286797020925	0.753	0.586	9.42900290613986e-245	11	GSTM2
2.00841824284596e-246	0.410747279422297	0.907	0.672	6.02525472853789e-243	11	CCL4
1.02668872396232e-241	0.616889978243243	0.82	0.688	3.08006617188695e-238	11	LYST
4.24063449771103e-238	0.711714118943427	0.732	0.614	1.27219034931331e-234	11	PPAP2A
1.627203160475e-237	-1.25285603179995	0.782	0.898	4.88160948142499e-234	11	LTB
1.24191027278356e-236	0.639188025958597	0.82	0.683	3.72573081835068e-233	11	ABI3
3.5739487610958e-236	0.699272778503862	0.776	0.592	1.07218462832874e-232	11	ANKRD28
5.97154990189445e-234	-0.970630803863545	0.955	0.984	1.79146497056834e-230	11	VIM
1.09067954410464e-230	0.614247325199103	0.979	0.932	3.27203863231391e-227	11	LSP1
1.60410161380527e-230	-0.901102362742551	0.873	0.94	4.8123048414158e-227	11	S100A10
1.15449840688478e-229	-1.1665251029966	0.674	0.835	3.46349522065434e-226	11	ANXA1
3.04987485836885e-229	0.460944426621227	0.838	0.685	9.14962457510656e-226	11	TXNDC17
1.12378035449464e-224	-1.9142837561321	0.337	0.578	3.37134106348391e-221	11	LYZ
3.29880885434136e-223	0.555204092018324	0.75	0.626	9.89642656302407e-220	11	KLRC4
4.77887597954683e-221	0.556915973839741	0.886	0.807	1.43366279386405e-217	11	TPM4
1.69865664911955e-220	0.626007111513147	0.825	0.68	5.09596994735866e-217	11	RUNX3
4.99917379205015e-220	0.67978690661927	0.868	0.798	1.49975213761504e-216	11	RBPJ
3.69968409394502e-219	0.661399721814185	0.834	0.706	1.10990522818351e-215	11	IL2RB
5.56249609430583e-218	0.636695348251772	0.76	0.651	1.66874882829175e-214	11	TNIP3
2.37459930072422e-215	-0.621166497766367	0.778	0.852	7.12379790217267e-212	11	IGLL5
2.62065371714546e-214	0.699952099690863	0.684	0.552	7.86196115143637e-211	11	IFITM10
5.90643819332316e-214	0.77087067854955	0.763	0.713	1.77193145799695e-210	11	GALNT2
7.4273115600968e-214	0.613488847163439	0.928	0.873	2.22819346802904e-210	11	PDIA6
2.35746757681061e-213	0.6104880537112	0.926	0.851	7.07240273043182e-210	11	CTSC
4.33340365473316e-212	0.646330909144161	0.815	0.705	1.30002109641995e-208	11	AMICA1
1.92666246448567e-210	0.413144448389369	0.741	0.6	5.779987393457e-207	11	NINJ2
2.1230592845345e-208	0.999626479547984	0.829	0.756	6.36917785360349e-205	11	MX1
3.84198804024214e-207	0.593889443234014	0.875	0.757	1.15259641207264e-203	11	CD63
3.75949740923717e-203	0.626726426766456	0.857	0.785	1.12784922277115e-199	11	GBP2
1.09153678149495e-202	-1.13925455035809	0.843	0.902	3.27461034448484e-199	11	IER2
5.32285422259142e-199	0.369705683828777	0.757	0.77	1.59685626677743e-195	11	HMOX1
3.73237337410366e-198	0.548267205019922	0.962	0.909	1.1197120122311e-194	11	COX5A
6.25447765798522e-196	-0.651511860928354	0.414	0.645	1.87634329739556e-192	11	KLRG1
1.23649097062681e-195	0.46988498595409	0.886	0.789	3.70947291188042e-192	11	PRDX3
5.14770246784306e-194	0.476611246923228	1	0.991	1.54431074035292e-190	11	SRGN
4.14361818349482e-192	-0.52251716889335	0.999	0.998	1.24308545504845e-188	11	RPS8
4.35597176428564e-191	0.550907003277944	0.906	0.834	1.30679152928569e-187	11	PRDX5
5.11998680359211e-188	0.533570499518752	0.872	0.788	1.53599604107763e-184	11	LINC00152
6.42916590173478e-188	0.418911695192626	0.898	0.788	1.92874977052043e-184	11	IL6ST
1.59608198267691e-183	0.416939624654314	0.866	0.802	4.78824594803074e-180	11	LAP3
2.18310811382925e-182	0.493752516997588	0.926	0.874	6.54932434148776e-179	11	CD27
3.31741354023116e-182	0.490677831199541	0.867	0.755	9.95224062069347e-179	11	RPA3
3.05583545574649e-181	0.56036649486372	0.873	0.78	9.16750636723946e-178	11	CDK2AP2
1.56925670040771e-178	0.397441856337891	0.832	0.62	4.70777010122314e-175	11	GZMH
2.36645207733561e-178	0.644415263311104	0.839	0.768	7.09935623200684e-175	11	IGFLR1
3.48700445788904e-176	-0.805740220082773	0.808	0.914	1.04610133736671e-172	11	HIST1H4C
1.04166235940803e-174	0.617628591740307	0.881	0.805	3.12498707822408e-171	11	SLA
1.16541401973166e-170	-0.271053414126047	0.557	0.714	3.49624205919499e-167	11	RIPK2
6.40922183519508e-169	0.610862937939824	0.763	0.597	1.92276655055852e-165	11	LOC101060038
7.05841271492595e-169	0.430066418876317	0.667	0.452	2.11752381447779e-165	11	LOC100996919
2.08973221426213e-167	0.490065677191077	0.893	0.819	6.2691966427864e-164	11	RNF19A
5.12370647065433e-167	-0.568576081621751	0.533	0.7	1.5371119411963e-163	11	PLAC8
9.90773212078974e-167	0.570901709353129	0.882	0.777	2.97231963623692e-163	11	CREM
5.80402546641149e-166	0.486088527538901	0.875	0.78	1.74120763992345e-162	11	TNFRSF1B
5.13169322848742e-163	0.381267963072481	0.815	0.725	1.53950796854623e-159	11	PELI1
6.18622308628175e-160	0.532984141107868	0.945	0.904	1.85586692588453e-156	11	LY6E
3.1475919792311e-159	0.262757218817171	0.79	0.658	9.44277593769331e-156	11	APOBEC3H
3.53595035684914e-158	0.502249882843004	0.843	0.719	1.06078510705474e-154	11	BAX
5.15818369812427e-158	0.34486290943564	0.693	0.575	1.54745510943728e-154	11	LOC100505501
1.30742418423132e-157	-0.796459220409081	0.731	0.805	3.92227255269396e-154	11	NPC2
3.38333508315647e-156	0.369032643920254	0.94	0.86	1.01500052494694e-152	11	GSTP1
1.04073009768276e-155	0.350683986797613	0.803	0.701	3.12219029304827e-152	11	SEPHS2
1.68814015126821e-155	0.491038576734285	0.787	0.655	5.06442045380463e-152	11	PHLDA1
7.00727103422465e-155	-0.626898865848533	0.594	0.746	2.10218131026739e-151	11	UPP1
2.39293389792165e-154	0.360654191756537	0.985	0.958	7.17880169376494e-151	11	CORO1A
5.51014662821665e-152	0.492749343071815	0.846	0.761	1.65304398846499e-148	11	XAF1
9.88263982669016e-152	0.560620514638899	0.753	0.694	2.96479194800705e-148	11	CCL20
1.30410690529007e-151	0.327314656892802	0.716	0.547	3.91232071587022e-148	11	ZEB2
1.82669244212054e-150	0.361487501595051	0.848	0.741	5.48007732636162e-147	11	NUCB2
1.96485852812247e-149	0.381238009281973	0.743	0.62	5.89457558436741e-146	11	PELO
2.28856113891644e-149	-0.259136194570072	0.679	0.763	6.86568341674931e-146	11	FAAH2
5.76791513151773e-145	0.636528074532476	0.825	0.841	1.73037453945532e-141	11	OAS1
3.24245963064228e-144	0.416595999374088	0.902	0.802	9.72737889192685e-141	11	ITM2A
1.35729703233893e-143	0.520685655609769	0.876	0.889	4.07189109701679e-140	11	DNPH1
1.5067670119566e-143	0.385159721256605	0.904	0.841	4.52030103586979e-140	11	ANXA5
2.48812357746394e-143	-0.545014262241878	0.549	0.723	7.46437073239183e-140	11	FAM65B
2.52919194259907e-142	-0.28073139242374	0.609	0.742	7.58757582779723e-139	11	LY96
2.59556544894179e-142	0.462704508965946	0.906	0.848	7.78669634682537e-139	11	CALM3
4.31399575163142e-140	0.280326694736213	0.997	0.985	1.29419872548943e-136	11	PFN1
5.61962863745649e-139	0.26724716761534	0.763	0.725	1.68588859123695e-135	11	TBC1D4
6.37150404552831e-137	-0.689642618146361	0.952	0.961	1.91145121365849e-133	11	CXCR4
1.86125667253659e-136	0.431346262148915	0.956	0.922	5.58377001760977e-133	11	ENO1
1.9478614399185e-136	-1.12433621663966	0.751	0.823	5.84358431975551e-133	11	GADD45B
6.32908578050875e-136	-0.789899722647547	0.982	0.985	1.89872573415263e-132	11	ZFP36
1.8545543720862e-133	0.432633054267417	0.798	0.721	5.56366311625861e-130	11	PTTG1
2.39518853773388e-133	-1.08477098383078	0.276	0.469	7.18556561320165e-130	11	S100A9
4.13618367311935e-133	-0.421688285495496	1	0.999	1.2408551019358e-129	11	MALAT1
4.52840772380632e-133	-0.467810617019969	0.644	0.746	1.3585223171419e-129	11	THEM4
1.74693056487198e-130	0.448438786888904	0.711	0.619	5.24079169461594e-127	11	MAST4
6.27629368529707e-130	0.395225760921943	0.952	0.926	1.88288810558912e-126	11	PSME2
7.57315313370257e-128	-0.282886055106409	1	1	2.27194594011077e-124	11	RPLP1
1.66020409222013e-127	0.320607013162331	0.815	0.767	4.9806122766604e-124	11	HOXB2
2.03667413685001e-127	0.47618409708071	0.924	0.87	6.11002241055002e-124	11	PKM
4.13101837840589e-127	0.447351298051934	0.859	0.745	1.23930551352177e-123	11	HMGN3
4.44229295489006e-127	0.421270509907642	0.795	0.757	1.33268788646702e-123	11	APOBEC3C
1.01082900066464e-125	-0.470607557605029	0.995	0.994	3.03248700199391e-122	11	RPLP0
7.06055763066195e-124	0.417467534943804	0.99	0.966	2.11816728919859e-120	11	IFITM1
8.06996024173206e-124	-0.633075551689715	0.974	0.987	2.42098807251962e-120	11	PABPC1
2.71357189661245e-121	-0.351298955977231	0.521	0.677	8.14071568983734e-118	11	SPI1
3.6916185864471e-121	0.488722025734006	0.773	0.672	1.10748557593413e-117	11	PTPN22
3.77851901850119e-119	-0.509874481570836	0.621	0.733	1.13355570555036e-115	11	LEF1
2.01995297355727e-118	-0.880347819173345	0.975	0.972	6.05985892067182e-115	11	NFKBIA
7.92026352060154e-118	0.377677003122671	0.72	0.58	2.37607905618046e-114	11	PAG1
3.14505878623269e-117	0.333632781785035	0.936	0.884	9.43517635869806e-114	11	POMP
2.34014680327654e-116	-0.317307783923253	0.262	0.46	7.02044040982963e-113	11	C1QC
2.15522926959277e-115	0.499520852260381	0.849	0.812	6.4656878087783e-112	11	HM13
2.63965058759087e-114	0.36587379774055	0.981	0.945	7.91895176277262e-111	11	LDHA
9.38365728016168e-112	0.251971872899895	0.879	0.809	2.8150971840485e-108	11	AP2S1
1.66071031253598e-111	-0.751710726559034	0.5	0.676	4.98213093760794e-108	11	AREG
3.04754694695369e-111	0.423717155099633	0.703	0.652	9.14264084086107e-108	11	ARL3
3.44502756411438e-111	0.47866056816537	0.817	0.756	1.03350826923431e-107	11	GBP5
6.70398522307811e-111	0.343077564896419	0.994	0.983	2.01119556692343e-107	11	MYL6
2.27658909608718e-110	-2.26341279888598	0.719	0.835	6.82976728826153e-107	11	IGJ
7.56237366266369e-110	0.353816522307558	0.814	0.736	2.26871209879911e-106	11	HNRNPLL
9.66459301026127e-108	0.617496372416942	0.648	0.535	2.89937790307838e-104	11	MIR155HG
1.75193032743243e-107	-0.954113193577734	0.707	0.775	5.25579098229729e-104	11	TIMP1
6.23861830133242e-107	-0.50509136275539	0.984	0.983	1.87158549039972e-103	11	TSC22D3
3.71696633351186e-106	0.336524242759312	0.979	0.95	1.11508990005356e-102	11	ARPC1B
1.13409771995794e-105	-0.393200851792208	0.559	0.672	3.40229315987383e-102	11	MYC
2.42028102584751e-105	0.277144337935553	0.792	0.707	7.26084307754253e-102	11	ABLIM1
4.9814661597383e-105	0.3557138152387	0.9	0.82	1.49443984792149e-101	11	ARL6IP1
6.12550452636062e-105	0.271948683068919	0.987	0.97	1.83765135790819e-101	11	UBC
3.52824093895395e-104	-0.618180082983751	0.348	0.559	1.05847228168619e-100	11	C1orf162
8.5126821571376e-104	-0.921127452743083	0.665	0.752	2.55380464714128e-100	11	FOSB
9.25821666260346e-103	-0.422085987183733	0.454	0.62	2.77746499878104e-99	11	TCF7
1.20957461673291e-102	-0.513738939487221	0.658	0.74	3.62872385019874e-99	11	PTGER2
4.82132877599267e-102	-0.342237880449547	0.648	0.73	1.4463986327978e-98	11	SATB1
1.81096757358682e-101	0.435063024551027	0.928	0.889	5.43290272076047e-98	11	CALR
1.08325711226991e-100	0.302838637948424	0.915	0.871	3.24977133680973e-97	11	TALDO1
1.88601901571606e-100	-0.410732939237368	0.706	0.695	5.65805704714818e-97	11	S1PR1
9.91135117573571e-100	0.367967809960202	0.848	0.744	2.97340535272071e-96	11	G3BP2
1.42327581593834e-99	-0.273352067154615	0.569	0.741	4.26982744781501e-96	11	NMB
7.85575223410195e-99	0.364065071577943	0.705	0.697	2.35672567023058e-95	11	SCCPDH
1.05878138989859e-98	0.347297376491935	0.903	0.876	3.17634416969577e-95	11	VDAC1
8.14290945589742e-98	0.331949556466775	0.823	0.763	2.44287283676923e-94	11	IDH2
1.94379176872651e-96	0.292894796214893	0.755	0.701	5.83137530617954e-93	11	HLA-DMA
5.36582035178951e-96	0.345580266782688	0.869	0.802	1.60974610553685e-92	11	GPR171
8.73792778303799e-96	0.48272229486946	0.865	0.894	2.6213783349114e-92	11	EPSTI1
5.61662596531245e-95	0.437524746832588	0.634	0.553	1.68498778959373e-91	11	ATP8B4
2.6204038460699e-94	0.347402254910922	0.811	0.74	7.8612115382097e-91	11	VASP
2.70945196947995e-93	-0.336083908552236	0.453	0.585	8.12835590843984e-90	11	LOC102725101
2.92884977665246e-93	0.40522748259532	0.719	0.684	8.78654932995737e-90	11	CD70
3.36142590030395e-93	0.463284170308408	0.835	0.762	1.00842777009118e-89	11	HSPB1
9.17527858059261e-93	0.288636820600437	0.867	0.814	2.75258357417778e-89	11	CKS2
1.31601064521597e-92	0.488940469387138	0.702	0.731	3.9480319356479e-89	11	NDFIP2
2.6154894947566e-92	-0.322222169209752	0.79	0.87	7.84646848426981e-89	11	HIST1H1D
3.27719420348932e-92	0.267910183409457	0.935	0.884	9.83158261046795e-89	11	DBI
4.50799123373653e-92	0.28329843289792	0.88	0.786	1.35239737012096e-88	11	BATF
6.955215640654e-92	0.370055241655974	0.973	0.945	2.0865646921962e-88	11	SUB1
3.19346210035733e-91	0.285864468305619	0.727	0.652	9.58038630107199e-88	11	SYT11
4.52385284844037e-91	0.274116914299384	0.675	0.572	1.35715585453211e-87	11	RUNX2
1.58716956653849e-90	-0.417989996663274	0.466	0.631	4.76150869961547e-87	11	ITM2C
1.70164345201109e-90	0.317117297057732	0.834	0.807	5.10493035603326e-87	11	TMEM14C
2.18797286207351e-90	0.34372610140183	0.767	0.758	6.56391858622054e-87	11	JAKMIP1
6.45255927818298e-90	-0.565559991526209	0.726	0.817	1.93576778345489e-86	11	C10orf54
8.21813698980011e-90	0.416694461637295	0.904	0.841	2.46544109694003e-86	11	HSPA1A
2.05684220966003e-89	0.27944845212337	0.95	0.927	6.17052662898009e-86	11	ATP5G3
1.27781964471483e-88	0.435351552604552	0.844	0.746	3.83345893414449e-85	11	KLRB1
1.67670426931728e-88	0.405297607501505	0.734	0.751	5.03011280795184e-85	11	GPR25
2.32414980370388e-88	0.419022015443592	0.711	0.653	6.97244941111163e-85	11	MPST
2.99145675497616e-88	-0.336857862364283	0.598	0.735	8.97437026492849e-85	11	CCR6
3.2161517141213e-88	-0.411261141516377	0.665	0.735	9.64845514236391e-85	11	CH25H
3.16441691835991e-87	0.348893402163839	0.833	0.83	9.49325075507972e-84	11	CD82
4.45313041023729e-87	0.28791741799608	0.859	0.791	1.33593912307119e-83	11	BTG3
5.74583021018962e-87	0.513895122487576	0.768	0.733	1.72374906305689e-83	11	IFI35
3.20701908667264e-86	-0.847948238671853	0.528	0.68	9.62105726001792e-83	11	TNF
9.02621452074621e-86	0.301583402829404	0.743	0.649	2.70786435622386e-82	11	GABARAPL1
9.93174642963164e-86	-0.547139135572516	0.874	0.899	2.97952392888949e-82	11	DUSP1
4.62459176193598e-85	0.391005651922981	0.847	0.822	1.38737752858079e-81	11	SYNGR2
4.34407821051009e-83	0.277867192591907	0.956	0.91	1.30322346315303e-79	11	UCP2
1.113199366613e-82	0.394858245460066	0.805	0.805	3.33959809983899e-79	11	SNX9
5.11894869728776e-82	-0.655417487619694	0.803	0.846	1.53568460918633e-78	11	EMP3
4.51009764518895e-81	-0.256628008734499	0.134	0.207	1.35302929355668e-77	11	VCAN
7.76402123158264e-80	0.560510676982039	0.854	0.826	2.32920636947479e-76	11	STAT1
1.33648607348857e-79	-0.683694432118877	0.996	0.989	4.00945822046572e-76	11	FTH1
3.21802920277545e-79	0.447315877891902	0.623	0.477	9.65408760832635e-76	11	GPR56
3.71513516850195e-76	0.461500744439027	0.708	0.694	1.11454055055058e-72	11	FUT8
1.16940768322939e-75	0.365291937492742	0.978	0.938	3.50822304968818e-72	11	IFITM2
2.13715105548131e-75	0.346467123009603	0.627	0.521	6.41145316644393e-72	11	PRKAR1B
7.59590658200999e-75	-0.413474363093669	0.475	0.628	2.278771974603e-71	11	BCL2A1
8.78420652150552e-75	-0.719323034191805	0.492	0.646	2.63526195645166e-71	11	EGR1
1.00170471246879e-73	0.420471431804762	0.785	0.741	3.00511413740637e-70	11	PDE4D
2.94032388669024e-73	0.344007516974265	0.738	0.633	8.82097166007071e-70	11	MAPRE2
1.197183632103e-72	-0.282346570800914	0.558	0.623	3.591550896309e-69	11	LINC01272
2.05935186653551e-72	0.28206306503615	0.615	0.579	6.17805559960654e-69	11	C16orf45
3.00810173300974e-72	0.286006020180091	0.748	0.732	9.02430519902922e-69	11	MIR4435-1HG
1.40170178669432e-71	-0.352789315488498	0.484	0.645	4.20510536008295e-68	11	C1QA
7.3856378722798e-71	-0.67733749052756	0.555	0.654	2.21569136168394e-67	11	KLF2
6.42772181306535e-70	-0.737922924635925	0.899	0.91	1.9283165439196e-66	11	BTG2
1.68110565310796e-69	0.319332802021622	0.72	0.653	5.04331695932388e-66	11	CD151
9.54105770282256e-69	0.405851659305117	0.7	0.669	2.86231731084677e-65	11	CARS
1.61675778658734e-68	-0.701010301823005	0.88	0.881	4.85027335976201e-65	11	SELL
2.27761353831019e-68	0.279599158381656	0.847	0.837	6.83284061493056e-65	11	CARD16
4.15455372234068e-67	0.336787286926592	0.62	0.597	1.2463661167022e-63	11	LOC101927369
2.99157177770199e-66	-0.467409797578726	0.608	0.732	8.97471533310596e-63	11	SOCS3
3.94441892989706e-65	0.342984892162813	0.792	0.75	1.18332567896912e-61	11	RANBP1
6.5538868205452e-65	0.398437941698207	0.624	0.542	1.96616604616356e-61	11	SPRY1
3.87353444760133e-64	-0.41757031546149	0.281	0.445	1.1620603342804e-60	11	FCGR3A
1.8001532721056e-63	-0.617445506963386	0.628	0.736	5.4004598163168e-60	11	NR4A1
7.25337031749028e-63	0.263464273321898	0.678	0.62	2.17601109524709e-59	11	MCM5
4.56664273613094e-62	-0.610848452688984	0.338	0.286	1.36999282083928e-58	11	LOC102723407
8.01371651761499e-62	0.44832138274506	0.625	0.566	2.4041149552845e-58	11	SRGAP3
1.08329037666729e-61	-0.593104793587415	0.713	0.783	3.24987113000186e-58	11	SLC2A3
1.66438866565876e-61	0.332564051979275	0.667	0.597	4.99316599697629e-58	11	NEDD9
2.39912725742591e-61	-0.448310552055712	0.801	0.821	7.19738177227773e-58	11	APOC1
8.21643306919792e-60	0.367126142143135	0.794	0.768	2.46492992075938e-56	11	RGS2
5.95156478356957e-59	-0.296828526713427	0.518	0.639	1.78546943507087e-55	11	ILF3-AS1
1.40408575012228e-58	-0.545005597213383	0.537	0.657	4.21225725036685e-55	11	CDKN1A
2.49171558398619e-58	0.341051577396259	0.61	0.514	7.47514675195856e-55	11	SLC7A5
2.32775818418397e-56	0.256010585782179	0.887	0.832	6.9832745525519e-53	11	CNN2
9.25869554337611e-56	-2.11147974110162	0.681	0.742	2.77760866301283e-52	11	LOC100293211
1.08427684778241e-55	0.27890896089729	0.806	0.794	3.25283054334722e-52	11	PSMA4
4.36788052540356e-55	0.326921756128664	0.779	0.781	1.31036415762107e-51	11	GBP1
4.69146336798365e-55	0.316389172098959	0.737	0.701	1.40743901039509e-51	11	IFI44
1.46231765906118e-54	0.300906106452846	0.845	0.831	4.38695297718355e-51	11	VAMP5
1.14380493712932e-52	-0.326645647134124	0.526	0.654	3.43141481138797e-49	11	APOE
1.54518814424706e-52	-0.348050980302937	0.774	0.783	4.63556443274119e-49	11	PASK
9.34328584190215e-51	0.834732651021497	0.534	0.315	2.80298575257064e-47	11	KRT86
1.10462409977093e-50	-0.275362959262351	0.501	0.575	3.31387229931278e-47	11	FXYD7
9.1654719544187e-49	0.404848468606691	0.77	0.765	2.74964158632561e-45	11	IRF7
7.03797413441029e-48	0.282933480776862	0.789	0.749	2.11139224032309e-44	11	SNRPD1
9.79562241005449e-48	0.417471472725839	0.535	0.376	2.93868672301635e-44	11	ETV1
3.25179998780341e-47	-0.342604622899275	0.683	0.772	9.75539996341022e-44	11	AQP3
4.08844422199154e-47	0.259421725734845	0.614	0.572	1.22653326659746e-43	11	PDLIM7
2.24136615419384e-46	0.490901497961384	0.69	0.697	6.72409846258153e-43	11	CLIC3
1.00212354482192e-45	-0.457138978402158	0.951	0.96	3.00637063446575e-42	11	KLF6
1.23689721985324e-45	-0.536331336822267	0.478	0.596	3.71069165955973e-42	11	LMNA
1.51304175595995e-44	-0.470639946525718	0.914	0.926	4.53912526787985e-41	11	TAGLN2
1.32247168738352e-43	-0.41243514767374	0.503	0.588	3.96741506215056e-40	11	SESN1
1.61851971700398e-43	0.323033597928348	0.718	0.688	4.85555915101195e-40	11	CCND2
1.03648554439543e-42	-0.352793987299522	0.496	0.603	3.10945663318629e-39	11	TUBB2A
2.80202979933779e-42	-0.305642656533532	0.58	0.629	8.40608939801338e-39	11	SPINT2
2.61471284711893e-41	-0.454480121562198	0.585	0.628	7.84413854135678e-38	11	IER3
9.25931427956446e-41	-0.384374897809489	0.484	0.576	2.77779428386934e-37	11	C1QB
7.68248878000723e-40	-0.373886537193111	0.772	0.858	2.30474663400217e-36	11	MAL
2.01997413618254e-39	-0.470885739989292	0.586	0.656	6.05992240854761e-36	11	MYADM
3.29314181163245e-39	-0.305823427792652	0.831	0.846	9.87942543489734e-36	11	SAMHD1
2.71554559795735e-38	0.277455115633319	0.847	0.834	8.14663679387205e-35	11	CACYBP
6.00817620064959e-38	0.315723019495112	0.786	0.784	1.80245286019488e-34	11	PHPT1
1.01876609780438e-37	-0.259633452814972	0.743	0.803	3.05629829341314e-34	11	GCHFR
1.36551135775468e-37	0.31120694959693	0.569	0.493	4.09653407326403e-34	11	DAPK2
2.80460912994398e-36	-0.384859643838802	0.624	0.702	8.41382738983195e-33	11	FLT3LG
4.40752314460091e-36	0.492481046782037	0.605	0.645	1.32225694338027e-32	11	LINC01480
8.72096566706783e-36	-0.651991725200767	0.804	0.752	2.61628970012035e-32	11	AIF1
3.57735755655732e-33	-0.371696682610616	0.745	0.773	1.07320726696719e-29	11	BIRC3
3.6824609564995e-33	-0.559598571737585	0.467	0.548	1.10473828694985e-29	11	LST1
2.66533077518372e-32	-0.46985545666064	0.694	0.757	7.99599232555117e-29	11	NR4A2
4.46183700611949e-32	-0.276501929893144	0.635	0.645	1.33855110183585e-28	11	SH3BP5
7.84243715355863e-32	-0.39696911010949	0.779	0.848	2.35273114606759e-28	11	RNASET2
2.47268764449697e-31	-0.545502678374271	0.771	0.834	7.41806293349092e-28	11	TUBA4A
1.63067972191452e-30	-1.03792290685562	0.687	0.562	4.89203916574357e-27	11	FCER1G
2.97818886915995e-30	-0.501276269268352	0.64	0.688	8.93456660747986e-27	11	AHNAK
1.11687038092945e-29	-0.538977916832406	0.547	0.672	3.35061114278836e-26	11	HLA-DQB1
1.20038918041634e-29	-0.277886827231579	0.667	0.67	3.60116754124901e-26	11	P2RY8
1.25452705379556e-29	-0.516238566527923	0.576	0.635	3.76358116138668e-26	11	AOAH
1.99134593841777e-29	-0.513412020908037	0.68	0.722	5.9740378152533e-26	11	XBP1
2.12920565664531e-29	0.330895782269478	0.573	0.495	6.38761696993593e-26	11	CHRM3-AS2
2.56051046707253e-29	-0.402370530002264	0.566	0.629	7.68153140121758e-26	11	IFNGR1
3.77139816512313e-29	-0.321917810176869	0.522	0.519	1.13141944953694e-25	11	FGFBP2
5.33434313591779e-29	-0.263193990725964	0.471	0.499	1.60030294077534e-25	11	CYBB
1.38702830611351e-28	0.320059373750039	0.516	0.727	4.16108491834053e-25	11	IFIT1
1.1968027180166e-27	0.398824886753265	0.702	0.776	3.59040815404981e-24	11	PLSCR1
2.88285200927591e-27	0.511715724963042	0.599	0.615	8.64855602782773e-24	11	LOC102724850
4.18175859817495e-27	-1.74280908228171	0.48	0.577	1.25452757945249e-23	11	CST3
2.08668399397991e-26	-1.44229682634417	0.519	0.592	6.26005198193972e-23	11	LOC102725018
1.46080023164867e-25	0.558381063752516	0.598	0.612	4.382400694946e-22	11	OASL
1.55601021884123e-25	-0.444128287353477	0.604	0.675	4.66803065652369e-22	11	GRN
2.16893390131661e-25	0.454899227518271	0.564	0.522	6.50680170394982e-22	11	MYO7A
1.32790295928012e-24	-0.360900122964703	0.683	0.722	3.98370887784037e-21	11	SOD2
1.55679300285198e-24	-0.740966612010203	0.67	0.711	4.67037900855593e-21	11	GZMK
3.19045694246431e-24	-0.318181751178508	0.652	0.721	9.57137082739291e-21	11	DSTN
3.29799863460142e-24	-0.277619296767325	0.864	0.868	9.89399590380428e-21	11	RTKN2
6.35137512748822e-24	0.334478896740903	0.538	0.452	1.90541253824647e-20	11	PTMS
2.19639812926528e-23	-0.358565886755544	0.625	0.68	6.58919438779583e-20	11	SNHG15
3.21846968294575e-23	-0.456163322915093	0.757	0.734	9.65540904883724e-20	11	ICAM2
7.79122710910016e-23	-0.353616511931719	0.741	0.79	2.33736813273005e-19	11	NOSIP
1.22494345951729e-22	-0.311171173441585	0.627	0.72	3.67483037855188e-19	11	RNH1
1.23677555875537e-22	0.271923701402695	0.657	0.652	3.7103266762661e-19	11	HSH2D
1.5020698725827e-22	0.309432989427015	0.631	0.668	4.50620961774811e-19	11	BCL2L11
2.29282603970181e-21	-0.429102008988015	0.821	0.872	6.87847811910542e-18	11	TUBB
5.63273615748339e-21	-0.383105703274923	0.154	0.189	1.68982084724502e-17	11	FCN1
7.94558989457406e-21	-0.323642981386591	0.707	0.833	2.38367696837222e-17	11	LGALS3
9.63830606856718e-21	-0.273701651077578	0.527	0.63	2.89149182057015e-17	11	MS4A6A
4.95853330130465e-20	-1.37014455672818	0.555	0.606	1.4875599903914e-16	11	TYROBP
7.12440377020982e-20	0.451159989854946	0.594	0.664	2.13732113106295e-16	11	GEM
1.60286076391669e-19	-0.335224174967455	0.724	0.764	4.80858229175008e-16	11	CSRNP1
3.13080335341073e-19	0.258814924947733	0.643	0.728	9.39241006023218e-16	11	SMCO4
3.60550748931267e-19	0.303947436488262	0.594	0.654	1.0816522467938e-15	11	PDE7B
4.06750958995004e-19	-0.311256869950139	0.78	0.833	1.22025287698501e-15	11	SQSTM1
6.71030277960228e-19	-0.303471093015147	0.757	0.79	2.01309083388068e-15	11	RTN4
8.70607678355209e-19	-0.29972743890836	0.386	0.376	2.61182303506563e-15	11	MS4A7
4.24833132202057e-17	-0.324326665332349	0.915	0.9	1.27449939660617e-13	11	PPP1R15A
6.31064221956468e-17	-0.299640266980026	0.616	0.632	1.89319266586941e-13	11	TNFSF8
2.60943131881615e-16	0.270390350528663	0.527	0.446	7.82829395644844e-13	11	DBN1
3.47997873728771e-16	-0.325777200392244	0.746	0.784	1.04399362118631e-12	11	TAGAP
4.82918927751079e-16	0.290172354824478	0.531	0.534	1.44875678325324e-12	11	MYO1E
8.82966415261125e-16	-0.30584373287018	0.535	0.546	2.64889924578337e-12	11	PLAUR
9.50024632254602e-16	0.268337973793398	0.644	0.738	2.85007389676381e-12	11	ETV7
1.13780780978757e-15	-0.52365261950528	0.966	0.951	3.41342342936271e-12	11	CD69
3.56492197328444e-13	0.641509556020325	0.626	0.654	1.06947659198533e-09	11	TMIGD2
3.80870035411407e-13	-0.37897070924387	0.989	0.976	1.14261010623422e-09	11	JUN
5.93682579907621e-13	-0.404603077027225	0.95	0.942	1.78104773972286e-09	11	TNFAIP3
2.10071426181442e-12	-1.74152452897578	0.581	0.658	6.30214278544326e-09	11	IFI30
3.27960391010124e-12	-0.287256403656324	0.717	0.753	9.83881173030371e-09	11	TRAT1
1.80863119855923e-11	-0.26648666748892	0.714	0.691	5.42589359567768e-08	11	ATP2B1
1.30407799979566e-09	-0.401750081804277	0.812	0.829	3.91223399938697e-06	11	TUBA1B
6.73504969869597e-09	-0.321924660454905	0.633	0.634	2.02051490960879e-05	11	CD83
1.11522744355123e-08	-0.285347173014182	0.727	0.666	3.34568233065369e-05	11	CMC1
2.68927890942537e-08	-0.255726621963213	0.721	0.649	8.0678367282761e-05	11	PXN
3.70080480091257e-08	0.362594373768207	0.493	0.639	0.000111024144027377	11	RSAD2
4.11841238399502e-08	0.265523501863318	0.537	0.549	0.000123552371519851	11	PDLIM4
2.58907659108761e-07	-0.277995184669772	0.74	0.781	0.000776722977326282	11	NEAT1
4.39279146328064e-07	-0.402224263618356	0.948	0.939	0.00131783743898419	11	DNAJB1
6.48858067420341e-07	-0.820235603317208	0.521	0.571	0.00194657420226102	11	BMS1P20
8.96101067262096e-07	-0.520611549876001	0.585	0.558	0.00268830320178629	11	CD40LG
9.35031562040079e-07	-0.266227511149253	0.406	0.483	0.00280509468612024	11	BRE-AS1
1.15409471229369e-06	-0.254185407134657	1	0.998	0.00346228413688108	11	COX3
4.60393883435349e-06	-0.443286004333651	0.938	0.933	0.0138118165030605	11	S100A11
9.31250322712367e-06	-0.318417425545514	0.815	0.759	0.027937509681371	11	CD4
1.00526057493524e-05	-0.452894563953096	0.793	0.82	0.0301578172480572	11	PSAP
