p_val	avg_log2FC	pct.1	pct.2	p_val_adj	cluster	gene
0	1.26374496878302	0.995	0.858	0	2	IL7R
0	0.960964526523187	0.965	0.761	0	2	TOB1
0	0.932380354749441	0.899	0.773	0	2	CCR7
0	0.904379880426525	0.892	0.773	0	2	NOSIP
0	0.881178782408829	0.953	0.871	0	2	SELL
0	0.85927199240195	0.886	0.743	0	2	AQP3
0	0.818166120389507	0.998	0.979	0	2	FOS
0	0.815146968026842	0.966	0.887	0	2	LTB
0	0.771708295002753	0.962	0.904	0	2	BTG2
0	0.770423086269334	0.933	0.805	0	2	GADD45B
0	0.769732520308059	0.996	0.97	0	2	NFKBIA
0	0.751551341084734	0.884	0.672	0	2	S1PR1
0	0.740457398036188	0.854	0.714	0	2	LOC102724246
0	0.700661363711788	0.879	0.831	0	2	MAL
0	0.674316036607983	0.836	0.717	0	2	SOCS3
0	0.671440511252201	0.833	0.707	0	2	CCR6
0	0.663359483545384	0.792	0.583	0	2	TCF7
0	0.660731331091812	0.998	0.983	0	2	JUNB
0	0.653266079358805	0.869	0.699	0	2	LEF1
0	0.650602780106181	0.832	0.676	0	2	FLT3LG
0	0.628997104267722	0.99	0.947	0	2	CD69
0	0.595066707700157	0.994	0.971	0	2	JUN
0	0.593394634367013	0.939	0.801	0	2	ANXA1
0	0.593365227828976	0.836	0.718	0	2	ICAM2
0	0.566874286109105	0.796	0.643	0	2	CDKN1A
0	0.547335126105061	0.955	0.896	0	2	IER2
0	0.546425954836109	0.996	0.984	0	2	ZFP36
0	0.545984400624396	0.882	0.768	0	2	SLC2A3
0	0.545182667338151	1	0.999	0	2	RPS12
0	0.542236512302786	0.989	0.955	0	2	LDHB
0	0.530132011297545	0.742	0.574	0	2	PRKCQ-AS1
0	0.516957706939338	1	0.997	0	2	RPS18
0	0.506811639365326	1	1	0	2	EEF1A1
0	0.505958612696065	0.97	0.925	0	2	DDIT4
0	0.503053797409008	0.864	0.709	0	2	PTGER2
0	0.501262445348579	0.997	0.985	0	2	PABPC1
0	0.488754021391496	0.973	0.927	0	2	TNFAIP3
0	0.480802162544374	0.885	0.757	0	2	BIRC3
0	0.477374863445892	0.774	0.673	0	2	TESPA1
0	0.476743432464708	0.998	0.994	0	2	RPLP0
0	0.45989518883276	0.762	0.659	0	2	MYC
0	0.454376077581915	0.813	0.768	0	2	PASK
0	0.448582002427155	0.723	0.552	0	2	FXYD7
0	0.446367282032463	0.974	0.932	0	2	DNAJB1
0	0.420237566699065	0.827	0.73	0	2	THEM4
0	0.415213533465198	0.881	0.719	0	2	KLRB1
0	0.392131417155473	0.835	0.73	0	2	SGK1
0	0.389742562278821	0.737	0.586	0	2	LOC100996286
0	0.379552584824914	1	1	0	2	RPLP1
0	0.368151356480215	0.969	0.9	0	2	HIST1H4C
0	0.363849317592226	0.902	0.795	0	2	IMPDH2
0	0.348850851195927	0.946	0.763	0	2	CDO1
0	0.345687813739047	1	0.998	0	2	RPS8
0	0.336365316460863	0.969	0.908	0	2	TNFSF13B
0	0.334731416541633	0.789	0.581	0	2	TAF4B
0	0.31439432677224	0.964	0.889	0	2	DUSP1
0	0.300554915865674	0.78	0.607	0	2	TNFSF8
0	0.30021500504311	0.826	0.644	0	2	NELL2
0	0.293182172843316	0.837	0.662	0	2	CCL20
0	0.290501102107499	0.896	0.812	0	2	TXK
0	0.28276010625569	0.798	0.738	0	2	FAAH2
0	0.28214369667972	0.823	0.683	0	2	PLAC8
0	0.270903774831282	0.704	0.498	0	2	BACH2
0	0.270398290027684	0.797	0.7	0	2	RIPK2
0	0.268337209135476	0.686	0.532	0	2	SLC40A1
0	0.263226899808618	0.807	0.718	0	2	FBLN7
0	0.258504863513579	0.74	0.478	0	2	PLK2
0	-0.255365340398534	0.603	0.76	0	2	GBP4
0	-0.25623748869881	0.587	0.795	0	2	CD38
0	-0.260690498265667	0.673	0.777	0	2	HMOX1
0	-0.261594568617914	0.522	0.708	0	2	SUPT16H
0	-0.267401885993882	0.252	0.456	0	2	RAB31
0	-0.270546012646284	0.617	0.687	0	2	CD70
0	-0.291334537419708	0.446	0.619	0	2	LINC01272
0	-0.29511750129824	0.347	0.743	0	2	MNDA
0	-0.306860593990861	0.465	0.64	0	2	KIR2DL4
0	-0.309650363280156	0.681	0.739	0	2	TNFRSF9
0	-0.322072630374496	0.28	0.632	0	2	LOC102724850
0	-0.331820760364834	0.745	0.738	0	2	IKZF2
0	-0.339607630433363	0.484	0.663	0	2	APOBEC3H
0	-0.344605502965673	0.44	0.625	0	2	APLP2
0	-0.355345405408765	0.688	0.751	0	2	EIF4EBP1
0	-0.355502091180774	0.457	0.658	0	2	TNIP3
0	-0.359570317453977	0.669	0.755	0	2	APOBEC3C
0	-0.389585443392143	0.444	0.632	0	2	PLEK
0	-0.398477070031948	0.999	0.999	0	2	COX2
0	-0.406045158396787	0.871	0.893	0	2	EPSTI1
0	-0.412291228822304	1	0.999	0	2	TMSB4X
0	-0.436741517053918	0.676	0.779	0	2	HAVCR2
0	-0.461593652246208	0.73	0.805	0	2	LAP3
0	-0.510323184566033	1	0.999	0	2	COX1
0	-0.533122732880084	0.637	0.726	0	2	PTTG1
0	-0.538433646268825	0.677	0.745	0	2	TOX
0	-0.549827744242505	0.675	0.763	0	2	CD79A
0	-0.552423536968416	0.729	0.816	0	2	AP2S1
0	-0.556022982083729	0.54	0.669	0	2	MAP3K8
0	-0.566067838812139	0.982	0.983	0	2	CFL1
0	-0.596545408117632	0.635	0.787	0	2	IGFLR1
0	-0.64383685395294	0.91	0.874	0	2	ENTPD1
0	-0.645474543601428	0.678	0.789	0	2	ITGAE
0	-0.652586936864183	0.588	0.728	0	2	RAB27A
0	-0.65545799015176	0.822	0.89	0	2	POMP
0	-0.661616866353819	0.509	0.701	0	2	ABI3
0	-0.667683004647599	0.861	0.914	0	2	COX5A
0	-0.671969393754579	0.601	0.698	0	2	LYST
0	-0.674869431026313	0.762	0.839	0	2	SIRPG
0	-0.725413089424797	0.729	0.78	0	2	FABP5
0	-0.749677458060185	0.701	0.844	0	2	ACP5
0	-0.752505535426295	0.872	0.917	0	2	UCP2
0	-0.756467356893895	0.546	0.76	0	2	AIF1
0	-0.767848417652441	0.999	0.998	0	2	ACTB
0	-0.771423105599905	0.623	0.758	0	2	TYMP
0	-0.780203708269639	0.722	0.726	0	2	MIR4435-1HG
0	-0.800473766799977	0.991	0.989	0	2	SRGN
0	-0.805819710826978	0.978	0.983	0	2	MYL6
0	-0.806655495163324	0.812	0.89	0	2	FKBP1A
0	-0.821328006747833	0.672	0.768	0	2	CXCR6
0	-0.846756255927373	0.434	0.687	0	2	CMC1
0	-0.861155844934355	0.981	0.986	0	2	PFN1
0	-0.876616633116114	0.676	0.709	0	2	HLA-DMA
0	-0.909545771070111	0.462	0.637	0	2	AOAH
0	-0.910990420837763	0.819	0.866	0	2	GSTP1
0	-0.925934840394326	0.423	0.576	0	2	KLRC1
0	-0.939791063049088	0.739	0.859	0	2	CTLA4
0	-0.943148660167034	0.807	0.789	0	2	LINC00152
0	-0.948156454405396	0.909	0.937	0	2	LSP1
0	-0.9831824778757	0.805	0.857	0	2	CTSC
0	-1.03922596925606	0.595	0.771	0	2	APOBEC3G
0	-1.10136527223559	0.793	0.877	0	2	CTSD
0	-1.10916791311991	0.116	0.472	0	2	S100A8
0	-1.13290556253235	0.818	0.848	0	2	TIGIT
0	-1.13441938734837	0.337	0.583	0	2	FCER1G
0	-1.17343340838765	0.477	0.731	0	2	LAG3
0	-1.20927435238175	0.525	0.805	0	2	DUSP4
0	-1.233442903041	0.883	0.936	0	2	RGS1
0	-1.38419246917997	0.746	0.826	0	2	LOC100996809
0	-1.48019284769722	0.429	0.651	0	2	IFNG
0	-1.49807466283193	0.669	0.823	0	2	HLA-DRB4
0	-1.5889598058412	0.388	0.623	0	2	CCL3
0	-1.73944711611177	0.54	0.71	0	2	GZMK
0	-1.82548216181967	0.559	0.766	0	2	PRF1
0	-1.96306592177443	0.284	0.648	0	2	GZMH
0	-1.96937135071802	0.316	0.58	0	2	LYZ
0	-2.1137852919485	0.419	0.632	0	2	GNLY
0	-2.14822773697189	0.937	0.714	0	2	LOC100293211
0	-2.22602011782604	0.968	0.984	0	2	CD74
0	-2.24147258673869	0.724	0.859	0	2	CST7
0	-2.58639550601192	0.615	0.797	0	2	GZMA
0	-2.76249401787944	0.519	0.734	0	2	GZMB
0	-2.94528855519404	0.61	0.815	0	2	CCL5
0	-3.19666497438282	0.623	0.784	0	2	NKG7
0	-3.50514756223603	0.393	0.695	0	2	CCL4
6.90128512124913e-308	-1.19331496468072	0.717	0.796	2.07038553637474e-304	2	LGALS1
2.25045060679016e-305	0.281822164326492	0.734	0.575	6.75135182037049e-302	2	LOC101929065
5.25326918322547e-305	-0.713669766297239	0.83	0.877	1.57598075496764e-301	2	BST2
6.06661010723132e-301	-0.50627688637967	0.983	0.98	1.8199830321694e-297	2	SH3BGRL3
8.26878362344468e-300	-0.635606243883969	0.649	0.745	2.4806350870334e-296	2	CXCR3
1.07775653663558e-299	-0.317067427454341	0.501	0.609	3.23326960990674e-296	2	PECAM1
1.95474967414483e-299	-1.05170967302531	0.427	0.571	5.86424902243448e-296	2	XCL1
1.13129918323776e-293	-0.525717879176428	0.59	0.721	3.39389754971328e-290	2	CD68
1.31403401739325e-292	-0.359958042426372	0.699	0.78	3.94210205217974e-289	2	COMT
9.4839682292209e-292	-0.839284871302721	1	1	2.84519046876627e-288	2	RNR1
1.00481417240198e-291	0.37622036512087	0.856	0.736	3.01444251720595e-288	2	FOSB
1.51908915165436e-291	-0.272962855582039	0.604	0.699	4.55726745496307e-288	2	SKAP2
3.51297281171073e-285	-0.689929171792771	0.784	0.838	1.05389184351322e-281	2	CARD16
4.03518288151346e-283	-2.58494434386613	0.611	0.706	1.21055486445404e-279	2	CXCL13
2.04023702685419e-278	-0.400810474808046	0.656	0.678	6.12071108056257e-275	2	SPI1
3.02357923467095e-278	0.315361599997035	0.85	0.722	9.07073770401284e-275	2	GATA3
3.56098786141459e-277	-0.551774821767154	0.467	0.617	1.06829635842438e-273	2	TPST2
3.76131201137372e-275	-0.394825290165232	0.594	0.62	1.12839360341212e-271	2	DERL3
7.72087597488746e-275	-0.386665563524508	0.534	0.685	2.31626279246624e-271	2	SRRT
9.88424697942583e-275	-0.275874590226525	0.536	0.678	2.96527409382775e-271	2	CDK6
7.51698557417447e-274	-0.529985037012157	0.997	0.995	2.25509567225234e-270	2	GAPDH
9.39108280052688e-273	0.575998281064473	0.696	0.537	2.81732484015806e-269	2	CD40LG
5.71062563820124e-272	0.486181415273191	0.836	0.727	1.71318769146037e-268	2	NR4A1
3.77091035133679e-269	0.253012699132887	0.64	0.439	1.13127310540104e-265	2	DPP4
7.44505718235799e-269	-0.397156651643283	0.744	0.807	2.2335171547074e-265	2	ATP6V0D1
5.1135545564479e-267	-0.354734670935702	0.537	0.667	1.53406636693437e-263	2	STARD3NL
2.28961393991552e-266	-0.446744470449229	0.491	0.62	6.86884181974656e-263	2	PLA2G16
6.44113736904136e-265	0.330605077996412	0.789	0.707	1.93234121071241e-261	2	SATB1
2.10822093766548e-263	-0.715564184768083	0.861	0.889	6.32466281299645e-260	2	DBI
2.21675269611526e-260	-0.418540873415167	0.429	0.571	6.65025808834577e-257	2	C1QB
1.34268026031936e-255	-1.37659351239969	0.654	0.705	4.02804078095807e-252	2	CD8A
1.45303876227697e-255	-0.257800419002981	0.592	0.735	4.3591162868309e-252	2	PELI1
3.15423783262628e-254	-0.618103671434328	0.81	0.789	9.46271349787884e-251	2	PDCD1
1.35394563323686e-252	0.319229570679594	0.838	0.718	4.06183689971058e-249	2	UPP1
3.97214804749586e-247	-0.4004755347083	0.722	0.801	1.19164441424876e-243	2	PSMA4
2.22334249160859e-246	-0.283582129921924	0.713	0.728	6.67002747482578e-243	2	ARHGAP18
2.58766456037616e-245	-0.496299197221224	0.761	0.828	7.76299368112849e-242	2	HN1
2.97600387424494e-244	-0.547140502440067	0.775	0.833	8.92801162273482e-241	2	IFI6
4.17513203549816e-244	-0.441312765978453	0.693	0.784	1.25253961064945e-240	2	GBP2
4.88972576786444e-244	0.297293608407474	0.953	0.897	1.46691773035933e-240	2	PPP1R15A
4.55720432732207e-243	-0.423625460911602	0.649	0.748	1.36716129819662e-239	2	VASP
1.80462840978767e-241	-0.335318987107589	0.767	0.742	5.41388522936301e-238	2	JAKMIP1
1.86595908085422e-237	0.261839113312148	0.997	0.978	5.59787724256265e-234	2	VIM
1.5445959067885e-235	-0.763736239994439	0.652	0.649	4.6337877203655e-232	2	KLRC2
9.97898263702546e-231	-1.44442086062717	0.773	0.775	2.99369479110764e-227	2	CTSW
1.03278941710705e-230	-0.49051778922573	0.841	0.882	3.09836825132114e-227	2	PMAIP1
1.12564052373968e-229	0.352456012157946	0.79	0.673	3.37692157121903e-226	2	PIM1
3.58260097429502e-227	-0.294409470410277	0.64	0.711	1.07478029228851e-223	2	GALNT2
1.12332775832972e-225	-0.380397600198385	0.681	0.749	3.36998327498915e-222	2	HSBP1
1.25900533590617e-222	-0.674662304621529	0.905	0.928	3.77701600771851e-219	2	PSME2
1.1622910635984e-219	-0.541733917502214	0.683	0.744	3.4868731907952e-216	2	STMN1
1.6925922148176e-216	-0.650708859420772	0.79	0.764	5.07777664445279e-213	2	MZB1
2.60247239869099e-215	0.319205502931359	0.841	0.703	7.80741719607298e-212	2	NME2
8.0058350991619e-210	-0.303229691106981	0.82	0.854	2.40175052974857e-206	2	LGALS9
6.59684362284869e-208	-0.327062754274623	0.721	0.813	1.97905308685461e-204	2	SNRPE
1.37170478114448e-207	-0.321853977484408	0.537	0.666	4.11511434343343e-204	2	WARS
3.38581774805008e-207	0.399686161848712	0.649	0.536	1.01574532441502e-203	2	FXYD1
5.57651809883137e-207	-0.574749745732373	0.598	0.697	1.67295542964941e-203	2	RUNX3
4.96525401886352e-206	-0.550306154539459	0.568	0.688	1.48957620565906e-202	2	GRN
4.65181284360072e-204	-0.537828608678758	0.739	0.816	1.39554385308022e-200	2	ISG15
6.42689560397831e-202	-0.598204757313631	0.905	0.92	1.92806868119349e-198	2	GNG5
2.62217756132415e-201	-0.511555785459987	1	1	7.86653268397245e-198	2	RNR2
6.63886539145346e-201	-0.650564396225837	0.915	0.937	1.99165961743604e-197	2	TPI1
2.40489064819496e-200	-0.491188294782538	0.642	0.699	7.21467194458489e-197	2	CLIC3
7.06239882467245e-200	-0.855572079078242	0.73	0.759	2.11871964740173e-196	2	CD63
1.95151028916959e-196	-0.39239220669137	0.802	0.871	5.85453086750877e-193	2	ARID5B
2.29721746870706e-196	-1.06558753939939	0.631	0.679	6.89165240612117e-193	2	HLA-DQB1
1.52490861402231e-194	-0.259292739122037	0.851	0.832	4.57472584206693e-191	2	OAS1
1.4503775790971e-190	-0.578927808095296	0.818	0.85	4.35113273729129e-187	2	CALM3
1.24897061047296e-187	-0.330556253927644	0.273	0.461	3.74691183141889e-184	2	C1QC
3.9515534688135e-187	-0.263209567176699	0.585	0.651	1.18546604064405e-183	2	MPST
1.71208579909663e-186	-0.389406922977579	0.895	0.825	5.13625739728989e-183	2	MT1E
3.43551614072053e-186	-0.526249895695961	0.78	0.843	1.03065484221616e-182	2	PRDX5
1.11168062976479e-184	0.268324718259331	0.811	0.707	3.33504188929438e-181	2	FAM65B
4.26532451316743e-184	0.275500275158794	0.89	0.801	1.27959735395023e-180	2	C10orf54
5.3994395600016e-183	-0.581435238333729	0.769	0.793	1.61983186800048e-179	2	RBPJ
9.57575814809169e-183	0.340818432666214	0.835	0.78	2.87272744442751e-179	2	GPR183
2.64521621952012e-180	-0.606161398333086	0.915	0.927	7.93564865856037e-177	2	GABARAP
9.53597481560654e-180	0.359860332842286	0.988	0.957	2.86079244468196e-176	2	CXCR4
2.36383073722125e-178	-0.618334216624515	0.66	0.671	7.09149221166375e-175	2	LOC101928173
3.23225222131451e-177	-0.290786755343051	0.614	0.688	9.69675666394352e-174	2	RIN3
2.26254199747691e-176	0.312631068804395	0.911	0.807	6.78762599243074e-173	2	GPX4
6.5281037173724e-172	-0.339531174746899	0.748	0.772	1.95843111521172e-168	2	PLSCR1
1.79019850098512e-171	-0.348133831933046	0.719	0.774	5.37059550295535e-168	2	SMS
3.8733337491376e-170	-0.610889046017434	0.653	0.717	1.16200012474128e-166	2	C12orf75
1.2184653263329e-169	-0.497827747976585	0.763	0.827	3.65539597899869e-166	2	ARL6IP1
2.32861005127834e-169	-0.637666700813865	0.926	0.922	6.98583015383503e-166	2	MT2A
3.87035010562363e-168	-0.51678880180515	0.573	0.585	1.16110503168709e-164	2	KLRC3
9.69418054336564e-166	-0.357562562276611	0.781	0.835	2.90825416300969e-162	2	KDELR2
1.0638855221614e-165	-2.27275338454643	0.946	0.818	3.19165656648419e-162	2	IGJ
1.15330351461875e-165	-0.778530179821397	0.573	0.633	3.45991054385626e-162	2	HLA-DRB1
1.690674273838e-165	-0.332969365563806	0.482	0.559	5.072022821514e-162	2	CRTAM
9.38439263346911e-165	-0.693200194217192	0.834	0.877	2.81531779004073e-161	2	CD27
4.06903012307216e-163	-0.271150621242895	0.452	0.574	1.22070903692165e-159	2	DDAH2
1.22037322041841e-162	0.260030303240805	0.674	0.62	3.66111966125522e-159	2	IL23A
1.53065601130258e-161	-0.486189747475736	0.836	0.865	4.59196803390773e-158	2	ATP6V1F
2.13407909227803e-158	-0.552309063810986	0.911	0.925	6.40223727683409e-155	2	ATP5G3
4.22305729274451e-158	-0.347291595050542	0.548	0.642	1.26691718782335e-154	2	CARHSP1
2.3015606598175e-157	-0.416536689165003	0.83	0.893	6.9046819794525e-154	2	DNPH1
2.45641607017514e-157	-0.262435642378218	0.236	0.195	7.36924821052543e-154	2	VCAN
6.36266404905796e-155	-0.465343877370613	0.838	0.879	1.90879921471739e-151	2	PDIA6
5.2760344187245e-154	-1.01462920969312	0.718	0.717	1.58281032561735e-150	2	CD8B
8.20442997874616e-149	-0.296480014827506	0.703	0.738	2.46132899362385e-145	2	GK
2.01461937806419e-145	-0.267987068376931	0.66	0.697	6.04385813419257e-142	2	USP11
2.0417077315446e-144	-0.258644872746235	0.628	0.686	6.1251231946338e-141	2	IL21R
9.82044592840479e-144	-0.534601403700052	0.766	0.832	2.94613377852144e-140	2	SYNGR2
1.12282150733186e-141	-0.38136518069832	0.727	0.791	3.36846452199558e-138	2	PHPT1
1.99980475772982e-141	-0.460721265572801	0.728	0.767	5.99941427318946e-138	2	IDH2
6.24984594962627e-141	-0.57750376313542	0.894	0.903	1.87495378488788e-137	2	LY6E
1.4713626224107e-140	0.315122785533923	0.733	0.654	4.41408786723209e-137	2	LPAR6
8.22334812479083e-140	-0.43882470163686	0.777	0.813	2.46700443743725e-136	2	RNF19A
1.20599523148376e-137	-0.391019162192421	0.847	0.876	3.61798569445128e-134	2	TALDO1
1.30460348764434e-136	-0.256224277768761	0.64	0.652	3.91381046293303e-133	2	TESC
3.35011506783639e-136	-1.00966107415603	0.522	0.564	1.00503452035092e-132	2	KLRD1
6.72708601644877e-135	-0.599101834562184	0.852	0.87	2.01812580493463e-131	2	LITAF
3.3649304418752e-134	-0.479566124954398	0.934	0.945	1.00947913256256e-130	2	SUB1
6.16611890334273e-133	0.368744036724428	0.708	0.64	1.84983567100282e-129	2	KLF2
1.0803825926637e-129	-0.276510986559645	0.521	0.603	3.24114777799111e-126	2	NEDD9
1.8358663004399e-129	-0.338492765135999	0.384	0.517	5.50759890131969e-126	2	CYBB
3.51046678981098e-129	-0.522516213357532	0.562	0.632	1.05314003694329e-125	2	ITM2C
5.53224403599545e-129	-0.517346633517986	0.834	0.867	1.65967321079863e-125	2	ATP6V0C
6.9281169436566e-128	-0.265637906163557	0.591	0.66	2.07843508309698e-124	2	NUDT16
1.26051563947312e-127	-0.614683475929029	0.82	0.836	3.78154691841935e-124	2	ANXA5
1.8903846849213e-126	-0.300370337271194	0.606	0.656	5.67115405476389e-123	2	HSH2D
2.61273545486557e-125	-0.347532909722397	0.829	0.857	7.83820636459671e-122	2	RTKN2
7.21145171514398e-124	-0.679929754600929	0.782	0.82	2.16343551454319e-120	2	PSAP
5.76307646118796e-123	-0.252201256426409	0.836	0.849	1.72892293835639e-119	2	HIST1H1E
1.90027441786053e-122	-0.461854912649016	0.86	0.897	5.70082325358159e-119	2	PRDX1
2.8945697324646e-120	-0.479851105827036	0.952	0.956	8.6837091973938e-117	2	HMGB1
1.13688599399686e-119	0.290370390563461	0.672	0.627	3.41065798199059e-116	2	ZBTB10
2.21330564944077e-118	-0.432085646513626	0.769	0.806	6.63991694832232e-115	2	SLA
4.15504891254756e-118	-0.476390653745764	0.705	0.777	1.24651467376427e-114	2	RGS2
1.1927555074019e-117	-0.431631552304412	0.72	0.759	3.5782665222057e-114	2	PTPN6
4.84531011054529e-117	0.316951933486842	0.674	0.578	1.45359303316359e-113	2	LMNA
6.1064481601625e-117	-0.796867104597913	0.643	0.714	1.83193444804875e-113	2	RHOB
2.06642020806626e-116	-0.410403809210113	0.516	0.576	6.19926062419878e-113	2	HLA-DRB3
8.38404557607101e-116	0.343038174185888	0.704	0.675	2.5152136728213e-112	2	TNFRSF25
2.13914021927624e-115	0.266023863558662	0.817	0.761	6.41742065782872e-112	2	CSRNP1
2.80791351710603e-113	-0.426279017745477	0.64	0.714	8.42374055131808e-110	2	FLNA
1.68824528957376e-112	-0.522030724063736	0.965	0.958	5.06473586872129e-109	2	CORO1A
1.56743006853623e-111	-0.634168227385764	0.981	0.942	4.7022902056087e-108	2	IL32
4.13983042106726e-111	-0.339805351226941	0.756	0.8	1.24194912632018e-107	2	BANF1
1.12708602732985e-110	-0.34652924626168	0.749	0.792	3.38125808198954e-107	2	BTG3
2.46884957303586e-108	-0.517578804937938	0.848	0.873	7.40654871910757e-105	2	TXN
1.38205225813683e-106	-0.585354016870015	0.675	0.707	4.14615677441048e-103	2	CKLF
1.75147249037478e-102	-0.258916232434457	0.507	0.539	5.25441747112434e-99	2	FASLG
1.81851938217037e-101	-0.271063900148041	0.669	0.723	5.45555814651112e-98	2	PDCL3
2.54748353232929e-101	-0.692923940140646	0.857	0.845	7.64245059698788e-98	2	CLEC2B
4.63942951447339e-101	-0.373933374684034	0.72	0.715	1.39182885434202e-97	2	NMB
5.34313409036239e-101	-0.473700793846351	0.792	0.81	1.60294022710872e-97	2	ITGB2
7.62166857355897e-100	-0.28468300892776	0.433	0.544	2.28650057206769e-96	2	SPRY1
2.02704417757304e-99	-0.381876058784018	0.701	0.757	6.08113253271912e-96	2	HMGN3
4.10383156980563e-99	-0.392376200353722	0.653	0.664	1.23114947094169e-95	2	AGTRAP
1.64756328919427e-98	-0.47486294020757	0.686	0.699	4.9426898675828e-95	2	IL2RB
2.54687554529415e-98	-0.536134197017407	0.658	0.67	7.64062663588246e-95	2	PTPN22
6.20170680828219e-96	-0.811394862778741	0.938	0.915	1.86051204248466e-92	2	CD7
3.28791666644166e-94	-0.561579220130062	0.852	0.853	9.86374999932498e-91	2	ANXA2
4.19137560406265e-94	-0.390670512789717	0.769	0.811	1.2574126812188e-90	2	TPM4
3.24263947402576e-93	-0.753090809336756	0.783	0.813	9.72791842207729e-90	2	CLDND1
9.31272103760142e-93	-0.347701782685051	0.773	0.796	2.79381631128043e-89	2	GSTO1
4.46714396598619e-92	-0.399930800160424	0.992	0.989	1.34014318979586e-88	2	ACTG1
1.0282720970729e-91	-0.475730589826168	0.749	0.755	3.08481629121871e-88	2	GBP5
5.7967478190883e-91	-0.493175231424476	0.904	0.903	1.73902434572649e-87	2	PGAM1
1.74177282676641e-89	0.313297299720455	0.712	0.631	5.22531848029924e-86	2	EGR1
8.76313276339925e-88	-0.338299003744233	0.703	0.746	2.62893982901977e-84	2	H2AFY
8.15420203285421e-87	-0.3402020847469	0.791	0.799	2.44626060985626e-83	2	ATOX1
1.06928979086945e-86	-0.478800829972912	0.833	0.801	3.20786937260835e-83	2	APOC1
7.66902062229495e-86	-0.439130617085802	0.815	0.841	2.30070618668849e-82	2	CSTB
1.86899470991442e-85	-0.407892293371642	0.601	0.645	5.60698412974326e-82	2	GABARAPL1
3.66738782361311e-85	-0.459928435154056	0.953	0.952	1.10021634708393e-81	2	ARPC1B
2.21273739502596e-84	-0.417871709854074	0.975	0.969	6.63821218507789e-81	2	UBC
2.25698309322588e-84	-0.395556158345548	0.682	0.723	6.77094927967765e-81	2	BAX
3.83064917353998e-84	-0.351992319704717	0.597	0.606	1.14919475206199e-80	2	HLA-DMB
2.46944996337526e-83	-0.458359536712676	0.833	0.869	7.40834989012578e-80	2	HSP90B1
1.01074192014776e-82	-0.37999378765695	0.669	0.73	3.03222576044329e-79	2	NR3C1
1.595661676393e-80	-0.35283391455449	0.68	0.725	4.78698502917901e-77	2	GLIPR2
1.24571849522786e-78	-0.259040452686617	0.607	0.647	3.73715548568357e-75	2	NCR3
2.59348085930077e-78	-0.329016407632482	0.472	0.509	7.7804425779023e-75	2	FGFBP2
2.4697658947837e-77	-0.654103135656969	0.362	0.455	7.40929768435111e-74	2	ZNF683
3.33607387471223e-77	-0.260112096143807	0.68	0.718	1.00082216241367e-73	2	MGAT1
2.72511881268604e-76	-0.321209104188469	0.371	0.481	8.17535643805812e-73	2	GPR56
2.1989358525784e-75	-1.89613436367594	0.618	0.659	6.5968075577352e-72	2	IFI30
3.48945972015249e-74	-0.418967335987346	0.926	0.913	1.04683791604575e-70	2	CALM2
2.02984120083008e-73	-0.317659418020176	0.756	0.762	6.08952360249025e-70	2	MX1
7.94734776156938e-72	-0.558036525726504	0.487	0.523	2.38420432847081e-68	2	KLRK1
1.02088575395589e-71	-0.389237246047189	0.754	0.778	3.06265726186767e-68	2	CDK2AP2
3.99034831782346e-71	-0.491564729389631	0.909	0.886	1.19710449534704e-67	2	HERPUD1
2.3353321365373e-70	-0.397670046952027	0.58	0.617	7.00599640961191e-67	2	PELO
5.0500217705801e-67	-0.643051888990611	0.982	0.979	1.51500653117403e-63	2	FTL
3.56465326181768e-66	-0.525351361452411	0.868	0.871	1.0693959785453e-62	2	PKM
6.53992912224943e-63	-0.550891849257369	0.548	0.561	1.96197873667483e-59	2	ZEB2
8.20984154852611e-58	-0.395855370051185	0.149	0.186	2.46295246455783e-54	2	FCN1
9.30099917292922e-58	-0.758899552927797	0.831	0.849	2.79029975187876e-54	2	GPX1
1.13083499309744e-57	-0.282583177070007	0.795	0.835	3.39250497929231e-54	2	CD82
3.21681828055923e-57	-0.587482018214773	0.601	0.631	9.65045484167768e-54	2	GLUL
1.64330439732757e-56	-0.523214533796661	0.799	0.774	4.9299131919827e-53	2	TNFRSF1B
1.92137479871473e-56	-0.457706109022798	0.776	0.778	5.76412439614419e-53	2	CD97
4.26151007982887e-55	-0.346308387919263	0.574	0.573	1.27845302394866e-51	2	LOC102725101
8.13196910188886e-55	-0.329554998174831	0.825	0.834	2.43959073056666e-51	2	RPS27L
4.25899983222226e-53	-0.253541981649522	0.74	0.735	1.27769994966668e-49	2	NUCB2
3.98084355419232e-52	-0.472541762194351	0.95	0.94	1.19425306625769e-48	2	S100A6
2.21117440045762e-51	-0.497784039634595	0.801	0.818	6.63352320137287e-48	2	LGALS3
2.49699126605776e-50	-0.308932067580824	0.992	0.986	7.49097379817328e-47	2	PPIA
9.23364498249569e-50	-0.257537877621033	0.744	0.738	2.77009349474871e-46	2	ATP1B3
1.84543571786176e-49	-0.289446274199129	0.707	0.717	5.53630715358527e-46	2	TMEM2
2.48384650039592e-49	-0.407402614051335	0.727	0.716	7.45153950118776e-46	2	SH2D1A
1.34044207483322e-48	-0.351273667795168	0.817	0.796	4.02132622449966e-45	2	PYCARD
7.84610065289769e-48	-0.326794515729125	0.419	0.482	2.35383019586931e-44	2	FGR
1.77824413299432e-45	-0.40191999089308	0.783	0.793	5.33473239898295e-42	2	ITM2A
3.44135860245652e-44	-0.283287024709427	0.356	0.452	1.03240758073696e-40	2	PTMS
1.08120015588922e-43	-0.356423549874472	0.763	0.597	3.24360046766765e-40	2	MS4A6A
1.54437103994807e-42	-0.692236432054652	0.657	0.647	4.63311311984422e-39	2	LOC101929531
1.71690077072037e-42	-0.301978209884377	0.926	0.93	5.15070231216112e-39	2	SLC25A5
1.19101381492813e-41	-0.280221170742306	0.704	0.72	3.5730414447844e-38	2	VIMP
7.00620239103372e-40	-0.280979866042838	0.474	0.534	2.10186071731012e-36	2	GRINA
7.87684126276823e-40	-0.598938395924208	0.642	0.638	2.36305237883047e-36	2	HOPX
1.14655331847302e-39	-0.30040190002183	0.817	0.735	3.43965995541905e-36	2	LAIR2
3.98566753097857e-39	-0.344106348486954	0.548	0.595	1.19570025929357e-35	2	COTL1
6.11835981197259e-38	-1.11069203402471	0.628	0.585	1.83550794359178e-34	2	LOC101060038
1.36547592123693e-37	-0.327187772596977	0.899	0.891	4.09642776371078e-34	2	CALR
3.90819737191979e-37	-0.314506352232852	0.396	0.46	1.17245921157594e-33	2	PTGDS
8.95541248263756e-37	-0.428689326467869	0.788	0.767	2.68662374479127e-33	2	ID2
3.57431504191817e-36	-0.271970686418085	0.75	0.657	1.07229451257545e-32	2	CAPG
3.56928936962294e-35	-0.411090052039422	0.668	0.612	1.07078681088688e-31	2	KLRC4
4.88430636598752e-33	-0.329862678982738	0.682	0.705	1.46529190979626e-29	2	NAMPT
8.79033517611739e-33	-0.294812075717882	0.859	0.853	2.63710055283522e-29	2	DYNLL1
1.51719317794656e-32	-0.666292939590267	0.181	0.299	4.55157953383967e-29	2	LOC102723407
1.60501994454345e-29	-0.895485923492915	0.51	0.488	4.81505983363036e-26	2	XCL2
3.88695654661564e-28	-0.393675084312239	0.975	0.955	1.16608696398469e-24	2	S100A4
5.83011826127347e-28	-0.273887087977776	0.841	0.833	1.74903547838204e-24	2	SERPINB1
1.96260326693231e-27	-0.255184222365151	0.621	0.594	5.88780980079694e-24	2	OASL
6.81522261928544e-27	-0.348648121720197	0.865	0.865	2.04456678578563e-23	2	YWHAQ
4.0067321578605e-26	-0.544637390124155	0.89	0.842	1.20201964735815e-22	2	ALOX5AP
4.09547767961714e-26	-0.271708091771756	0.779	0.793	1.22864330388514e-22	2	SNX3
3.00429864867229e-25	-0.425075501812603	0.549	0.546	9.01289594601688e-22	2	MATK
1.38848267580902e-24	-0.305908390798097	0.848	0.829	4.16544802742705e-21	2	VAMP5
7.26438109347331e-24	-0.397486294971135	0.832	0.81	2.17931432804199e-20	2	HMGB2
2.63515897185236e-23	-0.293146932062614	0.735	0.738	7.90547691555708e-20	2	MGST3
3.07120179543659e-23	-0.397318885733082	0.855	0.829	9.21360538630976e-20	2	SH2D2A
1.59280936135309e-21	-0.403007284837115	0.384	0.397	4.77842808405928e-18	2	C15orf48
1.6180479728679e-21	-0.252095914579665	0.771	0.768	4.8541439186037e-18	2	IRF7
1.79129146726291e-21	-0.309075028379157	0.79	0.782	5.37387440178874e-18	2	ATP6V0B
2.43670225235295e-19	-0.276377269168639	0.715	0.618	7.31010675705886e-16	2	KLRG1
4.12005357356197e-19	-0.864282179533123	0.383	0.453	1.23601607206859e-15	2	CCL4L2
1.27162457262169e-18	-0.353693921693937	0.831	0.839	3.81487371786506e-15	2	HSPA1A
3.97020851276738e-17	-0.326326149870422	0.354	0.38	1.19106255383021e-13	2	MS4A7
1.67314867256179e-16	-0.310974791229806	0.851	0.848	5.01944601768536e-13	2	PRDM1
5.78601225127047e-16	-0.33647982573376	0.593	0.536	1.73580367538114e-12	2	NAPSB
5.36348356997033e-15	-0.319275899269331	0.88	0.847	1.6090450709911e-11	2	HMGN2
7.53794289626786e-15	-0.294974498708238	0.839	0.83	2.26138286888036e-11	2	H2AFZ
1.45807304851887e-14	-0.27775860350214	0.694	0.698	4.37421914555661e-11	2	LYAR
4.04640703772879e-13	-0.427490162499955	0.412	0.429	1.21392211131864e-09	2	FCGR3A
6.79016502650373e-13	-0.357852342010045	0.754	0.616	2.03704950795112e-09	2	C1QA
9.53193617961e-13	-0.295252838814542	0.941	0.917	2.859580853883e-09	2	ENO1
2.24973136422308e-12	-0.416138149882607	0.831	0.814	6.74919409266923e-09	2	TNFRSF18
3.5676303118833e-10	-0.374401882141082	0.784	0.74	1.07028909356499e-06	2	MAGEH1
2.24894335637673e-09	-1.09074748638174	0.453	0.452	6.74683006913018e-06	2	S100A9
1.30271671832921e-08	-0.285802071136932	0.952	0.939	3.90815015498764e-05	2	IFITM2
2.00547767600942e-08	-0.318382794172959	0.827	0.829	6.01643302802827e-05	2	TUBA1B
1.66337369775288e-06	-0.283927327637863	0.444	0.448	0.00499012109325864	2	LOC100996919
