p_val	avg_log2FC	pct.1	pct.2	p_val_adj	cluster	gene
0	3.54664883977275	0.989	0.735	0	17	STMN1
0	2.53369463074093	0.98	0.827	0	17	TUBA1B
0	2.38716581493319	0.947	0.655	0	17	TYMS
0	2.35214815146545	0.986	0.868	0	17	TUBB
0	2.20320687835073	0.873	0.436	0	17	RRM2
0	2.18016875445097	0.927	0.648	0	17	KIAA0101
0	2.15484296518467	0.985	0.81	0	17	HMGB2
0	2.11259445158461	0.993	0.848	0	17	HMGN2
0	2.01923935978473	0.993	0.828	0	17	H2AFZ
0	1.88510433075978	0.832	0.439	0	17	UBE2C
0	1.65325733596298	0.97	0.8	0	17	DUT
0	1.62056482313091	0.825	0.532	0	17	NUSAP1
0	1.58589273492771	0.83	0.718	0	17	BIRC5
0	1.49816575592337	0.807	0.667	0	17	CENPF
0	1.4770939591024	0.893	0.675	0	17	PCNA
0	1.47356725570061	0.911	0.773	0	17	FABP5
0	1.41940132312793	0.814	0.555	0	17	CDK1
0	1.40746237910954	0.821	0.52	0	17	MKI67
0	1.40479528128528	0.871	0.578	0	17	MCM7
0	1.40385329717256	0.851	0.548	0	17	CKS1B
0	1.40216151149038	0.883	0.496	0	17	ASF1B
0	1.38971516360084	0.916	0.715	0	17	PTTG1
0	1.37533478967569	0.877	0.672	0	17	TK1
0	1.37506498718974	0.961	0.749	0	17	RANBP1
0	1.35308644272137	0.921	0.621	0	17	TMEM106C
0	1.3490192870441	0.801	0.559	0	17	TOP2A
0	1.31810055810156	0.925	0.629	0	17	CARHSP1
0	1.30801403173526	0.885	0.678	0	17	CENPU
0	1.27535358233832	0.889	0.551	0	17	MAD2L1
0	1.24935953101165	0.861	0.619	0	17	MCM5
0	1.2342407944989	0.953	0.783	0	17	DEK
0	1.22537067382209	0.781	0.522	0	17	CCNA2
0	1.22244075701443	0.881	0.764	0	17	SMC4
0	1.21430680578503	0.957	0.816	0	17	CKS2
0	1.19292070787058	0.884	0.709	0	17	CENPM
0	1.18114986074155	0.999	0.955	0	17	HMGB1
0	1.1346099659731	0.845	0.703	0	17	GINS2
0	1.12686147265893	0.861	0.683	0	17	SMC2
0	1.1175313731559	0.843	0.704	0	17	UBE2T
0	1.09823299138306	0.926	0.768	0	17	NASP
0	1.09798974923033	0.75	0.288	0	17	PLK1
0	1.09585528895254	0.948	0.757	0	17	RPA3
0	1.09358604808016	0.801	0.523	0	17	CCNB2
0	1.08967444134339	0.826	0.532	0	17	ZWINT
0	1.06657842645795	0.913	0.704	0	17	NUDT1
0	1.04498131324918	0.873	0.624	0	17	FEN1
0	1.03973370351166	0.937	0.703	0	17	H2AFV
0	1.03971923246097	0.81	0.459	0	17	UHRF1
0	1.03884202491243	0.977	0.869	0	17	PKM
0	1.03506033360998	0.869	0.578	0	17	RRM1
0	1.02376671297909	0.979	0.845	0	17	CALM3
0	1.0048478325795	0.793	0.481	0	17	CDKN3
0	0.999842898856477	0.842	0.501	0	17	CLSPN
0	0.989023798713225	0.934	0.789	0	17	PRDX3
0	0.985112976316086	0.825	0.423	0	17	DHFR
0	0.984773993523739	0.874	0.533	0	17	CENPW
0	0.982801836784649	0.955	0.743	0	17	SNRPD1
0	0.968348405498591	0.991	0.929	0	17	SLC25A5
0	0.956184486247107	0.984	0.902	0	17	PGAM1
0	0.951747204152187	0.909	0.663	0	17	ANP32E
0	0.951444188301553	0.966	0.82	0	17	HN1
0	0.935088666956865	0.836	0.52	0	17	CDCA8
0	0.929568842916967	0.857	0.624	0	17	RFC4
0	0.916148178048825	0.857	0.659	0	17	CDK4
0	0.909726872210464	0.994	0.934	0	17	TPI1
0	0.896941124678325	0.919	0.877	0	17	ENTPD1
0	0.88796615236689	0.964	0.832	0	17	ANXA5
0	0.884126760420657	0.896	0.7	0	17	DNMT1
0	0.876159538803717	0.988	0.94	0	17	RAN
0	0.863556420872708	0.96	0.833	0	17	CACYBP
0	0.848963317590227	0.806	0.564	0	17	AURKB
0	0.842909941281065	0.869	0.611	0	17	GMNN
0	0.838985090722498	0.797	0.637	0	17	CENPN
0	0.836884739353147	0.796	0.563	0	17	KIFC1
0	0.827027069747294	0.972	0.858	0	17	SNRPG
0	0.823220295529518	0.829	0.625	0	17	DTYMK
0	0.819283425009655	0.772	0.527	0	17	TROAP
0	0.811945615552154	0.888	0.721	0	17	SAE1
0	0.804382107062099	0.856	0.683	0	17	EZH2
0	0.799800797596603	0.775	0.444	0	17	PKMYT1
0	0.794179377185738	1	0.999	0	17	ACTB
0	0.790937871613333	1	0.985	0	17	PFN1
0	0.767078039569569	0.805	0.451	0	17	NUF2
0	0.761873791596093	0.826	0.639	0	17	PHF19
0	0.754353645145594	0.792	0.532	0	17	CENPK
0	0.734804356909598	0.879	0.693	0	17	SKA2
0	0.730155334117696	1	0.995	0	17	GAPDH
0	0.681606175875625	0.765	0.476	0	17	DTL
0	0.670261881273219	0.783	0.493	0	17	WDR34
0	0.645591976459207	0.748	0.43	0	17	KIF11
0	0.641047290350611	1	0.994	0	17	PTMA
0	0.627442716361599	0.748	0.511	0	17	CDC45
0	0.622895080590995	0.745	0.327	0	17	FAM111B
0	0.600158983388481	0.735	0.42	0	17	RAD51AP1
0	0.594584382918898	0.721	0.392	0	17	HJURP
0	0.585531465462206	0.752	0.337	0	17	SGOL1
0	0.58003863341932	0.801	0.621	0	17	ATAD5
0	0.574589492934212	0.761	0.522	0	17	SPC25
0	0.567376374151717	0.79	0.529	0	17	CDK2
0	0.55451770302914	0.804	0.615	0	17	RBBP8
0	0.538266540896122	0.782	0.425	0	17	CENPA
0	0.530044873933248	0.765	0.52	0	17	MND1
0	0.522057906199849	0.75	0.444	0	17	CEP55
0	0.519650694735875	0.764	0.531	0	17	HIST1H3B
0	0.512000848100627	0.72	0.336	0	17	CKAP2L
0	0.486148599342673	0.788	0.374	0	17	KIF2C
0	0.438461368423941	0.764	0.529	0	17	MCM10
0	0.361580785060488	0.693	0.225	0	17	KIF15
0	-0.864252611246696	1	1	0	17	EEF1A1
0	-0.981026960043399	0.999	0.999	0	17	RPS12
0	-1.85231620901061	0.972	0.985	0	17	JUNB
1.0276755789501e-306	-1.98129555441656	0.969	0.986	3.08302673685029e-303	17	ZFP36
3.65183960430665e-305	0.816529301272132	0.946	0.794	1.09555188129199e-301	17	BANF1
4.60476854551768e-305	0.593847330723875	0.757	0.481	1.3814305636553e-301	17	MCM4
1.84505164565865e-303	0.618455654961686	0.811	0.544	5.53515493697595e-300	17	HIRIP3
5.13726255360886e-302	0.76399988279692	0.969	0.83	1.54117876608266e-298	17	NAP1L1
3.94477780771309e-301	0.774181999412706	0.844	0.688	1.18343334231393e-297	17	LMNB1
3.98439136568868e-301	0.766441398515393	0.983	0.908	1.1953174097066e-297	17	COX5A
3.45108409757584e-300	0.258320131486993	0.762	0.63	1.03532522927275e-296	17	MYBL2
4.44542238629127e-300	0.759063442215502	0.88	0.704	1.33362671588738e-296	17	HMGA1
9.78749050771356e-300	0.779842856066725	0.955	0.887	2.93624715231407e-296	17	DNPH1
2.01116580964335e-299	0.586816999918792	0.764	0.49	6.03349742893005e-296	17	FBXO5
9.35123723443819e-299	1.11668219886946	0.743	0.485	2.80537117033146e-295	17	CDC20
7.73783187819003e-295	1.14256669018453	0.766	0.535	2.32134956345701e-291	17	ASPM
8.94096791288432e-293	0.936085923696727	0.755	0.478	2.6822903738653e-289	17	CCNB1
6.0632235792345e-292	0.671876171811033	0.745	0.496	1.81896707377035e-288	17	KIF23
8.07214660971149e-291	0.870770775594264	0.939	0.805	2.42164398291345e-287	17	TPM4
5.61801358341997e-290	0.814483351698907	0.984	0.919	1.68540407502599e-286	17	ENO1
3.66371540432231e-288	0.671868913575024	0.884	0.733	1.09911462129669e-284	17	SHMT2
1.40072532998104e-285	0.661793454453483	0.82	0.587	4.20217598994311e-282	17	RFC2
1.80628206369944e-285	0.346482911645332	0.728	0.483	5.41884619109833e-282	17	LOC102723602
2.23148632844185e-284	0.45794638134713	0.772	0.616	6.69445898532554e-281	17	DEPDC1B
3.6522948884662e-284	0.569144877357493	0.917	0.74	1.09568846653986e-280	17	HSBP1
9.85837978132177e-281	0.909791907202538	0.911	0.739	2.95751393439653e-277	17	H2AFY
9.93132677263648e-280	0.555270380784769	0.778	0.515	2.97939803179095e-276	17	BCL2L12
4.90653135238155e-279	0.415026233990267	0.769	0.583	1.47195940571446e-275	17	RCC1
7.95794016195508e-279	1.05588152722355	0.803	0.662	2.38738204858653e-275	17	CDCA7
1.18228215040893e-277	0.801099834434312	0.856	0.678	3.5468464512268e-274	17	DNAJC9
5.42878228032855e-277	0.739662775473512	0.791	0.63	1.62863468409857e-273	17	HELLS
3.47692968855396e-276	0.797053541560762	0.933	0.768	1.04307890656619e-272	17	NUCKS1
4.15686955695085e-276	0.438237997068315	0.74	0.573	1.24706086708525e-272	17	NEIL3
1.35284523085002e-275	0.719492326901635	0.761	0.569	4.05853569255007e-272	17	MCM2
3.37402249823125e-273	0.38539527434686	0.742	0.52	1.01220674946937e-269	17	SHCBP1
4.85762257294199e-273	1.02194925789216	0.827	0.657	1.4572867718826e-269	17	MCM3
7.64488951171323e-272	0.738767011745811	0.903	0.72	2.29346685351397e-268	17	LSM4
1.49325473414814e-271	0.500516989647523	0.754	0.525	4.47976420244441e-268	17	ESCO2
1.51865750040469e-271	0.448239702581911	1	0.986	4.55597250121408e-268	17	PPIA
1.62052546690969e-271	0.435718608556576	0.748	0.572	4.86157640072908e-268	17	DIAPH3
2.33499978733227e-271	0.52676431554337	0.747	0.612	7.00499936199681e-268	17	CDC6
2.60455797337592e-271	0.583932801531792	0.734	0.457	7.81367392012776e-268	17	FANCI
3.86540314577449e-270	0.686628667410399	0.886	0.68	1.15962094373235e-266	17	TXNDC17
4.56791413896719e-270	0.290349167866914	0.714	0.448	1.37037424169016e-266	17	OIP5
7.62562512926786e-270	0.508987483170914	0.749	0.499	2.28768753878036e-266	17	NCAPH
9.2718389011796e-269	0.579958509774539	0.756	0.529	2.78155167035388e-265	17	PRC1
3.87593218630286e-267	0.66100823275596	0.83	0.776	1.16277965589086e-263	17	CD38
1.01395801528322e-264	0.766332214940597	0.816	0.644	3.04187404584966e-261	17	ATAD2
1.99983168628103e-264	0.514155043954049	0.736	0.572	5.99949505884309e-261	17	RAD51
4.53172112136914e-264	0.637669245389071	0.985	0.923	1.35951633641074e-260	17	ATP5G3
2.03842866146508e-262	0.513228241389296	0.807	0.642	6.11528598439523e-259	17	SNRNP25
2.00709653492542e-261	0.63470202831658	0.988	0.918	6.02128960477627e-258	17	GNG5
4.99307529290998e-261	0.343550483030498	0.741	0.579	1.49792258787299e-257	17	POC1A
6.87799663488208e-261	0.678359737328162	0.921	0.792	2.06339899046462e-257	17	PSMA4
3.27765475213545e-259	0.765495980702718	0.82	0.631	9.83296425640635e-256	17	KIF20B
1.17072765720775e-257	0.581975666338855	0.761	0.531	3.51218297162326e-254	17	CDCA3
4.40241105399922e-257	0.838176319909796	0.864	0.643	1.32072331619976e-253	17	SLBP
2.67712813810881e-256	-0.935058062701083	1	0.999	8.03138441432644e-253	17	MALAT1
4.29470726297713e-256	0.6956573146716	0.962	0.872	1.28841217889314e-252	17	TALDO1
1.01845033627513e-255	0.652745752428799	0.97	0.869	3.05535100882538e-252	17	TXN
6.14654483339781e-255	0.771126484832033	0.738	0.492	1.84396345001934e-251	17	GGH
1.13365157689293e-254	0.874269368340753	0.891	0.766	3.40095473067879e-251	17	TMPO
1.88887596192859e-254	0.721630420276972	0.809	0.645	5.66662788578578e-251	17	RNASEH2A
2.51566033828542e-253	0.464908621877687	0.973	0.921	7.54698101485626e-250	17	MT2A
1.9480357256101e-249	0.683757661308214	0.925	0.761	5.8441071768303e-246	17	IDH2
3.19041474203994e-249	0.719781538621977	0.734	0.484	9.57124422611983e-246	17	TCF19
5.82853211501254e-248	0.532141490208911	0.787	0.654	1.74855963450376e-244	17	BARD1
1.8691867057863e-246	0.695742506753106	0.866	0.671	5.60756011735891e-243	17	STRA13
4.09217724427782e-246	0.702758356129588	0.974	0.863	1.22765317328335e-242	17	YWHAQ
6.51125723613643e-246	0.590745370891835	0.791	0.624	1.95337717084093e-242	17	C19orf48
8.57955691814861e-245	0.409188635695881	0.999	0.983	2.57386707544458e-241	17	CFL1
2.09941067968058e-244	0.744203164788955	0.912	0.817	6.29823203904173e-241	17	MTHFD2
3.94789309032994e-242	0.402864698206945	0.709	0.48	1.18436792709898e-238	17	MELK
1.15251633956516e-241	0.665754366932595	0.848	0.699	3.45754901869548e-238	17	SMC1A
2.70506209742214e-241	0.452557796649281	0.78	0.703	8.11518629226643e-238	17	LMCD1
6.79543267282245e-239	-1.32015505668877	0.985	0.983	2.03862980184673e-235	17	TSC22D3
8.72209437637428e-239	0.569767741958127	0.769	0.618	2.61662831291228e-235	17	ACOT7
1.80826911814566e-238	0.62955200783801	0.741	0.495	5.42480735443699e-235	17	LIG1
8.48559977592552e-238	0.369892500942109	0.726	0.508	2.54567993277766e-234	17	DSCC1
1.8294580327516e-237	0.326286490798404	0.687	0.437	5.48837409825481e-234	17	SPAG5
2.10881800901312e-236	0.490174237616617	0.721	0.561	6.32645402703935e-233	17	BRCA1
6.19955275648218e-236	0.580049287765266	0.883	0.723	1.85986582694465e-232	17	MIR4435-1HG
7.47794054538167e-236	0.432350474491409	0.718	0.519	2.2433821636145e-232	17	NCAPG2
1.69039159736769e-233	0.607602844823858	0.969	0.882	5.07117479210306e-230	17	FKBP1A
9.77992477745687e-232	0.638487897325566	0.918	0.771	2.93397743323706e-228	17	YWHAE
2.24668440920757e-231	-1.83754494979557	0.964	0.981	6.74005322762272e-228	17	FOS
7.63896414883664e-231	0.680933443719681	0.769	0.632	2.29168924465099e-227	17	CENPE
2.0294038028148e-230	0.686995026119681	0.736	0.559	6.08821140844439e-227	17	NCAPG
4.27865228945804e-229	0.688198072306701	0.712	0.496	1.28359568683741e-225	17	DLGAP5
1.14523504910614e-227	0.688379349556032	0.839	0.683	3.43570514731841e-224	17	USP1
1.20567255997997e-227	0.877290917628536	0.842	0.831	3.61701767993991e-224	17	MT1E
1.2463920141668e-227	0.551709640437044	0.781	0.643	3.7391760425004e-224	17	NRM
4.95387912131145e-225	0.338500218069802	0.691	0.505	1.48616373639344e-221	17	KIF4A
3.70763560356447e-224	0.804763497371765	0.798	0.652	1.11229068106934e-220	17	MCM6
3.3814035113301e-223	0.351710379356616	0.691	0.467	1.01442105339903e-219	17	PBK
7.77172440636592e-223	0.569396012117074	0.813	0.629	2.33151732190978e-219	17	ACYP1
1.26527746188416e-222	0.552406914201488	0.987	0.925	3.79583238565247e-219	17	PSME2
1.74389085564904e-222	0.281236414053278	0.674	0.431	5.23167256694712e-219	17	STIL
1.59946282511153e-215	-0.350154089920888	0.469	0.179	4.79838847533459e-212	17	FCN1
2.47719439486624e-214	0.646302259328337	0.991	0.943	7.43158318459872e-211	17	LDHA
3.20881043433675e-214	0.548782627287471	0.935	0.818	9.62643130301025e-211	17	TPR
5.0871717446695e-214	0.313650989498505	0.742	0.605	1.52615152340085e-210	17	KIAA1524
2.25773671828355e-213	0.543627795429606	0.698	0.442	6.77321015485065e-210	17	CDCA5
6.693384916286e-213	0.617411535263173	0.882	0.71	2.0080154748858e-209	17	DDX39A
1.21695191803842e-211	0.449571889637066	1	0.989	3.65085575411525e-208	17	ACTG1
6.30520486491515e-211	0.488600741983687	0.799	0.662	1.89156145947455e-207	17	HIST1H3D
3.02370911654907e-209	0.498780423670003	0.725	0.542	9.07112734964722e-206	17	TUBG1
3.98795610050364e-209	0.496691119704183	0.693	0.526	1.19638683015109e-205	17	HIST1H3C
1.0293063227796e-207	0.54140154653663	0.842	0.689	3.0879189683388e-204	17	SUPT16H
2.00164105176837e-206	0.531038598254985	0.734	0.559	6.00492315530511e-203	17	CENPH
3.89751881619753e-206	0.406864464951439	0.62	0.283	1.16925564485926e-202	17	CDCA2
1.46024140218953e-205	1.52377645311085	0.792	0.696	4.3807242065686e-202	17	CXCL13
6.94422973825386e-204	0.857529413955216	0.756	0.662	2.08326892147616e-200	17	HMMR
1.62040380060582e-201	0.525401582595897	0.823	0.651	4.86121140181746e-198	17	CD59
3.0792520223706e-200	0.546646425695726	0.898	0.803	9.23775606711181e-197	17	SNRPE
8.17732575386544e-199	0.500023958450978	0.888	0.767	2.45319772615963e-195	17	SMS
6.68381028764082e-197	0.746879668378424	0.901	0.764	2.00514308629225e-193	17	RAD21
1.03293522928843e-195	0.497237995484874	0.991	0.946	3.09880568786528e-192	17	YBX1
6.99954198454644e-195	0.537282286638363	0.769	0.66	2.09986259536393e-191	17	PAICS
8.5405954835665e-194	0.516999468627845	0.982	0.885	2.56217864506995e-190	17	DBI
9.38486532735678e-193	0.835732988744425	0.793	0.631	2.81545959820703e-189	17	KIF22
1.20360992711364e-192	0.492605587990502	0.782	0.696	3.61082978134093e-189	17	SCCPDH
3.32888732148101e-192	0.474666105442987	0.779	0.77	9.98666196444304e-189	17	LAYN
3.37364191656723e-192	0.45950418845139	0.915	0.806	1.01209257497017e-188	17	AP2S1
5.15884169806764e-192	2.27926563054293	0.963	0.906	1.54765250942029e-188	17	HIST1H4C
9.39500929916712e-191	0.623088833590613	0.85	0.636	2.81850278975014e-187	17	TUBA1C
7.01926064898304e-189	0.361555082640532	0.719	0.584	2.10577819469491e-185	17	ANLN
1.85079277887378e-188	0.532651991555191	0.894	0.831	5.55237833662135e-185	17	SIRPG
1.18639635695627e-187	0.4846144568383	0.985	0.943	3.55918907086882e-184	17	SUB1
4.00217679507646e-187	0.685232517711051	0.942	0.856	1.20065303852294e-183	17	HSPD1
1.1254772822986e-186	0.342788594091982	0.812	0.669	3.37643184689579e-183	17	PAFAH1B3
1.3492398775964e-186	0.546206991123588	0.834	0.803	4.04771963278919e-183	17	GGCT
3.8345992315948e-186	0.424703499268456	0.971	0.883	1.15037976947844e-182	17	POMP
4.34359812004617e-186	0.438195559257252	0.712	0.575	1.30307943601385e-182	17	CCDC34
1.14244803366844e-183	0.882457438275325	0.859	0.712	3.42734410100532e-180	17	H2AFX
3.7919799819975e-183	0.8426767704533	0.836	0.703	1.13759399459925e-179	17	KPNA2
9.72819380522917e-183	0.587692438601522	0.753	0.646	2.91845814156875e-179	17	MTHFD1
5.77280122388517e-181	0.608760961805102	0.772	0.668	1.73184036716555e-177	17	NDC80
5.2521325776681e-180	0.472379167270938	0.682	0.519	1.57563977330043e-176	17	CHEK1
8.5414472498156e-180	0.958113274151263	0.938	0.82	2.56243417494468e-176	17	ARL6IP1
1.25791955568241e-179	0.404681976666006	0.774	0.588	3.77375866704722e-176	17	POLD2
7.79483491887243e-179	1.13395141097592	0.72	0.635	2.33845047566173e-175	17	TPX2
8.14600352495721e-179	0.445914775447417	0.777	0.647	2.44380105748716e-175	17	ARL3
1.34533528163636e-178	0.557118698982516	0.792	0.733	4.03600584490909e-175	17	TNFRSF9
1.92330513808027e-178	-0.274737721951466	0.403	0.732	5.76991541424081e-175	17	LOC102724246
2.63581838080382e-178	-2.24031009908295	0.794	0.871	7.90745514241146e-175	17	IL7R
3.42454485176174e-178	0.351541317771111	0.685	0.504	1.02736345552852e-174	17	CHAF1B
9.08784997819104e-178	0.398589880393305	0.894	0.794	2.72635499345731e-174	17	DECR1
1.57332043579539e-177	0.658549743532933	0.731	0.595	4.71996130738618e-174	17	RACGAP1
7.37913810062846e-177	0.385407258257538	0.919	0.786	2.21374143018854e-173	17	BTG3
9.06256386853241e-177	0.409874486712216	0.929	0.788	2.71876916055972e-173	17	LINC00152
1.06263133122533e-176	0.454603268204253	0.936	0.871	3.18789399367598e-173	17	VDAC1
2.37457094613971e-176	0.511328546458271	0.703	0.631	7.12371283841912e-173	17	ORC6
3.13811567973177e-176	0.267699770058736	0.715	0.618	9.41434703919532e-173	17	CDCA7L
6.13644211187915e-176	0.456762679548689	0.961	0.872	1.84093263356375e-172	17	BST2
7.22424324436118e-176	0.558041930525726	0.886	0.847	2.16727297330836e-172	17	CTLA4
2.28885283024024e-172	0.526617910358587	0.826	0.665	6.86655849072073e-169	17	PRKDC
3.61330895104524e-172	0.442462713227755	0.926	0.773	1.08399268531357e-168	17	CDK2AP2
2.67726579033383e-170	0.39267572969783	0.718	0.565	8.03179737100148e-167	17	CTNNAL1
3.79801057751965e-170	0.298594814004877	0.748	0.703	1.13940317325589e-166	17	SOX4
1.62526745921694e-168	0.478665776572789	0.801	0.668	4.87580237765083e-165	17	LOC101928173
1.17089009676833e-166	0.534303387834375	0.939	0.79	3.512670290305e-163	17	ITM2A
1.90367488427374e-166	-0.701229477506567	0.999	0.998	5.71102465282123e-163	17	RPS18
2.8986026571523e-166	0.464174475600279	0.993	0.934	8.6958079714569e-163	17	CRIP1
1.62141429010989e-165	0.521492197938506	0.866	0.713	4.86424287032966e-162	17	RAB27A
1.1527614857026e-164	0.453511534394093	0.782	0.74	3.45828445710781e-161	17	MYL6B
4.1407265886832e-164	0.434577670749049	0.893	0.792	1.24221797660496e-160	17	GSTO1
2.94793967590644e-163	0.367925796945553	0.815	0.649	8.84381902771933e-160	17	CD151
3.1941416574529e-162	0.505222765427326	0.63	0.419	9.58242497235869e-159	17	MXD3
1.96176263544607e-160	0.401441033898122	0.896	0.778	5.8852879063382e-157	17	DUSP4
5.50524461343732e-160	0.358433558098731	0.96	0.852	1.6515733840312e-156	17	DYNLL1
2.12581394334866e-159	0.367669250274926	0.865	0.797	6.37744183004598e-156	17	LAP3
3.45537121007341e-159	0.665684883117148	0.736	0.706	1.03661136302202e-155	17	HMGB3
4.15022850525689e-159	0.311982387872971	0.664	0.524	1.24506855157707e-155	17	HIST1H2AH
1.7041396852646e-158	0.444268161402546	0.997	0.967	5.11241905579381e-155	17	HSP90AA1
2.47373846329353e-157	0.432014897469209	0.836	0.737	7.4212153898806e-154	17	TOX
2.68624391247013e-157	0.424915029648013	0.741	0.645	8.05873173741038e-154	17	AURKA
2.28692919942198e-155	0.496443414302561	0.839	0.748	6.86078759826594e-152	17	MIS18BP1
2.41877509069509e-154	0.387348569746764	0.963	0.861	7.25632527208526e-151	17	EIF5A
5.51084756288059e-154	0.596364320719745	0.646	0.462	1.65325426886418e-150	17	KIF14
9.76292419051706e-154	0.348592497837514	0.705	0.601	2.92887725715512e-150	17	KNSTRN
2.86872228305794e-152	-1.63542516769404	0.938	0.951	8.60616684917383e-149	17	CD69
3.04433164828762e-152	0.380226795520311	0.964	0.893	9.13299494486285e-149	17	PRDX1
3.17157825460568e-152	0.392215840831352	0.934	0.836	9.51473476381703e-149	17	PRDX5
2.88272864238675e-151	0.485691297146952	0.94	0.874	8.64818592716025e-148	17	PDIA6
3.68092363917737e-151	0.324165995901907	0.776	0.617	1.10427709175321e-147	17	PPIF
1.31888440306669e-150	0.492219919285701	0.843	0.746	3.95665320920006e-147	17	CCT5
4.52156823838463e-149	-1.4701388168005	0.956	0.96	1.35647047151539e-145	17	CXCR4
3.08674158660704e-148	0.287137084023053	0.671	0.577	9.26022475982111e-145	17	PHGDH
4.98038613020271e-147	0.698858944615215	0.616	0.367	1.49411583906081e-143	17	GTSE1
6.64070194650548e-146	0.645138971415735	0.823	0.734	1.99221058395164e-142	17	NUCB2
1.06453529428993e-145	0.394482756192129	0.821	0.746	3.19360588286981e-142	17	APOBEC3C
1.18927910682939e-142	0.417025899589259	0.77	0.586	3.56783732048817e-139	17	HNRNPAB
1.34795175634318e-142	0.329639600328448	0.728	0.542	4.04385526902954e-139	17	WDR54
4.51635277013962e-142	0.276701495813077	0.772	0.637	1.35490583104189e-138	17	SPTBN1
4.59454490725642e-142	0.367360488892679	0.843	0.751	1.37836347217693e-138	17	RNASEH2B
5.04645629656099e-142	0.959380136808699	0.804	0.744	1.5139368889683e-138	17	HIST1H2AM
9.0698597601243e-142	-1.27576082679196	0.797	0.653	2.72095792803729e-138	17	IFI30
1.39938206960398e-141	0.322006670074497	0.858	0.709	4.19814620881195e-138	17	C12orf75
1.63532139108136e-141	0.286647427639197	0.623	0.377	4.90596417324408e-138	17	DEPDC1
3.80607769403012e-140	0.375371088727508	0.686	0.554	1.14182330820903e-136	17	BUB1
2.85823786873207e-138	0.321789277839533	0.759	0.72	8.57471360619621e-135	17	ETV7
7.68549562254796e-138	-0.799226987788592	0.999	0.998	2.30564868676439e-134	17	RPS8
1.15748456829451e-137	0.54751773602487	0.819	0.763	3.47245370488354e-134	17	CKAP2
3.00814305421204e-137	0.949110903531283	0.884	0.847	9.02442916263611e-134	17	HIST1H1E
3.04370537465835e-137	-1.51338173809425	0.862	0.91	9.13111612397504e-134	17	BTG2
1.08200141747813e-136	0.338145360527862	0.764	0.643	3.2460042524344e-133	17	MPST
1.51225728128629e-135	0.61813148855401	0.793	0.77	4.53677184385887e-132	17	HAVCR2
3.26796721416568e-134	-1.33036248935986	0.976	0.973	9.80390164249705e-131	17	JUN
4.75156331753992e-134	0.325415762053882	0.726	0.757	1.42546899526198e-130	17	C3orf14
6.57276983404797e-134	0.286818650906036	0.75	0.701	1.97183095021439e-130	17	LYRM4
2.12340111737021e-133	0.430409349199562	0.855	0.705	6.37020335211062e-130	17	LAG3
5.03425732355659e-133	0.263810786213409	0.636	0.481	1.51027719706698e-129	17	C21orf58
8.45612619557878e-133	0.440447432970173	0.8	0.771	2.53683785867363e-129	17	AHCY
9.1783213643183e-133	0.294482264004274	0.987	0.952	2.75349640929549e-129	17	ARPC1B
2.01989888757994e-132	0.29686136039143	0.623	0.454	6.05969666273982e-129	17	HIST1H3G
2.93795166434695e-132	0.371843606112566	0.717	0.645	8.81385499304086e-129	17	NCAPD2
9.1847354196427e-132	0.394008242279418	0.982	0.913	2.75542062589281e-128	17	CALM2
1.83249634983293e-131	-0.433693853650715	1	1	5.4974890494988e-128	17	RPLP1
8.21697853597536e-131	0.442121114396731	0.797	0.742	2.46509356079261e-127	17	DCTPP1
2.25767925816492e-129	0.3295717845946	0.711	0.676	6.77303777449475e-126	17	IL21
4.82578157060821e-129	0.339168048411665	0.77	0.694	1.44773447118246e-125	17	RUVBL2
2.20768771657091e-127	0.354356770723561	0.707	0.538	6.62306314971273e-124	17	MIR155HG
4.40584528405164e-127	0.312225073832095	0.622	0.504	1.32175358521549e-123	17	CCNE2
1.60857147073553e-126	0.342177805786411	0.825	0.738	4.82571441220659e-123	17	ATP1B3
3.98941435347414e-126	0.391841842246731	0.923	0.832	1.19682430604224e-122	17	RPS27L
2.78649150398651e-125	0.465843021959296	0.942	0.86	8.35947451195953e-122	17	GSTP1
2.81498073161346e-125	-1.64960194803433	0.672	0.816	8.44494219484037e-122	17	ANXA1
4.9063727293108e-125	0.327460295463287	0.885	0.85	1.47191181879324e-121	17	LIMS1
7.14706886997193e-125	-0.716172307072079	0.55	0.725	2.14412066099158e-121	17	PTGER2
3.00800207012685e-121	0.307257404313293	0.939	0.851	9.02400621038056e-118	17	CTSC
6.29979461315101e-119	0.376749044319662	0.891	0.827	1.8899383839453e-115	17	CCT6A
9.83620891672457e-119	0.41234536117222	0.882	0.806	2.95086267501737e-115	17	TMEM14C
3.83491012421738e-118	0.414144305785934	0.875	0.79	1.15047303726521e-114	17	RBPJ
4.39237648895965e-116	0.821979277787677	0.807	0.782	1.3177129466879e-112	17	HIST1H1B
1.66925505392335e-115	0.332073831064055	0.88	0.777	5.00776516177006e-112	17	ITGAE
2.8083129745877e-115	-1.06578856993558	0.864	0.896	8.42493892376309e-112	17	DUSP1
5.79830937198678e-115	-0.430541625896431	0.535	0.808	1.73949281159603e-111	17	APOC1
1.54145981640827e-114	0.304912043319349	0.724	0.587	4.62437944922482e-111	17	SLC1A5
1.55681768343227e-112	0.356655711665683	0.703	0.715	4.6704530502968e-109	17	ZBED2
3.30292568782693e-111	0.340667604269732	0.857	0.755	9.90877706348079e-108	17	SDF2L1
1.33861881200638e-110	0.27102713780184	0.9	0.784	4.01585643601914e-107	17	BATF
2.13546507136703e-110	0.402699721839713	0.688	0.649	6.40639521410109e-107	17	BRCA2
1.71121089835786e-109	0.445252233263473	0.904	0.788	5.13363269507357e-106	17	TUBB4B
4.11546478590547e-108	0.296668873969748	0.884	0.75	1.23463943577164e-104	17	HMGN3
6.62574529547631e-108	0.309134216694839	0.699	0.628	1.98772358864289e-104	17	LOC100506100
6.78158209086672e-108	0.323637168094958	0.857	0.803	2.03447462726002e-104	17	IMPDH2
3.34723135835672e-107	0.376374687574139	0.74	0.723	1.00416940750702e-103	17	SMCO4
4.60052844418456e-107	0.280419992818724	0.672	0.586	1.38015853325537e-103	17	FANCL
1.63796293051841e-106	0.280689737967619	0.911	0.829	4.91388879155522e-103	17	KDELR2
6.5085435356519e-106	0.434965348233847	0.869	0.827	1.95256306069557e-102	17	IFI6
1.51369669230776e-105	0.321388820700889	0.691	0.614	4.54109007692329e-102	17	LOC100506844
1.61618037091457e-105	0.330008268897024	0.651	0.623	4.8485411127437e-102	17	TRIP13
4.68118620663912e-105	0.261579151098926	0.688	0.617	1.40435586199174e-101	17	DERL3
8.02181578056458e-104	0.338198023355363	0.934	0.876	2.40654473416937e-100	17	PPA1
2.75796606646699e-103	0.48488414470982	0.664	0.587	8.27389819940098e-100	17	HIST1H2BH
1.47532207070787e-101	0.348789425164997	0.763	0.735	4.42596621212361e-98	17	GPR25
1.68571150971781e-101	0.25616516346811	0.892	0.755	5.05713452915344e-98	17	HSPB1
2.3471399097703e-101	0.326065764927231	0.657	0.586	7.0414197293109e-98	17	NEK2
2.86900341987238e-100	0.265136910302971	0.742	0.605	8.60701025961714e-97	17	UBE2S
9.05789427234448e-99	0.313204116469361	0.874	0.793	2.71736828170334e-95	17	NHP2
4.66581334122801e-97	0.299007658289213	0.68	0.649	1.3997440023684e-93	17	GEM
3.51346858657821e-96	0.259413505691851	0.564	0.389	1.05404057597346e-92	17	ECT2
2.95226694401338e-93	0.312734941088592	0.799	0.761	8.85680083204014e-90	17	MX1
2.95414162086597e-93	0.288751218815466	0.666	0.579	8.86242486259791e-90	17	SLC43A3
3.01474728037608e-93	0.27927423619147	0.631	0.57	9.04424184112825e-90	17	BUB1B
1.07287878123795e-92	0.256864607395138	0.712	0.66	3.21863634371386e-89	17	INPP1
3.46879792911542e-92	0.332718335542493	0.742	0.592	1.04063937873463e-88	17	CDC25B
4.92375830445901e-92	0.312735783712378	0.889	0.839	1.4771274913377e-88	17	SEC11C
8.26749341204045e-92	0.295672720064439	0.903	0.841	2.48024802361214e-88	17	C1QBP
2.67528559991866e-91	0.255111640059327	0.766	0.727	8.02585679975597e-88	17	BZW2
8.42639970605897e-90	0.267813341777765	0.742	0.734	2.52791991181769e-86	17	CCDC50
9.24366432536672e-90	0.314528025708998	0.609	0.541	2.77309929761002e-86	17	MTFR2
1.88728014545168e-85	0.324171378065537	0.95	0.891	5.66184043635503e-82	17	CALR
1.95342147641857e-85	0.414846975784425	0.763	0.779	5.86026442925571e-82	17	IL2RA
9.52638344276179e-85	0.30821859602046	0.672	0.726	2.85791503282854e-81	17	FOXM1
2.125013438544e-83	0.25310552092594	0.801	0.717	6.37504031563201e-80	17	MANF
8.05927618957756e-82	-1.42003703174475	0.899	0.901	2.41778285687327e-78	17	IER2
4.47950042852587e-81	0.268596150966393	0.796	0.74	1.34385012855776e-77	17	PRDX4
6.21017701357304e-81	0.519510066176226	0.748	0.697	1.86305310407191e-77	17	UNG
9.82307179105579e-80	0.396965335220664	0.677	0.685	2.94692153731674e-76	17	CDKN2A
5.03515923155071e-79	0.47119661773673	0.649	0.614	1.51054776946521e-75	17	HIST1H2AL
2.93803295675826e-78	0.263184336128553	0.667	0.534	8.81409887027478e-75	17	FASLG
4.37035724329705e-77	0.51230618665321	0.637	0.562	1.31110717298911e-73	17	ARHGAP11A
3.16942290597422e-76	0.29505411559761	1	0.995	9.50826871792266e-73	17	TMSB10
6.55400367658529e-76	-0.310147647948991	0.635	0.822	1.96620110297559e-72	17	TXK
1.34461408823687e-75	0.288597037995962	0.718	0.768	4.0338422647106e-72	17	HMOX1
1.4317947699734e-75	0.288614369122938	0.527	0.406	4.2953843099202e-72	17	HIST1H2AI
1.36078571003851e-72	0.276298223630377	0.864	0.891	4.08235713011554e-69	17	EPSTI1
5.59556829537559e-71	-0.488508517705668	0.742	0.74	1.67867048861268e-67	17	AIF1
6.18577614199926e-69	-1.28633815650752	0.82	0.895	1.85573284259978e-65	17	LTB
1.1009608002774e-67	0.451902731583029	0.83	0.808	3.30288240083221e-64	17	HIST1H1C
1.48717209539457e-67	-0.520700024090076	0.52	0.698	4.46151628618372e-64	17	PLAC8
1.83684155502901e-67	-0.359439668127565	0.526	0.394	5.51052466508703e-64	17	C15orf48
1.11990991794864e-66	-0.286537208954056	0.504	0.376	3.35972975384592e-63	17	MS4A7
1.62389591304228e-66	0.577619660357489	0.882	0.864	4.87168773912685e-63	17	HIST1H1D
3.91767369004839e-66	-0.838798085375341	0.659	0.781	1.17530210701452e-62	17	TOB1
4.21158354045971e-63	0.304094335508185	0.594	0.575	1.26347506213791e-59	17	PRR11
2.91818019472527e-60	0.280032264613407	0.736	0.704	8.7545405841758e-57	17	GALNT2
3.46823754987463e-60	-0.267265677925256	0.411	0.606	1.04047126496239e-56	17	LINC01272
4.9533700791658e-60	0.377221437691312	0.784	0.816	1.48601102374974e-56	17	TNFRSF18
9.23970476428396e-59	0.272561957441781	0.635	0.528	2.77191142928519e-55	17	CD81
1.50016880920775e-57	0.326476493012872	0.611	0.567	4.50050642762324e-54	17	CDKN2C
1.00234116857912e-56	0.798344840787967	0.836	0.78	3.00702350573736e-53	17	GZMA
1.74240625564249e-56	0.56845887220615	0.635	0.717	5.22721876692746e-53	17	CASC5
1.18184448496313e-54	0.536679540429266	0.743	0.611	3.54553345488939e-51	17	GNLY
1.84251063629371e-54	-0.349634027214822	0.925	0.847	5.52753190888113e-51	17	GPX1
3.73372970366343e-51	0.311825357858385	0.881	0.787	1.12011891109903e-47	17	LGALS1
1.3028844083024e-50	0.283113825352024	0.61	0.696	3.90865322490719e-47	17	SKA3
2.00200304318269e-48	0.390821716873572	0.581	0.554	6.00600912954806e-45	17	SGOL2
1.01080979580705e-47	0.36770917434787	0.687	0.667	3.03242938742114e-44	17	HIST1H2BF
1.46693758731238e-46	-0.947768174049321	0.989	0.979	4.40081276193714e-43	17	FTL
3.37727219744924e-46	0.251362643859274	0.528	0.409	1.01318165923477e-42	17	SKA1
6.29417534731376e-46	0.480425047764741	0.719	0.767	1.88825260419413e-42	17	MZB1
2.17033573033073e-45	-0.283045122939363	0.79	0.69	6.51100719099219e-42	17	MT1X
2.21763312198741e-45	-0.302466971839716	0.325	0.577	6.65289936596224e-42	17	LOC102725101
6.49292856418911e-45	-1.08373285525576	0.928	0.931	1.94787856925673e-41	17	TNFAIP3
2.39280201926987e-43	-0.952277338086297	0.922	0.902	7.17840605780961e-40	17	PPP1R15A
2.54233157461157e-43	0.29567764101601	0.915	0.865	7.62699472383471e-40	17	HSP90B1
2.22547343710411e-42	-0.632060483919649	0.664	0.787	6.67642031131234e-39	17	CCR7
3.3037669491393e-42	-0.95185343541859	0.746	0.779	9.9113008474179e-39	17	SLC2A3
5.21200477438561e-42	-0.948930341464215	0.546	0.439	1.56360143231568e-38	17	S100A8
3.93799731133495e-41	-1.12290581811615	0.702	0.747	1.18139919340048e-37	17	FOSB
8.51327051693368e-41	0.256242478735917	0.777	0.829	2.5539811550801e-37	17	FOXP3
1.28291642318883e-40	-0.361049251273019	0.611	0.716	3.84874926956648e-37	17	SATB1
4.6272615106752e-40	-1.28025836102983	0.8	0.817	1.38817845320256e-36	17	GADD45B
1.11645179024499e-38	-0.859124737137689	0.652	0.77	3.34935537073497e-35	17	TIMP1
2.59404196406308e-38	0.277484063597301	0.634	0.577	7.78212589218925e-35	17	HIST1H2AB
7.60200767683445e-37	-0.411086543395405	0.418	0.592	2.28060230305033e-33	17	LOC101929065
8.75858310064557e-37	-0.591773556990805	0.458	0.669	2.62757493019367e-33	17	CAPG
1.24430234590096e-36	-0.675584062903668	0.653	0.803	3.73290703770289e-33	17	NPC2
1.80666592605805e-36	-0.422371516456935	0.404	0.605	5.41999777817416e-33	17	TCF7
2.88673270575282e-36	-0.588513212263702	0.813	0.858	8.66019811725845e-33	17	CD55
3.53657698891286e-36	0.258910595838444	0.778	0.716	1.06097309667386e-32	17	CD8B
4.81422116928216e-36	-0.946242625221264	0.946	0.936	1.44426635078465e-32	17	DNAJB1
3.74216549021503e-34	-1.11325504031374	0.985	0.972	1.12264964706451e-30	17	NFKBIA
4.62074675644205e-34	0.260608230840202	0.637	0.643	1.38622402693262e-30	17	HIST1H3H
1.57567440996307e-33	-0.953329542666548	0.979	0.958	4.72702322988921e-30	17	KLF6
3.1725561671112e-33	-0.54343489063222	0.782	0.831	9.51766850133359e-30	17	SAMHD1
4.77974847748847e-33	0.569264642310534	0.801	0.83	1.43392454324654e-29	17	IGJ
8.78059260229699e-30	-0.27415534168756	0.98	0.93	2.6341777806891e-26	17	RGS1
2.23237311185174e-29	-0.804006469934484	0.999	0.99	6.69711933555521e-26	17	FTH1
2.47428579960325e-27	-0.638766047419516	0.666	0.729	7.42285739880976e-24	17	SOCS3
4.31444363501489e-27	-0.334637202588505	0.574	0.69	1.29433309050447e-23	17	CDC14A
9.62987893541453e-27	0.35297898884244	0.645	0.672	2.88896368062436e-23	17	HIST1H2AG
3.21371287053727e-26	0.283948302334471	0.618	0.627	9.64113861161181e-23	17	TIMD4
6.53431350537941e-26	-0.552668019352237	0.497	0.629	1.96029405161382e-22	17	KLRG1
9.33638412825561e-26	-0.392668752271849	0.699	0.773	2.80091523847668e-22	17	PASK
8.27007649669408e-25	-0.84145000022396	0.848	0.846	2.48102294900822e-21	17	SERTAD1
8.46961475002363e-25	-1.01417989199457	0.944	0.929	2.54088442500709e-21	17	DDIT4
9.87568963918376e-25	-0.385524729612942	0.689	0.675	2.96270689175513e-21	17	HLA-DQB1
1.60514694407178e-24	-0.863255821013384	0.752	0.777	4.81544083221535e-21	17	TAGAP
1.86628611816434e-24	-0.397735013871816	0.694	0.796	5.59885835449302e-21	17	GPR171
3.23884992328479e-24	-0.340874932523641	0.447	0.631	9.71654976985438e-21	17	C1QA
4.81217855419456e-24	-0.748192909380923	0.992	0.986	1.44365356625837e-20	17	PABPC1
1.26733696982582e-23	-0.759203605248915	0.531	0.622	3.80201090947747e-20	17	AOAH
4.1825915995778e-23	-0.748455066965699	0.613	0.679	1.25477747987334e-19	17	AHNAK
3.78905539939513e-22	0.370212955373687	0.642	0.634	1.13671661981854e-18	17	HIST1H4F
4.80721459541039e-22	-0.27769786535155	0.582	0.692	1.44216437862312e-18	17	LIPA
1.42821880533165e-21	-0.797028123811087	0.588	0.647	4.28465641599494e-18	17	KLF2
4.36805025688403e-21	-0.795948451420334	0.616	0.568	1.31041507706521e-17	17	BMS1P20
1.34390800303055e-20	-1.0004379870622	0.604	0.666	4.03172400909166e-17	17	AREG
1.56906257618214e-20	0.324665675110659	0.616	0.669	4.70718772854643e-17	17	HIST2H2AB
1.69654054597741e-20	-0.26441409896636	0.479	0.62	5.08962163793222e-17	17	BEX2
2.71255293551431e-20	1.22354156115583	0.736	0.734	8.13765880654293e-17	17	LOC100293211
6.79490520633171e-20	-0.955050179873929	0.572	0.639	2.03847156189951e-16	17	EGR1
1.94362250985194e-19	-0.252150361771761	0.864	0.878	5.83086752955583e-16	17	SELL
3.3502965332365e-19	-0.747795815095075	0.935	0.929	1.00508895997095e-15	17	S100A10
3.65894995620475e-19	-0.293411287659289	0.953	0.874	1.09768498686143e-15	17	DNAJA1
1.13773607835464e-18	-1.16199235975715	0.818	0.796	3.41320823506391e-15	17	CCL5
1.4180039089972e-18	-0.291973126236573	0.645	0.588	4.25401172699161e-15	17	LOC101060038
1.81955584481118e-18	-0.333802234219981	0.836	0.746	5.45866753443354e-15	17	PRF1
8.16601224312815e-18	-0.530863465736511	0.512	0.64	2.44980367293845e-14	17	HOPX
9.63541856065198e-18	-0.302520024737582	0.955	0.862	2.89062556819559e-14	17	ATP6V0C
1.63142757574604e-17	-0.34869344003645	0.547	0.696	4.89428272723811e-14	17	CLIC3
1.87791867366723e-17	-0.500973865753711	0.526	0.627	5.6337560210017e-14	17	BCL2A1
2.18271548486112e-17	-0.625993465131877	0.691	0.726	6.54814645458336e-14	17	PIK3R1
3.88788344705823e-17	-0.25696553857621	0.469	0.399	1.16636503411747e-13	17	CCL4L1
9.80757268538461e-17	0.252727093106474	0.532	0.575	2.94227180561538e-13	17	KIF20A
3.45658967245882e-16	-0.260122133283944	0.601	0.612	1.03697690173764e-12	17	MS4A6A
4.22790950451981e-16	-0.281453884283689	0.574	0.655	1.26837285135594e-12	17	SYTL2
1.51685793309945e-15	-0.789268109801398	0.618	0.67	4.55057379929834e-12	17	DUSP2
3.00409616593522e-15	-0.337021939714787	0.711	0.587	9.01228849780565e-12	17	PRKCQ-AS1
3.10168450980397e-15	-0.484752825918269	0.604	0.635	9.30505352941191e-12	17	ERN1
3.73162494884598e-15	-0.353279010603802	0.642	0.692	1.11948748465379e-11	17	S1PR1
6.93857737138648e-15	-0.570724911221279	0.596	0.658	2.08157321141594e-11	17	MYADM
1.04631025101689e-14	-0.751964016933309	0.764	0.755	3.13893075305067e-11	17	NR4A2
1.40735197917265e-13	-0.572878023777875	0.654	0.73	4.22205593751796e-10	17	UPP1
1.67501721512459e-13	-0.325132972137759	0.525	0.678	5.02505164537377e-10	17	SPI1
2.15617868230479e-13	-0.622437174206095	0.766	0.785	6.46853604691436e-10	17	GPR183
2.32630567577005e-13	-0.304214884673919	0.677	0.677	6.97891702731016e-10	17	GRN
2.59918676793474e-13	-0.282783395815199	0.513	0.459	7.79756030380423e-10	17	ODC1
3.45737790183618e-13	-0.364098815547274	0.558	0.479	1.03721337055086e-09	17	SNORA78
7.21503834954702e-13	-0.267832606497431	0.673	0.603	2.1645115048641e-09	17	TPST2
1.24695520875606e-12	-0.370559975552812	0.67	0.723	3.74086562626819e-09	17	CH25H
2.67135781725546e-12	-0.717525192627502	0.534	0.63	8.01407345176637e-09	17	GLUL
5.7128995292076e-12	-0.271774326806217	0.776	0.711	1.71386985876228e-08	17	SOD2
5.84065285527361e-12	-0.291001190375195	0.572	0.658	1.75219585658208e-08	17	SMIM3
1.09660009094256e-11	-0.660872434240147	0.831	0.846	3.28980027282769e-08	17	RNASET2
1.12069740305258e-11	-1.19122701416011	0.626	0.606	3.36209220915774e-08	17	TYROBP
2.10636553929637e-11	-0.927362644784917	0.72	0.776	6.31909661788911e-08	17	CTSW
5.6252099568629e-11	-0.635741907649001	0.722	0.742	1.68756298705887e-07	17	DDIT3
9.29167836377947e-11	-0.288956598165117	0.392	0.535	2.78750350913384e-07	17	PLAUR
1.46236443747085e-10	0.515872607649072	0.769	0.847	4.38709331241256e-07	17	IGLL5
2.03002790085149e-10	-0.579718897564762	0.715	0.805	6.09008370255448e-07	17	ATF3
4.18776439627302e-10	-0.521748768985691	0.845	0.769	1.25632931888191e-06	17	NKG7
5.6165444805293e-10	-0.96354030408232	0.44	0.452	1.68496334415879e-06	17	S100A9
7.62400123249197e-10	-0.301414108728994	0.842	0.734	2.28720036974759e-06	17	NFKBIZ
9.22419271151098e-10	-0.262942051355685	0.383	0.422	2.76725781345329e-06	17	BCL3
9.7769952373049e-10	-0.376786402072094	0.49	0.592	2.93309857119147e-06	17	TUBB2A
2.97691324545902e-09	-0.294804397439565	0.535	0.606	8.93073973637705e-06	17	PER1
3.35633244362357e-09	-0.431340039630875	0.644	0.718	1.00689973308707e-05	17	FAM65B
6.26259092352609e-09	-0.550871392758673	0.42	0.543	1.87877727705783e-05	17	C1orf162
6.86865673158474e-09	-0.358880503617734	0.431	0.428	2.06059701947542e-05	17	FCGR3A
7.23555604419969e-09	-0.356998486836022	0.488	0.587	2.17066681325991e-05	17	SESN1
1.08365301772106e-08	-0.458895891879032	0.588	0.545	3.25095905316317e-05	17	LST1
1.14803746845062e-08	-0.453629876314707	1	1	3.44411240535185e-05	17	RNR2
1.34001788506341e-08	-0.645843972794605	0.428	0.59	4.02005365519022e-05	17	SERPINA1
1.81189747170789e-08	-0.256924820247495	0.802	0.786	5.43569241512366e-05	17	GCHFR
4.51093050931256e-08	-0.268779586990005	0.367	0.507	0.000135327915279377	17	FGFBP2
5.83935367753265e-08	-0.527908636391487	0.448	0.437	0.000175180610325979	17	SOCS1
7.04678992140727e-08	-0.343783891138149	0.915	0.843	0.000211403697642218	17	EMP3
1.28906053236596e-07	-0.311290041300037	0.895	0.807	0.000386718159709789	17	ITGB2
2.68291725763846e-07	-0.361460896319833	0.819	0.783	0.000804875177291538	17	NOSIP
5.00495667454375e-07	-0.582763078856649	0.782	0.766	0.00150148700236313	17	CSRNP1
5.65110714191579e-07	-0.27891071730593	0.48	0.547	0.00169533214257474	17	FXYD1
1.9341175335439e-06	-0.358404642712039	0.985	0.965	0.00580235260063169	17	IFITM1
4.59761056707203e-06	-0.360167185491796	0.507	0.556	0.0137928317012161	17	PPP1R2P9
5.35032079285127e-06	-0.50485781087734	0.879	0.869	0.0160509623785538	17	ZFP36L1
5.35972877874151e-06	-0.420234552515635	0.712	0.631	0.0160791863362245	17	JUND
8.65408352884987e-06	-0.300732708954907	0.874	0.847	0.0259622505865496	17	PRDM1
9.37262979617554e-06	-0.39362321324855	0.689	0.742	0.0281178893885266	17	TRAT1
1.04735930930636e-05	-0.549105623700095	0.654	0.67	0.0314207792791907	17	ZNF331
1.48181391431892e-05	-0.577879078872498	0.827	0.806	0.0444544174295675	17	YPEL5
