p_val	avg_log2FC	pct.1	pct.2	p_val_adj	cluster	gene
0	2.69615589735991	0.99	0.678	0	9	CCL4
0	2.48747318576468	1	0.782	0	9	NKG7
0	2.38960203209502	0.978	0.634	0	9	GZMH
0	2.36061206530143	0.936	0.405	0	9	FCGR3A
0	2.03485305394275	0.907	0.511	0	9	FGFBP2
0	2.00666140438328	0.992	0.794	0	9	CTSW
0	1.99836272136362	0.861	0.474	0	9	PTGDS
0	1.97917917462261	0.987	0.616	0	9	AOAH
0	1.95371321279441	0.999	0.869	0	9	CST7
0	1.92522971227065	0.968	0.596	0	9	TPST2
0	1.92086073715666	0.987	0.774	0	9	PRF1
0	1.74261652587297	0.848	0.528	0	9	FCER1G
0	1.64695481749322	1	0.998	0	9	ACTB
0	1.62460649459604	0.987	0.634	0	9	MAP3K8
0	1.62425928844191	0.973	0.866	0	9	LITAF
0	1.59140060126461	0.994	0.782	0	9	RTN4
0	1.56413518587039	0.853	0.605	0	9	SPON2
0	1.5462462179745	0.995	0.738	0	9	GZMB
0	1.53881537413888	0.859	0.445	0	9	KLRF1
0	1.52209697849177	0.829	0.531	0	9	ZEB2
0	1.52081898320392	0.933	0.597	0	9	CCL3
0	1.49656575685151	0.888	0.342	0	9	CX3CR1
0	1.45110625678509	0.968	0.774	0	9	ID2
0	1.44422681318692	0.766	0.46	0	9	S1PR5
0	1.44400743113189	0.979	0.741	0	9	NR4A2
0	1.36778956119284	0.923	0.548	0	9	MATK
0	1.36350881123583	0.982	0.773	0	9	TNFRSF1B
0	1.29008792103183	0.987	0.845	0	9	CLEC2B
0	1.27512028545792	0.999	0.796	0	9	ATOX1
0	1.20925028198595	0.898	0.646	0	9	NCR3
0	1.20423803147285	0.998	0.985	0	9	PPIA
0	1.20392123936204	0.862	0.642	0	9	KLRG1
0	1.14065037274635	0.967	0.776	0	9	LAIR2
0	1.13195389582251	0.998	0.819	0	9	CCL5
0	1.12146834140468	0.988	0.829	0	9	CARD16
0	1.10322025681741	0.795	0.433	0	9	ADRB2
0	1.09999129986637	0.915	0.715	0	9	C12orf75
0	1.09019035049849	1	0.985	0	9	PFN1
0	1.07624459496018	1	0.989	0	9	ACTG1
0	1.07041498299656	0.987	0.695	0	9	CCND2
0	1.0587049478802	0.992	0.805	0	9	ATP6V0D1
0	1.05091639414739	0.794	0.551	0	9	EFHD2
0	1.01118670888021	0.826	0.711	0	9	CLIC3
0	1.01051052978726	0.987	0.738	0	9	H2AFY
0	0.94703572175988	0.992	0.833	0	9	CCT6A
0	0.911446740822667	0.958	0.779	0	9	CDK2AP2
0	0.903254724411257	0.867	0.442	0	9	CCL4L2
0	0.886561855935018	0.798	0.428	0	9	SH2D1B
0	0.882377713001945	0.979	0.788	0	9	CPNE3
0	0.881427515755262	0.901	0.648	0	9	HSH2D
0	0.877831257249255	0.963	0.756	0	9	CTSS
0	0.851639463755779	0.998	0.982	0	9	CFL1
0	0.842101550573295	0.755	0.224	0	9	LOC101060789
0	0.786210395870231	0.992	0.704	0	9	GTF2I
0	0.78009675283729	0.946	0.485	0	9	CD160
0	0.779460715522013	0.896	0.412	0	9	LILRB1
0	0.778168588132431	0.999	0.686	0	9	SPAG16
0	0.775990313534448	0.861	0.306	0	9	IGFBP7
0	0.771516899963888	0.996	0.963	0	9	S100A4
0	0.770939158100803	0.916	0.668	0	9	AGTRAP
0	0.757086804995794	0.983	0.761	0	9	IKZF2
0	0.748156724669411	0.813	0.525	0	9	MTSS1
0	0.73890867593883	0.887	0.609	0	9	LAIR1
0	0.715002007897206	0.898	0.52	0	9	CDKN2D
0	0.710767235695491	0.99	0.776	0	9	TMPO
0	0.703543708522801	1	0.994	0	9	GAPDH
0	0.702540870167565	0.998	0.744	0	9	EIF4EBP1
0	0.673855232161932	0.983	0.748	0	9	RNASEH2B
0	0.669738479035157	0.957	0.704	0	9	RNH1
0	0.668808135854526	0.981	0.783	0	9	SMS
0	0.656879707364441	0.997	0.736	0	9	BZW2
0	0.643899747736366	0.981	0.653	0	9	TMIGD2
0	0.642376816471116	0.986	0.669	0	9	CARS
0	0.636815430911565	0.968	0.739	0	9	SH2D1A
0	0.634576758888181	0.859	0.565	0	9	ASCL2
0	0.632156247801558	0.924	0.733	0	9	ATP1B3
0	0.62227622925752	0.976	0.824	0	9	KDELR2
0	0.619354166644157	0.968	0.587	0	9	HIST2H2BC
0	0.616069810351937	0.979	0.768	0	9	APOBEC3C
0	0.601816756952187	0.975	0.564	0	9	CRTAM
0	0.587855041645081	0.94	0.673	0	9	SNHG15
0	0.574148681167471	0.998	0.707	0	9	CD70
0	0.564393981366567	0.978	0.492	0	9	ERRFI1
0	0.563205348977858	0.949	0.668	0	9	FNDC3B
0	0.562388595030098	0.998	0.98	0	9	SH3BGRL3
0	0.559356474390516	0.962	0.701	0	9	DNAJB9
0	0.554197178356864	0.94	0.67	0	9	SRRT
0	0.550901244829398	1	0.693	0	9	EZH2
0	0.54710103169508	0.978	0.645	0	9	SCPEP1
0	0.54676025343993	0.991	0.606	0	9	FBXO25
0	0.54135589021162	0.981	0.653	0	9	ALAS1
0	0.538067958594705	0.884	0.597	0	9	APLP2
0	0.535274400952448	0.991	0.766	0	9	HDLBP
0	0.527021465737492	0.988	0.818	0	9	PIM2
0	0.524846552081646	0.987	0.644	0	9	RNASEH2A
0	0.522294020752313	0.976	0.789	0	9	GSTO1
0	0.515877764776216	0.973	0.768	0	9	COMT
0	0.514556261447309	0.809	0.393	0	9	SIGLEC7
0	0.498177973078168	0.99	0.77	0	9	PLSCR1
0	0.49058035826376	0.957	0.62	0	9	ABHD2
0	0.489443979365167	0.992	0.746	0	9	HIST1H2AM
0	0.487788673788522	0.915	0.701	0	9	USP11
0	0.471667868662806	0.957	0.733	0	9	DDIT3
0	0.462875151886316	0.902	0.673	0	9	RIN3
0	0.432723577946903	0.984	0.647	0	9	HIST1H4F
0	0.430014209788906	0.889	0.606	0	9	DPEP2
0	0.428802287442308	0.919	0.683	0	9	SKAP2
0	0.424691415176484	0.968	0.541	0	9	DDAH2
0	0.424478680175038	0.985	0.644	0	9	SPTBN1
0	0.416645374080115	0.971	0.676	0	9	CDK6
0	0.415352104167413	0.996	0.597	0	9	CDHR3
0	0.408581150539261	0.874	0.527	0	9	FAM46A
0	0.40095383751958	0.974	0.681	0	9	KLRC2
0	0.400701733452941	0.998	0.42	0	9	EMR2
0	0.391343934851719	0.982	0.612	0	9	GAA
0	0.390522085338054	0.781	0.675	0	9	RAMP1
0	0.389741658578715	0.999	0.806	0	9	HIST1H1B
0	0.388208791370205	0.983	0.618	0	9	LOC102723797
0	0.384750401503891	0.991	0.503	0	9	PDGFRB
0	0.382018730205035	0.945	0.603	0	9	HIST3H2A
0	0.376731424180335	0.99	0.601	0	9	DUS4L
0	0.375888448704607	0.967	0.764	0	9	PPT1
0	0.374830585551858	0.949	0.561	0	9	C8orf33
0	0.3691448662733	1	0.512	0	9	SERPINF1
0	0.36851316037804	0.911	0.596	0	9	NUAK2
0	0.366673812225106	0.986	0.798	0	9	ITGAE
0	0.366511249133314	0.979	0.609	0	9	ATP2A2
0	0.362913232323355	0.805	0.581	0	9	CXXC5
0	0.36046388336676	0.961	0.517	0	9	GNAO1
0	0.352959911757375	0.809	0.71	0	9	LOC100288798
0	0.352391829472245	0.915	0.643	0	9	RMDN3
0	0.347096002050416	0.925	0.556	0	9	HDHD2
0	0.345013802722198	0.965	0.618	0	9	GFOD1
0	0.341768185830458	0.963	0.569	0	9	CMSS1
0	0.336505855914145	0.877	0.559	0	9	RP9
0	0.333555839235097	0.911	0.494	0	9	DPYSL2
0	0.32896785497131	0.989	0.535	0	9	LYZ
0	0.328607222202592	0.996	0.622	0	9	SYK
0	0.320969654239231	0.902	0.485	0	9	PIM3
0	0.31649048076468	0.863	0.615	0	9	LAT2
0	0.314793829711305	0.964	0.825	0	9	CADM1
0	0.311245930644683	0.981	0.639	0	9	NAGA
0	0.311219619537641	0.901	0.442	0	9	DBN1
0	0.311048365544997	0.944	0.497	0	9	TNFSF14
0	0.310628855227868	0.886	0.628	0	9	MSMO1
0	0.308402763432981	0.941	0.782	0	9	GBP1
0	0.3077836473858	0.93	0.582	0	9	OGFRL1
0	0.30665741762453	0.954	0.602	0	9	SLC1A4
0	0.301277356871395	0.912	0.631	0	9	TMEM106C
0	0.300016491656989	0.919	0.614	0	9	GLA
0	0.29597497433257	0.943	0.711	0	9	KPNA2
0	0.292473129917666	0.982	0.57	0	9	UNC93B1
0	0.290956993423978	0.972	0.632	0	9	RFC4
0	0.284473971014648	0.967	0.675	0	9	MCM6
0	0.281064495018701	0.955	0.568	0	9	AVPI1
0	0.277077359707949	0.958	0.622	0	9	GNLY
0	0.27705378613025	0.928	0.728	0	9	BLVRA
0	0.271726656684505	0.958	0.601	0	9	KDM6B
0	0.268474717627139	1	0.435	0	9	VMO1
0	0.261959264156229	0.998	0.696	0	9	HMMR
0	0.260226449455574	0.998	0.635	0	9	KIAA1524
0	0.259455412227365	0.87	0.573	0	9	FBP1
0	0.257035194017472	0.936	0.724	0	9	LIMA1
0	0.250411685445241	0.952	0.635	0	9	SCO2
0	-0.254751448722841	0.096	0.696	0	9	PAICS
0	-0.255536644601394	0.225	0.596	0	9	TWISTNB
0	-0.25718350686969	0.068	0.541	0	9	LST1
0	-0.261668942613169	0.151	0.671	0	9	RDX
0	-0.264994132942462	0.879	0.81	0	9	CCR4
0	-0.265631467057628	0.214	0.61	0	9	PECAM1
0	-0.26867946578047	0.148	0.511	0	9	TFDP1
0	-0.272294755294951	0.355	0.718	0	9	LMNB1
0	-0.274300630664328	0.434	0.728	0	9	CCL20
0	-0.275283883061293	0.09	0.437	0	9	ENC1
0	-0.276090656009222	0.005	0.475	0	9	KIF11
0	-0.277123627726929	0.201	0.775	0	9	MYL6B
0	-0.27813938845263	0.152	0.572	0	9	VAT1
0	-0.279524821772049	0.28	0.643	0	9	LOC102724850
0	-0.284602960786053	0.108	0.518	0	9	PLK2
0	-0.287237316725802	0.12	0.644	0	9	CTNNA1
0	-0.288093823119218	0.265	0.657	0	9	MFSD1
0	-0.29185175308801	0.117	0.572	0	9	BTLA
0	-0.293017610537368	0.275	0.672	0	9	HIST1H2AC
0	-0.29510264074712	0.084	0.709	0	9	TIAM1
0	-0.295857486707878	0.271	0.655	0	9	NCOA7
0	-0.298940127565031	0.088	0.777	0	9	LOC100293211
0	-0.300488511368079	0.145	0.648	0	9	MAST4
0	-0.303366521891917	0.493	0.792	0	9	IFI44L
0	-0.307578608340188	0.243	0.592	0	9	RUNX2
0	-0.308832104202825	0.151	0.589	0	9	MX2
0	-0.309513540661318	0.083	0.601	0	9	SPATS2L
0	-0.313033421339356	0.309	0.751	0	9	HERC5
0	-0.31788177323064	0.554	0.814	0	9	STAM
0	-0.319724082059251	0.192	0.591	0	9	DNASE2
0	-0.326185117953498	0.294	0.738	0	9	SMCO4
0	-0.328853002509477	0.182	0.543	0	9	PTPRE
0	-0.336630743852083	0.123	0.452	0	9	EDARADD
0	-0.340678789472645	0.18	0.576	0	9	WDR54
0	-0.341565692720389	0.342	0.716	0	9	ADI1
0	-0.341566777750445	0.217	0.605	0	9	BAG3
0	-0.354495092069822	0.084	0.582	0	9	ARHGAP5
0	-0.35951159485916	0.603	0.843	0	9	NGFRAP1
0	-0.360625366434801	0.007	0.486	0	9	BBS12
0	-0.366195297699305	0.285	0.634	0	9	HEXA
0	-0.370469560548406	0.16	0.637	0	9	RAB11FIP1
0	-0.381157830463414	0.456	0.78	0	9	ADK
0	-0.38880639916266	0.215	0.681	0	9	CD59
0	-0.391557921411166	0.08	0.863	0	9	IGJ
0	-0.395352659277997	0.178	0.675	0	9	TCTN3
0	-0.407340554592069	0.12	0.618	0	9	NIF3L1
0	-0.408441241748266	0.238	0.724	0	9	IFI44
0	-0.413211029160212	0.203	0.467	0	9	MYBL1
0	-0.437258025704324	0.103	0.619	0	9	BLVRB
0	-0.444838958563	0.296	0.668	0	9	ERN1
0	-0.447117647038711	0.298	0.816	0	9	CTSH
0	-0.452008254832686	0.244	0.693	0	9	SESN3
0	-0.46330486642968	0.094	0.581	0	9	LRPPRC
0	-0.484450110330068	0.092	0.516	0	9	RFWD2
0	-0.504959243454078	0.099	0.456	0	9	KLRAP1
0	-0.516103865783137	0.175	0.64	0	9	NINJ1
0	-0.521554176800134	0.717	0.89	0	9	RTKN2
0	-0.521895451257535	0.158	0.658	0	9	THEMIS2
0	-0.522286076419487	0.276	0.704	0	9	HLA-DMA
0	-0.527935804507302	0.045	0.701	0	9	PPP1R14B
0	-0.529799775022624	0.136	0.613	0	9	PTTG1IP
0	-0.547932388545322	0.023	0.411	0	9	TCF7L2
0	-0.549026136713873	0.237	0.61	0	9	RANBP2
0	-0.554507461963012	0.081	0.556	0	9	SYVN1
0	-0.557192272029457	0.189	0.66	0	9	CNIH4
0	-0.562426290835624	0.126	0.561	0	9	MXD1
0	-0.566754326110977	0.3	0.663	0	9	REL
0	-0.5700898975526	0.247	0.751	0	9	RNF13
0	-0.572016612135307	0.189	0.736	0	9	NUDT1
0	-0.611592836108539	0.104	0.525	0	9	SLC7A5
0	-0.614050880519319	0.557	0.75	0	9	SGK1
0	-0.618982962136281	0.279	0.777	0	9	MX1
0	-0.620945051523981	0.007	0.293	0	9	LOC102723407
0	-0.627281961001837	0.066	0.648	0	9	MCM5
0	-0.633072561910651	0.231	0.788	0	9	RALA
0	-0.649698465796616	0.134	0.727	0	9	TNFRSF25
0	-0.652771460144292	0.215	0.736	0	9	MANF
0	-0.657704229808892	0.171	0.73	0	9	MAN2B1
0	-0.668588273539184	0.125	0.621	0	9	PER1
0	-0.684758010425214	0.792	0.938	0	9	TNFSF13B
0	-0.684928396647661	0.317	0.705	0	9	NELL2
0	-0.686596956580355	0.493	0.811	0	9	CTSB
0	-0.706629026178702	0.145	0.788	0	9	XAF1
0	-0.710780282522296	0.096	0.638	0	9	LOC100130476
0	-0.721478154455211	0.191	0.749	0	9	IFI35
0	-0.721516321472335	0.732	0.81	0	9	TMEM14C
0	-0.729566612392085	0.368	0.768	0	9	SNRPD1
0	-0.732005516113606	0.172	0.737	0	9	CD28
0	-0.733446402782127	0.018	0.761	0	9	MGST2
0	-0.739033817406712	0.182	0.771	0	9	PTRHD1
0	-0.742083153790185	0.207	0.699	0	9	LOC101928173
0	-0.753798558851162	0.18	0.646	0	9	CARHSP1
0	-0.788482409801611	0.821	0.869	0	9	MAL
0	-0.806529551263552	0.064	0.473	0	9	LOC101929734
0	-0.806941359147759	0	0.718	0	9	POU2AF1
0	-0.832297018841259	0.276	0.92	0	9	ENTPD1
0	-0.840530921423706	0.418	0.842	0	9	STAT1
0	-0.844441677976635	0.156	0.719	0	9	TARSL2
0	-0.856461637192287	0.034	0.701	0	9	GPATCH4
0	-0.86358233805685	0.053	0.604	0	9	QSOX1
0	-0.897573423079632	0.324	0.762	0	9	G3BP2
0	-0.900167115166541	0.158	0.405	0	9	PTGDR
0	-0.902624815373373	0.021	0.525	0	9	DAPK2
0	-0.909491087761325	0.354	0.775	0	9	GBP5
0	-0.929057804379925	0.044	0.686	0	9	ARL3
0	-0.93629432238803	0.045	0.586	0	9	FXYD1
0	-0.940426221655784	0.09	0.64	0	9	JARID2
0	-0.981886826935745	0.363	0.815	0	9	CCR7
0	-1.00102316086083	0.219	0.765	0	9	HIF1A
0	-1.00207517383984	0.057	0.655	0	9	TNFSF8
0	-1.04979080373031	0.349	0.81	0	9	TOB1
0	-1.05016816263654	0.189	0.71	0	9	LYST
0	-1.09409589328024	0.264	0.705	0	9	PIM1
0	-1.0992171947518	0.092	0.689	0	9	CFAP97
0	-1.1068027223368	0.136	0.77	0	9	CCT5
0	-1.1188032560016	0.394	0.844	0	9	NAP1L1
0	-1.14950233586494	0.071	0.606	0	9	PAG1
0	-1.15595200651721	0.91	0.878	0	9	CTLA4
0	-1.16509280411316	0.456	0.842	0	9	TNFRSF4
0	-1.19635691084312	0.241	0.75	0	9	NFKBIZ
0	-1.2850465186951	0.178	0.799	0	9	BIRC3
0	-1.37184728507791	0.986	0.994	0	9	RPLP0
0	-1.40407071572096	0.634	0.861	0	9	HSPA1B
0	-1.41828012289621	0.755	0.898	0	9	DUSP1
0	-1.45018982307898	0.455	0.819	0	9	GPX4
0	-1.46168749642257	0.465	0.837	0	9	H2AFZ
0	-1.47612466882019	0.66	0.905	0	9	PPP1R15A
0	-1.52031789159016	0.349	0.753	0	9	FOSB
0	-1.81396807251346	0.243	0.812	0	9	LINC00152
0	-1.94352363797927	0.59	0.957	0	9	LDHA
0	-2.11759085427038	0.876	0.975	0	9	NFKBIA
0	-2.51221330154193	0.517	0.912	0	9	IL7R
0	-2.51464778750312	0.616	0.918	0	9	LTB
2.8812993191335e-307	-0.62819685193943	0.217	0.576	8.64389795740051e-304	9	RAPGEF6
1.75564010301604e-306	-0.701144719815798	0.66	0.889	5.26692030904813e-303	9	PPA1
2.35475003953967e-306	0.569437578797618	0.974	0.749	7.064250118619e-303	9	BCAS2
2.16676146313485e-302	0.723477317408291	0.908	0.807	6.50028438940454e-299	9	ITGB2
5.058677112019e-300	-0.52790400379971	0.548	0.772	1.5176031336057e-296	9	MAGEH1
1.37682491734078e-297	-0.996273096675605	0.317	0.634	4.13047475202234e-294	9	LOC101060038
2.73200754007695e-296	0.889930851180861	0.937	0.777	8.19602262023084e-293	9	LGALS1
1.18027478562185e-294	0.257925215292566	0.904	0.671	3.54082435686554e-291	9	BID
5.35322337628195e-293	0.91672887017025	0.923	0.766	1.60596701288458e-289	9	KLRB1
1.79873366820834e-292	-0.812924536707965	0.492	0.781	5.39620100462503e-289	9	TRAT1
3.83691551155906e-290	0.407190263078899	0.85	0.616	1.15107465346772e-286	9	CAPNS1
7.10073966710552e-290	-0.523766744618219	0.229	0.641	2.13022190013166e-286	9	TUBA1C
4.03860381357637e-287	-0.273193231657172	0.701	0.784	1.21158114407291e-283	9	MZB1
2.31313484794031e-285	0.390551277683645	0.908	0.692	6.93940454382093e-282	9	SUPT16H
4.59168334904327e-284	-1.09403086857724	0.632	0.897	1.37750500471298e-280	9	HERPUD1
3.33984205078168e-282	0.280832761011533	0.749	0.477	1.0019526152345e-278	9	NCAM1
1.11712150238791e-281	0.601910318777575	0.978	0.842	3.35136450716371e-278	9	C1QBP
2.91128384729739e-281	0.924656329247456	0.979	0.879	8.73385154189216e-278	9	DBI
9.9350010013099e-280	-0.534174720084688	0.559	0.738	2.98050030039297e-276	9	CH25H
1.25993319696472e-279	0.700758860485568	0.962	0.836	3.77979959089415e-276	9	EMP3
4.88330546048399e-277	0.541654908340374	0.903	0.633	1.4649916381452e-273	9	ILF3-AS1
1.5431078031428e-276	0.925858127545602	0.903	0.722	4.6293234094284e-273	9	FAM65B
4.21193522170621e-276	-0.927465873651588	0.386	0.733	1.26358056651186e-272	9	BAX
5.62846320920774e-275	0.837548918010473	0.994	0.927	1.68853896276232e-271	9	ATP5G3
1.12752219783156e-274	0.875783919470856	0.971	0.913	3.38256659349468e-271	9	UCP2
1.36967631385784e-272	-0.664891188551496	0.532	0.752	4.10902894157351e-269	9	LEF1
1.69354800266106e-271	0.283291154099283	0.781	0.561	5.08064400798318e-268	9	IL18BP
4.03632228488844e-271	0.279441824718338	0.877	0.626	1.21089668546653e-267	9	NSRP1
1.46342979619584e-270	-0.636043787551096	0.403	0.775	4.39028938858751e-267	9	IDH2
2.59676724738842e-270	-1.19777217752073	0.908	0.974	7.79030174216525e-267	9	LDHB
6.56154142851537e-270	1.20402353021922	0.787	0.689	1.96846242855461e-266	9	PLAC8
1.0271897803788e-268	-0.501212030649695	0.454	0.791	3.0815693411364e-265	9	RILPL2
3.47216307187042e-267	-1.25270183231648	0.755	0.933	1.04164892156113e-263	9	SSR4
9.06525571606232e-266	-0.856058685444559	0.998	0.998	2.7195767148187e-262	9	RPS8
3.16739472870616e-264	0.254457971093844	0.875	0.602	9.50218418611847e-261	9	LOC101929065
4.74432505041607e-264	0.340190157563087	0.968	0.803	1.42329751512482e-260	9	GZMA
3.85953156970708e-262	-1.4589116741656	0.656	0.846	1.15785947091212e-258	9	HSPA1A
1.09198446970795e-260	0.61440103378679	0.982	0.937	3.27595340912385e-257	9	IFITM2
1.83293799133347e-258	-1.25429121502439	0.883	0.948	5.4988139740004e-255	9	TNFAIP3
1.37321851351778e-257	1.4241191659355	0.729	0.587	4.11965554055333e-254	9	TYROBP
1.31556022193726e-256	0.86820094150094	0.796	0.542	3.94668066581178e-253	9	KLRK1
2.37044341175298e-256	0.695626745349105	0.965	0.77	7.11133023525894e-253	9	LRRFIP1
2.45328309536291e-254	-0.513423455425238	0.89	0.816	7.35984928608873e-251	9	SNX9
1.53194378674765e-252	-0.378852044807285	0.36	0.683	4.59583136024295e-249	9	ANP32E
1.90267956586898e-251	0.780804118656336	0.974	0.779	5.70803869760694e-248	9	TAGAP
1.7474680216035e-250	-0.359161173241237	0.361	0.706	5.2424040648105e-247	9	ATP2B1
1.5790890528042e-249	-0.511077949442758	1	0.999	4.7372671584126e-246	9	RPS12
1.55991856344667e-246	-1.43135042848811	0.901	0.942	4.67975569034e-243	9	DNAJB1
6.57067618055986e-246	0.692979824154984	0.95	0.804	1.97120285416796e-242	9	AP2S1
4.43873040392436e-245	0.620141702169104	0.993	0.913	1.33161912117731e-241	9	HIST1H4C
4.3489679243065e-244	0.767349348300419	0.866	0.667	1.30469037729195e-240	9	CMC1
8.5280523027501e-244	-0.271120957389288	0.665	0.737	2.55841569082503e-240	9	CENPM
1.08308718650767e-242	0.422812063229651	0.696	0.47	3.249261559523e-239	9	RASSF4
7.92678650296578e-242	-0.593863605693101	0.366	0.695	2.37803595088973e-238	9	METTL12
5.74049324388759e-241	-0.306496684380825	0.473	0.683	1.72214797316628e-237	9	PAFAH1B3
8.70305324776034e-241	0.548560749158745	0.998	0.981	2.6109159743281e-237	9	MYL6
1.30540649061575e-240	1.16121999159862	0.722	0.482	3.91621947184726e-237	9	GPR56
3.13342673265777e-240	-0.29034732782244	0.722	0.786	9.40028019797331e-237	9	LOC102724246
3.40069746283376e-240	0.275040416869443	0.754	0.6	1.02020923885013e-236	9	FAM49A
8.86579126943663e-239	-0.396332260450119	0.497	0.8	2.65973738083099e-235	9	PRDX3
1.45131373792825e-238	0.91676172321471	0.849	0.705	4.35394121378476e-235	9	FLNA
1.73317483022704e-237	0.918569622196224	0.774	0.634	5.19952449068112e-234	9	SH3BP5
7.54702032005651e-234	-0.592192826776041	0.531	0.833	2.26410609601695e-230	9	IFI6
7.69169374226961e-233	-0.802769214627395	0.575	0.818	2.30750812268088e-229	9	ISG15
7.85971669190759e-231	-0.338172397822808	0.346	0.665	2.35791500757228e-227	9	MAF
1.26086095970813e-228	-0.26451402404882	0.678	0.75	3.78258287912438e-225	9	GK
1.06672979356175e-226	0.595159153230485	0.955	0.777	3.20018938068526e-223	9	DEK
1.41842235545741e-226	-0.358048948429956	0.398	0.722	4.25526706637222e-223	9	PLIN2
1.51812043207067e-225	-0.292763058633226	0.526	0.74	4.55436129621202e-222	9	SHMT2
1.52521192311099e-225	0.894357120744605	0.937	0.863	4.57563576933297e-222	9	HSP90B1
4.42048334715938e-225	-0.338642223433276	0.469	0.693	1.32614500414781e-221	9	SERINC5
7.6015119323628e-225	-0.442138163632716	0.328	0.645	2.28045357970884e-221	9	PFKFB3
6.99438801605769e-224	0.853386085699216	0.804	0.662	2.09831640481731e-220	9	STARD3NL
4.8823113772891e-221	0.768346891914057	0.944	0.856	1.46469341318673e-217	9	GSTP1
3.3963917833928e-220	-0.343623140353247	0.529	0.725	1.01891753501784e-216	9	GALNT2
6.10005198257858e-220	-0.861157088343299	0.965	0.894	1.83001559477358e-216	9	DNPH1
6.91949299497097e-217	-0.334114122557691	0.868	0.781	2.07584789849129e-213	9	FAAH2
1.71843014724012e-216	0.65160306577115	0.919	0.828	5.15529044172037e-213	9	IFITM3
1.16738294583682e-215	-0.393278339961828	0.842	0.769	3.50214883751045e-212	9	GPR25
1.73985034934311e-214	0.593035412886276	0.954	0.801	5.21955104802932e-211	9	SDCBP
4.25754611604483e-214	0.53947289375413	0.946	0.768	1.27726383481345e-210	9	APOBEC3G
1.62406025145675e-211	0.358438667127066	0.849	0.619	4.87218075437024e-208	9	PLA2G16
8.0118725359566e-208	-0.419308735054462	0.336	0.638	2.40356176078698e-204	9	TRAF1
1.44326784773154e-206	0.283074210801803	0.87	0.615	4.32980354319461e-203	9	KLRC3
2.55230286395355e-205	0.546087513085786	0.86	0.607	7.65690859186064e-202	9	RNA45S5
8.25521929534583e-205	0.789448432238126	0.958	0.869	2.47656578860375e-201	9	PRDM1
1.15458543227746e-204	1.07994162603286	0.719	0.602	3.46375629683237e-201	9	PLEK
7.22382394149824e-204	0.559558426917836	0.888	0.686	2.16714718244947e-200	9	RUNX3
2.68818041867697e-203	-0.804368558546614	0.479	0.761	8.06454125603091e-200	9	IRF1
3.52149521052324e-203	0.441273945426372	0.971	0.866	1.05644856315697e-199	9	TALDO1
7.16359500950134e-203	0.7542128661584	0.942	0.841	2.1490785028504e-199	9	SAMHD1
1.0501921176263e-201	-0.805433116745956	0.442	0.648	3.15057635287891e-198	9	CDKN1A
5.97391012693509e-199	-0.645582126531049	0.579	0.817	1.79217303808053e-195	9	LOC100996809
7.06017752588305e-199	0.25526705801871	0.71	0.396	2.11805325776491e-195	9	LYN
1.18180648010939e-198	-0.351587338093914	0.388	0.677	3.54541944032817e-195	9	SMIM3
1.27409398843357e-197	-0.296207521687829	0.4	0.691	3.82228196530072e-194	9	TXNDC17
1.27151115461801e-195	-1.21893420603856	0.705	0.861	3.81453346385403e-192	9	ALOX5AP
1.93086250628786e-195	-0.303734055129045	0.401	0.716	5.79258751886357e-192	9	MGAT1
2.69533448860031e-193	-0.793118961361815	0.687	0.81	8.08600346580093e-190	9	RBPJ
5.19389842439188e-193	-0.342282167508216	0.453	0.716	1.55816952731756e-189	9	TESPA1
2.32679348297791e-192	0.529622354200122	0.819	0.647	6.98038044893374e-189	9	KLF2
1.42836383002835e-190	-0.717223364573235	0.51	0.77	4.28509149008506e-187	9	IGFLR1
3.89185400248288e-185	-0.33674337300201	0.337	0.648	1.16755620074486e-181	9	NABP1
9.36598518293718e-185	-0.470165337791359	0.12	0.522	2.80979555488115e-181	9	NCF1
5.92528763721005e-183	0.425270990177981	0.762	0.507	1.77758629116301e-179	9	LAMP1
2.62391364685522e-182	-0.279898246216572	0.447	0.681	7.87174094056566e-179	9	APOBEC3H
1.6630936537515e-178	0.695264491266796	0.941	0.841	4.9892809612545e-175	9	HSPA5
7.0882891354471e-175	-0.489700713768023	0.44	0.721	2.12648674063413e-171	9	IFRD1
7.67843769984017e-175	0.71493078177256	0.939	0.847	2.30353130995205e-171	9	SH2D2A
1.22096183579285e-173	0.69934791390728	0.99	0.93	3.66288550737854e-170	9	DDIT4
4.53330913093216e-173	-0.828474199049733	0.802	0.838	1.35999273927965e-169	9	TNFRSF18
2.53613219161644e-172	-1.18085831081465	0.954	0.965	7.60839657484931e-169	9	CD69
4.90655677564406e-169	0.607032833017347	0.776	0.597	1.47196703269322e-165	9	CDC25B
5.44888556636799e-169	0.575786973645703	0.691	0.635	1.6346656699104e-165	9	AKR1C3
3.78314628678672e-168	-0.719192543385031	0.689	0.877	1.13494388603602e-164	9	TXN
5.458868008895e-168	0.343477461371407	0.877	0.706	1.6376604026685e-164	9	SMC1A
5.08738810214549e-167	0.551184913097349	0.934	0.814	1.52621643064365e-163	9	C19orf10
1.28636866809589e-161	0.735362972039979	0.856	0.742	3.85910600428766e-158	9	HMGN3
5.88846778664931e-160	0.251794643041623	0.773	0.557	1.76654033599479e-156	9	TRERF1
1.91289573762474e-159	-0.289229060758313	0.983	0.623	5.73868721287422e-156	9	ITM2C
1.95614158350268e-159	-1.09999350248966	0.682	0.831	5.86842475050803e-156	9	CLDND1
1.79108805712761e-158	-0.818580264175413	0.796	0.842	5.37326417138283e-155	9	GPX1
2.63465214869169e-158	-0.94655030831394	0.86	0.782	7.90395644607508e-155	9	GPR183
2.12043626346792e-157	0.408766721904507	0.834	0.63	6.36130879040377e-154	9	B4GALT1
2.36820965046532e-157	0.534195006599018	0.877	0.683	7.10462895139597e-154	9	PTPN22
5.89173616527207e-157	0.381200943674104	0.963	0.799	1.76752084958162e-153	9	TPM4
1.38334608060687e-155	-0.779421200236583	0.47	0.666	4.15003824182061e-152	9	ICOS
2.38472307370527e-151	-0.294189580373112	0.326	0.611	7.1541692211158e-148	9	VOPP1
1.51945865933853e-148	0.337744441647317	0.942	0.857	4.55837597801558e-145	9	MT1E
2.93593508517687e-147	-0.909173445597422	0.749	0.874	8.80780525553061e-144	9	PKM
2.37138337533666e-144	-0.285401714283658	0.384	0.662	7.11415012600997e-141	9	SLBP
1.26056412181607e-143	0.607520543745231	0.96	0.825	3.7816923654482e-140	9	SQSTM1
1.43313555147422e-143	0.798801671006325	0.684	0.514	4.29940665442265e-140	9	TTC38
3.03153314899775e-143	0.262084181777876	0.785	0.634	9.09459944699325e-140	9	RRBP1
6.81173841000494e-143	0.564301359694745	0.954	0.867	2.04352152300148e-139	9	TUBB
7.42470779880447e-142	0.641110412387086	0.784	0.674	2.22741233964134e-138	9	P2RY8
9.28059091645464e-138	0.271279826052855	0.983	0.897	2.78417727493639e-134	9	PMAIP1
2.81930051128426e-137	-0.270931118107915	0.522	0.779	8.45790153385279e-134	9	U2SURP
3.82489401086441e-136	-0.380008381733836	0.58	0.77	1.14746820325932e-132	9	RPA3
1.33231282678455e-135	-0.802836280450285	0.637	0.828	3.99693848035364e-132	9	CYCS
6.15509282279076e-135	-0.600411019103689	0.471	0.715	1.84652784683723e-131	9	FLT3LG
4.93433219152344e-134	-0.693298417233228	0.823	0.779	1.48029965745703e-130	9	AQP3
1.43901600268055e-133	0.403481351171517	0.979	0.816	4.31704800804165e-130	9	ITM2A
2.12539520194966e-133	-0.347013197741137	0.421	0.655	6.37618560584898e-130	9	MARCKSL1
4.08105708659272e-131	0.265640474460954	0.943	0.808	1.22431712597782e-127	9	SNRPE
4.34858717104385e-130	-0.958083114691656	0.676	0.856	1.30457615131316e-126	9	HMGN2
1.33935834565131e-128	-0.316780170448228	0.565	0.762	4.01807503695392e-125	9	TOX
1.6288134511029e-128	-0.446950599075671	0.646	0.763	4.8864403533087e-125	9	IRF7
2.57762583421224e-128	-0.326522929118278	0.595	0.835	7.73287750263672e-125	9	VAMP5
4.32636400036602e-128	0.502159047298363	0.981	0.893	1.29790920010981e-124	9	IER2
1.88348828912104e-127	0.351747352600624	0.974	0.875	5.65046486736313e-124	9	VDAC1
1.74551655300828e-126	0.264849682726819	0.752	0.499	5.23654965902483e-123	9	MTRNR2L8
4.29308973475809e-126	-1.01323553257077	0.983	0.983	1.28792692042743e-122	9	VIM
1.97193541901557e-123	0.351452156804358	0.992	0.96	5.9158062570467e-120	9	CORO1A
4.91703101157847e-123	-0.611975413568189	0.539	0.668	1.47510930347354e-119	9	ZNF331
3.01335172401143e-122	-0.363568524782761	0.368	0.533	9.04005517203428e-119	9	LINC00892
6.40430699303612e-122	0.459295599330596	0.682	0.517	1.92129209791084e-118	9	SYNGR1
6.74177317815272e-122	-0.378072857076545	0.931	0.895	2.02253195344582e-118	9	EPSTI1
1.98082703448932e-118	-0.407230184857287	1	1	5.94248110346797e-115	9	EEF1A1
2.29515308136843e-117	-0.331856289511273	0.836	0.578	6.8854592441053e-114	9	KLRC1
5.35516924300469e-117	-0.318271645302789	0.471	0.71	1.60655077290141e-113	9	MRPL18
1.73830051615874e-116	0.886087336181134	0.644	0.44	5.21490154847622e-113	9	FGR
1.97926638830424e-116	0.314186345562956	0.903	0.744	5.93779916491273e-113	9	PTPN6
4.1022262232991e-116	0.601390711230031	0.802	0.705	1.23066786698973e-112	9	LYAR
8.09855013714234e-116	-0.659690639381131	0.815	0.812	2.4295650411427e-112	9	GCHFR
6.65118574358974e-115	0.530912358927377	0.764	0.648	1.99535572307692e-111	9	HOPX
2.13597436473593e-114	-0.605872512309162	0.641	0.778	6.40792309420778e-111	9	TSPYL2
4.12688108859528e-111	-0.343971478232915	0.551	0.662	1.23806432657859e-107	9	AHR
5.11553596825448e-110	0.546808839079093	0.978	0.95	1.53466079047634e-106	9	ARPC1B
5.78790089700426e-110	-1.10993110808556	0.971	0.981	1.73637026910128e-106	9	CD74
3.31404352202189e-109	0.253446615478107	0.927	0.827	9.94213056606566e-106	9	ANXA1
1.42662206768728e-108	-0.264030287055421	0.702	0.81	4.27986620306184e-105	9	IMPDH2
9.79911073300999e-108	-0.483791677793254	0.723	0.762	2.939733219903e-104	9	CD4
1.16187702869111e-107	0.523574897847685	0.941	0.781	3.48563108607332e-104	9	SLC2A3
2.27504142465059e-107	0.532392633477624	0.979	0.925	6.82512427395176e-104	9	SLC25A5
3.43365227816406e-107	-0.53973166001442	0.727	0.814	1.03009568344922e-103	9	CKS2
1.90712216808972e-105	0.445015977021767	0.971	0.905	5.72136650426917e-102	9	COX5A
6.30965790631773e-104	-0.750442405992044	0.73	0.86	1.89289737189532e-100	9	TSPO
1.30247460594789e-103	0.508644543361237	0.858	0.736	3.90742381784367e-100	9	TMEM2
1.01353347565682e-102	0.31836055420943	0.69	0.46	3.04060042697046e-99	9	ITGB2-AS1
1.69556052326431e-102	-0.275312006616508	0.422	0.641	5.08668156979293e-99	9	TBCC
5.27249666920985e-102	-1.01218904063411	0.592	0.67	1.58174900076296e-98	9	PHLDA1
1.79995812891297e-101	0.260632426895458	0.953	0.791	5.3998743867389e-98	9	NHP2
4.72911247027717e-101	-0.29107956971885	0.779	0.662	1.41873374108315e-97	9	ADAM19
1.12198765689625e-100	-0.544413247936861	0.991	0.86	3.36596297068874e-97	9	FOXP3
3.63995964718041e-100	-0.461522318326629	0.362	0.566	1.09198789415412e-96	9	DNAJB4
9.44005935237008e-98	-0.984810941905624	0.863	0.931	2.83201780571103e-94	9	S100A11
2.27251911999416e-97	-0.846484892590959	0.961	0.968	6.81755735998247e-94	9	UBC
6.58093313500963e-97	-0.479544187340263	0.897	0.751	1.97427994050289e-93	9	ID3
7.21725621116968e-96	0.310347818057261	0.741	0.586	2.1651768633509e-92	9	MIDN
1.55495353925217e-95	-0.722013773672568	0.802	0.926	4.66486061775652e-92	9	ENO1
1.12003597098188e-94	-0.924490715075673	0.671	0.808	3.36010791294565e-91	9	BATF
3.61127390675799e-94	0.541229323143536	0.823	0.733	1.0833821720274e-90	9	ICAM2
1.56644025903519e-93	-0.344810988564778	0.474	0.632	4.69932077710556e-90	9	ARL4A
2.957321763049e-93	0.34236237365752	0.802	0.687	8.87196528914701e-90	9	LIPA
1.00062418425894e-92	0.499776416394297	0.998	0.943	3.00187255277682e-89	9	CD7
9.09920874581483e-92	-0.307551719970959	0.613	0.764	2.72976262374445e-88	9	TIMP1
1.85341726040142e-91	-0.504430139451888	0.521	0.701	5.56025178120425e-88	9	PTGER4
2.4819798413606e-91	-0.290087634966748	0.509	0.648	7.4459395240818e-88	9	CHN1
1.092018521301e-88	-0.315476948910408	0.564	0.617	3.27605556390299e-85	9	CPNE7
1.38535931159397e-88	-0.52531104029798	0.639	0.823	4.1560779347819e-85	9	HMGB2
3.5693110310868e-88	-0.444084122954071	0.932	0.627	1.07079330932604e-84	9	EGR1
1.1784102574735e-87	0.362008623924006	0.66	0.518	3.5352307724205e-84	9	RNF130
5.19553360352507e-87	-0.632649919725623	0.763	0.907	1.55866008105752e-83	9	PGAM1
1.06496832942072e-86	-1.02655493554148	0.56	0.731	3.19490498826215e-83	9	CD8A
1.52173491571121e-86	-0.548033056649555	0.997	0.993	4.56520474713364e-83	9	PTMA
5.60677724783182e-86	-0.39621919885156	0.603	0.846	1.68203317434955e-82	9	P4HB
8.57048389380636e-86	-0.32957885906277	0.979	0.806	2.57114516814191e-82	9	PASK
1.48693788839136e-85	-0.542288783861386	0.543	0.633	4.46081366517409e-82	9	PELO
1.92109136620326e-84	0.57996371077528	0.767	0.639	5.76327409860977e-81	9	MAPRE2
1.88059948268694e-83	-0.252275139415125	1	1	5.64179844806083e-80	9	RPLP1
8.66055864168655e-82	0.533967092283427	0.627	0.433	2.59816759250597e-78	9	TBX21
6.90266694150385e-80	-0.719414888978993	0.844	0.701	2.07080008245115e-76	9	AMICA1
1.48858477520075e-79	0.348103914440161	0.984	0.922	4.46575432560225e-76	9	PSME2
5.74396384076667e-79	0.515758225516122	0.653	0.572	1.72318915223e-75	9	CEP78
6.48310696134084e-78	0.256938730986776	0.836	0.719	1.94493208840225e-74	9	VIMP
2.29478529161338e-77	0.301716988461237	0.804	0.666	6.88435587484015e-74	9	ATP6AP1
8.69534376834165e-76	-1.10142133728602	0.864	0.929	2.6086031305025e-72	9	MT2A
1.0769344009544e-75	0.356280385921889	0.891	0.793	3.2308032028632e-72	9	BANF1
1.94482627659866e-75	0.29904282316084	0.983	0.905	5.83447882979597e-72	9	SAT1
4.57785296665145e-73	-0.3994460367825	0.514	0.689	1.37335588999543e-69	9	AHNAK
5.96137276667243e-72	0.322295336667266	0.997	0.983	1.78841183000173e-68	9	TSC22D3
1.02761755844624e-71	0.310240508572693	0.877	0.852	3.08285267533871e-68	9	CTSC
4.06484664051201e-71	-0.523945573802504	0.623	0.664	1.2194539921536e-67	9	LOC284454
1.30019351698924e-69	0.465639597805407	0.911	0.852	3.90058055096773e-66	9	EIF5A
1.37556704251322e-69	0.482098933729794	0.672	0.618	4.12670112753966e-66	9	UBE2F
1.9692080054054e-69	-0.367627551150126	0.812	0.831	5.90762401621619e-66	9	MTHFD2
4.91386667055705e-69	-1.13572143693965	0.971	0.88	1.47416000116712e-65	9	CD27
1.93403612547607e-68	0.416327693162361	0.938	0.874	5.8021083764282e-65	9	PDIA6
3.66039204006575e-68	-1.72535980455495	0.651	0.724	1.09811761201973e-64	9	GZMK
3.88469396400063e-68	0.26536039663682	0.777	0.675	1.16540818920019e-64	9	S1PR4
5.05574549013738e-67	-0.61321699383591	0.955	0.826	1.51672364704121e-63	9	ACP5
1.63688121441984e-66	-0.408273373007587	0.721	0.681	4.91064364325953e-63	9	MYC
2.78396005166747e-65	-0.25646977037427	0.663	0.72	8.3518801550024e-62	9	CDC14A
6.7162357777538e-65	-0.300817238815885	0.613	0.739	2.01487073332614e-61	9	EIF4A3
5.69749732712931e-64	0.412257975710593	0.89	0.768	1.70924919813879e-60	9	NEAT1
1.34040062525092e-62	-0.358867345634667	0.689	0.811	4.02120187575277e-59	9	DUT
1.48329361556857e-62	-0.456498439136074	0.649	0.624	4.44988084670572e-59	9	SLAMF1
1.88692281711491e-62	-0.362775009256544	0.598	0.759	5.66076845134472e-59	9	CMTM6
1.0585676201321e-61	-2.72150761508984	0.712	0.722	3.1757028603963e-58	9	CXCL13
4.37682255253165e-61	-0.529180147532561	0.809	0.586	1.3130467657595e-57	9	XCL1
5.34531696999053e-61	-0.564377836028461	0.66	0.791	1.60359509099716e-57	9	TUBB4B
3.54573774031889e-59	0.293046074983083	0.84	0.798	1.06372132209567e-55	9	PYCARD
1.23467772472349e-57	-0.313411010866096	0.719	0.863	3.70403317417047e-54	9	ATP6V1F
1.36778805964619e-57	-0.429239383259182	0.781	0.754	4.10336417893856e-54	9	HNRNPLL
1.9220518819738e-55	-0.483755754758422	0.565	0.698	5.76615564592139e-52	9	RHOB
1.97992236269268e-54	-0.329692843528353	1	0.998	5.93976708807804e-51	9	RPS18
3.35967873717785e-54	0.270516566795808	0.827	0.727	1.00790362115336e-50	9	RAB27A
1.29140105128738e-53	-0.649067414612416	0.818	0.914	3.87420315386214e-50	9	CALM2
1.3113154340957e-53	-0.376808635791038	0.648	0.828	3.9339463022871e-50	9	ARL6IP1
4.10192866396381e-53	-0.564553044062469	0.452	0.58	1.23057859918914e-49	9	CD40LG
5.98046032779492e-53	-0.63475180549228	0.91	0.892	1.79413809833848e-49	9	PRDX1
6.92389791346659e-53	-0.446172194520769	0.929	0.744	2.07716937403998e-49	9	CCR6
2.86420263010118e-52	-0.476775682281086	0.497	0.605	8.59260789030354e-49	9	ANKRD28
7.87201904750608e-52	0.275072309390832	0.948	0.881	2.36160571425182e-48	9	POMP
1.43580637855275e-51	-0.562400742731945	0.562	0.589	4.30741913565824e-48	9	LMNA
1.99026503500759e-50	-0.943326265401636	0.961	0.819	5.97079510502276e-47	9	LGALS3
2.96314065443507e-49	-0.696736058589073	0.911	0.956	8.88942196330521e-46	9	HMGB1
3.24430155734437e-49	0.258242050654179	0.922	0.873	9.73290467203311e-46	9	CTSD
9.82220629838819e-47	-0.49564452305437	0.792	0.858	2.94666188951646e-43	9	DYNLL1
4.24587273698855e-46	0.422221493713215	0.862	0.836	1.27376182109657e-42	9	SERPINB1
4.66209575808329e-46	0.383051311783474	0.683	0.667	1.39862872742499e-42	9	ANXA4
7.72057601023373e-45	0.318433049844624	0.868	0.802	2.31617280307012e-41	9	DECR1
3.10966096951646e-44	0.256708590140189	0.93	0.851	9.32898290854938e-41	9	ATP6V0C
2.06276132635413e-42	-0.304459189629115	0.786	0.824	6.18828397906238e-39	9	UGP2
1.20820954617197e-41	-0.294248177425697	0.701	0.817	3.62462863851592e-38	9	SLA
1.71890541948435e-41	-0.337541446664017	0.998	0.983	5.15671625845304e-38	9	JUNB
2.59027972062342e-41	-0.484231508466912	0.757	0.726	7.77083916187028e-38	9	SOCS3
2.42326579563812e-40	0.292064266354583	0.847	0.774	7.26979738691437e-37	9	ATP6V0B
1.83702916169774e-39	-0.31152388744356	0.65	0.658	5.51108748509321e-36	9	P2RY10
2.57610166677708e-39	-0.455420311460091	0.854	0.801	7.72830500033123e-36	9	IL6ST
8.84881433349999e-38	-0.367413098699668	0.881	0.761	2.65464430005e-34	9	FBLN7
7.02713614089674e-36	-0.772016541281241	0.934	0.913	2.10814084226902e-32	9	BTG2
9.25490730144968e-35	-0.274774317763693	0.772	0.899	2.77647219043491e-31	9	SELL
1.17198682865366e-34	-0.330488212470258	0.939	0.726	3.51596048596097e-31	9	TYMP
1.24482945311496e-34	-0.328211346569108	0.596	0.72	3.73448835934487e-31	9	NME2
2.73090871946522e-34	-0.612762432435932	0.958	0.969	8.19272615839567e-31	9	MIF
1.38888610544316e-33	-0.539705219360716	0.965	0.822	4.16665831632949e-30	9	GPR171
1.19899998583771e-32	-0.539320513368103	0.993	0.984	3.59699995751314e-29	9	ZFP36
1.22411723807904e-30	0.443116336558252	0.568	0.2	3.67235171423711e-27	9	SLC1A7
1.32144406312325e-30	-0.734698826058846	0.724	0.709	3.96433218936976e-27	9	CKLF
7.47214479803742e-30	-0.282188519990942	0.917	0.736	2.24164343941123e-26	9	TBC1D4
2.11667147221818e-29	-0.428083627411259	0.841	0.837	6.35001441665455e-26	9	RNASET2
3.52075801987965e-27	-0.29758023847038	0.276	0.504	1.05622740596389e-23	9	GADD45G
2.02212831626951e-25	-0.363793176841549	0.758	0.8	6.06638494880852e-22	9	YPEL5
2.03020720526344e-25	-0.524110147108789	0.778	0.836	6.09062161579033e-22	9	TUBA4A
8.23013693323639e-25	-0.329143885053408	0.846	0.838	2.46904107997092e-21	9	ANXA5
1.96945588762537e-24	-0.285023813961055	0.632	0.713	5.90836766287611e-21	9	H2AFV
3.44059682473041e-24	-0.582254757435461	0.88	0.947	1.03217904741912e-20	9	SUB1
2.82114710209588e-23	-0.363505591727901	0.7	0.741	8.46344130628764e-20	9	NR3C1
7.12711382043273e-23	-0.461348472647523	0.969	0.968	2.13813414612982e-19	9	HSP90AA1
8.92134725481604e-23	-0.422977802396068	0.675	0.576	2.67640417644481e-19	9	PPP1R2P9
3.4294651285249e-22	0.282519333787549	0.502	0.669	1.02883953855747e-18	9	PXN
6.4081864290384e-22	0.447435695774978	0.545	0.441	1.92245592871152e-18	9	SIGLEC17P
6.64443527663343e-22	-0.371147107798705	0.754	0.879	1.99333058299003e-18	9	YWHAQ
8.43468714258953e-19	-0.254307238061695	0.868	0.874	2.53040614277686e-15	9	EZR
2.63933881807311e-18	-0.287605095566022	0.795	0.83	7.91801645421932e-15	9	TMEM173
4.03593847850378e-18	0.324220757784374	0.75	0.724	1.21078154355113e-14	9	IL2RB
5.32248347866216e-18	0.256497846950767	0.476	0.565	1.59674504359865e-14	9	CST3
7.29789484243361e-18	0.631147018751899	0.564	0.477	2.18936845273008e-14	9	TARP
2.6022426843606e-17	0.311487116154845	0.727	0.685	7.80672805308179e-14	9	SYTL2
4.74190469811561e-17	-0.529184029640207	0.838	0.821	1.42257140943468e-13	9	TUBA1A
1.20628858558915e-16	-0.427388676995498	0.976	0.962	3.61886575676744e-13	9	CXCR4
2.15246433335811e-16	-0.326253047211447	0.985	0.793	6.45739300007434e-13	9	LDLRAD4
2.8539602100411e-16	0.296185396916413	0.92	0.859	8.56188063012329e-13	9	TXK
3.77409333520057e-15	-0.645642574010409	0.934	0.75	1.13222800056017e-11	9	CXCR3
8.33137216497552e-15	-0.440813257344228	0.828	0.545	2.49941164949266e-11	9	SPRY1
1.42048346825319e-14	-0.372267690966816	0.632	0.657	4.26145040475956e-11	9	MYADM
1.56209116775918e-14	-0.261352477730489	0.926	0.735	4.68627350327753e-11	9	NDFIP2
3.79473371316843e-13	0.36445537400634	0.604	0.574	1.13842011395053e-09	9	GNPTAB
6.19494487996859e-13	-0.479714089993569	0.971	0.977	1.85848346399058e-09	9	IL32
8.24871850096733e-13	-0.310924211482545	0.966	0.868	2.4746155502902e-09	9	ICA1
4.14848034933812e-12	0.324823866941875	0.534	0.599	1.24454410480144e-08	9	ANKRD20A11P
1.21045333668691e-11	-0.535316161193838	0.628	0.579	3.63136001006074e-08	9	COTL1
5.09639024807702e-11	-0.356124479419707	0.906	0.809	1.52891707442311e-07	9	HSPH1
1.70840320158349e-10	-1.00208810840461	0.99	0.793	5.12520960475045e-07	9	DUSP4
1.73834438178105e-10	-0.307858373081757	0.844	0.669	5.21503314534315e-07	9	DUSP16
1.42733706913364e-09	-0.416136692920217	0.818	0.76	4.28201120740091e-06	9	CSRNP1
1.14571886558985e-08	-0.680139872022595	0.616	0.582	3.43715659676954e-05	9	RGCC
5.17675981585879e-08	-0.504260257091399	0.885	0.732	0.000155302794475764	9	LAG3
5.55960645360057e-08	-0.343385588222393	0.74	0.716	0.000166788193608017	9	H2AFX
4.61499817689808e-07	-0.36001142725834	0.999	0.998	0.00138449945306942	9	COX3
8.05985986037236e-07	-0.488448243676197	0.988	0.977	0.00241795795811171	9	FTL
1.0898012006789e-06	-0.307494086278451	0.939	0.851	0.00326940360203671	9	CORO1B
8.78668812249706e-06	-0.750604087393143	0.925	0.794	0.0263600643674912	9	ATF3
