p_val	avg_log2FC	pct.1	pct.2	p_val_adj	cluster	gene
1.99809369083797e-125	0.296375936540715	0.354	0.025	5.9942810725139e-122	17	PROM1
4.02805609504857e-104	2.36763682939854	0.416	0.054	1.20841682851457e-100	17	TPSD1
1.78794563447159e-101	0.271175372601763	0.281	0.025	5.36383690341477e-98	17	GCSAML
2.21238607690144e-86	1.95717846887255	0.949	0.548	6.63715823070431e-83	17	FCER1G
4.37465448810359e-83	2.40439292922079	0.938	0.587	1.31239634643108e-79	17	TYROBP
2.3029814942551e-73	1.98968284966904	0.893	0.553	6.90894448276531e-70	17	CST3
5.44722209714318e-63	0.563105553190554	0.669	0.19	1.63416662914295e-59	17	CD33
2.69551538161834e-61	0.412952234160294	0.742	0.203	8.08654614485501e-58	17	DAPK1
7.80462709362251e-61	1.37920119220214	0.837	0.612	2.34138812808675e-57	17	TMEM176B
9.28787845900974e-61	1.82844679054181	0.854	0.549	2.78636353770292e-57	17	LYZ
1.36923542912529e-53	2.74567748186064	0.843	0.636	4.10770628737586e-50	17	IFI30
2.27444902103656e-53	0.534985862263412	0.815	0.658	6.82334706310967e-50	17	SPI1
1.470352111511e-52	0.434313260589204	0.798	0.35	4.41105633453299e-49	17	MS4A7
1.4090038555071e-50	1.27819169836518	0.837	0.651	4.2270115665213e-47	17	ALOX5
1.88526862149473e-50	0.257374271889119	0.298	0.025	5.6558058644842e-47	17	CALB2
8.40759170511917e-50	0.619216610064671	0.764	0.477	2.52227751153575e-46	17	ALDH2
3.69542366325938e-48	0.907471952491067	0.893	0.656	1.10862709897781e-44	17	GRN
2.27261257100515e-45	1.90919356216207	0.899	0.653	6.81783771301544e-42	17	CAPG
1.31412302744101e-44	1.86263653505168	0.966	0.842	3.94236908232302e-41	17	GPX1
2.45751211827278e-43	0.306383496357136	0.579	0.077	7.37253635481835e-40	17	MITF
2.85040554321974e-43	0.426430759341353	0.781	0.401	8.55121662965922e-40	17	RAB31
4.58870092413548e-43	0.725803313261925	0.764	0.53	1.37661027724064e-39	17	IL18
5.70865019231184e-42	1.41336170458982	0.949	0.792	1.71259505769355e-38	17	NPC2
1.16466859419988e-41	0.725137626099982	0.781	0.528	3.49400578259966e-38	17	PLAUR
2.61134326137313e-41	1.05226918727581	0.506	0.083	7.83402978411939e-38	17	CNRIP1
2.6771680906808e-41	0.261244342902387	0.685	0.272	8.03150427204241e-38	17	DAB2
1.28849293977287e-40	2.10494772848303	0.831	0.659	3.8654788193186e-37	17	APOE
4.17148229695201e-40	0.841913676432166	0.691	0.375	1.2514446890856e-36	17	TMEM176A
3.12064515092478e-39	0.256322711257585	0.702	0.417	9.36193545277434e-36	17	CLEC12A
1.51071621780958e-38	0.724383792103727	0.803	0.616	4.53214865342873e-35	17	MS4A6A
2.97375923782144e-38	0.567882657099288	0.247	0.025	8.92127771346433e-35	17	LOC101928834
7.12902819379761e-37	0.330461534498447	0.697	0.442	2.13870845813928e-33	17	SERPING1
1.58159605947381e-35	2.38949698952642	0.989	0.977	4.74478817842144e-32	17	FTL
3.31116929449033e-35	0.59187724072247	0.539	0.331	9.93350788347099e-32	17	IL1B
7.59316121689571e-35	0.39873563013302	0.708	0.397	2.27794836506871e-31	17	KLF4
9.74304310755895e-35	0.949690329142327	0.826	0.532	2.92291293226768e-31	17	C1orf162
1.2058943032301e-34	1.86014907487978	0.854	0.622	3.6176829096903e-31	17	GLUL
2.28446580025474e-34	0.288295303024059	0.753	0.619	6.85339740076423e-31	17	B3GNT5
3.7416337624222e-34	0.259489072683221	0.736	0.403	1.12249012872666e-30	17	CD163
4.9901931014244e-34	0.361458927963434	0.792	0.567	1.49705793042732e-30	17	CPVL
9.20316493098558e-34	0.343374292128352	0.674	0.34	2.76094947929568e-30	17	LOC100509457
1.12673492983407e-33	1.40937902857928	0.77	0.52	3.38020478950221e-30	17	RNF130
1.68555915506354e-33	1.42921555711507	1	0.989	5.05667746519062e-30	17	FTH1
3.42454331315784e-31	0.6156401645491	0.73	0.551	1.02736299394735e-27	17	GSN
5.90081168983459e-31	0.370884678360216	0.702	0.491	1.77024350695038e-27	17	RAB20
6.01927282269601e-31	0.340464470031743	0.798	0.607	1.8057818468088e-27	17	IGSF6
8.12173138320767e-31	1.05598956313941	0.674	0.357	2.4365194149623e-27	17	LPCAT2
1.35977289586375e-30	1.26787357983374	0.77	0.705	4.07931868759125e-27	17	CD68
6.82632847487463e-30	1.68173524966646	0.86	0.66	2.04789854246239e-26	17	AREG
3.04425736134535e-29	1.44580632431234	0.899	0.751	9.13277208403604e-26	17	CD63
5.08760526545474e-29	1.12465110871588	0.904	0.804	1.52628157963642e-25	17	CTSB
1.83646020357847e-28	0.266932715458933	0.747	0.635	5.5093806107354e-25	17	SIGLEC10
2.27747404548675e-28	1.03271825187786	0.938	0.809	6.83242213646024e-25	17	PSAP
4.13151881914632e-28	0.338370126043108	0.713	0.534	1.2394556457439e-24	17	COBLL1
5.35527938231938e-28	0.482956106872693	0.669	0.457	1.60658381469581e-24	17	ABCA1
8.70783816692032e-28	-1.32809601111396	0.91	0.977	2.61235145007609e-24	17	IL32
1.3189508016269e-27	0.492923508144734	0.775	0.527	3.95685240488069e-24	17	LST1
3.4751043096412e-27	0.301211430226911	0.404	0.239	1.04253129289236e-23	17	CXCL8
6.2833161386422e-27	0.470476734924683	0.725	0.637	1.88499484159266e-23	17	IFNGR2
8.24123912203429e-27	0.567406793002197	0.73	0.699	2.47237173661029e-23	17	PMP22
1.08532896882832e-26	0.263954512825358	0.59	0.473	3.25598690648497e-23	17	FCGR2B
1.16363084712253e-26	0.459082633732645	0.579	0.214	3.49089254136758e-23	17	RAB32
1.47453776694224e-26	5.16126408749614	0.669	0.377	4.42361330082673e-23	17	TPSAB1
2.15333532032256e-26	1.94359116443672	0.348	0.047	6.46000596096767e-23	17	MS4A2
2.16472119745725e-26	0.732501923151491	0.635	0.588	6.49416359237176e-23	17	SERPINA1
3.35116339142182e-26	0.493967072218845	0.73	0.576	1.00534901742655e-22	17	RENBP
3.77301439513135e-26	1.06617215457036	0.64	0.39	1.13190431853941e-22	17	HS3ST1
5.58378649298817e-26	0.74820599618557	0.629	0.356	1.67513594789645e-22	17	HAMP
9.86305142921632e-26	0.704602103419078	0.792	0.616	2.9589154287649e-22	17	FCGRT
1.250738651736e-25	0.70797250143705	0.545	0.384	3.75221595520801e-22	17	C15orf48
1.92621569885016e-25	2.84543023795718	0.854	0.831	5.77864709655049e-22	17	APOC1
1.96146744687606e-25	0.698026714711837	0.809	0.634	5.88440234062819e-22	17	LAT2
2.20110999920649e-25	1.20855736869869	0.775	0.62	6.60332999761946e-22	17	SPINT2
3.27614896976436e-25	0.391392431588849	0.77	0.631	9.82844690929307e-22	17	GM2A
7.44637472620193e-25	0.27672709872516	0.584	0.482	2.23391241786058e-21	17	CYBB
3.05165598976862e-24	0.428574273735426	0.562	0.222	9.15496796930587e-21	17	DHRS9
4.38344214183469e-24	0.393532288170276	0.399	0.051	1.31503264255041e-20	17	MSRB3
5.67200083067885e-24	-0.620205813641468	0.59	0.808	1.70160024920365e-20	17	PASK
5.83122006866422e-24	0.479727244902361	0.888	0.73	1.74936602059927e-20	17	TYMP
1.08321401145221e-23	0.389035551257697	0.674	0.548	3.24964203435662e-20	17	RAB13
2.56153141191918e-23	0.404576032823783	0.494	0.174	7.68459423575754e-20	17	MLPH
2.5954680898495e-23	1.16158081291537	0.612	0.569	7.7864042695485e-20	17	C1QB
3.81751579338018e-23	0.92005874310518	0.809	0.652	1.14525473801405e-19	17	REL
4.87007839751749e-23	0.981724161135645	0.91	0.824	1.46102351925525e-19	17	LGALS3
5.93480629718151e-23	0.962246797544195	0.713	0.559	1.78044188915445e-19	17	TSC22D1
2.23000815659914e-22	0.399961752774754	0.691	0.54	6.69002446979741e-19	17	CXCL16
5.64389723826991e-22	0.477360718209435	0.68	0.532	1.69316917148097e-18	17	TSPAN4
9.71033138507289e-22	0.676742745446357	0.747	0.622	2.91309941552187e-18	17	MPP1
1.03943341613524e-21	-0.482723271529398	1	1	3.11830024840573e-18	17	RPLP1
1.07648450945594e-21	1.15542223259547	0.921	0.839	3.22945352836781e-18	17	CSTB
1.15690209989777e-21	0.935577512229764	0.949	0.906	3.47070629969331e-18	17	SAT1
1.49702901617592e-21	0.280037179779398	0.618	0.521	4.49108704852776e-18	17	FAM26F
1.70505874618298e-21	0.290928584518935	0.713	0.589	5.11517623854895e-18	17	BTK
3.26373885858836e-21	2.00058860082871	0.528	0.308	9.79121657576507e-18	17	C1orf186
3.9206199661136e-21	-0.874509520571284	0.809	0.962	1.17618598983408e-17	17	CORO1A
3.98506439739998e-21	0.763954472980395	0.978	0.941	1.19551931922e-17	17	S100A6
5.32741038365465e-21	0.291834014597804	0.657	0.477	1.5982231150964e-17	17	PKIG
9.03256058514382e-21	0.31231695671301	0.551	0.436	2.70976817554315e-17	17	CXCL9
1.02093394998434e-20	-0.490660984526567	1	0.999	3.06280184995301e-17	17	RPS12
1.71534382921006e-20	0.750373731067614	0.635	0.431	5.14603148763017e-17	17	SERPINB6
2.58080470921801e-20	0.63821323785023	0.933	0.808	7.74241412765402e-17	17	GPX4
2.66307878083892e-20	-0.823791776694511	0.91	0.971	7.98923634251676e-17	17	IFITM1
2.93119367613269e-20	1.69126626829311	0.697	0.532	8.79358102839807e-17	17	CD9
9.39613072216645e-20	1.20415500143609	0.489	0.183	2.81883921664993e-16	17	GATA2
1.05725799448919e-19	0.315828872405218	0.331	0.094	3.17177398346757e-16	17	WFDC21P
1.27966903358826e-19	0.295069997889411	0.556	0.45	3.83900710076477e-16	17	MAFB
1.29449208037394e-19	0.950325500654483	0.5	0.44	3.88347624112181e-16	17	C1QC
1.33747445654664e-19	0.874862523896692	0.725	0.562	4.01242336963992e-16	17	VAT1
1.34168589062863e-19	2.03955149330917	0.652	0.452	4.0250576718859e-16	17	HPGDS
2.12824478346038e-19	0.617393567431725	0.781	0.723	6.38473435038113e-16	17	SOX4
2.15149432990504e-19	0.709641129216467	0.955	0.871	6.45448298971511e-16	17	BST2
4.2328992542372e-19	0.482509002414205	0.753	0.725	1.26986977627116e-15	17	H1F0
6.2504899733951e-19	0.851399671214622	0.635	0.452	1.87514699201853e-15	17	SIGLEC6
6.31301415147726e-19	0.985066991069984	0.792	0.741	1.89390424544318e-15	17	ARHGAP18
6.99112284675913e-19	0.339507591408434	0.702	0.626	2.09733685402774e-15	17	PAK1
7.07432157596608e-19	0.316516041727465	0.775	0.681	2.12229647278982e-15	17	SLC16A3
7.92348960748209e-19	0.640223012760522	0.753	0.604	2.37704688224463e-15	17	PTTG1IP
8.55528070284637e-19	0.784041617512815	0.798	0.641	2.56658421085391e-15	17	CDKN1A
1.00723327523759e-18	0.582697690270298	0.629	0.443	3.02169982571278e-15	17	ALDH1A1
1.02580891000228e-18	-0.350862551272487	0.494	0.863	3.07742673000685e-15	17	TXK
1.09034938597531e-18	1.12712907219399	0.837	0.71	3.27104815792592e-15	17	PLIN2
1.09526376167417e-18	0.511533951197967	0.787	0.61	3.28579128502251e-15	17	BCL2A1
1.10300434371231e-18	0.538313083087786	0.742	0.605	3.30901303113694e-15	17	NR4A3
1.27007839981004e-18	0.326682469119543	0.747	0.632	3.81023519943011e-15	17	CREG1
1.72607318801588e-18	0.402752867518286	0.466	0.195	5.17821956404763e-15	17	AKAP12
1.90354987951288e-18	0.251792342366299	0.826	0.665	5.71064963853865e-15	17	PRMT9
2.05344652443197e-18	0.297814409308417	0.73	0.503	6.16033957329591e-15	17	GRINA
2.21072942338066e-18	-0.519318000539364	0.792	0.867	6.63218827014198e-15	17	SIRPG
2.63301512528198e-18	1.17011429993558	0.961	0.873	7.89904537584594e-15	17	CTSD
2.97129052549922e-18	0.704043981435237	0.747	0.623	8.91387157649767e-15	17	CD83
3.47099177038309e-18	0.51898376514709	0.685	0.532	1.04129753111493e-14	17	SNX10
3.729569844111e-18	0.547128228130572	0.809	0.756	1.1188709532333e-14	17	STMN1
3.84199529949289e-18	0.322564530879689	0.809	0.729	1.15259858984787e-14	17	PGD
3.97663148367647e-18	2.01181106315756	0.618	0.356	1.19298944510294e-14	17	HDC
4.20412290009326e-18	0.767089228121235	0.708	0.746	1.26123687002798e-14	17	AIF1
4.90462521305079e-18	0.803229724262087	0.978	0.93	1.47138756391524e-14	17	S100A11
6.99305647285359e-18	0.455992288305088	0.764	0.644	2.09791694185608e-14	17	MFSD1
7.11747158500873e-18	0.302815364948144	0.674	0.678	2.13524147550262e-14	17	PLXDC2
8.52833359662659e-18	4.10162880306664	0.545	0.322	2.55850007898798e-14	17	CPA3
9.46795332836037e-18	0.665526486017898	0.764	0.69	2.84038599850811e-14	17	HLA-DMA
1.17964213245654e-17	0.671166058360958	0.674	0.585	3.53892639736961e-14	17	ACER3
1.19737558967927e-17	0.280897694508356	0.758	0.68	3.59212676903782e-14	17	GNA15
1.24744864353765e-17	0.602316068701535	0.775	0.624	3.74234593061296e-14	17	LAIR1
1.7500648393224e-17	0.689681356589959	0.674	0.537	5.25019451796719e-14	17	FAM46A
1.82979812856858e-17	0.941173446555429	0.68	0.592	5.48939438570575e-14	17	PTGS1
2.96267190698441e-17	0.691304099046593	0.848	0.765	8.88801572095322e-14	17	FKBP2
3.06027211725031e-17	0.55953188274028	0.562	0.423	9.18081635175094e-14	17	PLAT
3.26275572114891e-17	0.470296984573435	0.708	0.559	9.78826716344672e-14	17	CALU
4.52485600381957e-17	0.916551211824012	0.708	0.679	1.35745680114587e-13	17	CPM
4.77155263138806e-17	0.317795254571407	0.719	0.587	1.43146578941642e-13	17	TBXAS1
1.12534914376314e-16	4.11887934816037	0.68	0.579	3.37604743128941e-13	17	TPSB2
1.93786801806327e-16	0.96708783735056	0.607	0.593	5.8136040541898e-13	17	HLA-DMB
1.94440591275772e-16	0.3237774918963	0.483	0.213	5.83321773827316e-13	17	PRSS57
2.93767264908404e-16	0.27748254150541	0.781	0.677	8.81301794725212e-13	17	PEA15
2.95884490125812e-16	1.55027848516141	0.556	0.349	8.87653470377437e-13	17	MAOB
2.96440490240251e-16	0.8859633276561	0.809	0.731	8.89321470720753e-13	17	ASAH1
3.20096840204051e-16	-0.822225756676686	0.787	0.878	9.60290520612153e-13	17	FAIM3
3.97436349240191e-16	1.70169550997928	0.596	0.41	1.19230904772057e-12	17	RGS13
4.79570809564775e-16	-0.343288578701617	0.573	0.76	1.43871242869433e-12	17	FBLN7
5.27972648480791e-16	0.271240905478294	0.59	0.592	1.58391794544237e-12	17	CD86
6.10822527454418e-16	0.297747744710479	0.82	0.713	1.83246758236325e-12	17	RNASE6
6.77497106310099e-16	1.0892974428566	0.848	0.762	2.0324913189303e-12	17	RGS2
1.19471781106083e-15	-1.25663478697396	0.815	0.901	3.5841534331825e-12	17	IL7R
1.87491830687913e-15	0.293556744080496	0.112	0.004	5.62475492063738e-12	17	FAM3B
2.25332801355192e-15	0.353462578255156	0.781	0.651	6.75998404065575e-12	17	WARS
3.08307331015088e-15	0.442483820116007	0.758	0.68	9.24921993045264e-12	17	CYSTM1
3.54779918231432e-15	0.262726201974768	0.624	0.503	1.0643397546943e-11	17	ARSD
4.77094072565135e-15	0.569971864034574	0.86	0.773	1.43128221769541e-11	17	ATP6V0B
5.09967434978267e-15	0.770253190739088	0.77	0.65	1.5299023049348e-11	17	MAP3K8
5.24192642282605e-15	-0.412861331391007	0.994	0.999	1.57257792684781e-11	17	TMSB4X
7.88673724118515e-15	0.651265674246319	0.803	0.718	2.36602117235554e-11	17	DSTN
8.26521871403649e-15	0.257408998468827	0.652	0.524	2.47956561421095e-11	17	PROCR
8.34253893646489e-15	0.297128552982077	0.629	0.511	2.50276168093947e-11	17	GNS
1.0274212211699e-14	-0.93019235994742	0.843	0.944	3.08226366350969e-11	17	CD7
1.08306804845949e-14	0.828291729494544	0.506	0.423	3.24920414537848e-11	17	S100A8
1.17763322704831e-14	1.14992754165659	0.815	0.764	3.53289968114492e-11	17	TIMP1
1.42420984901047e-14	0.257830593877888	0.725	0.674	4.27262954703142e-11	17	GEM
2.04628191229748e-14	0.354769391981035	0.674	0.59	6.13884573689244e-11	17	SPATS2L
2.77889711924354e-14	0.603951582506108	0.978	0.92	8.33669135773062e-11	17	GABARAP
3.92309269226906e-14	0.560112507799654	0.725	0.572	1.17692780768072e-10	17	LGMN
4.23719181352331e-14	0.259674043682783	0.612	0.499	1.27115754405699e-10	17	CCL23
4.99810871644573e-14	0.255192757573071	0.607	0.455	1.49943261493372e-10	17	TIE1
6.0493339342614e-14	-0.736832281383684	0.685	0.772	1.81480018027842e-10	17	TRAT1
6.34907868463109e-14	0.280922883497119	0.652	0.524	1.90472360538933e-10	17	NME4
6.94744027683437e-14	0.424380581290417	0.646	0.587	2.08423208305031e-10	17	FBP1
1.01254168949676e-13	0.351085367714059	0.663	0.555	3.03762506849027e-10	17	CCDC88A
1.15307780457023e-13	0.696724768756855	0.916	0.853	3.45923341371068e-10	17	ATP6V0C
1.62689938457844e-13	0.25124552000815	0.612	0.626	4.88069815373533e-10	17	LTBR
2.03796476580027e-13	0.286374768469593	0.624	0.488	6.1138942974008e-10	17	F11R
2.07802357762311e-13	0.257888035919899	0.59	0.405	6.23407073286932e-10	17	FGL2
2.23973612786905e-13	0.589523454995677	0.91	0.871	6.71920838360715e-10	17	TXN
2.66274423226959e-13	0.478347910771325	0.674	0.554	7.98823269680878e-10	17	DDAH2
3.4882571053086e-13	-0.619029682164281	0.809	0.907	1.04647713159258e-09	17	LTB
3.93448100168895e-13	0.390452707573239	0.669	0.666	1.18034430050669e-09	17	IRAK3
4.39722102917802e-13	0.65660640174647	0.478	0.445	1.31916630875341e-09	17	S100A9
4.89709913620823e-13	0.434899316014039	0.854	0.773	1.46912974086247e-09	17	HDLBP
5.77920717306203e-13	-0.763800520363478	0.713	0.896	1.73376215191861e-09	17	SELL
7.97469881374968e-13	0.580796601719746	0.68	0.624	2.3924096441249e-09	17	ABHD2
9.28592913508346e-13	0.782963825363034	0.916	0.856	2.78577874052504e-09	17	GSTP1
1.12259613892643e-12	0.631953589144345	0.787	0.667	3.36778841677929e-09	17	ZNF331
1.18895678496108e-12	0.360501669563648	0.708	0.62	3.56687035488325e-09	17	CTNNA1
1.31558291941165e-12	0.659295214487974	0.466	0.28	3.94674875823495e-09	17	FLJ21408
1.60298422347982e-12	0.72728562584672	0.871	0.797	4.80895267043946e-09	17	BANF1
1.6171118670285e-12	0.393937794933665	0.831	0.72	4.85133560108549e-09	17	MANF
2.28759934689101e-12	0.296628822885622	0.607	0.431	6.86279804067303e-09	17	PSTPIP2
2.60513073807211e-12	0.341878688519982	0.691	0.633	7.81539221421632e-09	17	RRBP1
3.12773801410486e-12	0.478576006807818	0.725	0.666	9.38321404231459e-09	17	GCA
3.15299089272402e-12	0.398708977893119	0.646	0.6	9.45897267817206e-09	17	BLVRB
3.31246051719304e-12	0.341321609592054	0.882	0.783	9.93738155157911e-09	17	LGALS1
3.36740328126234e-12	0.489168015972902	0.652	0.71	1.0102209843787e-08	17	SDPR
3.39059541297277e-12	0.250718138272127	0.719	0.623	1.01717862389183e-08	17	GLA
4.80620298847489e-12	0.706039662516852	0.865	0.798	1.44186089654247e-08	17	GSTO1
5.37127303287386e-12	0.503952236616412	0.978	0.982	1.61138190986216e-08	17	VIM
5.95582688696824e-12	0.469339819569446	0.68	0.543	1.78674806609047e-08	17	ZEB2
6.54735691690819e-12	0.635201987814745	0.876	0.83	1.96420707507246e-08	17	IFITM3
7.13579439918362e-12	0.27475811232004	0.607	0.505	2.14073831975509e-08	17	YBX3
9.10225677090536e-12	0.726108795409727	0.742	0.671	2.73067703127161e-08	17	SMIM3
1.07690452761825e-11	1.00581053054517	0.91	0.865	3.23071358285474e-08	17	HSP90B1
1.08948195908885e-11	-0.76935932340501	0.91	0.962	3.26844587726654e-08	17	CXCR4
1.44746692758772e-11	0.429003225716234	0.792	0.683	4.34240078276317e-08	17	TXNDC17
1.46023361063058e-11	-0.85749948569534	0.646	0.884	4.38070083189174e-08	17	CD27
1.72283208705635e-11	0.939854340056103	0.702	0.658	5.16849626116905e-08	17	HLA-DQB1
1.89286211637876e-11	1.73490594126623	0.629	0.514	5.67858634913628e-08	17	SLC26A2
2.09854379254668e-11	0.474648648496794	0.77	0.694	6.29563137764005e-08	17	PLD3
2.12647488204874e-11	0.525592390783356	0.927	0.857	6.37942464614621e-08	17	ATP6V1F
2.33655414450777e-11	2.23943789593904	0.809	0.788	7.00966243352332e-08	17	HPGD
2.38675741894557e-11	0.403130399887356	0.775	0.668	7.16027225683672e-08	17	ATP6AP1
2.46533834495414e-11	4.02856791826479	0.742	0.747	7.39601503486243e-08	17	LOC100293211
2.62933266769309e-11	0.355638947743157	0.764	0.645	7.88799800307926e-08	17	MARCKSL1
3.248954433645e-11	-0.429326651038172	0.522	0.717	9.74686330093499e-08	17	S1PR1
3.28706129260309e-11	0.277018919512707	0.652	0.579	9.86118387780927e-08	17	SLC29A1
3.77636956393368e-11	0.573463083789854	0.803	0.695	1.1329108691801e-07	17	RHOB
4.2461686601481e-11	0.644539981295181	0.596	0.53	1.27385059804443e-07	17	S100A13
6.48992939808256e-11	0.326162063453951	0.64	0.617	1.94697881942477e-07	17	ATP1B1
9.09407673344982e-11	2.01213140270259	0.551	0.425	2.72822302003495e-07	17	CLU
9.59716522859442e-11	0.552873618023651	0.798	0.743	2.87914956857833e-07	17	SGK1
1.10239592853932e-10	1.5990798895682	0.607	0.49	3.30718778561797e-07	17	IL1RL1
1.11767199125045e-10	-0.498827240094485	0.916	0.982	3.35301597375135e-07	17	HSPA8
1.2111594345321e-10	0.654178912598089	0.888	0.828	3.63347830359631e-07	17	ANXA1
1.55340345134013e-10	0.357768369297881	0.831	0.769	4.6602103540204e-07	17	PPT1
1.61848193811089e-10	1.12111782159313	0.59	0.638	4.85544581433267e-07	17	C1QA
1.6994821347158e-10	0.877034565322421	0.697	0.588	5.0984464041474e-07	17	LMNA
2.03928046969122e-10	0.319510548335411	0.961	0.893	6.11784140907366e-07	17	PRDX1
2.59809760495945e-10	-0.340482884783581	0.725	0.933	7.79429281487835e-07	17	LSP1
2.96529369810375e-10	-0.54198648374216	1	0.998	8.89588109431124e-07	17	ACTB
3.02794722742189e-10	-0.586237301719284	0.489	0.745	9.08384168226567e-07	17	SH2D1A
3.26006940394542e-10	0.588604525613756	0.657	0.553	9.78020821183625e-07	17	NTRK1
3.34741778233846e-10	0.456681516268275	0.697	0.635	1.00422533470154e-06	17	PPAP2A
3.45515720063611e-10	0.369249652377958	0.719	0.651	1.03654716019083e-06	17	CD151
3.45912691423948e-10	0.358828227296548	0.848	0.788	1.03773807427185e-06	17	RTN4
3.613012785236e-10	-0.53527519064858	0.607	0.828	1.0839038355708e-06	17	GPR171
3.87077063155742e-10	-0.720549863898402	0.798	0.868	1.16123118946723e-06	17	TIGIT
3.93417276703876e-10	0.312741759264846	0.646	0.586	1.18025183011163e-06	17	ALCAM
5.06669446270198e-10	-0.699476330923883	0.64	0.838	1.52000833881059e-06	17	TUBA4A
5.16682089860652e-10	0.575420433146179	0.444	0.336	1.55004626958195e-06	17	MGST1
5.21319570152979e-10	0.371833345159238	0.702	0.596	1.56395871045894e-06	17	RANBP2
5.32794539609716e-10	-0.485599729483417	0.663	0.871	1.59838361882915e-06	17	PRDM1
5.43004817751172e-10	-0.510264534375166	0.725	0.881	1.62901445325352e-06	17	ARID5B
5.82098374159719e-10	0.618672957005551	0.837	0.795	1.74629512247916e-06	17	PYCARD
6.73483792168855e-10	-1.32152937953994	0.742	0.811	2.02045137650657e-06	17	GZMA
8.2651162921807e-10	0.301440274716164	0.68	0.62	2.47953488765421e-06	17	P2RY14
8.89193631959382e-10	0.34707266747848	0.556	0.389	2.66758089587815e-06	17	TPM2
8.95028256957972e-10	1.52876494347525	0.815	0.854	2.68508477087392e-06	17	IGLL5
9.415198371681e-10	0.35938949149426	0.815	0.804	2.8245595115043e-06	17	CTSL
1.12767832744744e-09	0.388488652499059	0.466	0.433	3.38303498234233e-06	17	FN1
1.24205740701634e-09	0.29377599312679	0.596	0.536	3.72617222104903e-06	17	MYO6
1.27679685417271e-09	0.328813225196538	0.713	0.693	3.83039056251813e-06	17	NANS
1.76301039094589e-09	0.305448028567791	0.629	0.58	5.28903117283767e-06	17	FTO
1.82138470269225e-09	0.454372219302814	0.657	0.59	5.46415410807674e-06	17	ELL2
2.3532627674323e-09	0.804257839092694	0.865	0.738	7.0597883022969e-06	17	FOSB
2.38447154731034e-09	0.25060660782354	0.607	0.705	7.15341464193102e-06	17	MNDA
2.497301322505e-09	0.497303534674387	0.713	0.634	7.49190396751501e-06	17	CYB5A
2.51179264711131e-09	1.51657409120961	0.596	0.511	7.53537794133392e-06	17	LTC4S
2.51867498898097e-09	0.550319267736165	0.68	0.612	7.55602496694291e-06	17	APLP2
2.90981687249711e-09	0.395776681483966	0.663	0.593	8.72945061749133e-06	17	PHLDA2
3.12838989291841e-09	0.362728043657068	0.522	0.537	9.38516967875523e-06	17	HLA-DPB2
3.27978786247893e-09	0.636245777394487	0.798	0.801	9.83936358743678e-06	17	HLA-DRB4
4.09974574072522e-09	0.301320872236597	0.753	0.687	1.22992372221757e-05	17	OAT
4.29888348207096e-09	0.506000755133662	0.938	0.855	1.28966504462129e-05	17	EIF5A
5.03260410893911e-09	0.275199555515122	0.64	0.534	1.50978123268173e-05	17	CD81
5.21104291067419e-09	-0.553951604688563	0.978	0.989	1.56331287320226e-05	17	ACTG1
5.28837892935351e-09	-0.515957191728628	0.815	0.852	1.58651367880605e-05	17	SH2D2A
5.43186338814221e-09	0.378451555438879	0.466	0.212	1.62955901644266e-05	17	PTGS2
6.1012382470184e-09	0.679889035848755	0.978	0.945	1.83037147410552e-05	17	YBX1
6.47331575890705e-09	0.849886469067981	0.978	0.981	1.94199472767212e-05	17	CD74
7.3165624464573e-09	0.608978382701001	0.663	0.607	2.19496873393719e-05	17	HLA-DRB1
7.33649558145365e-09	-0.418091061356813	0.657	0.9	2.20094867443609e-05	17	ENTPD1
7.84759721527522e-09	0.586866713683718	0.854	0.814	2.35427916458257e-05	17	C19orf10
8.46092487810353e-09	0.594032542329969	0.657	0.602	2.53827746343106e-05	17	MID1IP1
8.90138679833249e-09	0.272810494739551	0.433	0.398	2.67041603949975e-05	17	HNMT
9.31637775588453e-09	0.390234696551983	0.764	0.733	2.79491332676536e-05	17	BLVRA
1.068082731458e-08	0.360839264445194	0.674	0.582	3.20424819437399e-05	17	AVPI1
1.13838126494102e-08	0.547821748020128	0.826	0.723	3.41514379482306e-05	17	NR4A1
1.20258568243212e-08	0.652011320837768	0.764	0.665	3.60775704729635e-05	17	LOC284454
1.24068720236776e-08	0.42313985831974	0.815	0.8	3.72206160710328e-05	17	ATOX1
1.55383096675087e-08	0.491235047344283	0.612	0.568	4.66149290025261e-05	17	PDLIM7
1.63124608571657e-08	0.524946302792001	0.775	0.811	4.8937382571497e-05	17	LOC100996809
1.65044336206503e-08	0.52563191844275	0.528	0.424	4.95133008619509e-05	17	STAP1
1.86101076075998e-08	0.568702530630104	0.421	0.219	5.58303228227994e-05	17	KRT19
1.97227391714281e-08	0.591924079555985	0.91	0.849	5.91682175142843e-05	17	HMGN2
2.29064778259772e-08	0.340857619905685	0.736	0.692	6.87194334779317e-05	17	SKAP2
2.36367280870289e-08	0.742144206477409	0.382	0.367	7.09101842610867e-05	17	MDK
2.40940759813633e-08	0.264941314935455	0.416	0.418	7.228222794409e-05	17	UBD
2.52340703164927e-08	-0.447530785298728	0.815	0.868	7.5702210949478e-05	17	MAL
2.68725629494626e-08	0.331056438843664	0.792	0.752	8.06176888483878e-05	17	NUCB2
2.697856003202e-08	0.474512759284166	0.848	0.761	8.09356800960599e-05	17	HSPB1
2.78243765501593e-08	0.425940778799385	0.663	0.607	8.3473129650478e-05	17	KDM6B
3.1938045194827e-08	0.282131800395297	0.792	0.71	9.5814135584481e-05	17	H2AFV
3.44523620756148e-08	0.334257098713521	0.612	0.578	0.000103357086226844	17	SLC4A2
3.4616248108612e-08	0.330835663919444	0.77	0.739	0.000103848744325836	17	PDIA4
4.21483894652863e-08	2.10136218056257	0.539	0.412	0.000126445168395859	17	KIT
4.97195523980071e-08	0.382721245225714	0.713	0.581	0.000149158657194021	17	CHMP1B
5.24096713729181e-08	-0.59512339499157	0.657	0.805	0.000157229014118754	17	CCR7
6.72770117736832e-08	0.405902109707471	0.27	0.178	0.00020183103532105	17	PIGR
6.72982768692551e-08	0.723973229362602	0.713	0.641	0.000201894830607765	17	BHLHE40
7.66146429145603e-08	0.377679772502274	0.73	0.695	0.000229843928743681	17	NAMPT
7.75894770642167e-08	0.480741531011516	0.23	0.101	0.00023276843119265	17	SMIM22
8.79580187781387e-08	-0.449780576843827	0.697	0.768	0.000263874056334416	17	GATA3
1.10690559132706e-07	-0.722019133799071	0.483	0.747	0.000332071677398118	17	CD8B
1.14369256942957e-07	-0.607829125272864	0.803	0.883	0.00034310777082887	17	CTLA4
1.16355447475685e-07	-1.15744678954909	0.708	0.823	0.000349066342427056	17	CCL5
1.18237625217646e-07	0.315442586039286	0.618	0.596	0.000354712875652939	17	SLC43A3
1.18490322448964e-07	0.294842205476909	0.798	0.733	0.000355470967346892	17	EIF4A3
1.27007965908727e-07	0.522540467507653	0.865	0.747	0.000381023897726182	17	HIF1A
1.45008804570714e-07	-0.467429304866705	0.596	0.695	0.000435026413712142	17	NELL2
1.69091024161199e-07	-0.694830655595546	0.562	0.775	0.000507273072483597	17	APOBEC3G
1.80174446448935e-07	0.362100495568415	0.753	0.744	0.000540523339346805	17	HSBP1
1.83621717711306e-07	-0.252341159571978	0.646	0.77	0.000550865153133917	17	GPR25
1.99429311433544e-07	0.274810049578857	0.5	0.372	0.000598287934300633	17	BMP2K
2.04429153704752e-07	-0.346465450541467	1	1	0.000613287461114256	17	EEF1A1
2.19853410935255e-07	0.557614704894471	0.708	0.664	0.000659560232805764	17	FKBP4
2.30418209220107e-07	0.409143435508796	0.893	0.857	0.000691254627660321	17	DYNLL1
2.30696189455283e-07	0.864213106734817	0.966	0.928	0.000692088568365848	17	MT2A
2.42089181914753e-07	-1.02285767477246	0.685	0.802	0.000726267545744259	17	BATF
3.01381748613792e-07	0.849815335774934	0.652	0.65	0.000904145245841377	17	ACOT7
3.11878895549299e-07	-0.303496076369204	0.697	0.78	0.000935636686647896	17	HOXB2
3.2057165658965e-07	-0.682943495354184	0.938	0.962	0.000961714969768951	17	KLF6
3.5163656522221e-07	0.373157825907577	0.612	0.526	0.00105490969566663	17	PTPRE
3.79965796355314e-07	-0.254940878286946	0.421	0.657	0.00113989738906594	17	MAF
3.92616460253981e-07	-0.503326861683855	0.629	0.748	0.00117784938076194	17	LEF1
4.02768383252035e-07	0.401572757355522	0.747	0.764	0.00120830514975611	17	CTSS
4.51292403652475e-07	-0.860827165986666	0.652	0.793	0.00135387721095743	17	LINC00152
5.80680765089722e-07	0.588770857571392	0.725	0.636	0.00174204229526916	17	EGR1
6.76274854616164e-07	-0.593479294725646	0.753	0.797	0.00202882456384849	17	CXCR6
7.1496055604519e-07	-0.582001272133572	0.573	0.784	0.00214488166813557	17	TNFRSF1B
7.38485728058198e-07	0.401782387650115	0.534	0.477	0.00221545718417459	17	CSF1
7.67089848811905e-07	-0.41925966859057	0.921	0.941	0.00230126954643572	17	DNAJB1
7.95406951721842e-07	0.283039483650331	0.843	0.801	0.00238622085516553	17	CTSH
8.03386077204416e-07	0.492117814794685	0.68	0.628	0.00241015823161325	17	HEXA
8.91140575838722e-07	0.271544620250678	0.837	0.839	0.00267342172751617	17	NGFRAP1
9.18667004706188e-07	-0.472291769658219	0.949	0.983	0.00275600101411856	17	TSC22D3
9.51021903400687e-07	0.356069255901089	0.635	0.657	0.00285306571020206	17	QPCT
1.17505601482135e-06	0.437021612062698	0.337	0.304	0.00352516804446405	17	SCGB3A2
1.62138735360915e-06	0.469192006776457	0.949	0.928	0.00486416206082744	17	SSR4
1.87843629986497e-06	2.13181995499587	0.618	0.603	0.00563530889959492	17	VWA5A
2.02653337243055e-06	0.628538495107926	0.702	0.632	0.00607960011729163	17	ITM2C
2.13566389993279e-06	0.447639604771373	0.815	0.745	0.00640699169979837	17	HMGN3
2.30142888128747e-06	0.414010478732367	0.82	0.773	0.0069042866438624	17	NEAT1
2.32322119188559e-06	0.296120762196879	0.787	0.773	0.00696966357565678	17	COMT
2.39340622156544e-06	1.32377049358436	0.494	0.447	0.00718021866469632	17	SIGLEC17P
2.6648721676004e-06	0.388265775743184	0.792	0.737	0.00799461650280119	17	MGST3
2.87680980097577e-06	-0.378512829963788	0.68	0.848	0.0086304294029273	17	SAMHD1
3.03108743783956e-06	0.330071437572236	0.444	0.45	0.00909326231351869	17	HLA-DQB2
3.28035632628711e-06	0.498309261327057	0.792	0.805	0.00984106897886134	17	AP2S1
3.44836198353799e-06	0.323977818865728	0.854	0.81	0.010345085950614	17	TMEM14C
4.16796134140502e-06	-0.52220650718702	0.539	0.75	0.0125038840242151	17	HNRNPLL
4.68347146600189e-06	0.328759843323236	0.573	0.653	0.0140504143980057	17	CTSZ
4.73160583631276e-06	0.257715327453609	0.787	0.733	0.0141948175089383	17	RNF13
4.78187668132965e-06	0.262217080696761	0.882	0.877	0.014345630043989	17	VDAC1
5.14566300871504e-06	0.279403514832394	0.742	0.7	0.0154369890261451	17	HMGA1
5.81086124790553e-06	-0.36985805573027	0.815	0.863	0.0174325837437166	17	FOXP3
5.89573089030943e-06	0.425002143401975	0.68	0.602	0.0176871926709283	17	SLC1A5
6.39448425755466e-06	-0.466289496190621	0.983	0.994	0.019183452772664	17	RPLP0
6.48807392545073e-06	0.253145795814401	0.86	0.839	0.0194642217763522	17	P4HB
7.1017951339253e-06	0.327057038943023	0.949	0.925	0.0213053854017759	17	TAGLN2
7.96106791057864e-06	0.298391390375276	0.607	0.594	0.0238832037317359	17	SEPT11
8.47623615838493e-06	0.380234016880136	0.831	0.837	0.0254287084751548	17	SERPINB1
9.28150623650341e-06	-0.677730077199699	0.691	0.816	0.0278445187095102	17	ITM2A
9.49266534605482e-06	-0.591222480209066	0.483	0.606	0.0284779960381645	17	PRKCQ-AS1
9.54366227773133e-06	-0.905621178488574	0.489	0.726	0.028630986833194	17	GZMK
1.05432303120874e-05	0.418937604469797	0.713	0.656	0.0316296909362621	17	MAT2A
1.12656078362192e-05	-0.258329541598743	0.742	0.782	0.0337968235086576	17	FAAH2
1.23276277392931e-05	-0.745879897376375	0.713	0.851	0.0369828832178793	17	CLEC2B
1.27103130317445e-05	0.256552253413221	1	0.999	0.0381309390952334	17	COX2
1.28343270577491e-05	1.33740273938574	0.427	0.322	0.0385029811732472	17	SLC18A2
1.29267857598741e-05	0.302214096762258	0.826	0.794	0.0387803572796223	17	PSMA4
1.32612369118579e-05	0.356288987149856	0.837	0.773	0.0397837107355737	17	TSPYL2
1.34531296062603e-05	-0.684741471368125	0.708	0.782	0.0403593888187809	17	PRF1
1.38898802726974e-05	0.356904473703806	0.584	0.535	0.0416696408180921	17	DUSP6
1.38920392671882e-05	0.421100509519628	0.573	0.605	0.0416761178015647	17	GPNMB
1.54379419755152e-05	-0.356386842742726	0.685	0.791	0.0463138259265456	17	GBP2
