p_val	avg_log2FC	pct.1	pct.2	p_val_adj	cluster	gene
0	3.5450458747667	0.48	0.045	0	c18	FOXP3
0	3.75007757869715	0.382	0.039	0	c18	RTKN2
1.52510642649811e-240	2.9436036614496	0.211	0.036	4.68619451670075e-236	c18	IL2RA
5.96199770744284e-205	2.80570079973604	0.159	0.024	1.83194303556596e-200	c18	REREP3
1.71138265081481e-200	1.9037073670094	0.47	0.171	5.25856547115867e-196	c18	MIR4435-1HG
3.8067972801907e-195	3.9128236065948	0.072	0.005	1.1697146002842e-190	c18	FANK1
8.68304511100426e-194	1.32395345366725	0.803	0.481	2.66803927125828e-189	c18	LTB
8.18050166292775e-191	2.43354238113721	0.237	0.053	2.51362274596781e-186	c18	TBC1D4
1.03380269856961e-189	1.94223031134067	0.378	0.12	3.17656555189483e-185	c18	TNFRSF4
4.88910480595212e-180	1.95067931146777	0.35	0.108	1.50227523372491e-175	c18	CTLA4
2.85303537862624e-175	1.58430653549993	0.477	0.188	8.76652180790484e-171	c18	SELL
1.69492086194486e-160	1.35543818094135	0.615	0.311	5.20798333249796e-156	c18	CD27
2.13205543092188e-157	3.41705738743568	0.098	0.012	6.55116672259367e-153	c18	PTPLA
3.83880771802816e-154	0.847590556986634	0.974	0.903	1.17955044751851e-149	c18	IL32
1.55933376614705e-152	2.14090159636836	0.262	0.074	4.79136486324004e-148	c18	STAM
9.69679208963623e-150	2.17104347199721	0.234	0.061	2.97953330538253e-145	c18	IKZF2
9.63921069534594e-141	1.32923666483475	0.589	0.299	2.96184027035895e-136	c18	BATF
5.92653064630299e-140	3.0570339672269	0.102	0.014	1.82104507168952e-135	c18	F5
7.94418933253923e-130	1.45122075968403	0.512	0.254	2.44101105620933e-125	c18	PIM2
1.08942158169135e-128	2.20926588555961	0.163	0.036	3.347465694063e-124	c18	ICA1
1.10377705551053e-127	4.25750000025104	0.041	0.002	3.3915757584672e-123	c18	CSF2RB
6.34616191124829e-127	1.49398385295849	0.4	0.165	1.94998517046926e-122	c18	LEF1
2.44914577852302e-120	3.80475272579875	0.048	0.004	7.52549023366768e-116	c18	DNAH8
2.66002491315843e-115	1.69687290943975	0.302	0.11	8.17345855066191e-111	c18	NCF4
9.66596691013301e-109	1.23635792680943	0.506	0.259	2.97006165247657e-104	c18	TIGIT
3.12721432151632e-106	1.66729836124038	0.401	0.187	9.60899144572321e-102	c18	UGP2
1.07762057621148e-102	1.831960624832	0.251	0.087	3.31120474452501e-98	c18	PELI1
2.99815804420178e-102	1.48027345786943	0.379	0.169	9.21244022241881e-98	c18	PMAIP1
6.6318151242326e-101	2.21338219598977	0.16	0.042	2.03775783322295e-96	c18	GK
6.00130374562903e-96	1.35304715828223	0.484	0.262	1.84402060191943e-91	c18	CARD16
1.5578083570321e-91	2.92434020690781	0.09	0.017	4.78667773865253e-87	c18	IKZF4
2.32398271285772e-90	2.54045541590546	0.125	0.029	7.14090168179793e-86	c18	LOC101928152
4.79221503930317e-89	1.16231761305229	0.519	0.302	1.47250391512668e-84	c18	FAIM3
1.39089953431388e-88	1.31363884273948	0.309	0.128	4.27381699908626e-84	c18	TNFRSF18
7.84864939792796e-84	2.03480270537613	0.148	0.041	2.41165450050133e-79	c18	LY96
1.10320710605554e-83	1.62622685035614	0.214	0.075	3.38982447477686e-79	c18	FBLN7
1.20020711517185e-82	2.62301141763958	0.083	0.015	3.68787640278854e-78	c18	CARD17
5.30814264702728e-82	1.31660026759797	0.361	0.171	1.63103299115207e-77	c18	DNPH1
4.27148928681761e-79	0.7937647997662	0.673	0.44	1.31250051316045e-74	c18	RGS1
2.57589693492727e-77	1.24381860823764	0.447	0.239	7.91495851195103e-73	c18	ICOS
1.40885953189439e-73	1.19783563570887	0.426	0.237	4.32900268365189e-69	c18	USP15
6.20452552267162e-70	1.12502168355196	0.462	0.274	1.90646455735131e-65	c18	CORO1B
5.53287526614968e-68	1.74490380268292	0.153	0.049	1.70008658302981e-63	c18	IL6R
1.09586898636221e-67	1.18882552665834	0.355	0.181	3.36727663439516e-63	c18	BIRC3
6.26074918865072e-67	3.02858680756474	0.042	0.005	1.92374040319671e-62	c18	LOC102724280
9.98900533000422e-67	1.07520358026396	0.459	0.271	3.0693216677504e-62	c18	GBP5
1.86113982658004e-66	3.49093604678378	0.038	0.004	5.7187243451325e-62	c18	GRIK1-AS2
9.93641197201959e-66	1.04995579830946	0.526	0.336	3.05316130664246e-61	c18	LINC00152
1.21432373264674e-65	3.71909954129515	0.023	0.002	3.73125253330364e-61	c18	LOC101928353
2.65844685318178e-65	0.43329117098021	0.996	0.987	8.16860964577165e-61	c18	TMSB10
3.4441407715291e-65	1.58477512722618	0.213	0.084	1.05828113486775e-60	c18	LOC101928173
1.31236752527478e-64	0.58037122496181	0.937	0.868	4.03251169491183e-60	c18	DNAJB1
1.7410448468622e-64	3.37493389363378	0.038	0.005	5.3497085009535e-60	c18	MEOX1
2.18285074642815e-64	1.13515369102294	0.426	0.244	6.70724548854976e-60	c18	ARID5B
1.80912903199155e-63	3.4721728527859	0.031	0.003	5.55891077660044e-59	c18	LRRC32
1.09860796305553e-62	2.24877963042025	0.11	0.03	3.37569268808072e-58	c18	NGFRAP1
4.50960635407554e-62	2.56839620326833	0.06	0.011	1.38566674441679e-57	c18	CCDC141
2.80940225501559e-58	2.75184078652291	0.071	0.015	8.6324503089864e-54	c18	HPGD
5.09178677590802e-58	0.735668374120491	0.714	0.555	1.56455332263326e-53	c18	SOD1
9.51002355569784e-58	1.16265925477597	0.368	0.204	2.92214493795928e-53	c18	PIM3
1.09238480365901e-57	3.27125636603286	0.026	0.002	3.35657078620305e-53	c18	SELP
1.18033995944507e-57	1.0517838097344	0.361	0.195	3.62683059338687e-53	c18	IL6ST
2.62343133811268e-56	1.9006719791645	0.1	0.028	8.06101747261884e-52	c18	IL12RB2
1.73752016067961e-55	3.19986638858578	0.037	0.005	5.33887819772024e-51	c18	GNG8
6.96982752791821e-55	4.08820311429092	0.02	0.001	2.14161890450343e-50	c18	GJB6
4.20132228054172e-54	1.09762585683276	0.296	0.149	1.29094029714205e-49	c18	CD28
3.14852759519171e-52	1.65526129260388	0.124	0.041	9.67448074174557e-48	c18	CCR4
6.81153251368591e-52	2.23769254767686	0.073	0.018	2.09297959548027e-47	c18	TTN
1.87060113885975e-51	1.01549878721897	0.447	0.279	5.74779611937437e-47	c18	GPX1
5.99392233084176e-51	1.96389243903738	0.093	0.026	1.84175251459775e-46	c18	CCNG2
1.00743222206411e-50	1.59807235085513	0.155	0.059	3.0955369887364e-46	c18	FAAH2
1.06581436710678e-50	1.36514157186376	0.243	0.116	3.27492780580901e-46	c18	MAL
1.58320584611347e-50	2.75434587071253	0.05	0.009	4.86471660335287e-46	c18	CCR8
2.85002373562337e-50	3.74505486906111	0.02	0.002	8.75726793244992e-46	c18	LOC101929625
1.65482188584331e-49	1.90343222506774	0.1	0.03	5.08477120863072e-45	c18	MARCH3
1.0450687784117e-48	0.829981506541876	0.524	0.357	3.21118283542562e-44	c18	SOCS3
1.51720900408143e-47	2.81625229069647	0.05	0.01	4.66192810684101e-43	c18	METTL7A
4.32288336744181e-47	1.77278486884848	0.12	0.042	1.32829237231385e-42	c18	TIAM1
6.27184660419119e-47	0.422861471038344	0.817	0.652	1.92715030606983e-42	c18	HSPA1A
9.21527659631668e-47	1.06920268419555	0.253	0.126	2.83157803975023e-42	c18	NABP1
2.85598255996563e-46	1.30663497382489	0.151	0.059	8.7755776120064e-42	c18	TOX2
2.87361984961914e-45	1.19009179469598	0.243	0.12	8.82977171192472e-41	c18	EPSTI1
6.18981628473061e-45	0.762124952611491	0.577	0.424	1.90194484980918e-40	c18	UCP2
1.29128368871027e-44	0.849685503165443	0.458	0.3	3.96772739030003e-40	c18	PBXIP1
4.06790227717133e-44	0.769416199378269	0.7	0.574	1.24994433270643e-39	c18	SAT1
2.63914824511223e-43	3.12331893934822	0.029	0.004	8.10931081275633e-39	c18	PNMA5
1.78835031305992e-42	0.679435100604505	0.666	0.529	5.49506400693923e-38	c18	ISG20
2.75263991808001e-42	3.9434433626073	0.018	0.002	8.45803667628444e-38	c18	LOC101926931
4.2853012827456e-42	1.38084329863854	0.159	0.067	1.31674452514924e-37	c18	HS3ST3B1
7.02357316636216e-42	0.229242903169221	0.999	0.996	2.1581333268281e-37	c18	ACTB
8.20216468632558e-42	3.85512801426336	0.011	0.001	2.52027914316726e-37	c18	CEACAM4
1.46459623427014e-41	2.85506962204086	0.039	0.007	4.50026484904185e-37	c18	LGMN
6.69841476943116e-41	3.75214591885278	0.017	0.001	2.05822190620311e-36	c18	FAM19A2
8.41260357844851e-41	1.54776726889259	0.112	0.04	2.58494070154987e-36	c18	CHST7
1.51166450872789e-40	2.09732365342707	0.077	0.022	4.64489153596819e-36	c18	LINC01281
2.04681159301068e-40	2.71714171296463	0.041	0.008	6.28923798184391e-36	c18	CPA5
3.09516827059548e-40	2.5938388377432	0.052	0.012	9.51052354505872e-36	c18	MIR181A1HG
8.55653264486275e-40	1.9154407646072	0.064	0.017	2.62916578578698e-35	c18	SGPP2
1.44534578071104e-39	1.38202899259843	0.168	0.074	4.44111398039081e-35	c18	ID3
3.22748695460721e-39	2.84300584510343	0.026	0.003	9.91709916542157e-35	c18	BFSP2
8.39151524699848e-39	0.881093080767904	0.304	0.172	2.57846088994522e-34	c18	SIRPG
9.57771411979797e-38	1.94674964945919	0.083	0.026	2.94294421759032e-33	c18	ADTRP
1.01394139473989e-37	3.14228652814333	0.031	0.005	3.11553772361726e-33	c18	LOC100507006
2.4930300963288e-37	0.808519804493354	0.48	0.34	7.66033357698949e-33	c18	CACYBP
3.26749660318361e-37	1.15027316455568	0.248	0.135	1.00400368126023e-32	c18	PHTF2
6.15963313397812e-37	0.674080715995464	0.525	0.378	1.89267047307746e-32	c18	SKAP1
7.13439914937075e-37	2.35993315889175	0.051	0.012	2.19218682662715e-32	c18	PLCL1
7.19422026226956e-37	0.948078976313598	0.269	0.147	2.21056805998757e-32	c18	PLK3
1.12091087525556e-36	0.707422551951367	0.333	0.194	3.44422284639775e-32	c18	DUSP4
1.21665937208755e-36	1.72524547575942	0.09	0.03	3.73842925261342e-32	c18	ZC3H12D
1.54620160016457e-36	0.814894910468786	0.449	0.306	4.75101365682567e-32	c18	SCAND1
1.61982740769628e-36	0.919237414092324	0.325	0.194	4.97724367562835e-32	c18	GBP2
2.44382105826974e-36	1.66487914439493	0.149	0.066	7.50912896574544e-32	c18	MAGEH1
4.37793707598007e-36	1.04510119698963	0.232	0.123	1.34520872533639e-31	c18	TNIK
4.96455922495618e-36	1.44613909316812	0.143	0.062	1.52546011305229e-31	c18	AKIP1
5.48427913427509e-36	1.21310421287331	0.263	0.148	1.68515444958871e-31	c18	GLRX
7.24448432431179e-36	0.969365317942461	0.276	0.155	2.22601269833128e-31	c18	FAS
7.45699628478432e-36	1.55658388899053	0.108	0.041	2.29131124842568e-31	c18	ETV7
2.73635156599857e-35	0.976356192399035	0.27	0.154	8.40798745684379e-31	c18	CCM2
4.03037772275057e-35	3.29881182090293	0.016	0.001	1.23841416286957e-30	c18	PMCH
4.90590081260203e-35	1.19230014519852	0.175	0.083	1.50743614268822e-30	c18	SGMS1
7.56828076887657e-35	1.11439960633275	0.225	0.119	2.3255056318527e-30	c18	NAMPT
1.65045290063984e-34	1.15904357065553	0.21	0.109	5.07134662779602e-30	c18	DUSP16
2.93034564763428e-34	0.216828000207332	0.98	0.968	9.00407307148584e-30	c18	RPL8
4.76182405774242e-34	0.768057542332771	0.334	0.203	1.46316567822251e-29	c18	AQP3
1.12327207822328e-33	0.523529721099928	0.692	0.594	3.45147811475666e-29	c18	YWHAB
1.27834912646766e-33	3.73544092909921	0.01	0.001	3.92798336089718e-29	c18	SEMA3G
1.77642049931191e-33	2.13963027183142	0.045	0.01	5.45840726823569e-29	c18	IL1R2
2.67431194579729e-33	0.390228542377984	0.937	0.901	8.21735831585134e-29	c18	UBC
4.83247965543548e-33	1.06690623465232	0.21	0.111	1.48487602372566e-28	c18	SNX20
6.02186645372721e-33	2.16715812472858	0.062	0.018	1.85033890523676e-28	c18	CPNE2
8.15800054142255e-33	1.95072203094178	0.062	0.018	2.50670882636291e-28	c18	FAM184A
9.26692147617255e-33	2.28048057068367	0.055	0.015	2.84744696198354e-28	c18	MGST2
4.16761180200133e-32	3.57624824171045	0.02	0.002	1.28058207840095e-27	c18	WBSCR27
3.12755490770884e-31	0.883748373355059	0.33	0.208	9.61003796491697e-27	c18	STAT1
5.86008940501883e-31	1.48463038036501	0.11	0.045	1.80062967148014e-26	c18	HAPLN3
1.63940248565032e-30	0.217257927156942	0.988	0.977	5.03739201765773e-26	c18	PTMA
2.128125267545e-30	1.51907181571912	0.07	0.023	6.53909050958551e-26	c18	CUL9
3.5880626507932e-30	0.959520354166382	0.22	0.121	1.10250401070923e-25	c18	CHMP7
5.11241778867753e-30	2.16144142496997	0.054	0.015	1.57089261392695e-25	c18	ZC2HC1A
5.89822719106779e-30	1.0283419714244	0.237	0.134	1.8123482689994e-25	c18	IFNAR2
6.91731533596188e-30	0.999838580218717	0.255	0.15	2.12548348328101e-25	c18	CCR7
1.14630497295114e-29	0.395216334883024	0.851	0.794	3.52225129038698e-25	c18	HSP90AA1
1.68996366113964e-29	0.846227477882572	0.257	0.149	5.19275134158377e-25	c18	SUSD3
1.73390907401273e-29	1.13448087726833	0.178	0.091	5.32778241171892e-25	c18	CCR6
2.1452171451323e-29	2.45855968733831	0.034	0.007	6.59160872184802e-25	c18	TRIM16
3.58456612081435e-29	1.22771686529229	0.185	0.098	1.10142963194263e-24	c18	SHMT2
3.7062336936611e-29	0.296862400634006	0.791	0.663	1.13881442705125e-24	c18	HSPA1B
5.99446022222807e-29	3.57112001099021	0.017	0.002	1.84191779248402e-24	c18	TSHR
6.19830404812618e-29	0.860582086787589	0.318	0.204	1.90455288486773e-24	c18	SAMHD1
8.97006781656338e-29	0.796712615853835	0.255	0.147	2.75623273799543e-24	c18	CD4
9.04772688599222e-29	0.83385664553892	0.301	0.187	2.78009504025883e-24	c18	DGKA
1.54566306096737e-28	2.48487756505249	0.036	0.008	4.74935888743444e-24	c18	NETO2
1.59721598709697e-28	0.776968799789909	0.338	0.217	4.90776556355285e-24	c18	CMTM7
2.32437877821416e-28	0.506642856836258	0.699	0.602	7.14211867181864e-24	c18	LIMD2
2.47274838264816e-28	3.31848316123119	0.021	0.003	7.59801395536299e-24	c18	PTGIR
4.07551194130216e-28	1.22501889824211	0.129	0.059	1.25228255420391e-23	c18	ACTA2
1.55488968876734e-27	1.00340005613915	0.164	0.082	4.77770954667541e-23	c18	FAM110A
1.65879344115383e-27	1.36948437217965	0.115	0.05	5.09697460663336e-23	c18	FCRL3
2.10402117207166e-27	1.26483290574488	0.135	0.064	6.46502585542458e-23	c18	ZNF101
2.28807533860617e-27	0.64351408272193	0.535	0.411	7.03056909293517e-23	c18	HSPB1
2.62979761878975e-27	4.11466232587182	0.013	0.001	8.08057914325525e-23	c18	TNFRSF13B
4.46444587628154e-27	0.588984046383483	0.446	0.318	1.37179028440503e-22	c18	HSPH1
5.22211454399521e-27	0.636327156751072	0.432	0.303	1.60459913593341e-22	c18	TNFRSF1B
5.96707862877947e-27	1.09431240762784	0.122	0.055	1.83350425026507e-22	c18	ENTPD1
1.08079948224665e-26	0.306478311505129	0.88	0.781	3.32097256909928e-22	c18	CD74
4.89291133970493e-26	0.235751467949086	0.923	0.894	1.50344486735113e-21	c18	RPL22
6.1472024874533e-26	3.45676818063498	0.015	0.002	1.88885090831978e-21	c18	ZG16B
8.17445336876277e-26	0.552731808098989	0.474	0.346	2.51176428661974e-21	c18	PIK3IP1
8.35449063283681e-26	0.883499780698077	0.171	0.089	2.56708433675177e-21	c18	SESN3
1.28100966779959e-25	0.667915716003553	0.387	0.269	3.93615840624781e-21	c18	R3HDM4
1.74919084039014e-25	2.34572454875459	0.027	0.005	5.37473869526678e-21	c18	FLVCR2
2.83913601659089e-25	0.644456244648039	0.509	0.395	8.72381323817884e-21	c18	NDUFB1
3.05772811941576e-25	1.32469403837028	0.092	0.038	9.39548119252879e-21	c18	SPATS2L
4.71569838973489e-25	0.4525669300905	0.656	0.565	1.44899264421384e-20	c18	LDHB
5.62094900432026e-25	0.680056142498474	0.267	0.164	1.72714900055748e-20	c18	FAM102A
8.18171859899676e-25	0.596073635943954	0.518	0.405	2.51399667391374e-20	c18	PRDX1
2.62424817528148e-24	1.01689191442149	0.204	0.118	8.06352736818741e-20	c18	HTATIP2
2.90814389041706e-24	0.526394052178149	0.544	0.434	8.93585373208451e-20	c18	LAT
3.58350614907224e-24	0.503824476666658	0.579	0.465	1.10110393442543e-19	c18	SPOCK2
4.11986951620746e-24	0.7741683380377	0.242	0.146	1.26591230624507e-19	c18	THEM4
7.87576290726931e-24	3.29964662415944	0.01	0.001	2.41998566851664e-19	c18	LOC102724400
9.8575802812579e-24	0.380049302004503	0.791	0.728	3.02893869302212e-19	c18	HSP90AB1
1.93223033214854e-23	0.16366512665327	0.976	0.978	5.93716414159281e-19	c18	RPL37
3.06573032769239e-23	0.287190102389934	0.868	0.829	9.4200695779004e-19	c18	ARHGDIB
3.57967560477778e-23	0.529033639789029	0.521	0.402	1.09992692308007e-18	c18	CALM3
5.06324207344494e-23	0.553541137132608	0.503	0.394	1.55578239190743e-18	c18	SEPT6
6.17311645656046e-23	0.374224949303104	0.736	0.65	1.89681349360733e-18	c18	ALDOA
6.30267558500458e-23	0.132942005165714	0.994	0.993	1.93662312700436e-18	c18	RPL11
1.14899137365057e-22	2.2113325992798	0.028	0.006	3.53050579381612e-18	c18	IL1R1
1.22890057123455e-22	0.903693114286738	0.189	0.108	3.7760427852324e-18	c18	CNST
1.72646983975562e-22	0.829956402074685	0.252	0.158	5.30492387661709e-18	c18	GCHFR
1.85343113493715e-22	1.24481816652618	0.111	0.052	5.69503784832139e-18	c18	CD79B
2.68397425056125e-22	0.230273814020417	0.935	0.919	8.24704767969956e-18	c18	GNB2L1
3.16112713991381e-22	1.31644688998519	0.076	0.03	9.71319536281316e-18	c18	TRIB1
3.5554716706396e-22	0.751407102583108	0.218	0.13	1.09248978023743e-17	c18	TNFRSF25
4.58212077447554e-22	2.37254237693195	0.027	0.006	1.4079482503731e-17	c18	GCNT4
7.47854888323282e-22	0.132596319615257	0.934	0.895	2.29793371535095e-17	c18	GAPDH
9.0922000514922e-22	1.13118611606298	0.14	0.073	2.79376030982201e-17	c18	TMEM154
9.75430082839703e-22	1.39410986272711	0.089	0.039	2.99720401554156e-17	c18	OLFM2
1.07659738745666e-21	1.37274294096117	0.078	0.032	3.30806079243808e-17	c18	DAPP1
1.15718340870037e-21	0.832425198546933	0.216	0.13	3.55567745991362e-17	c18	SLAMF1
1.30792914214344e-21	0.728686667467487	0.307	0.209	4.01887387506415e-17	c18	WHSC1L1
1.84059267216824e-21	0.916599196680606	0.157	0.086	5.65558910377135e-17	c18	SGTB
1.92347943308886e-21	1.81417890234787	0.049	0.016	5.91027525405215e-17	c18	PPP1R3F
2.3097539555089e-21	1.24780291989413	0.106	0.05	7.09718097909219e-17	c18	DUSP10
2.36950257881396e-21	3.37246256067102	0.013	0.002	7.28077057392166e-17	c18	LOC100131047
2.76706746857898e-21	1.1293284738868	0.12	0.059	8.50236821070262e-17	c18	YPEL2
2.82940896272417e-21	1.45586876170052	0.06	0.022	8.69392491976255e-17	c18	GPR15
3.61778046804338e-21	0.283056358292677	0.906	0.879	1.11163540441569e-16	c18	HSPA8
3.72458886790669e-21	0.767858916119785	0.281	0.185	1.14445442144169e-16	c18	PCED1B
4.19391452753139e-21	0.580069714762041	0.408	0.301	1.28866411687457e-16	c18	TTC39C
5.4150780424624e-21	1.55476457574062	0.069	0.027	1.66389103010742e-16	c18	PKIA
6.27297302239984e-21	2.40520370031895	0.024	0.005	1.9274964205928e-16	c18	LOC101929947
6.67643294110204e-21	0.744358625091395	0.324	0.225	2.05146754981242e-16	c18	BTG3
7.92995757169946e-21	0.840871539008755	0.307	0.212	2.43663806305609e-16	c18	ZFAND2A
8.26095911189064e-21	0.518775002751114	0.451	0.345	2.53834490631064e-16	c18	RHOG
9.248879237957e-21	0.8508282160035	0.226	0.141	2.84190312344705e-16	c18	REXO2
1.34721124867953e-20	1.79777219411528	0.054	0.019	4.13957600381758e-16	c18	IFNGR2
1.39484643701884e-20	0.897566020485441	0.173	0.098	4.2859446470278e-16	c18	MSL3
1.41658257723518e-20	2.01869861123235	0.025	0.006	4.35273328507053e-16	c18	AKAP2
1.44314595146503e-20	2.57336573446345	0.024	0.005	4.43435456506661e-16	c18	IL7
1.98460365899778e-20	0.766363105827794	0.279	0.184	6.09809166300247e-16	c18	DNAJB4
2.05294269314233e-20	1.44918528616746	0.046	0.015	6.30807701321845e-16	c18	C15orf53
2.17112696584032e-20	0.124921358983327	0.997	0.997	6.67122182793754e-16	c18	RPLP1
2.75366316537648e-20	0.867731090315916	0.148	0.08	8.46118080825231e-16	c18	RNF214
3.40399304510039e-20	2.25084467690073	0.043	0.014	1.045944942968e-15	c18	LMCD1
4.83419264609404e-20	1.55520286795785	0.066	0.026	1.48540237436532e-15	c18	LAYN
5.6470026592615e-20	1.04375753774046	0.156	0.087	1.73515450711128e-15	c18	ZC3H7A
6.9944605753339e-20	2.2914656027111	0.023	0.005	2.14918790098285e-15	c18	UTS2
7.38328570349791e-20	0.239485107977576	1	0.999	2.2686621981138e-15	c18	MALAT1
1.0744473208007e-19	0.774798796912112	0.207	0.127	3.30145428262432e-15	c18	TRAF1
1.66305747370183e-19	1.17334559192851	0.092	0.042	5.11007669944361e-15	c18	GPHN
1.86672555665785e-19	0.741672436384565	0.241	0.154	5.73588761794257e-15	c18	MTHFD2
2.8003994136692e-19	0.568191600524951	0.4	0.299	8.60478727838135e-15	c18	CSK
2.98237706192822e-19	0.226448509812026	0.964	0.932	9.16394999818685e-15	c18	PFN1
4.94379683635658e-19	1.47095158929149	0.069	0.029	1.51908045390729e-14	c18	LAIR2
5.31777006957687e-19	0.841414581879887	0.157	0.089	1.63399120927889e-14	c18	TSPAN5
8.25522007623063e-19	1.49196243349066	0.052	0.019	2.53658147282339e-14	c18	SETD7
9.40946743078666e-19	1.21117659638523	0.107	0.054	2.89124705745782e-14	c18	RAB33A
1.17483871742271e-18	0.65614778598418	0.237	0.151	3.60992692702478e-14	c18	EPB41
1.23725295227971e-18	2.74144871746133	0.02	0.004	3.80170714646987e-14	c18	XXYLT1-AS2
1.23760343844228e-18	0.176528416156035	0.969	0.955	3.80278408530161e-14	c18	FXYD5
1.31037537798752e-18	0.274232086769402	0.952	0.948	4.02639042394224e-14	c18	JUNB
1.40243937343205e-18	1.05251262336939	0.095	0.045	4.30927546274465e-14	c18	METTL8
1.67100044764763e-18	0.885937330716842	0.16	0.092	5.13448307548686e-14	c18	HOXB2
1.86640588075955e-18	0.136497577129023	0.982	0.978	5.73490534980987e-14	c18	RPL36
1.89380317850671e-18	1.03388916870171	0.112	0.057	5.81908902659758e-14	c18	OAS1
2.18493275284801e-18	0.776862408126588	0.226	0.145	6.71364286967608e-14	c18	GTF3C6
2.19029759446929e-18	1.3328794566976	0.082	0.037	6.73012741852577e-14	c18	DBNDD2
2.72216345395687e-18	0.255154348614727	0.905	0.855	8.36439164497327e-14	c18	RPS26
2.78777427183008e-18	0.129962069325629	0.992	0.989	8.56599400505228e-14	c18	RPL18A
3.2170218282797e-18	0.605631541467736	0.361	0.265	9.88494297175503e-14	c18	DOK2
3.45050137142108e-18	1.69386114906189	0.038	0.012	1.06023555639656e-13	c18	LRRC2
5.16033808851178e-18	0.58413204873182	0.508	0.416	1.58561708445701e-13	c18	IRF1
5.32107529148615e-18	0.350891202517623	0.696	0.604	1.63500680481495e-13	c18	ARPC1B
5.47620591654879e-18	1.15168677184634	0.088	0.041	1.68267379197795e-13	c18	DGKE
6.50866717259104e-18	0.616613447904616	0.332	0.237	1.99991816212205e-13	c18	HNRNPLL
7.34671824989416e-18	0.874738461058615	0.169	0.1	2.25742611664498e-13	c18	ADK
8.14641763723608e-18	1.19191365892999	0.115	0.061	2.50314974739353e-13	c18	PVT1
9.10105216803722e-18	0.350322454484204	0.806	0.746	2.7964802996728e-13	c18	CIRBP
9.17522604821452e-18	1.15427160309747	0.101	0.05	2.81927170783488e-13	c18	LGALS9
9.45071242163315e-18	0.270614844959139	0.816	0.772	2.90392040579522e-13	c18	EEF2
1.47478529634843e-17	0.111026390404212	1	0.999	4.53157278008981e-13	c18	B2M
1.61977113333798e-17	0.356025255769203	0.791	0.735	4.97707076140761e-13	c18	PPP1R15A
1.6437578004723e-17	0.460687877985361	0.536	0.448	5.05077459351125e-13	c18	GYPC
2.53536364069823e-17	0.727531566121073	0.236	0.156	7.79041185877345e-13	c18	SFT2D1
2.58785478816668e-17	0.913080084299932	0.146	0.083	7.95170140759975e-13	c18	TOM1
2.59108197813364e-17	0.710897197364514	0.297	0.209	7.96161759421124e-13	c18	CKS2
2.62793663491959e-17	0.523552254510188	0.539	0.449	8.07486089811744e-13	c18	AES
3.223433488619e-17	2.4153129168549	0.023	0.006	9.9046440804796e-13	c18	ATP6V0A1
3.26748129370303e-17	0.417208429407174	0.6	0.503	1.00399897711613e-12	c18	COX5B
4.6425300202647e-17	1.15506675255639	0.097	0.048	1.42651019932673e-12	c18	GCA
4.88380749139024e-17	2.82213108483083	0.014	0.002	1.50064752787948e-12	c18	CD177
4.98729825071971e-17	2.54053476361236	0.021	0.005	1.53244713349865e-12	c18	SLC9A7
5.27120661487738e-17	0.193707233555371	0.954	0.926	1.61968365655337e-12	c18	FTL
5.3731768697052e-17	0.599241365836393	0.269	0.182	1.65101605675432e-12	c18	LOH12CR1
5.64643077064523e-17	1.15074642794403	0.087	0.041	1.73497878289616e-12	c18	POU2F2
6.09955810370515e-17	0.685992568374764	0.304	0.218	1.87421121852548e-12	c18	RHBDD2
6.69974019841351e-17	1.06270032508887	0.088	0.042	2.05862917076652e-12	c18	CLN5
6.77768044158758e-17	1.03748950334965	0.135	0.076	2.08257786928662e-12	c18	C16orf87
7.09958664819169e-17	0.500579803928649	0.438	0.345	2.18148998938986e-12	c18	OCIAD2
7.49232178943984e-17	0.61214802116013	0.319	0.228	2.30216571624118e-12	c18	PPM1G
9.2622044106396e-17	0.708753641021994	0.273	0.189	2.84599754925723e-12	c18	CNIH1
9.36340422342304e-17	1.04120242769165	0.094	0.047	2.8770932157312e-12	c18	MAPK13
1.05737608106791e-16	1.35734377267823	0.07	0.031	3.24899948429737e-12	c18	IRF4
1.09897248319345e-16	1.31789024412116	0.078	0.036	3.37681274910852e-12	c18	ZNF815P
1.14452481359295e-16	1.26234804525025	0.09	0.044	3.51678139472707e-12	c18	CENPM
1.29436429514647e-16	2.6634637401485	0.017	0.004	3.97719316969655e-12	c18	CNKSR2
2.02678995683644e-16	0.814360619447154	0.261	0.181	6.22771750037132e-12	c18	SOD2
2.22298606824396e-16	0.523817172904622	0.358	0.264	6.83056929189322e-12	c18	PAK2
2.99823704224614e-16	1.39724864332044	0.071	0.032	9.21268295970972e-12	c18	INPP5F
3.55120533145581e-16	0.547509609272473	0.369	0.276	1.09117886219643e-11	c18	SIT1
3.90743161958084e-16	0.527239422786295	0.418	0.327	1.20063651374861e-11	c18	SYNE2
3.93940509820444e-16	0.454383400648056	0.488	0.401	1.21046100452528e-11	c18	IL10RA
3.95585589392298e-16	1.166388286193	0.1	0.052	1.21551584052571e-11	c18	KCNN4
4.02357692638056e-16	0.824073719938096	0.311	0.227	1.23632448216895e-11	c18	ISG15
4.99197321475752e-16	0.292290134113378	0.781	0.724	1.53388360969854e-11	c18	COMMD6
5.58616774513374e-16	0.487189801741834	0.429	0.337	1.71646176304725e-11	c18	RNASET2
6.07393567611921e-16	0.199893120970084	0.942	0.919	1.86633821520115e-11	c18	ACTG1
7.02149697020984e-16	1.12885690469601	0.102	0.053	2.15749537403638e-11	c18	MAST4
7.40657657696611e-16	0.495535462679307	0.447	0.352	2.27581878480438e-11	c18	TRAF3IP3
7.78279579064709e-16	1.35606601547719	0.071	0.033	2.39141966259213e-11	c18	GRPEL2
7.94396377084104e-16	0.814317510956742	0.239	0.162	2.44094174786633e-11	c18	IFI6
1.0839065381688e-15	0.379070287174919	0.63	0.552	3.33051961983127e-11	c18	GMFG
1.11209796770111e-15	1.34753449407722	0.066	0.029	3.4171434253552e-11	c18	SLC12A6
1.17681223630301e-15	2.70839485185597	0.018	0.004	3.61599095848827e-11	c18	LINC00309
1.38362946510628e-15	1.02360071696156	0.139	0.081	4.25147825743206e-11	c18	ELK3
1.43809943971273e-15	0.611530509682858	0.388	0.3	4.4188481484053e-11	c18	RPS27L
1.62236553914142e-15	0.888959074647126	0.11	0.059	4.98504259211985e-11	c18	HERC5
1.62255417844115e-15	1.74463688265219	0.03	0.009	4.98562222409613e-11	c18	VWA5A
1.68891416651923e-15	1.97406421133675	0.029	0.009	5.18952655946364e-11	c18	LOC100506860
1.79001408957137e-15	0.343877372660803	0.608	0.526	5.50017629302594e-11	c18	ATP6V1G1
2.10533026239904e-15	0.839274197367931	0.164	0.101	6.46904829727355e-11	c18	MPRIP
2.31764648117808e-15	2.93920948554942	0.017	0.004	7.12143234271588e-11	c18	SUOX
2.34510162735169e-15	0.580490996384539	0.346	0.262	7.20579377036354e-11	c18	TNFRSF14
2.49812502145142e-15	0.582138381020808	0.55	0.483	7.67598875341377e-11	c18	HSPE1
3.13796158603791e-15	1.19844330084365	0.078	0.037	9.64201456541868e-11	c18	APOLD1
3.55666810430603e-15	0.565677410601435	0.195	0.123	1.09285740841011e-10	c18	ACP5
3.80907925135582e-15	0.730730414365074	0.196	0.127	1.1704157815641e-10	c18	IPCEF1
4.48949068510863e-15	1.1759423734998	0.067	0.03	1.37948580281333e-10	c18	INF2
5.08739260683329e-15	2.82465776512853	0.014	0.003	1.56320312630166e-10	c18	CHRNA6
6.69590219907575e-15	0.186577794557166	0.928	0.903	2.05744986871e-10	c18	EEF1D
7.09067179504954e-15	0.666020659734048	0.304	0.221	2.17875072246487e-10	c18	MRPL18
7.41574937858447e-15	0.716524226407526	0.188	0.12	2.27863731155765e-10	c18	TLK1
9.3317876991625e-15	0.82408033951553	0.19	0.122	2.86737840632166e-10	c18	RGL4
1.05470338561044e-14	0.112833101937762	0.983	0.974	3.24078709296519e-10	c18	RPL29
1.23214915737459e-14	0.395693397548798	0.521	0.437	3.7860247158649e-10	c18	RHOH
1.30116449748279e-14	0.256104936929765	0.917	0.883	3.99808815141538e-10	c18	ATP5E
1.73502849453731e-14	0.826252260802747	0.114	0.063	5.33122205516481e-10	c18	CEACAM21
1.74843562820043e-14	0.628774481556623	0.353	0.275	5.37241815477146e-10	c18	BCAS2
2.00489408689465e-14	0.20315654547296	0.955	0.954	6.1604380608012e-10	c18	DUSP1
2.08997995990046e-14	1.6070227982423	0.064	0.029	6.42188142278615e-10	c18	EPHB6
2.13434204165552e-14	0.499099795169043	0.395	0.308	6.55819279139493e-10	c18	NDUFV2
2.43734869907424e-14	0.456179571768138	0.367	0.277	7.48924134764543e-10	c18	TRIM22
2.90134597856737e-14	1.18900324973873	0.074	0.036	8.91496578834397e-10	c18	MYL6B
3.11925299218583e-14	1.21846661252309	0.061	0.027	9.58452866908941e-10	c18	RAB30
3.12146551515671e-14	0.2695726743872	0.729	0.667	9.59132708842204e-10	c18	SUMO2
3.46691907458002e-14	0.458891779647511	0.269	0.188	1.0652802240462e-09	c18	CCDC167
3.86627916512331e-14	0.640806425279612	0.244	0.169	1.18799159906744e-09	c18	RILPL2
4.02350587144504e-14	3.04363348492927	0.01	0.001	1.23630264911892e-09	c18	HAVCR1
4.03903021617265e-14	0.598400180125324	0.273	0.196	1.24107281452337e-09	c18	CYLD
5.36810458630894e-14	1.89471368482314	0.028	0.009	1.64945749623515e-09	c18	ADPRH
5.69733909636452e-14	0.63969129072189	0.204	0.136	1.75062138413993e-09	c18	LDLRAD4
5.72678389723291e-14	1.74077110710648	0.045	0.018	1.75966888810276e-09	c18	SDC4
5.74507438376836e-14	0.754629547980835	0.136	0.08	1.7652890059005e-09	c18	CCDC66
6.07038100111542e-14	1.393278085268	0.05	0.021	1.86524597021274e-09	c18	IRF5
6.2985948879975e-14	0.486109286963178	0.327	0.241	1.93536925123499e-09	c18	TMEM173
7.19492327106977e-14	0.687440160666915	0.122	0.07	2.21078407350161e-09	c18	SLC9A9
8.33842482347424e-14	0.889359225585821	0.13	0.077	2.56214779550893e-09	c18	ZNF831
8.44813079557133e-14	0.254768673710856	0.791	0.741	2.5958571495552e-09	c18	ATP5G2
1.30941137640832e-13	0.625641889648087	0.301	0.227	4.02342833628984e-09	c18	TNIP1
1.44547785870904e-13	0.938796689777084	0.089	0.046	4.44151981645526e-09	c18	TP53INP1
1.84098862789259e-13	0.636406955375721	0.253	0.18	5.65680575692557e-09	c18	SMAP2
1.99009728256541e-13	1.68703293140612	0.029	0.009	6.11497192013875e-09	c18	LOC389641
2.52476050902087e-13	1.2071077313266	0.055	0.024	7.75783161606844e-09	c18	COX10-AS1
2.57058929889041e-13	1.67845847199033	0.023	0.007	7.89864973870057e-09	c18	SNED1
3.51229998681114e-13	2.5855357933049	0.019	0.005	1.07922441694746e-08	c18	CXorf21
4.33621737602881e-13	1.2117801338773	0.059	0.027	1.33238951313237e-08	c18	WDR53
4.56447455182962e-13	2.27458214827246	0.019	0.005	1.40252609554069e-08	c18	LOC101929450
4.89852545312572e-13	1.32567151970317	0.038	0.015	1.50516991598194e-08	c18	LOC101929447
5.55877391065244e-13	1.04415825680342	0.094	0.051	1.70804445952617e-08	c18	RIC3
5.56953613106256e-13	2.17295402422281	0.021	0.006	1.71135136699159e-08	c18	CD79A
5.72723335662177e-13	0.123707356224181	0.98	0.983	1.75980699348917e-08	c18	RPL12
6.70362201578073e-13	0.693981794937464	0.12	0.07	2.05982193678894e-08	c18	KIAA0040
6.93234108830341e-13	2.14220308656576	0.022	0.006	2.13010044620299e-08	c18	HDAC9
7.32281022152274e-13	0.548028702655646	0.118	0.068	2.25007989676729e-08	c18	CSF1
8.24647854588332e-13	0.211394507558928	0.802	0.752	2.53389546279357e-08	c18	RAC2
9.68986287463492e-13	0.523837631487524	0.297	0.221	2.97740416548907e-08	c18	VOPP1
9.77980989246487e-13	0.538080007978804	0.296	0.221	3.00504218565768e-08	c18	SELM
1.02781073097716e-12	0.438223436469826	0.453	0.371	3.1581540330735e-08	c18	MAT2B
1.10931312765042e-12	0.709221137430572	0.106	0.06	3.40858644733144e-08	c18	FRMD4B
1.11475721080401e-12	0.913124904357441	0.179	0.119	3.42531448163748e-08	c18	ATOX1
1.11959696876948e-12	2.65634450656275	0.023	0.007	3.44018560593797e-08	c18	TBC1D8
1.12355413328205e-12	1.20160137079558	0.072	0.036	3.45234478533576e-08	c18	KLHDC7B
1.13906456972492e-12	0.78662499740743	0.143	0.089	3.50000370339377e-08	c18	TRIB2
1.32928606716644e-12	0.149974969504626	0.954	0.938	4.08449729858233e-08	c18	RPL24
1.41255708284246e-12	0.496627215816333	0.383	0.304	4.34036414845003e-08	c18	NOP10
1.53725529156787e-12	1.38373499947892	0.036	0.013	4.7235243344006e-08	c18	BRCA2
1.77626310023005e-12	0.851971835842141	0.095	0.052	5.45792362807687e-08	c18	ZBTB24
2.24157161356963e-12	0.786754919988572	0.125	0.075	6.88767709701539e-08	c18	LAX1
2.26389579253475e-12	0.671868571467735	0.172	0.113	6.95627260172152e-08	c18	UBL7
2.40953537055151e-12	2.83683308274987	0.01	0.002	7.40377933309362e-08	c18	GTSCR1
2.89440756469576e-12	0.514484159585667	0.252	0.18	8.89364612404065e-08	c18	LOC100996809
3.03291177705187e-12	0.770374578322515	0.117	0.069	9.31922801734729e-08	c18	NINJ2
3.23781392484422e-12	0.904787369279447	0.1	0.057	9.94883084686884e-08	c18	TRAF3
3.24705479981549e-12	0.337199770583612	0.677	0.622	9.97722528339304e-08	c18	C12orf57
3.82817836833192e-12	1.39803040060331	0.037	0.014	1.17628436723735e-07	c18	LIMS2
3.92459311743143e-12	0.626410159874384	0.209	0.143	1.20590972719316e-07	c18	TPP1
4.31100392178034e-12	0.625944684813264	0.227	0.16	1.32464217504545e-07	c18	PTTG1
4.91905684274112e-12	0.343640197804243	0.507	0.431	1.51147859606906e-07	c18	HCLS1
4.95135558422814e-12	0.871133881899111	0.08	0.042	1.52140303036578e-07	c18	ASB2
5.30025988285141e-12	0.724652595404014	0.122	0.074	1.62861085420375e-07	c18	CRTC3
5.39314341429453e-12	0.286147262562768	0.71	0.651	1.65715117691028e-07	c18	EIF3K
6.19068149694041e-12	0.800116060827107	0.085	0.046	1.90221070356488e-07	c18	TNFRSF9
7.44406267339486e-12	0.385860625934686	0.432	0.354	2.28733713765404e-07	c18	FKBP1A
8.06825251014275e-12	0.319196255257717	0.603	0.53	2.47913194879156e-07	c18	HMGN2
8.23426682615311e-12	0.698103016707329	0.132	0.082	2.53014316767207e-07	c18	FXYD1
9.43314538812622e-12	0.804293354827598	0.125	0.076	2.89852258340954e-07	c18	GBP4
9.56179564180483e-12	0.476557902632076	0.429	0.357	2.93805294685737e-07	c18	HSPD1
9.79768965040277e-12	0.557205050794067	0.23	0.164	3.01053609887926e-07	c18	PRMT9
9.85921893487738e-12	0.760157065889373	0.141	0.09	3.02944220211977e-07	c18	TACC3
9.96736066975271e-12	0.48647801947071	0.321	0.244	3.06267091299492e-07	c18	IGFLR1
1.01492603931363e-11	0.604073516986445	0.137	0.086	3.11856324099901e-07	c18	CCDC23
1.06483595958027e-11	0.417755424855297	0.425	0.341	3.2719214530023e-07	c18	UBE2B
1.16846841358155e-11	1.68738208469423	0.024	0.008	3.59035289441203e-07	c18	OR2A1-AS1
1.17287440568929e-11	1.07870920702567	0.09	0.05	3.60389118636149e-07	c18	DCP1B
1.17849530383197e-11	0.289024223791307	0.673	0.596	3.62116252008448e-07	c18	GABARAP
1.30626697473824e-11	0.723181721879694	0.101	0.058	4.01376653327818e-07	c18	MAP3K1
1.32744304926838e-11	0.636827310104542	0.202	0.14	4.07883425748695e-07	c18	LIMS1
1.47129046578435e-11	0.981158826227742	0.092	0.052	4.52083421421556e-07	c18	GRAP
1.7552305360095e-11	0.373661431543502	0.492	0.409	5.39329686799638e-07	c18	SEPW1
1.80882457403013e-11	0.977033474129519	0.066	0.033	5.55797526862238e-07	c18	PCK2
1.85100701716196e-11	0.573181606147934	0.253	0.186	5.68758926163356e-07	c18	VAMP5
2.11434619199593e-11	1.46963802729652	0.042	0.018	6.49675154414589e-07	c18	LOC400927
2.40252397830521e-11	0.853760930437218	0.077	0.041	7.38223542813841e-07	c18	TULP4
2.40722824956313e-11	0.64632301506519	0.125	0.076	7.39669024243262e-07	c18	RAB11FIP1
2.57921690293898e-11	0.974853188311239	0.076	0.041	7.9251597776606e-07	c18	PPP1R2P9
2.76968880585533e-11	0.503014063851847	0.225	0.159	8.51042279375168e-07	c18	RCAN3
2.77367773915695e-11	0.589842441808252	0.169	0.112	8.52267958910755e-07	c18	OGDH
3.10436618485781e-11	0.327938768594771	0.542	0.468	9.53878597621259e-07	c18	CD247
3.10745591569155e-11	0.882196260298518	0.12	0.073	9.54827979214542e-07	c18	TRIM14
4.12735986643024e-11	0.868011499712055	0.08	0.043	1.26821386615802e-06	c18	PTP4A3
4.37379310364572e-11	1.27908559530095	0.037	0.015	1.34393540695722e-06	c18	HELLS
4.76559645581689e-11	0.836270826519168	0.134	0.086	1.46432482297886e-06	c18	STAMBPL1
4.83818112545872e-11	0.677768690052139	0.152	0.099	1.4866279144197e-06	c18	SH3YL1
5.29816838163137e-11	1.13340444073854	0.05	0.023	1.62796819862387e-06	c18	CXCR5
5.6817920134341e-11	1.57080349934746	0.024	0.008	1.7458442319679e-06	c18	BFSP2-AS1
5.88065452039719e-11	1.47857034555406	0.043	0.019	1.80694871448244e-06	c18	CTNNAL1
6.0738507158917e-11	0.627179150605151	0.127	0.079	1.86631210947204e-06	c18	KIAA0922
6.23379751380542e-11	1.28165289542039	0.051	0.024	1.91545896206699e-06	c18	SPSB1
6.54242192602281e-11	0.761148799438281	0.101	0.059	2.01028998520903e-06	c18	GLB1
7.08914992507419e-11	0.970402555107857	0.078	0.043	2.17828309747755e-06	c18	LINC00239
7.51301207580816e-11	0.847808077259313	0.118	0.073	2.30852322053357e-06	c18	TMEM140
7.87267704670874e-11	0.101011181948891	0.974	0.972	2.41903747614219e-06	c18	TPT1
8.22308444612406e-11	1.91399786931901	0.032	0.012	2.52670715776054e-06	c18	RENBP
9.02366119275227e-11	0.554419765755486	0.266	0.2	2.77270037469699e-06	c18	NECAP2
9.52782636377499e-11	0.553325989280181	0.382	0.313	2.92761520679714e-06	c18	BAX
9.57394831048772e-11	0.2988044957273	0.548	0.484	2.94178709736356e-06	c18	FYB
9.82136026845688e-11	0.277174549244644	0.651	0.586	3.01780936968875e-06	c18	LCK
1.02116734676436e-10	1.41448036396429	0.043	0.019	3.13774090640284e-06	c18	C12orf79
1.20131316462782e-10	0.514914206810358	0.195	0.136	3.69127496095189e-06	c18	MTERF4
1.28296537846287e-10	0.659977795384068	0.162	0.108	3.94216771840286e-06	c18	ADI1
1.32914227555457e-10	0.666265760820757	0.14	0.09	4.08405547009654e-06	c18	GLA
1.46238495891875e-10	0.863895186228519	0.122	0.077	4.49347026326965e-06	c18	GADD45A
1.65284729788194e-10	0.584677543016763	0.162	0.108	5.07870389220183e-06	c18	NINJ1
1.82551175744791e-10	2.260640010442	0.015	0.004	5.60924997711019e-06	c18	LOC102723336
1.89892913593445e-10	1.9178108525221	0.015	0.004	5.83483955598578e-06	c18	TMEM169
1.91784587112834e-10	0.620913996067593	0.205	0.147	5.89296500821604e-06	c18	AHSA1
1.96948240918942e-10	1.12695039099165	0.045	0.02	6.05162859871634e-06	c18	ACVR1
1.97290410220205e-10	0.433812503185387	0.347	0.277	6.06214243483624e-06	c18	STAT3
2.01268876820403e-10	0.876659606849765	0.155	0.105	6.18438877806051e-06	c18	CD83
2.27417398648613e-10	0.908118198421788	0.091	0.053	6.98785440827592e-06	c18	GLCCI1
2.32714053514351e-10	0.501908568642524	0.288	0.221	7.15060472233547e-06	c18	CLTB
2.48435087856333e-10	0.696299300415996	0.125	0.079	7.63366494456156e-06	c18	UGCG
2.71355418462184e-10	0.352955109525034	0.526	0.467	8.33793794308753e-06	c18	UBE2D2
2.77021975474393e-10	0.655970715363101	0.117	0.072	8.51205424040166e-06	c18	LINC01089
2.79325246104724e-10	1.84123423924743	0.02	0.006	8.58282683705986e-06	c18	CEACAM1
3.00127869856707e-10	0.655580593220011	0.225	0.166	9.22202905708704e-06	c18	PIH1D1
3.33685873846172e-10	0.863119321779391	0.114	0.071	1.02531658456713e-05	c18	LMNB1
3.52255409153539e-10	2.69145826088064	0.01	0.002	1.08237519570608e-05	c18	C10orf10
4.22864293511586e-10	0.625741949480671	0.148	0.098	1.29933511467305e-05	c18	USP48
4.54525366777809e-10	0.360585563334442	0.519	0.445	1.39662009449817e-05	c18	CUTA
5.04641925858819e-10	2.85818152380886	0.01	0.002	1.55061324558639e-05	c18	SSTR3
5.13609572116728e-10	0.406897881680106	0.37	0.296	1.57816813224307e-05	c18	PRDX2
5.18230488450643e-10	0.287776982519245	0.516	0.437	1.59236682186229e-05	c18	PARK7
5.53462575488867e-10	1.48404297592911	0.047	0.022	1.70062445570464e-05	c18	ADAT2
6.24297360785517e-10	1.21271830725406	0.014	0.004	1.91827850048566e-05	c18	LOC102725018
6.52318145836094e-10	0.231747783690994	0.677	0.619	2.00437796671057e-05	c18	LEPROTL1
6.85819491535879e-10	0.528893919469979	0.247	0.186	2.1073175516423e-05	c18	B3GNT2
6.98774633264866e-10	1.98063103491224	0.013	0.003	2.14712481563295e-05	c18	TMCC2
9.48275530989726e-10	0.48763967523589	0.252	0.189	2.91376622407213e-05	c18	SEC11C
1.00169464008428e-09	0.792137143661254	0.071	0.039	3.07790712058696e-05	c18	FAM115C
1.27412081277876e-09	0.598576140558373	0.272	0.21	3.9149910214253e-05	c18	TPR
1.43336622456982e-09	0.580304359506579	0.221	0.162	4.40430439823569e-05	c18	SMS
1.45733756746076e-09	1.63939869829266	0.024	0.008	4.47796114353669e-05	c18	LAMP3
1.46978385043749e-09	0.203088878578149	0.824	0.784	4.51620483723928e-05	c18	COX7C
1.50416608253098e-09	0.909612658283375	0.069	0.038	4.62185112179293e-05	c18	EPOR
1.53861101795686e-09	0.53251622308202	0.171	0.119	4.72769007487606e-05	c18	FAM104A
1.59527361573987e-09	0.410607275818385	0.33	0.265	4.90179723908389e-05	c18	SYNGR2
1.6506675134124e-09	0.55439114974452	0.185	0.131	5.07200606846228e-05	c18	JAK3
1.77135546518659e-09	0.764532075885308	0.126	0.082	5.44284393787884e-05	c18	TIFA
1.83925078205686e-09	0.961317134721791	0.076	0.043	5.65146587802611e-05	c18	HSDL2
1.85731219999647e-09	0.613359309372315	0.175	0.123	5.70696319692914e-05	c18	ASXL1
1.98214009227980e-09	0.407491289465236	0.293	0.224	6.09052186154813e-05	c18	ANKRD10
2.00419111305183e-09	1.69283081274758	0.013	0.003	6.15827803307437e-05	c18	JSRP1
2.11923643047354e-09	0.788198735188843	0.105	0.065	6.51177777991605e-05	c18	FOXO1
2.54217797678714e-09	0.404170124049446	0.378	0.309	7.81135026927383e-05	c18	RAP1A
2.5689641380324e-09	0.433124036555797	0.217	0.157	7.89365610693216e-05	c18	PARP1
2.82943228475127e-09	0.721781072673676	0.104	0.065	8.69399658135523e-05	c18	NMT2
2.85626786410758e-09	0.330101154638047	0.504	0.439	8.77645426604335e-05	c18	ATPIF1
3.15177186519595e-09	0.529362128863214	0.185	0.132	9.68444941018759e-05	c18	PBX4
3.34636067512552e-09	2.15114283090349	0.013	0.004	0.000102823624464582	c18	PCBP3
3.43737403505242e-09	0.573117791231684	0.238	0.179	0.000105620191975056	c18	ATP6V0E2
3.66591452891119e-09	2.87438793027216	0.01	0.002	0.000112642555729854	c18	MYO5C
3.89559473617114e-09	0.978964327657426	0.043	0.021	0.000119699939458331	c18	PDIK1L
4.0144505368894e-09	1.09648140878939	0.043	0.02	0.000123352021647	c18	CD200
4.38333386140433e-09	0.666358181530701	0.145	0.098	0.000134686699559371	c18	IL21R
4.38986533029872e-09	1.04091483293771	0.071	0.04	0.000134887392004089	c18	GEM
4.44315018497648e-09	0.559273334996369	0.315	0.254	0.000136524675733772	c18	C4orf48
4.4629688187469e-09	0.54254164579067	0.252	0.192	0.000137133642893636	c18	CASP1
4.85699242100977e-09	0.621357538504766	0.146	0.098	0.000149240806120367	c18	ZNF593
4.85729869969163e-09	1.01895892741987	0.045	0.022	0.000149250217145425	c18	C5orf63
4.89801011870541e-09	0.730238258069358	0.095	0.058	0.000150501156917461	c18	LIMA1
4.96281731613051e-09	0.863426534026379	0.112	0.071	0.000152492487672742	c18	CKAP2
5.08335450293157e-09	0.315220316459726	0.592	0.538	0.000156196233811578	c18	NDUFA13
5.10859926699001e-09	1.99134041047508	0.021	0.007	0.000156971929676802	c18	SIRPB1
5.1646648841524e-09	0.693263355406684	0.17	0.12	0.000158694657895351	c18	DLGAP1-AS1
5.28893528058073e-09	1.14194607528944	0.045	0.022	0.000162513114366404	c18	LOC102724420
5.30625086991511e-09	1.83489669686735	0.017	0.006	0.000163045170479881	c18	NHLRC4
5.60774853777262e-09	0.283820474656575	0.611	0.557	0.000172309289320139	c18	EIF3F
5.81043818448946e-09	2.50356585186326	0.014	0.004	0.000178537334094808	c18	PIP5K1B
5.85978982061158e-09	0.22252259491656	0.676	0.63	0.000180053761817932	c18	CNBP
6.29183796829775e-09	0.682919545403566	0.104	0.065	0.000193329305251885	c18	C14orf64
6.99596482183349e-09	1.04685672618068	0.045	0.022	0.000214965011080478	c18	ANTXRLP1
7.06199399309162e-09	0.599624345762569	0.141	0.095	0.000216993889425726	c18	FKBP4
7.10224825556993e-09	0.667294863141944	0.139	0.094	0.000218230782148897	c18	PPP1R15B
7.73323949132695e-09	0.411353438283395	0.308	0.242	0.000237619249850003	c18	SLA
9.10791567279441e-09	0.902079830749921	0.044	0.021	0.000279858924877954	c18	ST8SIA1
9.28771029598309e-09	1.1896121626262	0.038	0.018	0.000285383474264673	c18	TRAF3IP2
1.15846331051807e-08	0.142763212302817	0.855	0.866	0.000355961021422888	c18	SARAF
1.16889573763795e-08	0.76642665554047	0.087	0.053	0.000359166593304013	c18	TFRC
1.22987966574322e-08	0.935371770346573	0.079	0.047	0.000377905124892918	c18	CXorf40A
1.25494723971453e-08	0.726867530869063	0.101	0.064	0.000385607638347084	c18	IKBKE
1.25763475704785e-08	0.286122895981377	0.556	0.496	0.000386433431798093	c18	COX8A
1.2954923865589e-08	0.412782917643839	0.29	0.23	0.000398065945617952	c18	PSIP1
1.53988180307726e-08	0.845666206619881	0.06	0.033	0.000473159481631551	c18	PDK1
1.69381378831693e-08	0.51847889918657	0.208	0.154	0.000520458162736143	c18	UBQLN1
1.91247831916401e-08	0.38261640019704	0.417	0.358	0.000587647213129525	c18	SELPLG
1.93628103301203e-08	0.879282894645303	0.08	0.048	0.000594961073013607	c18	OCEL1
1.93867681045269e-08	0.426952570105261	0.289	0.227	0.000595697223547799	c18	HN1
2.00186375709921e-08	1.13744741590502	0.037	0.017	0.000615112676643875	c18	HSPA1L
2.04262955409349e-08	0.803586313923759	0.065	0.036	0.000627638783086308	c18	SLC8B1
2.10829723402443e-08	0.324565565529658	0.45	0.384	0.000647816491098687	c18	NDFIP1
2.1282485132787e-08	0.358484737264374	0.402	0.337	0.000653946920675147	c18	ERH
2.15282036020464e-08	1.23165582878144	0.03	0.013	0.000661497112080081	c18	RAB3D
2.26483953958958e-08	0.841094648139937	0.128	0.087	0.000695917245329691	c18	SDHAF1
2.33272543278728e-08	0.448973499190925	0.209	0.154	0.000716776543732547	c18	OXA1L
2.34528079278335e-08	0.28695269155262	0.495	0.432	0.00072063442919854	c18	PKM
2.85167030700966e-08	0.466506323625661	0.22	0.166	0.000876232735234857	c18	ZBTB38
2.95919253200879e-08	0.424071909008215	0.274	0.216	0.000909271089310342	c18	IRF9
3.02259482646705e-08	0.35263639349364	0.318	0.255	0.00092875271232853	c18	CTSA
3.05471331468499e-08	1.27521955637818	0.024	0.009	0.000938621760203256	c18	HRH2
3.4776184187938e-08	0.226253299590342	0.661	0.599	0.00106856781154277	c18	GSTK1
3.49197491682617e-08	0.700918121743037	0.099	0.063	0.00107297913269318	c18	TCEAL4
3.5077661221815e-08	0.285284305436857	0.397	0.326	0.00107783129636271	c18	ITK
3.65149027693426e-08	0.424419463121174	0.211	0.158	0.00112199341739359	c18	P2RY10
3.69424744054283e-08	0.631221215510056	0.12	0.08	0.0011351314110556	c18	LINC00649
3.83557849232266e-08	1.02453219063068	0.055	0.03	0.00117855820333598	c18	RHBDD1
4.01723948311171e-08	0.233031974927246	0.705	0.662	0.00123437717597574	c18	IL2RG
4.01911506491281e-08	0.300953033718476	0.516	0.452	0.00123495348599576	c18	UBXN1
4.05602126184272e-08	0.225532532024969	0.735	0.697	0.00124629365312641	c18	DAZAP2
4.19127826690604e-08	0.670217753499221	0.116	0.077	0.00128785407307222	c18	ZNF580
4.25590168696297e-08	0.876736194837384	0.082	0.05	0.00130771091135311	c18	ZNRF1
4.64774264040457e-08	0.563781804169279	0.227	0.173	0.00142811188111711	c18	TYMP
4.68425403589263e-08	1.69422031477225	0.019	0.007	0.00143933073760873	c18	EMR1
4.76605367026023e-08	0.228784572922356	0.652	0.599	0.00146446531126086	c18	PTGES3
4.90335967233451e-08	0.324320361562307	0.397	0.329	0.00150665532651822	c18	TMEM123
4.9965344740658e-08	0.256160236767694	0.562	0.496	0.0015352851478462	c18	H2AFZ
5.02003856792403e-08	0.233288298106152	0.477	0.407	0.00154250725076602	c18	LCP2
5.64052211899766e-08	0.640032522013601	0.148	0.104	0.00173316323150441	c18	PASK
5.73181369369087e-08	0.354922052835042	0.339	0.276	0.00176121439366039	c18	CMTM3
6.09321361164485e-08	0.285214453738342	0.529	0.464	0.00187226174645011	c18	NDUFA11
6.50063131682536e-08	0.256663373125183	0.513	0.454	0.00199744898472093	c18	SEPT9
6.58742094426141e-08	0.257741043358293	0.692	0.648	0.0020241168335432	c18	LOC101929876
6.76386928286483e-08	0.459840898347414	0.203	0.151	0.00207833411454588	c18	DEDD2
7.29785173016445e-08	0.885787204526502	0.063	0.036	0.00224241090112763	c18	PCYOX1L
7.5321910685489e-08	0.908462623601848	0.059	0.033	0.00231441634963302	c18	SBNO2
7.60356489415715e-08	0.456879201629672	0.218	0.166	0.00233634738502767	c18	SLFN5
7.98862169451519e-08	0.711964568509348	0.083	0.051	0.00245466378807368	c18	TNFRSF10A
8.62971514122669e-08	0.377043102616342	0.23	0.175	0.00265165257144472	c18	RNF44
9.36013557102826e-08	0.904627101847557	0.064	0.037	0.00287608885690985	c18	TMEM55A
9.70899881372179e-08	0.38605949852392	0.33	0.271	0.0029832840654923	c18	CBX3
1.01497699546229e-07	0.374050050932113	0.295	0.234	0.00311871981395698	c18	DCK
1.02581523759699e-07	0.42450669728995	0.358	0.299	0.00315202248056426	c18	UBE2N
1.05406521625763e-07	0.321591694374941	0.523	0.463	0.00323882618999481	c18	UQCR10
1.06128545289897e-07	1.02978088077589	0.049	0.026	0.00326101181112266	c18	HIST1H2BN
1.13392439944866e-07	1.12704664151321	0.032	0.015	0.00348420950218591	c18	LOC286190
1.13606143531395e-07	0.667369348111674	0.083	0.052	0.00349077597228919	c18	GPR155
1.14786500037791e-07	1.48364945502423	0.03	0.013	0.0035270447866612	c18	UBXN10-AS1
1.16330905405163e-07	0.487411799426073	0.177	0.13	0.00357449973038444	c18	TOX
1.20687532649981e-07	0.824596979804775	0.062	0.035	0.00370836581573597	c18	MAP3K5
1.21332733150863e-07	0.528817658234021	0.107	0.07	0.00372819089152655	c18	RFFL
1.25912855504261e-07	0.247287692528299	0.519	0.451	0.00386892431107943	c18	PPP1R2
1.33627395702477e-07	1.12438093433288	0.048	0.025	0.00410596898775	c18	ATP13A3
1.34518345825472e-07	0.431583457886205	0.241	0.186	0.00413334521217927	c18	LMBRD1
1.36049779720884e-07	0.538331025668393	0.127	0.087	0.00418040158148361	c18	LPAR2
1.4545777613737e-07	0.791357090465969	0.05	0.027	0.00446948108737297	c18	RMND5B
1.52749183762044e-07	1.0923580413603	0.039	0.019	0.00469352416945633	c18	PSAT1
1.55042822856295e-07	1.73596989027352	0.022	0.008	0.00476400081790539	c18	RMI2
1.57549464264386e-07	0.418403024631616	0.214	0.162	0.00484102238845179	c18	ABTB1
1.64951245539687e-07	0.937419431288881	0.041	0.02	0.00506845692169797	c18	WNT10A
1.66174569795013e-07	0.267481599870816	0.416	0.348	0.00510604600609137	c18	ANKRD12
1.73548026520976e-07	0.944835063146222	0.06	0.034	0.00533261021091004	c18	TPK1
1.79883229377995e-07	0.467750324666365	0.218	0.167	0.00552727198909766	c18	CHST11
1.804948147279e-07	0.803059516928716	0.049	0.026	0.0055460641721442	c18	CASK
1.86459157290093e-07	0.676384221069982	0.097	0.063	0.00572933052605268	c18	TSPAN17
1.93183860939309e-07	0.728017169472537	0.083	0.052	0.00593596049508213	c18	ETV6
1.97944513377116e-07	0.549202376743193	0.167	0.121	0.00608224106253865	c18	KDSR
2.03731353989777e-07	0.564055257488408	0.147	0.105	0.00626005331404389	c18	MRPL23
2.07103392289682e-07	0.482713912193763	0.179	0.132	0.00636366593488507	c18	MAF
2.14829477930699e-07	0.86206864379238	0.077	0.047	0.0066010653683766	c18	ZBTB7B
2.18530110463912e-07	0.895187442074843	0.076	0.047	0.00671477470422461	c18	PHF19
2.32719819694863e-07	0.308632228934733	0.49	0.421	0.00715078189976406	c18	C19orf53
2.35737480351246e-07	0.684961156370784	0.076	0.047	0.00724350555875272	c18	PIGK
2.43965744793059e-07	1.31261232767905	0.034	0.016	0.00749633544025632	c18	LOC101060498
2.48666696909993e-07	0.586215565978212	0.123	0.085	0.00764078159595336	c18	WIBG
2.56794053883504e-07	0.256037750753656	0.492	0.429	0.00789051089367843	c18	ANP32B
2.6027492952544e-07	0.932425692867239	0.044	0.023	0.00799746775952818	c18	EZH2
2.6183720701113e-07	0.275852508450119	0.499	0.443	0.00804547185983098	c18	EIF3H
2.7096971531642e-07	0.519746519943844	0.176	0.131	0.00832608644252763	c18	PSMB4
2.77899350884494e-07	0.681139124874793	0.099	0.065	0.00853901335462785	c18	PDCL
2.80409779523606e-07	1.88807290526737	0.014	0.004	0.00861615129542185	c18	MMP9
2.82148337563483e-07	0.346636948104466	0.532	0.489	0.00866957196831313	c18	CYCS
2.84429628984723e-07	1.13161330717292	0.036	0.018	0.00873966920981359	c18	ZDBF2
2.86761491916896e-07	0.482078893068359	0.153	0.109	0.00881132036213047	c18	NFAT5
2.96259880584282e-07	0.555226134030622	0.137	0.097	0.00910317735071324	c18	TMEM120A
3.19953194017714e-07	0.648775039896792	0.118	0.081	0.00983120179258231	c18	HBS1L
3.44812245957585e-07	0.261168994975361	0.54	0.482	0.0105950458815387	c18	PRR13
3.56126147630425e-07	0.394751706970806	0.297	0.242	0.0109426881382401	c18	NDUFC1
3.70151993739013e-07	1.20041465161944	0.015	0.005	0.0113736603116187	c18	CPLX1
3.93212747699764e-07	0.296650721078162	0.486	0.422	0.0120822480985707	c18	NHP2L1
3.93451227572834e-07	0.332803302771061	0.347	0.287	0.0120895758696305	c18	NDUFS7
3.97185666609295e-07	0.476468964919141	0.169	0.124	0.0122043239779038	c18	RAP1GDS1
4.13930308812903e-07	0.909272364722872	0.052	0.029	0.0127188365988941	c18	ODF3B
4.26991501959097e-07	1.00526966097714	0.052	0.029	0.0131201678806972	c18	SLC16A1
4.30573925532277e-07	1.1594761395446	0.025	0.011	0.0132302450098303	c18	SPAG4
4.40573223601784e-07	0.947700598588543	0.057	0.033	0.013537493441612	c18	GNA15
4.60696600956704e-07	0.327258569619204	0.328	0.265	0.0141558244575966	c18	ARHGAP4
4.71725082243524e-07	0.75461548692176	0.048	0.026	0.0144946966020968	c18	LOC100996535
4.73520513862106e-07	1.405450153726	0.043	0.023	0.0145498648294409	c18	SGPP1
4.74826040892032e-07	1.59279147988486	0.022	0.009	0.0145899797584895	c18	C16orf74
4.95041999776021e-07	0.766427103440426	0.055	0.031	0.0152111555271178	c18	SETD1B
5.19035624441729e-07	0.382908140309137	0.13	0.09	0.015948407632221	c18	UHRF2
5.46236153610516e-07	0.285559521741262	0.444	0.388	0.0167841982919903	c18	PPP1R18
5.59555552676345e-07	0.642710170175762	0.123	0.086	0.0171934634670861	c18	CFAP20
5.69441941028114e-07	0.276406574145119	0.419	0.362	0.0174972425219709	c18	LBH
5.74384941201868e-07	0.429578942661735	0.166	0.121	0.0176491260883098	c18	TSPYL1
5.83010708800111e-07	0.604210731121489	0.08	0.051	0.017914170049301	c18	ZNF821
5.846437867143e-07	0.345277466339678	0.376	0.32	0.0179643496343703	c18	FIS1
5.84970329719579e-07	0.259738982243581	0.453	0.39	0.0179743833212935	c18	RGS10
5.95083339871433e-07	0.725355162540476	0.1	0.067	0.0182851257842295	c18	ICAM1
6.15468523592561e-07	0.629147777992368	0.091	0.059	0.0189115013244286	c18	MX2
6.1884243858379e-07	0.144219545227828	0.821	0.783	0.0190151716103641	c18	MIF
6.22706492098603e-07	0.17322049178765	0.738	0.698	0.0191339023827138	c18	PCBP1
6.36485492229882e-07	0.572848791446828	0.174	0.129	0.0195572897197476	c18	CFDP1
6.39644463482208e-07	0.41126006350257	0.23	0.179	0.0196543554294178	c18	AZIN1
6.59529606575594e-07	1.22787775953473	0.033	0.016	0.0202653662212483	c18	LFNG
6.64181236660045e-07	0.985182996434586	0.053	0.03	0.0204082968588532	c18	EPHX2
6.68001848547473e-07	0.723498630791899	0.09	0.058	0.0205256928003182	c18	BCL2L11
6.8452374972743e-07	0.529897526336935	0.111	0.076	0.0210333612578748	c18	ABCG1
7.0303608717139e-07	0.386064890970889	0.347	0.291	0.0216021898505153	c18	FLT3LG
7.05375993958406e-07	0.943027162992045	0.062	0.037	0.0216740881663599	c18	L3MBTL3
7.52523208879785e-07	0.397488711578054	0.297	0.244	0.0231227806392492	c18	MAPK1IP1L
7.64791490010704e-07	1.22997604153766	0.027	0.012	0.0234997481135589	c18	FLJ38668
7.65928937433304e-07	0.674671605672927	0.125	0.088	0.0235346984605131	c18	GPR132
7.98886343476517e-07	1.35869991475665	0.018	0.007	0.0245473806760029	c18	SLC35G1
8.16331367595748e-07	0.301599759612137	0.398	0.34	0.0250834139321146	c18	DYNLL1
8.16898240299817e-07	0.29817197191229	0.338	0.277	0.0251008322296925	c18	PTP4A1
8.17116633501575e-07	0.434244986637008	0.171	0.127	0.0251075427976029	c18	DCP2
8.40335386057114e-07	0.562714921067459	0.208	0.162	0.0258209854073769	c18	OBFC1
8.55748499043015e-07	1.22759821584207	0.034	0.017	0.0262945841300947	c18	NFE2L3
9.00936482335863e-07	0.290949038242732	0.337	0.275	0.0276830752927341	c18	C17orf62
9.27804433170241e-07	0.3482185850228	0.33	0.273	0.028508646818022	c18	FAM46C
9.85619625491496e-07	0.53746257546217	0.191	0.146	0.0302851342324772	c18	BCL3
9.92673672786761e-07	0.510476669657113	0.073	0.046	0.0305018839437188	c18	SMC6
1.00382323100379e-06	0.481450809226149	0.267	0.216	0.0308444764190535	c18	CDKN1A
1.00699572618988e-06	0.948199411117878	0.064	0.039	0.0309419576786365	c18	PHACTR2
1.04722112219424e-06	0.824904800609464	0.085	0.056	0.0321779634216624	c18	SMC4
1.05879415955762e-06	0.323739090442492	0.341	0.287	0.0325335681407269	c18	IL16
1.19857899625059e-06	1.02426383134475	0.037	0.019	0.0368287368177918	c18	LOC101927898
1.27638566753852e-06	0.610052354876411	0.15	0.11	0.0392195024064561	c18	LOC643733
1.37088832831379e-06	0.39917119332688	0.223	0.175	0.0421232856640978	c18	IGBP1
1.39305244133786e-06	0.560474309463159	0.114	0.079	0.0428043223649883	c18	PRDM2
1.39852135918135e-06	0.302743883059823	0.373	0.315	0.0429723658035652	c18	CHURC1
1.42648681333147e-06	1.883597473797	0.012	0.004	0.0438316603132362	c18	LOC102725228
1.46113209414339e-06	0.837620459979189	0.051	0.029	0.044896205856744	c18	LOC101927116
1.46629713776188e-06	0.59471975596763	0.111	0.077	0.0450549121520094	c18	THAP7
1.47811263707034e-06	1.41085619410152	0.016	0.006	0.0454179669992602	c18	GPR19
1.48244469849768e-06	0.345010012128983	0.276	0.222	0.0455510782507382	c18	CLTA
1.49972291748191e-06	1.03586489906011	0.037	0.019	0.0460819860854668	c18	MFGE8
1.50625472446864e-06	1.25953466245692	0.026	0.012	0.0462826889187478	c18	SLC35E4
1.52769911513742e-06	0.276018700584328	0.491	0.436	0.0469416107108276	c18	LAMTOR4
1.53114176847473e-06	0.448119898527856	0.19	0.144	0.047047393119923	c18	NUPL1
1.62418702370093e-06	0.314815983130177	0.467	0.418	0.0499063946772584	c18	JAK1
