p_val	avg_log2FC	pct.1	pct.2	p_val_adj	cluster	gene
0	2.79133946084367	0.951	0.838	0	7	FOXP3
0	2.28503893647032	0.897	0.81	0	7	TNFRSF4
0	1.99534328071445	0.937	0.821	0	7	TNFRSF18
0	1.99368764156029	0.915	0.746	0	7	MAGEH1
0	1.96298451242785	0.915	0.668	0	7	LOC101928173
0	1.83440105316937	0.955	0.779	0	7	BATF
0	1.67419468492041	0.874	0.868	0	7	RTKN2
0	1.62963632270736	0.864	0.779	0	7	IL2RA
0	1.6242164736321	0.948	0.859	0	7	CTLA4
0	1.52599571280943	0.95	0.848	0	7	TIGIT
0	1.50338333261218	0.935	0.807	0	7	PIM2
0	1.42901419743624	0.975	0.888	0	7	LTB
0	1.39621122624684	0.896	0.818	0	7	NGFRAP1
0	1.38054548326905	0.94	0.831	0	7	CARD16
0	1.2922759877169	0.997	0.956	0	7	IL32
0	1.28877208419712	0.937	0.884	0	7	PMAIP1
0	1.28287878675136	0.959	0.87	0	7	CD27
0	1.26378236202049	0.866	0.724	0	7	MIR4435-1HG
0	1.2377891851482	0.856	0.646	0	7	ICOS
0	1.21787576390501	0.908	0.749	0	7	GBP5
0	1.17189280027633	0.828	0.857	0	7	ICA1
0	1.14397479791867	0.867	0.839	0	7	IL1R2
0	1.12628244710208	0.932	0.843	0	7	CORO1B
0	1.125905793294	0.932	0.886	0	7	DNPH1
0	1.11411188660813	0.786	0.722	0	7	TBC1D4
0	1.09211034278686	0.932	0.882	0	7	ENTPD1
0	1.06743704100341	0.946	0.848	0	7	CTSC
0	1.06094638265097	0.922	0.778	0	7	DUSP4
0	1.0597177006863	0.907	0.825	0	7	ACP5
0	1.0321951498981	0.894	0.776	0	7	TNFRSF1B
0	1.02213592394476	0.863	0.892	0	7	GNG8
0	1.01723896755867	0.822	0.757	0	7	LAIR2
0	1.01106566826554	0.851	0.786	0	7	LAYN
0	0.946158487566445	0.879	0.782	0	7	GBP2
0	0.945567234360305	0.861	0.783	0	7	STAM
0	0.93087455851225	0.968	0.909	0	7	UCP2
0	0.921236111415007	0.861	0.847	0	7	ADTRP
0	0.917770776233521	0.925	0.853	0	7	FAIM3
0	0.912118698835862	0.884	0.763	0	7	IGFLR1
0	0.911570674740473	0.899	0.846	0	7	SIRPG
0	0.891432947751071	0.945	0.868	0	7	PKM
0	0.864792705670772	0.981	0.906	0	7	SAT1
0	0.86064433821388	0.856	0.854	0	7	MAL
0	0.828851274986633	0.887	0.764	0	7	BIRC3
0	0.826025954087717	0.843	0.701	0	7	CD28
0	0.814873595665073	0.912	0.879	0	7	SELL
0	0.806635766407859	0.982	0.925	0	7	CD7
0	0.804578886717671	0.872	0.754	0	7	CD4
0	0.78562905790221	0.916	0.87	0	7	ARID5B
0	0.775051308952863	0.779	0.75	0	7	TNFRSF9
0	0.774172178208986	0.889	0.819	0	7	SYNGR2
0	0.754710800999787	0.788	0.731	0	7	ETV7
0	0.750240449108316	0.814	0.686	0	7	IL21R
0	0.74627880756648	0.794	0.724	0	7	PELI1
0	0.741328926538632	0.838	0.806	0	7	UGP2
0	0.739808994920594	0.776	0.718	0	7	CCR8
0	0.723272515282486	0.803	0.744	0	7	GK
0	0.722573977690521	0.843	0.649	0	7	PHLDA1
0	0.714703013432225	0.843	0.767	0	7	GLRX
0	0.7107783209597	0.932	0.845	0	7	CALM3
0	0.710342927250204	0.907	0.83	0	7	CACYBP
0	0.665075554977185	0.859	0.763	0	7	HOXB2
0	0.64283610278789	0.957	0.886	0	7	FKBP1A
0	0.62435360227184	0.873	0.786	0	7	LINC00152
0	0.622793426332493	0.876	0.811	0	7	CNIH1
0	0.621969134945749	0.903	0.83	0	7	SH2D2A
0	0.612194209574866	0.761	0.742	0	7	FBLN7
0	0.61102544631431	0.993	0.961	0	7	S100A4
0	0.600390583641984	0.851	0.79	0	7	BTG3
0	0.598870569335544	0.898	0.829	0	7	RPS27L
0	0.596463410952457	0.885	0.816	0	7	TPR
0	0.589172877983744	0.819	0.731	0	7	SHMT2
0	0.573989662304003	0.754	0.61	0	7	SLAMF1
0	0.572799331823976	0.738	0.688	0	7	LINC01281
0	0.569949550680527	0.676	0.685	0	7	F5
0	0.56339403351543	0.828	0.704	0	7	IL2RB
0	0.555328831849522	0.788	0.785	0	7	LOC101929450
0	0.554291893034994	0.786	0.759	0	7	FAAH2
0	0.546840868231759	0.761	0.639	0	7	GADD45A
0	0.533091966450644	0.695	0.627	0	7	IKZF4
0	0.529062081335612	0.713	0.659	0	7	GEM
0	0.525288614090673	0.818	0.718	0	7	PTTG1
0	0.524269315640773	0.703	0.507	0	7	PTP4A3
0	0.512071291310076	0.813	0.74	0	7	TBC1D8
0	0.509071367289408	0.822	0.733	0	7	HNRNPLL
0	0.502567948564984	0.858	0.8	0	7	ATOX1
0	0.495758948136476	0.696	0.598	0	7	IL12RB2
0	0.493577531624064	0.818	0.86	0	7	EBI3
0	0.492360064009387	0.816	0.725	0	7	HERC5
0	0.482304335469879	0.789	0.711	0	7	SOX4
0	0.473750227497895	0.917	0.817	0	7	ARL6IP1
0	0.469840143312067	0.775	0.844	0	7	LOC101928353
0	0.457744337286861	0.775	0.743	0	7	MYL6B
0	0.452705492997627	0.744	0.644	0	7	FAM110A
0	0.451551643583782	0.866	0.826	0	7	MTHFD2
0	0.444038636996062	0.992	0.969	0	7	UBC
0	0.439862928002951	0.692	0.674	0	7	INPP5F
0	0.434940286316769	0.71	0.724	0	7	FCRL3
0	0.433956016822245	0.718	0.566	0	7	OTUD5
0	0.428119659196533	0.751	0.624	0	7	CREB3L2
0	0.427859045323877	0.782	0.703	0	7	ADI1
0	0.421227218864938	0.87	0.768	0	7	RAD21
0	0.417079422615563	0.743	0.662	0	7	CD59
0	0.414905543673655	0.726	0.799	0	7	PTPLA
0	0.407081985160118	0.714	0.617	0	7	MAST4
0	0.404154533123178	0.971	0.928	0	7	RGS1
0	0.390640263527205	0.79	0.868	0	7	CPA5
0	0.378925163892867	0.775	0.734	0	7	MGST2
0	0.37276045079418	0.921	0.846	0	7	GPX1
0	0.362821611512089	0.79	0.748	0	7	GBP4
0	0.360953106916426	0.711	0.582	0	7	SPATS2L
0	0.355055802391704	0.713	0.616	0	7	PHACTR2
0	0.334301397445127	0.731	0.601	0	7	ATP1B1
0	0.3318488492126	0.653	0.518	0	7	IL1R1
0	0.329322009752884	1	0.998	0	7	ACTB
0	0.324088738420858	0.678	0.546	0	7	BTLA
0	0.318279609855035	0.746	0.67	0	7	IL18R1
0	0.31171122258039	0.728	0.596	0	7	CAMK1
0	0.304274359265689	0.895	0.93	0	7	TNFSF13B
0	0.303744894821849	0.719	0.682	0	7	METTL7A
0	0.29769350273271	0.735	0.555	0	7	NCOA5
0	0.295107277429259	0.713	0.571	0	7	GCNT1
0	0.272863817755447	0.722	0.673	0	7	INPP1
0	0.265832238911067	0.744	0.829	0	7	EMR1
0	0.252725303772177	0.707	0.601	0	7	MAPK13
0	-0.261578623056824	0.264	0.599	0	7	CPVL
0	-0.290925417684917	0.129	0.651	0	7	LINC01272
0	-0.30050280074769	0.42	0.817	0	7	CTSL
0	-0.545928844896842	0.427	0.683	0	7	SYTL2
0	-0.623963433387599	0.999	0.998	0	7	RPS18
0	-0.625194073683015	0.467	0.708	0	7	PLAC8
0	-0.663426800569826	1	0.999	0	7	RPS12
0	-0.695541349742254	0.654	0.814	0	7	GPR171
0	-0.711675259899167	0.562	0.764	0	7	TRAT1
0	-0.75993166273149	0.389	0.652	0	7	KLRG1
0	-0.787735747754478	0.344	0.685	0	7	KLRC2
0	-0.845788007120891	0.695	0.874	0	7	CD55
0	-0.907615976028041	0.681	0.79	0	7	FKBP11
0	-1.12088846857492	0.915	0.954	0	7	CD69
0	-1.12129947334336	0.33	0.655	0	7	GLUL
0	-1.17349918040027	0.74	0.856	0	7	CLEC2B
0	-1.17908713751276	0.679	0.857	0	7	ALOX5AP
0	-1.3144162410376	0.941	0.985	0	7	VIM
0	-1.59726849939964	0.462	0.747	0	7	CD8B
0	-1.87827211332126	0.399	0.732	0	7	CD8A
0	-2.08075424729761	0.561	0.795	0	7	CTSW
0	-2.15884305782914	0.574	0.845	0	7	ANXA1
0	-2.57038176151262	0.423	0.748	0	7	GZMB
0	-2.66352377780488	0.484	0.816	0	7	GZMA
0	-3.09336906744993	0.464	0.694	0	7	CCL4
0	-3.14248075187128	0.513	0.797	0	7	NKG7
0	-3.18670837246425	0.579	0.823	0	7	CCL5
7.99227572716892e-304	0.389632146185627	0.871	0.809	2.39768271815067e-300	7	TMEM173
2.41269988537776e-302	-0.813095281459264	0.944	0.968	7.23809965613329e-299	7	IFITM1
5.4893478187388e-300	0.535584797627928	0.932	0.867	1.64680434562164e-296	7	ZFP36L1
8.527326098018e-298	-0.978718572630797	0.887	0.94	2.5581978294054e-294	7	S100A10
2.24652535231559e-296	0.459361382026466	0.831	0.736	6.73957605694678e-293	7	CXCR3
1.46664593083393e-294	0.498011451982567	0.862	0.895	4.39993779250179e-291	7	EPSTI1
6.30051384129277e-290	0.401225163840534	0.786	0.685	1.89015415238783e-286	7	TXNDC17
1.0933899045663e-288	-1.77930981405401	0.467	0.638	3.28016971369889e-285	7	GZMH
4.16950111662166e-288	-0.320432221001352	1	1	1.2508503349865e-284	7	RPLP1
9.64773428754765e-288	0.259242672234362	0.727	0.669	2.8943202862643e-284	7	GCA
1.47912054976353e-287	0.46913116676051	0.725	0.66	4.43736164929058e-284	7	DUSP16
8.66291810982259e-285	-1.08925646704655	0.434	0.654	2.59887543294678e-281	7	HOPX
3.61963683428815e-281	-1.06232100543625	0.638	0.451	1.08589105028645e-277	7	S100A9
7.00659838773806e-277	0.475041731892909	0.801	0.843	2.10197951632142e-273	7	OAS1
8.24149481149669e-277	0.391000572737931	0.719	0.674	2.47244844344901e-273	7	THADA
4.4187269692509e-276	0.388923057363013	0.713	0.709	1.32561809077527e-272	7	HAPLN3
6.71719873314526e-276	-1.66243313258912	0.449	0.724	2.01515961994358e-272	7	CXCL13
1.90028911659846e-275	0.436662967586766	0.701	0.669	5.70086734979539e-272	7	CD79B
1.48446162983388e-272	-0.799541005128169	0.643	0.818	4.45338488950164e-269	7	ATF3
8.0917174419335e-272	-1.40348880772642	0.524	0.667	2.42751523258005e-268	7	LOC101929531
1.33309340817704e-271	0.351625771689894	0.875	0.837	3.99928022453112e-268	7	SEC11C
1.17607857567546e-270	0.286778578129558	0.716	0.593	3.52823572702639e-267	7	NEDD9
2.84931576926368e-269	-0.302187783143066	0.697	0.536	8.54794730779105e-266	7	LST1
6.39343095024798e-269	0.260789943524927	0.999	0.995	1.91802928507439e-265	7	TMSB10
1.86825036154755e-267	0.387283012925034	0.879	0.843	5.60475108464265e-264	7	SAMHD1
3.53279584594536e-266	-1.7256700803611	0.564	0.719	1.05983875378361e-262	7	GZMK
2.17354379839313e-265	-0.25726958070737	0.485	0.663	6.52063139517939e-262	7	TMIGD2
1.38770996399119e-264	0.446301544347343	0.753	0.719	4.16312989197357e-261	7	MAP1LC3A
7.60024282258476e-264	0.277802350407959	0.716	0.664	2.28007284677543e-260	7	TP53INP1
7.57658502401289e-263	0.402823219703943	0.686	0.666	2.27297550720387e-259	7	TIAM1
2.30263112421411e-262	0.296486919494839	0.675	0.661	6.90789337264233e-259	7	SDC4
9.71751054083812e-261	0.313187545005665	0.715	0.555	2.91525316225144e-257	7	RAPGEF6
9.86660006484127e-256	0.333352551212553	0.833	0.723	2.95998001945238e-252	7	SH2D1A
4.13705801007893e-255	0.295077642759224	0.659	0.583	1.24111740302368e-251	7	ZNRF1
8.27548175310307e-254	-0.281092416740459	0.465	0.652	2.48264452593092e-250	7	KIR2DL4
7.28955342748419e-249	0.301487287914714	0.642	0.603	2.18686602824526e-245	7	ZC3H12D
1.73305445403038e-248	0.432655941369024	0.912	0.854	5.19916336209113e-245	7	PRDM1
4.31217902899184e-248	0.456603438576927	0.853	0.747	1.29365370869755e-244	7	IRF1
5.06807739277463e-248	0.310539085501729	0.656	0.714	1.52042321783239e-244	7	LMCD1
5.0835793765125e-248	-0.282011072585483	0.55	0.718	1.52507381295375e-244	7	RIPK2
7.73460518528332e-245	0.353049099757769	0.979	0.95	2.320381555585e-241	7	ARPC1B
1.59165554255479e-241	-1.28413511477441	0.374	0.618	4.77496662766437e-238	7	LOC101060038
2.25702714713375e-239	-0.592388249850738	0.645	0.7	6.77108144140125e-236	7	CLIC3
1.20124960336531e-237	-0.47178688039604	0.619	0.787	3.60374881009592e-234	7	FABP5
2.66592982892662e-236	-0.331019773486508	0.292	0.598	7.99778948677987e-233	7	LOC102725101
1.31561487010696e-234	0.426634935261962	0.734	0.729	3.94684461032089e-231	7	NDFIP2
1.82665877617956e-233	0.43313696970894	0.767	0.726	5.47997632853868e-230	7	LEF1
2.97562330270146e-229	0.271238371409429	0.999	0.989	8.92686990810438e-226	7	ACTG1
5.78636216965667e-229	-0.365045684390015	0.49	0.683	1.735908650897e-225	7	SPI1
1.64720224405296e-227	-0.733998240832753	0.473	0.67	4.94160673215889e-224	7	CAPG
9.98237150019237e-225	0.357936842394821	0.934	0.894	2.99471145005771e-221	7	PRDX1
1.67295241133276e-224	0.299582676760788	0.847	0.775	5.01885723399829e-221	7	YWHAE
9.77079213156158e-224	-0.914829991466847	0.307	0.587	2.93123763946848e-220	7	KLRC1
1.38815638758884e-220	-0.933858656095691	0.474	0.643	4.16446916276652e-217	7	AOAH
3.88515352805303e-220	-1.47029118395528	0.491	0.655	1.16554605841591e-216	7	IFNG
1.12466728378062e-219	0.437052448786994	0.701	0.621	3.37400185134185e-216	7	TRAF1
1.05551830646695e-216	0.464364754583507	0.788	0.806	3.16655491940084e-213	7	SNX9
5.60127481485951e-215	-0.485606342516494	0.507	0.638	1.68038244445785e-211	7	KLRC4
2.92785668208235e-214	0.407796922950766	0.831	0.799	8.78357004624705e-211	7	GCHFR
5.29926646148653e-213	0.440948259573454	0.852	0.826	1.58977993844596e-209	7	STAT1
2.95994599326433e-212	0.313690723390432	0.909	0.856	8.879837979793e-209	7	DYNLL1
7.67286817028055e-211	0.301032881927456	0.831	0.791	2.30186045108416e-207	7	PRDX3
4.35301127456518e-210	-0.621234904824442	0.34	0.285	1.30590338236955e-206	7	LOC102723407
1.48308698529918e-208	0.638427520952319	0.894	0.84	4.44926095589754e-205	7	HSPA1A
2.19599444471925e-207	0.306693345639307	0.73	0.73	6.58798333415775e-204	7	CCR6
6.13731753366032e-207	0.397143902562104	0.942	0.922	1.8411952600981e-203	7	ENO1
7.91758372276613e-206	-0.806874121712306	0.671	0.759	2.37527511682984e-202	7	AIF1
1.69721350836284e-205	-0.368034162209596	0.642	0.752	5.09164052508851e-202	7	NUCB2
8.24135990779546e-205	-0.528223626676581	0.408	0.611	2.47240797233864e-201	7	KLRC3
1.25336746918435e-204	0.292126013681009	0.724	0.716	3.76010240755305e-201	7	CENPM
6.49680204415275e-199	-0.372157943206597	0.53	0.706	1.94904061324583e-195	7	S1PR1
3.92328740605132e-197	0.329474518937988	0.898	0.831	1.17698622181539e-193	7	NAP1L1
4.3479676733003e-197	0.285950341180367	0.976	0.944	1.30439030199009e-193	7	SUB1
4.57910213313825e-196	-1.0632725558801	0.595	0.428	1.37373063994147e-192	7	S100A8
8.99094868766811e-194	0.599075261094217	0.688	0.756	2.69728460630043e-190	7	IKZF2
2.75451582471584e-193	0.293459075025955	0.621	0.624	8.26354747414751e-190	7	CARD17
3.63115842378792e-193	-1.51114443773136	0.483	0.622	1.08934752713637e-189	7	CCL3
5.05106479468645e-191	0.300179004330097	0.798	0.74	1.51531943840593e-187	7	TYMP
1.80779522951374e-189	0.257199681424455	0.828	0.798	5.42338568854122e-186	7	DECR1
2.04400096626724e-189	0.343742067658542	0.713	0.642	6.13200289880173e-186	7	MAF
2.97139516483069e-189	-0.262265917847161	0.584	0.674	8.91418549449207e-186	7	PPP1R14B
9.54324987588119e-187	-1.11818309060724	0.525	0.679	2.86297496276436e-183	7	AREG
5.58697240737899e-186	0.328163833308173	0.776	0.684	1.6760917222137e-182	7	CCND2
1.00738570067181e-184	0.312352297967955	0.722	0.688	3.02215710201543e-181	7	TNFRSF25
1.08181081389552e-182	0.325045175153683	0.689	0.629	3.24543244168656e-179	7	NABP1
7.60924991935838e-180	0.307188112785848	0.672	0.555	2.28277497580751e-176	7	DNAJB4
1.16206633330099e-178	-0.280057615547598	0.275	0.512	3.48619899990296e-175	7	CYBB
9.94368988969725e-178	0.259152771025812	0.639	0.615	2.98310696690918e-174	7	ZC2HC1A
2.4998337791379e-177	0.371216563302644	0.832	0.76	7.49950133741369e-174	7	HSPB1
2.90138289432472e-175	-0.347584072531006	0.497	0.678	8.70414868297415e-172	7	MYC
6.38054586449194e-174	-0.867646162908911	0.706	0.785	1.91416375934758e-170	7	ID2
2.41160254019178e-172	0.307494594054872	0.894	0.833	7.23480762057533e-169	7	PRDX5
3.28566574359426e-171	0.417697114986386	0.708	0.773	9.85699723078277e-168	7	HPGD
2.60033225927582e-168	0.28624438715103	0.931	0.902	7.80099677782747e-165	7	PGAM1
9.66410190762244e-168	0.263892988695358	0.813	0.777	2.89923057228673e-164	7	RILPL2
4.20331024000592e-166	0.37298052308369	0.8	0.792	1.26099307200178e-162	7	IL6ST
4.43660367161433e-166	0.308628866268717	0.831	0.796	1.3309811014843e-162	7	CTSA
3.39769653361119e-165	-1.10505098382521	0.369	0.586	1.01930896008336e-161	7	KLRD1
5.98067172831815e-165	-0.691821054327068	0.545	0.702	1.79420151849545e-161	7	PTGER4
2.14285505485026e-164	-0.322623677593974	0.435	0.663	6.42856516455077e-161	7	APOE
4.25242138627869e-164	-0.669078387357602	0.941	0.962	1.27572641588361e-160	7	CXCR4
5.44085741543617e-164	-0.545229423350711	0.663	0.742	1.63225722463085e-160	7	PTGER2
4.61675521900695e-158	0.3002433920225	0.845	0.83	1.38502656570209e-154	7	VAMP5
7.71561434957261e-155	0.388424469124771	0.828	0.717	2.31468430487178e-151	7	LAG3
4.04615433601376e-152	-0.315635542586342	0.449	0.623	1.21384630080413e-148	7	PECAM1
1.16413352879119e-151	0.393112172314214	0.68	0.629	3.49240058637356e-148	7	NINJ1
1.4113558037775e-151	0.295543832515006	0.757	0.754	4.23406741133249e-148	7	ADK
5.08339313166896e-151	0.273386257472809	0.906	0.864	1.52501793950069e-147	7	EZR
5.38986008618863e-150	0.468456666200075	0.828	0.828	1.61695802585659e-146	7	IFI6
1.38045670932876e-149	0.304728646295875	0.779	0.746	4.14137012798627e-146	7	SERPINB9
4.32907112208124e-149	0.256056868791601	0.606	0.565	1.29872133662437e-145	7	IL6R
1.04864226106602e-148	0.354839274082105	0.816	0.779	3.14592678319807e-145	7	CREM
7.70950539609429e-148	-0.457146447717099	0.66	0.83	2.31285161882829e-144	7	APOC1
2.71643945629396e-145	0.283819812257443	0.817	0.857	8.14931836888187e-142	7	LIMS1
1.56031542828681e-144	-0.332055849930805	0.592	0.717	4.68094628486042e-141	7	ABLIM1
2.01734128852263e-143	0.28363800401614	0.889	0.823	6.05202386556789e-140	7	CYCS
4.03887741849066e-143	-0.555121064002672	0.552	0.719	1.2116632255472e-139	7	AMICA1
6.75086855963866e-142	0.317318500591202	0.809	0.748	2.0252605678916e-138	7	RANBP1
1.17521375734809e-141	0.328149300826499	0.81	0.758	3.52564127204427e-138	7	CMTM6
6.69368982976831e-141	0.265159565476037	0.706	0.631	2.00810694893049e-137	7	FAM46C
2.72974301613573e-139	0.300920848363414	0.793	0.719	8.18922904840718e-136	7	BAX
1.24927901474409e-136	-0.331474232031338	0.453	0.621	3.74783704423228e-133	7	PLEK
7.96933053348884e-134	0.436842948552768	0.657	0.66	2.39079916004665e-130	7	LTA
1.30854417325929e-130	-0.43644495531235	0.665	0.815	3.92563251977788e-127	7	PDCD1
1.60213858531046e-130	-0.282313819815919	0.527	0.679	4.80641575593137e-127	7	P2RY8
3.11515555025973e-128	-0.775423994545918	0.921	0.936	9.34546665077919e-125	7	CRIP1
5.61699561843264e-128	0.250908137645251	0.803	0.746	1.68509868552979e-124	7	BCAS2
4.52638178131072e-124	-0.337525225231128	0.7	0.619	1.35791453439321e-120	7	DERL3
9.42159087850891e-124	0.534672944503462	0.702	0.746	2.82647726355267e-120	7	ID3
1.74382024687162e-122	-0.424433641638175	0.35	0.576	5.23146074061485e-119	7	LMO4
3.00286384586252e-121	-0.39158205906461	0.652	0.742	9.00859153758756e-118	7	PNP
3.46048680168594e-120	0.25938560782209	0.766	0.769	1.03814604050578e-116	7	AQP3
2.08709332701361e-119	-0.272929230759924	0.64	0.76	6.26127998104082e-116	7	EIF4EBP1
2.8645001974324e-117	-0.871175513005917	0.647	0.756	8.59350059229721e-114	7	KLRB1
1.43682985498925e-116	-0.37825703197984	0.65	0.775	4.31048956496774e-113	7	FKBP2
2.6597363838001e-116	-0.271094543887259	0.3	0.563	7.97920915140029e-113	7	WDR86-AS1
2.32099699660019e-115	-0.691186321290194	0.729	0.79	6.96299098980058e-112	7	CD97
8.47011764060048e-115	-0.274674683265133	0.709	0.709	2.54103529218014e-111	7	MNDA
1.60127874829209e-113	-0.383808761463751	0.594	0.753	4.80383624487627e-110	7	SGK1
1.30667326960412e-112	-0.696079518087	0.338	0.566	3.92001980881236e-109	7	MATK
4.36883976989488e-112	-0.734598834097748	0.641	0.707	1.31065193096846e-108	7	LYAR
2.81346567738157e-111	-0.849440404546196	0.911	0.935	8.44039703214472e-108	7	S100A11
3.15501009201862e-109	-0.452473853794482	0.647	0.679	9.46503027605585e-106	7	NELL2
3.69110811351568e-106	-0.323754907377797	0.343	0.558	1.10733243405471e-102	7	PLAUR
4.18757998597383e-106	0.277966423153015	0.799	0.783	1.25627399579215e-102	7	PHPT1
7.49925004350795e-103	0.318311796210191	0.815	0.81	2.24977501305239e-99	7	ISG15
1.4638344815027e-101	-1.30635330624815	0.725	0.767	4.39150344450811e-98	7	PRF1
2.77851245870883e-101	-0.358620719451113	0.446	0.637	8.3355373761265e-98	7	MS4A6A
3.08228330069187e-101	-0.271151774903981	0.594	0.615	9.2468499020756e-98	7	LOC102724850
2.54422701428883e-97	-0.5251782195795	0.654	0.776	7.63268104286649e-94	7	RGS2
1.34160458113047e-95	-0.338772373200814	0.446	0.574	4.02481374339142e-92	7	CRTAM
1.15420991078726e-94	0.354078754137879	0.551	0.578	3.46262973236177e-91	7	REREP3
1.47622403206076e-94	-0.40384792580532	1	0.998	4.42867209618228e-91	7	RPS8
1.92871338443139e-92	-0.459523557086156	0.547	0.652	5.78614015329418e-89	7	ERN1
3.37703830961001e-92	-0.33573524270056	0.283	0.534	1.013111492883e-88	7	FGFBP2
4.51747464726883e-92	-0.286328699305306	0.457	0.607	1.35524239418065e-88	7	LOC101929065
5.17364196735612e-91	-0.278899467417802	0.528	0.598	1.55209259020684e-87	7	CPNE7
2.47720321470436e-90	-0.363874737005925	0.48	0.622	7.43160964411307e-87	7	TCF7
2.69166290090041e-90	-0.645096835466247	0.589	0.692	8.07498870270123e-87	7	AHNAK
1.88258102045388e-89	0.307135350128264	0.541	0.513	5.64774306136164e-86	7	TOX2
1.92501183953205e-89	-0.259154541342254	0.999	0.999	5.77503551859614e-86	7	COX2
3.2550692815029e-88	0.286968888716823	0.813	0.831	9.76520784450869e-85	7	CD82
1.71992437858775e-87	-0.402632696716354	0.61	0.694	5.15977313576324e-84	7	TMEM107
3.06304830805959e-87	-0.768095248201206	0.837	0.865	9.18914492417878e-84	7	GSTP1
1.03863719856631e-86	-1.17362903791638	0.463	0.574	3.11591159569893e-83	7	XCL1
3.74938917738108e-79	-0.657656445965164	0.788	0.858	1.12481675321432e-75	7	ANXA2
1.81215824891639e-77	-2.15660846237093	0.706	0.742	5.43647474674916e-74	7	LOC100293211
2.79801604848368e-77	-0.402651887558762	0.486	0.4	8.39404814545103e-74	7	C15orf48
7.99108615244871e-76	-0.4167056089927	0.753	0.812	2.39732584573461e-72	7	CTSH
1.79563546891519e-74	0.306205968039825	0.586	0.654	5.38690640674556e-71	7	LOC101928152
4.6862124422953e-69	-0.895868438666273	0.734	0.797	1.40586373268859e-65	7	LGALS1
1.73230967425621e-63	-0.403473359447276	0.999	0.998	5.19692902276863e-60	7	COX3
7.6006773845219e-62	-0.428328744799839	0.754	0.847	2.28020321535657e-58	7	P4HB
1.05233428225855e-60	-0.3237011917499	0.589	0.678	3.15700284677565e-57	7	SMIM3
2.26926966645821e-60	-0.277295054019337	0.453	0.558	6.80780899937463e-57	7	FASLG
1.38065812551295e-57	-0.56513369898547	0.975	0.981	4.14197437653884e-54	7	FOS
1.95440914267678e-57	-0.478686524956445	0.669	0.75	5.86322742803033e-54	7	STMN1
7.2263790189402e-57	-1.46210912094322	0.584	0.606	2.16791370568206e-53	7	TYROBP
1.49446992049066e-55	-0.598163011826311	0.781	0.853	4.48340976147197e-52	7	IGLL5
2.32566831180282e-55	-0.34835205345438	0.616	0.723	6.97700493540847e-52	7	FAM65B
4.12923675147464e-55	-0.535298838501348	0.716	0.787	1.23877102544239e-51	7	TAGAP
6.3966945908368e-53	-0.439803035187324	0.547	0.657	1.91900837725104e-49	7	KLF2
1.25295720996881e-52	-0.519111606203829	0.541	0.631	3.75887162990644e-49	7	ITM2C
2.1854006494086e-51	-0.435656420123252	0.524	0.628	6.5562019482258e-48	7	BCL2A1
1.5585254961903e-50	-0.911156741642485	0.917	0.883	4.67557648857091e-47	7	IL7R
7.62993835199452e-48	-0.372164480166634	0.327	0.524	2.28898150559836e-44	7	LINC00892
1.43774032567841e-47	-0.593667772377354	0.434	0.558	4.31322097703522e-44	7	C1orf162
2.82549024926482e-47	-0.457501078802969	0.944	0.939	8.47647074779447e-44	7	IFITM2
6.13533491408987e-47	-0.794086525623779	0.601	0.567	1.84060047422696e-43	7	BMS1P20
6.08184778278296e-46	-1.87229692433399	0.588	0.625	1.82455433483489e-42	7	GNLY
2.27810649685882e-45	-0.687205506882325	0.374	0.539	6.83431949057646e-42	7	KLRK1
1.75178323905508e-44	-0.556656967650056	0.832	0.873	5.25534971716523e-41	7	LITAF
3.63430408698175e-43	-0.350824626278409	1	1	1.09029122609453e-39	7	RNR2
2.50607892664835e-42	-0.710233475018727	0.555	0.601	7.51823677994504e-39	7	ANKRD28
7.26142115236641e-41	-0.314057183619385	0.986	0.978	2.17842634570992e-37	7	FTL
1.98036207751394e-40	-0.28918771281073	0.616	0.695	5.94108623254182e-37	7	TARSL2
4.53073227383513e-40	-0.953044669828387	0.334	0.514	1.35921968215054e-36	7	XCL2
5.53735754108241e-40	-0.269067644650967	0.55	0.631	1.66120726232472e-36	7	LAIR1
1.07881824725874e-39	-1.77343978991777	0.452	0.581	3.23645474177622e-36	7	CST3
7.07305849630887e-39	-0.417771717456356	0.605	0.646	2.12191754889266e-35	7	BHLHE40
1.11106589291697e-38	-0.259257580111593	0.997	0.994	3.3331976787509e-35	7	RPLP0
5.16806568227022e-38	-0.39241855268178	0.05	0.197	1.55041970468107e-34	7	FCN1
1.13905772843812e-36	-0.343342735722866	0.99	0.98	3.41717318531437e-33	7	SH3BGRL3
5.54976797028895e-36	-0.511283152210701	0.468	0.559	1.66493039108669e-32	7	ZEB2
4.18750745783541e-34	-0.340937169181132	0.42	0.548	1.25625223735062e-30	7	MTRNR2L2
1.53631214408849e-32	-0.389638584004219	0.671	0.729	4.60893643226548e-29	7	PIK3R1
1.6555420560535e-31	-0.263149943495125	0.399	0.558	4.96662616816049e-28	7	CECR1
2.74998819013381e-31	-0.395098307908432	0.678	0.721	8.24996457040143e-28	7	DSTN
6.03723801441745e-31	-0.302803127565719	0.43	0.542	1.81117140432524e-27	7	RNF130
1.72115423356099e-29	-0.29992857804907	0.721	0.793	5.16346270068298e-26	7	RTN4
1.74295075927125e-28	-0.458855160773338	0.593	0.626	5.22885227781374e-25	7	PELO
2.23534510822445e-28	-0.526896881697353	0.463	0.579	6.70603532467334e-25	7	CITED2
2.6665323873169e-27	-0.422014241106436	0.988	0.985	7.99959716195069e-24	7	ZFP36
7.98366041881502e-27	-0.590517852752897	0.711	0.721	2.39509812564451e-23	7	XBP1
5.43676342364399e-26	-0.712915710368283	0.294	0.463	1.6310290270932e-22	7	ZNF683
1.1694618830425e-25	-0.263117630260935	0.036	0.215	3.50838564912751e-22	7	VCAN
1.77961773577724e-25	-0.270274326799069	0.484	0.566	5.33885320733173e-22	7	DDAH2
1.48834819198801e-24	-0.490281616027691	0.763	0.789	4.46504457596402e-21	7	TOB1
1.49257463280624e-24	-0.430698536584265	0.817	0.846	4.47772389841872e-21	7	EMP3
1.80794560771519e-22	-0.662308792993792	0.749	0.762	5.42383682314556e-19	7	CD63
4.94445909013455e-22	-1.77582101490046	0.693	0.653	1.48333772704036e-18	7	IFI30
6.57798749636807e-22	-0.604963496393655	0.829	0.831	1.97339624891042e-18	7	TUBA4A
1.84440895663083e-21	-0.300393470835051	0.532	0.603	5.53322686989248e-18	7	TUBB2A
3.5984275646166e-20	-0.361221707405856	0.467	0.549	1.07952826938498e-16	7	SPRY1
6.61438358885284e-20	-0.442604347338349	0.744	0.791	1.98431507665585e-16	7	NOSIP
8.56834817990576e-20	-1.91585895860298	0.517	0.572	2.57050445397173e-16	7	LYZ
2.72395362253319e-18	-0.637313009771528	0.845	0.835	8.17186086759957e-15	7	IFITM3
1.85969962157991e-17	-0.325228488840853	0.66	0.724	5.57909886473972e-14	7	RAB27A
9.26184510325726e-17	-0.309950333236597	0.63	0.669	2.77855353097718e-13	7	METTL12
2.20796891129469e-16	-0.397205899114832	0.615	0.656	6.62390673388407e-13	7	MYADM
1.24427055866339e-15	-0.426885749993663	0.953	0.942	3.73281167599018e-12	7	S100A6
3.99611416099334e-15	-1.08751198694247	0.501	0.571	1.198834248298e-11	7	FCER1G
1.49750930437466e-14	-0.476783719510525	0.675	0.686	4.49252791312398e-11	7	RUNX3
3.7639307026482e-13	-0.373479805211564	0.581	0.572	1.12917921079446e-09	7	C1QB
1.09116874763127e-12	-0.563522216843599	0.517	0.562	3.27350624289381e-09	7	CD40LG
2.98727604791299e-12	-0.473503675580573	0.697	0.714	8.96182814373898e-09	7	C12orf75
5.68660164026781e-12	-0.532787933920724	0.744	0.749	1.70598049208034e-08	7	FOSB
2.95650915707462e-11	-0.391886204902935	0.595	0.629	8.86952747122387e-08	7	IFNGR1
3.2983855238198e-11	-0.420788410288866	1	1	9.8951565714594e-08	7	RNR1
3.60050631090803e-11	-0.515058891634306	0.655	0.669	1.08015189327241e-07	7	CMC1
7.4297754219562e-10	-0.264185451540505	0.38	0.513	2.22893262658686e-06	7	CD300A
8.75868934156401e-10	-0.303288420153637	0.645	0.672	2.6276068024692e-06	7	SRRT
2.49024734463202e-09	0.251266384139742	0.618	0.689	7.47074203389605e-06	7	CD70
1.65076338924653e-07	-0.624426186527286	0.681	0.674	0.000495229016773958	7	TNF
7.74427629013858e-07	-0.323117219437098	0.996	0.989	0.00232328288704157	7	FTH1
2.07356402905876e-06	-0.26998234924717	0.918	0.899	0.00622069208717629	7	PPP1R15A
2.38267400893601e-06	-0.288341053203439	0.39	0.427	0.00714802202680803	7	CEBPB
2.6903505158709e-06	-0.264913221797873	0.844	0.812	0.0080710515476127	7	TUBA1A
2.78396266703535e-06	-2.19205060010159	0.788	0.833	0.00835188800110604	7	IGJ
3.15382622137452e-06	-0.382895582095288	0.596	0.643	0.00946147866412355	7	EGR1
4.00268353338645e-06	-0.300513913251196	0.522	0.578	0.0120080506001594	7	RGCC
7.37901626495092e-06	-0.494887967519634	0.764	0.766	0.0221370487948528	7	APOBEC3G
7.45734089838998e-06	-0.330297392849332	0.556	0.597	0.02237202269517	7	PRKCQ-AS1
7.77002754749999e-06	-0.856847091355623	0.36	0.461	0.0233100826425	7	CCL4L2
1.11279532394306e-05	-0.263665890374949	0.409	0.487	0.0333838597182919	7	GPR56
1.39669933238015e-05	-0.253491340110713	0.709	0.733	0.0419009799714046	7	NR3C1
