p_val	avg_log2FC	pct.1	pct.2	p_val_adj	cluster	gene
0	5.34438071414951	0.992	0.559	0	20	CST3
0	4.12293894891352	1	0.671	0	20	HLA-DQB1
0	3.73837623447168	0.996	0.651	0	20	IFI30
0	3.49666926287779	1	0.982	0	20	CD74
0	3.38653994929464	0.996	0.807	0	20	HLA-DRB4
0	3.380867361812	0.991	0.551	0	20	LYZ
0	3.1740829754469	0.996	0.816	0	20	LOC100996809
0	3.15069949728674	0.967	0.662	0	20	AREG
0	3.0153158261589	0.906	0.389	0	20	C15orf48
0	2.9241952508362	0.978	0.536	0	20	NAPSB
0	2.89172753683318	0.943	0.561	0	20	CPVL
0	2.86359616194525	0.964	0.602	0	20	TYROBP
0	2.73761500069144	0.974	0.557	0	20	GSN
0	2.63821815587802	0.999	0.846	0	20	GPX1
0	2.6045034128051	0.815	0.096	0	20	WFDC21P
0	2.56069312547963	0.986	0.478	0	20	ALDH2
0	2.54249923137515	0.998	0.703	0	20	HLA-DMA
0	2.3907559036327	0.996	0.673	0	20	GRN
0	2.334203150217	0.916	0.556	0	20	FCER1G
0	2.32462513350223	0.977	0.737	0	20	AIF1
0	2.26506578929638	0.993	0.623	0	20	HLA-DRB1
0	2.18198498559124	0.987	0.672	0	20	SPI1
0	2.12440912795476	0.96	0.536	0	20	C1orf162
0	2.09296927387946	0.952	0.633	0	20	CD83
0	2.09172328696057	0.863	0.331	0	20	LGALS2
0	2.0580726283546	0.948	0.353	0	20	LOC100509457
0	2.0306696409586	0.984	0.808	0	20	CTSH
0	1.97736586224515	0.988	0.743	0	20	TYMP
0	1.97205013090961	0.988	0.875	0	20	PPA1
0	1.96078293000436	0.901	0.705	0	20	MNDA
0	1.9550303073362	0.967	0.601	0	20	HLA-DMB
0	1.93863981590439	0.933	0.71	0	20	RNASE6
0	1.93300645906711	0.927	0.542	0	20	CXCL16
0	1.86644958116921	0.916	0.737	0	20	SGK1
0	1.83560410665258	0.85	0.584	0	20	SERPINA1
0	1.82703211186483	0.967	0.799	0	20	NPC2
0	1.81540639452668	0.969	0.765	0	20	PPT1
0	1.8150959604904	0.855	0.417	0	20	PPP1R14A
0	1.80561864027161	0.957	0.621	0	20	SPINT2
0	1.71853047312146	0.91	0.422	0	20	FGL2
0	1.70112599854707	0.847	0.523	0	20	SERPINF1
0	1.69661088170718	0.937	0.431	0	20	RAB31
0	1.65411111908488	0.963	0.566	0	20	HLA-DRB3
0	1.63240301836679	0.932	0.541	0	20	LST1
0	1.63139323140786	0.852	0.487	0	20	FCGR2B
0	1.60434377630146	0.973	0.796	0	20	LAP3
0	1.60114289766845	0.929	0.537	0	20	FAM26F
0	1.59700927206072	0.969	0.783	0	20	GPR183
0	1.59615646474604	0.858	0.452	0	20	HLA-DQB2
0	1.57729951014082	0.892	0.623	0	20	BCL2A1
0	1.5554685089894	0.986	0.824	0	20	SYNGR2
0	1.54540484565558	0.98	0.832	0	20	SERPINB1
0	1.52849119642607	0.984	0.827	0	20	TUBA1B
0	1.52585416407898	0.907	0.682	0	20	PEA15
0	1.50939108368528	1	0.86	0	20	GSTP1
0	1.44608883674608	0.898	0.652	0	20	WARS
0	1.4428985556672	0.985	0.851	0	20	ANXA2
0	1.42993798726843	0.844	0.522	0	20	IL18
0	1.421307342414	0.935	0.768	0	20	PLSCR1
0	1.41515220691446	0.969	0.849	0	20	LGALS9
0	1.38432773878003	0.875	0.617	0	20	PAK1
0	1.35893029243867	0.875	0.536	0	20	HCK
0	1.33616309724392	0.898	0.646	0	20	MARCKSL1
0	1.32535007366489	0.983	0.833	0	20	ANXA5
0	1.31826207420295	0.907	0.62	0	20	FCGRT
0	1.31762198722082	1	0.98	0	20	VIM
0	1.3148443838661	0.993	0.929	0	20	S100A10
0	1.30397461295821	0.953	0.653	0	20	CDKN1A
0	1.30387242768804	1	0.99	0	20	FTH1
0	1.29009421521378	0.837	0.154	0	20	CSF2RA
0	1.27682357385264	0.997	0.91	0	20	SAT1
0	1.26721490238205	0.866	0.599	0	20	CD86
0	1.26411663415278	0.871	0.529	0	20	PLAUR
0	1.25287855611265	0.875	0.372	0	20	MS4A7
0	1.2432747349147	0.898	0.707	0	20	CD68
0	1.23516044408116	0.917	0.471	0	20	FGR
0	1.21413249254103	0.924	0.613	0	20	NR4A3
0	1.2058848398171	0.997	0.931	0	20	S100A11
0	1.19471003947333	0.912	0.679	0	20	SLC16A3
0	1.19394526652924	0.832	0.679	0	20	CLEC7A
0	1.18245117677758	0.967	0.815	0	20	PSAP
0	1.15757552847331	0.919	0.668	0	20	GCA
0	1.13909877146054	1	0.995	0	20	TMSB10
0	1.13275938214231	0.856	0.404	0	20	KLF4
0	1.10843456615249	0.93	0.524	0	20	GRINA
0	1.1035076348435	0.861	0.636	0	20	SIGLEC10
0	1.09495303521598	0.913	0.721	0	20	SMCO4
0	1.09460730949579	0.996	0.925	0	20	GABARAP
0	1.07314980438004	0.903	0.654	0	20	MFSD1
0	1.02696478266937	0.852	0.475	0	20	SLC31A2
0	1.02656906436328	0.833	0.582	0	20	FBP1
0	1.02226504562888	0.98	0.806	0	20	AP2S1
0	1.00185691164529	0.809	0.474	0	20	UBE2E2
0	0.977369804528927	0.871	0.721	0	20	MGST2
0	0.951134147650422	0.827	0.556	0	20	CCDC88A
0	0.935597517218018	0.994	0.918	0	20	GNG5
0	0.929006204209122	0.877	0.65	0	20	THEMIS2
0	0.925445945192088	0.988	0.78	0	20	ATP6V0B
0	0.919610353953856	0.794	0.498	0	20	SLC8A1
0	0.893312135510178	0.955	0.739	0	20	H2AFY
0	0.886891094272213	0.813	0.576	0	20	LGMN
0	0.819278552299388	0.783	0.37	0	20	CSTA
0	0.799964227948106	0.564	0.079	0	20	CD207
0	0.659106817466931	0.811	0.424	0	20	LILRA6
0	0.577554682634839	0.745	0.283	0	20	PALD1
0	0.5456496542788	0.687	0.241	0	20	THBD
0	0.486531829284128	0.689	0.133	0	20	KCNMB1
0	0.289521108894689	0.589	0.039	0	20	CEACAM3
0	0.261949885090586	0.141	0.015	0	20	LAD1
0	-2.74574455088496	0.757	0.919	0	20	CD7
0	-2.79697126666848	0.832	0.952	0	20	CD69
0	-3.29192985474258	0.718	0.949	0	20	IL32
1.99597824013481e-307	0.855438173090195	0.866	0.492	5.98793472040442e-304	20	CD300A
1.04214885690198e-306	0.917421227581394	0.793	0.451	3.12644657070594e-303	20	ZNF385A
4.60134386598481e-305	0.900373391525921	1	0.999	1.38040315979544e-301	20	ACTB
1.13109999581957e-304	1.10195044805993	0.904	0.618	3.3932999874587e-301	20	IFNGR1
1.74749322545047e-303	1.83885585652932	0.785	0.478	5.2424796763514e-300	20	CD1C
9.51521388956351e-303	0.351372995916176	0.603	0.158	2.85456416686905e-299	20	EREG
4.48723772599569e-302	-0.795157823676971	1	1	1.34617131779871e-298	20	RPLP1
1.37532543354219e-301	2.14425574861308	0.821	0.609	4.12597630062658e-298	20	MS4A6A
2.13768831650679e-301	1.13032006864582	0.798	0.408	6.41306494952038e-298	20	CLEC4A
6.34831831663058e-301	1.32693372418417	0.994	0.867	1.90449549498917e-297	20	LITAF
5.05904191592038e-296	1.42074296176155	0.635	0.073	1.51771257477611e-292	20	CD1E
2.87385135493212e-295	1.39190038054928	0.903	0.663	8.62155406479637e-292	20	CAPG
8.92165443228165e-294	0.839560643203747	0.959	0.711	2.67649632968449e-290	20	RNH1
1.13780469572576e-293	1.52860120102108	0.867	0.566	3.41341408717729e-290	20	NAAA
1.27267947707509e-293	1.32312090759634	0.973	0.79	3.81803843122527e-290	20	SNX3
2.16305355253819e-293	1.06722878607522	0.968	0.806	6.48916065761456e-290	20	CTSB
4.63056316464694e-293	0.445909281624442	0.469	0.061	1.38916894939408e-289	20	CD1B
5.34451708945703e-293	0.987760435624187	0.824	0.705	1.60335512683711e-289	20	HLA-DOA
4.34487720966817e-291	1.43186580254835	0.933	0.766	1.30346316290045e-287	20	TIMP1
4.71068135584181e-291	1.13081228466145	0.83	0.598	1.41320440675254e-287	20	C12orf45
1.37720110540367e-290	0.898104733253582	0.913	0.704	4.13160331621101e-287	20	HMGA1
1.91253481965167e-289	0.934224816963006	0.911	0.713	5.73760445895502e-286	20	MAN2B1
1.75366034590191e-288	0.788935703150915	0.81	0.621	5.26098103770572e-285	20	TNFSF13
1.13609130513027e-287	0.928852469937643	0.761	0.387	3.40827391539082e-284	20	SLAMF8
1.41913106901974e-286	1.05207762846386	0.819	0.507	4.25739320705923e-283	20	ETS2
2.62224016448811e-282	-0.495928489387885	0.329	0.826	7.86672049346433e-279	20	TXK
9.98842058628739e-280	0.782822817978338	0.647	0.246	2.99652617588622e-276	20	CXCL8
3.103869478e-279	0.856809340071057	0.941	0.771	9.311608434e-276	20	CTSS
4.79396671761597e-279	0.827495131411485	0.76	0.496	1.43819001528479e-275	20	HLA-DOB
5.3552685096332e-278	0.995899003499443	0.958	0.802	1.60658055288996e-274	20	ATF3
5.72745139354818e-278	0.770806405958931	0.783	0.583	1.71823541806445e-274	20	PVRL2
9.93383821037899e-278	0.946274140176701	0.812	0.621	2.9801514631137e-274	20	MARCH1
1.06858804473689e-276	1.17908877716602	0.843	0.612	3.20576413421066e-273	20	PLEK
1.6906389773039e-275	0.909807441132624	0.739	0.217	5.0719169319117e-272	20	LILRB4
1.8357257712852e-271	1.00810497662615	0.951	0.796	5.5071773138556e-268	20	PYCARD
8.17369868733152e-271	2.26077718537969	0.771	0.555	2.45210960619946e-267	20	C1QB
4.2676884419141e-270	1.09117624732869	0.807	0.532	1.28030653257423e-266	20	RNF130
1.07003197892124e-269	1.93455654291806	0.731	0.548	3.21009593676372e-266	20	CLEC10A
2.18994974150463e-269	1.18448918073585	0.823	0.652	6.56984922451389e-266	20	ALOX5
8.83755163838044e-266	0.938360842815126	0.927	0.655	2.65126549151413e-262	20	REL
1.15755413993653e-265	0.694799828606402	0.744	0.432	3.47266241980958e-262	20	CYP2S1
1.39961097310045e-265	-1.70136713447805	0.681	0.876	4.19883291930135e-262	20	CD27
1.79678185396215e-263	0.87949291018059	0.865	0.72	5.39034556188645e-260	20	PRCP
1.39734399752422e-258	1.32389403192344	0.833	0.821	4.19203199257266e-255	20	IL1R2
4.01777463947963e-256	0.900810987990101	0.993	0.886	1.20533239184389e-252	20	DBI
1.01189531006573e-255	2.44255329864198	0.697	0.368	3.03568593019718e-252	20	S100B
1.12467114938044e-255	0.964178981274668	0.784	0.507	3.37401344814132e-252	20	MEF2C
7.12120955388698e-255	0.718957310215667	0.924	0.771	2.13636286616609e-251	20	COMT
1.92437756309274e-254	1.811364825699	0.769	0.627	5.77313268927821e-251	20	C1QA
1.12563588489448e-251	0.718361812496376	0.818	0.657	3.37690765468344e-248	20	GNA15
7.75569570862254e-251	0.764959114251201	0.994	0.869	2.32670871258676e-247	20	PKM
3.0275795108416e-250	0.297779639560627	0.754	0.571	9.0827385325248e-247	20	HHEX
4.73722785938254e-249	0.882293078003622	0.928	0.766	1.42116835781476e-245	20	RALA
6.68885932576856e-249	2.04836452232659	0.969	0.831	2.00665779773057e-245	20	IFITM3
5.74415101570211e-248	0.456624869429383	0.671	0.203	1.72324530471063e-244	20	CD33
5.9268360057945e-248	0.53412293903392	0.714	0.328	1.77805080173835e-244	20	IGFBP7
1.13464934430277e-247	0.650579853141166	0.775	0.633	3.40394803290831e-244	20	MIR181A1HG
1.41837118509789e-247	0.870772109690826	0.647	0.369	4.25511355529366e-244	20	PLD4
3.02921877378259e-246	0.65712712287491	0.772	0.565	9.08765632134778e-243	20	PDLIM7
3.66707671663804e-246	-1.36824815980776	0.665	0.857	1.10012301499141e-242	20	FAIM3
5.60506734211871e-245	-0.82529899959698	1	0.999	1.68152020263561e-241	20	RPS12
1.51817249051356e-244	1.97590628872814	0.718	0.441	4.55451747154067e-241	20	C1QC
2.42870445130966e-244	0.777400897091947	0.835	0.597	7.28611335392899e-241	20	PTTG1IP
4.55239826696019e-244	0.843141306722606	0.778	0.581	1.36571948008806e-240	20	LY86
4.95537231412245e-244	-1.05891408225965	0.46	0.836	1.48661169423673e-240	20	SIRPG
6.61577026566857e-244	1.17141249022249	0.611	0.338	1.98473107970057e-240	20	IL1B
7.6241795797516e-243	0.837921306483036	0.942	0.85	2.28725387392548e-239	20	LIMS1
9.35524606505243e-240	1.00664423803244	0.969	0.786	2.80657381951573e-236	20	LGALS1
6.44472864415555e-237	0.462854894379227	0.838	0.617	1.93341859324667e-233	20	PPIF
2.8250531300249e-236	0.847297542976983	0.924	0.797	8.47515939007469e-233	20	ATOX1
1.93354481607325e-235	0.577459050975127	0.751	0.537	5.80063444821974e-232	20	PLBD1
9.74040918136878e-235	0.717874368278084	0.805	0.601	2.92212275441063e-231	20	FAM49A
1.53991389522114e-234	0.869730591926393	0.789	0.525	4.61974168566341e-231	20	PTPRE
2.26108504036645e-233	0.856660030197695	0.734	0.435	6.78325512109936e-230	20	NDRG2
1.76876090069039e-232	0.755592282096649	0.894	0.672	5.30628270207117e-229	20	ATP6AP1
6.24201792691318e-232	0.856487451408319	0.739	0.466	1.87260537807395e-228	20	TGFBI
2.67339804269098e-231	1.03174804696224	0.733	0.519	8.02019412807293e-228	20	PKIB
3.39692366698875e-231	0.654236751560511	0.726	0.359	1.01907710009662e-227	20	LPCAT2
6.58870809716002e-231	-1.54808662131202	0.615	0.834	1.97661242914801e-227	20	SH2D2A
2.1281581111413e-230	1.56144145856869	0.771	0.599	6.3844743334239e-227	20	IGSF6
2.36250457568856e-229	0.607748965067652	0.754	0.437	7.08751372706568e-226	20	SERPINB6
3.50043089578536e-229	0.79313801739762	0.836	0.652	1.05012926873561e-225	20	NUDT16
3.63866930294253e-228	0.624664932992439	0.959	0.771	1.09160079088276e-224	20	IGFLR1
2.96571877690734e-227	0.803288768837103	0.943	0.806	8.89715633072202e-224	20	TPM4
1.88315678739403e-224	0.909578864649409	0.764	0.595	5.64947036218208e-221	20	IL13RA1
4.73977982957343e-224	0.759475958512033	0.963	0.806	1.42193394887203e-220	20	ITGB2
8.71440236227953e-224	0.867224672249541	0.722	0.42	2.61432070868386e-220	20	CLIC2
1.54865521374079e-223	0.690047431809409	0.971	0.837	4.64596564122237e-220	20	CSTB
2.36577850963555e-222	0.686438995510484	0.881	0.591	7.09733552890666e-219	20	CHMP1B
3.22258201871757e-222	0.793104117446892	0.944	0.829	9.6677460561527e-219	20	SAMHD1
1.96558309488183e-221	0.693423453445509	0.93	0.805	5.89674928464548e-218	20	TMEM14C
2.1522548056403e-220	1.60480291283856	0.716	0.488	6.4567644169209e-217	20	IDO1
4.30511361958667e-220	0.561682024050606	0.658	0.272	1.291534085876e-216	20	FLT3
1.96093626050792e-219	0.269090011047166	0.635	0.258	5.88280878152377e-216	20	APOL4
4.89553727984056e-218	0.726862651063824	0.809	0.56	1.46866118395217e-214	20	DDAH2
1.0567587308712e-217	0.626009159623117	0.777	0.599	3.1702761926136e-214	20	DBNDD2
1.80314094446309e-217	0.927622241393378	0.764	0.69	5.40942283338928e-214	20	CEACAM4
1.834898955273e-217	0.762011126089525	0.985	0.815	5.50469686581901e-214	20	GPX4
4.35782522090185e-216	0.909979758905652	0.769	0.664	1.30734756627055e-212	20	PLXDC2
1.13279839885752e-215	0.689297159203435	0.769	0.579	3.39839519657257e-212	20	PHLDA2
2.52246235084239e-215	0.534812887405479	0.707	0.495	7.56738705252716e-212	20	AGPAT9
1.08867938952346e-214	0.642210318275863	0.928	0.771	3.26603816857037e-211	20	YWHAE
1.10092261570646e-214	0.810227438624242	0.989	0.925	3.30276784711937e-211	20	PSME2
4.43857807224926e-214	0.738699468429412	0.741	0.501	1.33157342167478e-210	20	RNF144B
2.20336477471456e-213	0.990775246891971	0.92	0.625	6.61009432414368e-210	20	GLUL
3.58478456054344e-213	0.569454041435399	0.637	0.219	1.07543536816303e-209	20	RAB32
8.47269746358824e-213	0.417378929058081	0.611	0.123	2.54180923907647e-209	20	P2RY6
2.82457336735712e-210	0.698523845086823	0.76	0.641	8.47372010207135e-207	20	IFNGR2
5.26214227967621e-210	-0.321838238842478	0.264	0.757	1.57864268390286e-206	20	RIC3
5.80750678876855e-210	-1.46246559618923	0.676	0.848	1.74225203663056e-206	20	TIGIT
8.03756631475797e-209	0.446587162418535	0.399	0.104	2.41126989442739e-205	20	MMP12
1.35395029359314e-207	0.710524384949987	0.539	0.105	4.06185088077941e-204	20	FPR3
3.82855616575036e-207	0.812649614042986	0.822	0.579	1.14856684972511e-203	20	INSIG1
4.8425429021979e-207	0.895909395043818	0.722	0.469	1.45276287065937e-203	20	RASSF4
6.37060828898044e-207	0.365190619434981	0.607	0.202	1.91118248669413e-203	20	ANPEP
1.1132851658974e-206	0.746347425096915	0.769	0.652	3.33985549769221e-203	20	CTSZ
1.55426975507285e-205	0.79922463570863	0.829	0.682	4.66280926521855e-202	20	BID
4.24987683744373e-205	0.263951072050449	0.606	0.2	1.27496305123312e-201	20	UPK3A
5.05828525479491e-204	-1.5629661336156	0.961	0.965	1.51748557643847e-200	20	IFITM1
8.62021741880687e-204	0.901220057259879	0.899	0.695	2.58606522564206e-200	20	AMICA1
1.3762570482976e-203	0.579509027401357	0.955	0.754	4.12877114489281e-200	20	CD63
2.27529696488377e-203	0.606478316135725	0.972	0.883	6.82589089465131e-200	20	POMP
4.27329095282901e-203	0.292837015729384	0.691	0.43	1.2819872858487e-199	20	GPR35
6.36205950119287e-203	0.787890178461736	0.728	0.524	1.90861785035786e-199	20	ASAP1
8.0078844164021e-203	0.740225293779226	0.73	0.531	2.40236532492063e-199	20	HLA-DPB2
1.03232412390431e-202	0.276109876344033	0.472	0.097	3.09697237171294e-199	20	PID1
1.52841304201211e-201	0.517673120524855	0.704	0.47	4.58523912603633e-198	20	SPINT1
1.04567960036796e-200	0.749981934814851	0.891	0.712	3.13703880110388e-197	20	MGAT1
1.65093776271672e-199	0.876853660933954	0.664	0.285	4.95281328815016e-196	20	KIAA1598
9.71575386847516e-199	-0.726983751023301	0.66	0.838	2.91472616054255e-195	20	MAL
2.75444860400593e-198	0.569439661434443	0.993	0.882	8.2633458120178e-195	20	FKBP1A
5.11209319538284e-197	0.597649430356886	0.929	0.778	1.53362795861485e-193	20	RTN4
5.24983844354177e-197	0.583870981578516	0.992	0.929	1.57495153306253e-193	20	SLC25A5
9.84721695973773e-197	0.654123382347928	0.933	0.793	2.95416508792132e-193	20	PSMA4
3.97651752332738e-195	0.532413877403682	0.976	0.872	1.19295525699821e-191	20	TALDO1
6.02511578401969e-195	0.63287439934741	0.93	0.753	1.80753473520591e-191	20	PTPN6
5.40854867735728e-194	0.464336230895685	0.669	0.289	1.62256460320718e-190	20	OSCAR
6.14942974280622e-194	0.488532878746107	0.691	0.476	1.84482892284187e-190	20	FILIP1L
1.40057770362403e-193	0.678439700829221	0.624	0.43	4.20173311087209e-190	20	PSTPIP2
1.3213819077834e-191	0.532226863397164	0.75	0.446	3.96414572335021e-188	20	SPG21
2.71330505076936e-191	0.588898382519527	0.867	0.693	8.13991515230809e-188	20	UBE2D1
3.13022667362185e-191	0.510449920433589	0.541	0.274	9.39068002086556e-188	20	PTAFR
4.31004228171318e-191	1.47782203943167	0.731	0.577	1.29301268451396e-187	20	IRF8
8.1784787375443e-191	0.76930694055766	0.833	0.769	2.45354362126329e-187	20	HAVCR2
1.11080233606683e-190	0.625734327996577	0.818	0.622	3.33240700820048e-187	20	APPL1
5.56968317210347e-190	0.280479842031685	0.593	0.326	1.67090495163104e-186	20	CXCL2
9.3443677437829e-190	0.664741773921684	0.804	0.61	2.80331032313487e-186	20	FUOM
1.01414407637584e-189	0.727309873070337	0.741	0.604	3.04243222912751e-186	20	CD40
2.77168878439693e-189	0.781009458139396	0.847	0.655	8.3150663531908e-186	20	MAP3K8
3.57289066271464e-189	1.12062739252301	0.703	0.523	1.07186719881439e-185	20	FSCN1
1.20741969444723e-188	0.746130181449379	0.738	0.576	3.62225908334169e-185	20	ACTN1
1.73435300102282e-188	0.657624866561262	0.864	0.701	5.20305900306845e-185	20	NAMPT
1.98288379604697e-188	0.708553371148089	0.996	0.979	5.94865138814092e-185	20	FTL
2.07199348650818e-188	0.388065514073112	0.61	0.172	6.21598045952454e-185	20	ST14
2.84771842400456e-188	-0.632357784332604	0.394	0.777	8.54315527201369e-185	20	PASK
8.22229577906367e-188	0.719145619948897	0.752	0.63	2.4666887337191e-184	20	SYK
1.41000939464706e-186	0.440287821590208	0.94	0.713	4.23002818394117e-183	20	NME2
1.69569108246839e-186	0.78617090133462	0.724	0.51	5.08707324740516e-183	20	KYNU
6.0735774068066e-186	1.23253926301225	0.731	0.535	1.82207322204198e-182	20	FCGR2A
6.52915631160955e-186	1.8931309610685	0.963	0.87	1.95874689348286e-182	20	TXN
1.84457754106277e-185	0.650052464492981	0.838	0.675	5.53373262318831e-182	20	GNG10
2.37940945989855e-184	0.423731809865137	0.713	0.553	7.13822837969566e-181	20	SLC43A2
4.95930027395516e-183	0.594142173045069	0.871	0.737	1.48779008218655e-179	20	ATP1B3
1.97546416471951e-182	0.539283721869056	0.902	0.741	5.92639249415853e-179	20	HSBP1
4.78187771637099e-182	0.607613868122148	0.832	0.672	1.4345633149113e-178	20	AP1S2
5.83518219032104e-182	0.795759897140222	0.814	0.656	1.75055465709631e-178	20	AHR
6.46876762987063e-182	-1.61518154118408	0.579	0.795	1.94063028896119e-178	20	ITM2A
5.17590859133489e-181	0.649271229771264	0.858	0.744	1.55277257740047e-177	20	EIF4EBP1
1.09282644101913e-180	1.02465305132521	0.682	0.369	3.27847932305738e-177	20	FPR1
1.26040895815674e-180	0.460885016196828	0.773	0.576	3.78122687447021e-177	20	QSOX1
3.54675773274278e-180	0.602749508917814	0.961	0.861	1.06402731982283e-176	20	ATP6V1F
7.49968427936113e-180	0.565557322903105	0.746	0.619	2.24990528380834e-176	20	C10orf128
1.32119148892178e-177	0.659697109906628	0.906	0.792	3.96357446676534e-174	20	GSTO1
1.5653879799235e-177	0.267566962764915	0.662	0.433	4.6961639397705e-174	20	ETV5
4.60620209850369e-177	0.623147281372538	0.964	0.844	1.38186062955111e-173	20	RNASET2
1.32588534451338e-176	0.530493990151526	0.7	0.572	3.97765603354015e-173	20	SPIB
2.85994170133986e-176	0.752914987342161	0.855	0.637	8.57982510401959e-173	20	BHLHE40
3.06815662302688e-175	0.531225218650953	0.808	0.688	9.20446986908064e-172	20	NANS
4.16746668391072e-174	0.68802166966196	0.707	0.535	1.25024000517322e-170	20	GGTA1P
2.85207044708092e-173	0.613833988591175	0.715	0.46	8.55621134124276e-170	20	HLA-DRB6
1.74627934666974e-172	0.291144116104426	0.758	0.549	5.23883804000921e-169	20	MAFF
2.27684918681992e-172	0.590313041389947	0.787	0.579	6.83054756045975e-169	20	C20orf27
3.27976501167804e-172	0.560922662409643	0.707	0.609	9.83929503503412e-169	20	TUBB6
4.62673180772922e-172	0.419570709294313	0.722	0.596	1.38801954231877e-168	20	BTK
1.20619252699377e-171	0.612463160378652	0.858	0.748	3.61857758098132e-168	20	MIS18BP1
2.32691283219071e-169	0.514609068138003	0.903	0.801	6.98073849657212e-166	20	ATP6V0D1
2.37637626799767e-169	0.873189543498986	0.906	0.769	7.12912880399301e-166	20	RGS2
1.44534960803171e-168	0.357228665773435	0.615	0.394	4.33604882409514e-165	20	MS4A4A
2.36485423351786e-168	0.578676218970392	0.7	0.477	7.09456270055358e-165	20	RASSF2
2.87783228587209e-168	0.380616166963168	0.635	0.214	8.63349685761626e-165	20	DAPK1
1.14025417919434e-167	0.462282503949856	0.724	0.527	3.42076253758301e-164	20	NME4
1.66546341080747e-167	0.468281343829928	0.765	0.655	4.99639023242241e-164	20	TSPAN3
9.26638402458088e-167	0.724606682960399	0.873	0.71	2.77991520737427e-163	20	SOD2
1.64443306403111e-166	0.441943911122486	0.574	0.332	4.93329919209334e-163	20	VEGFA
3.82647156969607e-166	0.807074953797855	0.725	0.574	1.14794147090882e-162	20	ATF5
3.51427188818591e-165	0.518768732760594	0.93	0.795	1.05428156645577e-161	20	BANF1
4.61853506050562e-165	0.681589791441707	0.704	0.543	1.38556051815169e-161	20	CIITA
5.69602698723122e-165	0.804453359867239	0.803	0.734	1.70880809616937e-161	20	GK
3.81790440338443e-163	1.01646131738946	0.704	0.44	1.14537132101533e-159	20	CSF1R
1.22974911778784e-162	0.453979276727999	0.988	0.861	3.68924735336352e-159	20	EIF5A
3.89117553274645e-162	0.678629020078172	0.689	0.467	1.16735265982393e-158	20	DSE
7.57074089211872e-162	0.422828456990556	0.458	0.11	2.27122226763562e-158	20	CLEC5A
3.04134207650896e-161	0.783778398577874	0.666	0.372	9.12402622952688e-158	20	SERPINF2
6.2606198426819e-161	0.543390258115151	0.885	0.738	1.87818595280457e-157	20	VASP
2.03166783325239e-160	-0.322253320421697	0.067	0.579	6.09500349975718e-157	20	LOC102725101
4.30317183304646e-160	-1.00183008592764	0.424	0.745	1.29095154991394e-156	20	TRAT1
2.67748801241699e-159	0.441223819705002	0.862	0.681	8.03246403725096e-156	20	TXNDC17
6.0233295412585e-159	-0.322920714883446	0.344	0.748	1.80699886237755e-155	20	FAAH2
1.78949199211308e-158	-0.943627420913664	0.672	0.833	5.36847597633923e-155	20	CD82
7.04392313469721e-158	0.391679603109311	0.877	0.588	2.11317694040916e-154	20	COTL1
2.29520827112873e-157	-0.285017786865143	0.276	0.732	6.88562481338619e-154	20	LOC102724246
4.99065531756029e-157	0.52481006702986	0.924	0.76	1.49719659526809e-153	20	CMTM6
7.83996439161487e-157	0.551553252614194	0.761	0.645	2.35198931748446e-153	20	NAGA
9.46184140933625e-157	1.17524378932247	0.65	0.439	2.83855242280087e-153	20	C1orf54
1.0025177792362e-156	0.339292132349646	0.888	0.764	3.00755333770861e-153	20	FKBP2
7.4170406974185e-156	0.537800937192614	0.657	0.3	2.22511220922555e-152	20	LILRA2
7.75570737055294e-155	0.427780188001646	0.982	0.919	2.32671221116588e-151	20	ENO1
1.11770451347513e-154	0.783023436342125	0.857	0.774	3.35311354042538e-151	20	FABP5
1.24973133551321e-154	0.4757621790003	0.878	0.666	3.74919400653964e-151	20	MAT2A
2.49301998017927e-154	0.464690024664873	0.736	0.577	7.47905994053781e-151	20	TPMT
8.7524792948962e-154	0.380337517035466	0.992	0.908	2.62574378846886e-150	20	COX5A
1.00765137424292e-153	0.470522838963218	0.958	0.871	3.02295412272877e-150	20	VDAC1
6.02017857426261e-152	0.381085706929413	0.996	0.946	1.80605357227878e-148	20	YBX1
7.11977999375282e-152	0.448497397750721	0.998	0.934	2.13593399812584e-148	20	LSP1
2.96797110933974e-151	-0.640547904237686	1	1	8.90391332801921e-148	20	EEF1A1
7.31778880400203e-151	-1.28263079895848	0.667	0.85	2.19533664120061e-147	20	PRDM1
2.76558067699717e-149	-0.439272245344828	0.446	0.748	8.29674203099152e-146	20	JAKMIP1
4.02418863989369e-149	0.637844055433192	0.709	0.585	1.20725659196811e-145	20	NCF2
5.78630992746867e-149	0.338337394018712	0.989	0.952	1.7358929782406e-145	20	ARPC1B
1.87984789909032e-148	0.722967195364609	0.709	0.525	5.63954369727096e-145	20	CD9
1.93328900519264e-148	-1.00041763889987	0.556	0.794	5.79986701557791e-145	20	PDCD1
9.73401086260441e-148	0.713955785789947	0.696	0.566	2.92020325878132e-144	20	IL4I1
2.11797862783948e-147	0.422799328515102	0.993	0.926	6.35393588351845e-144	20	TAGLN2
2.97225171978793e-147	0.837227302591827	0.62	0.393	8.91675515936378e-144	20	WDFY4
5.37193030873452e-147	0.4519946641487	0.719	0.658	1.61157909262036e-143	20	SCIMP
3.05226184910614e-146	0.865879665104982	0.807	0.615	9.15678554731842e-143	20	IER3
6.31582636814714e-146	0.32663497144594	0.393	0.072	1.89474791044414e-142	20	RAB7B
6.70838393044955e-145	0.580727022862298	0.693	0.58	2.01251517913487e-141	20	ALCAM
1.15336319073182e-144	0.631590777558183	0.809	0.714	3.46008957219546e-141	20	MYD88
3.91692936574345e-144	0.426329490175636	0.617	0.438	1.17507880972303e-140	20	CCND1
2.44157437838813e-143	1.07135916075173	0.381	0.179	7.32472313516439e-140	20	CLEC9A
7.3472624275359e-143	0.479533402307595	0.653	0.451	2.20417872826077e-139	20	MAFB
1.28818758094586e-142	0.393440894827355	0.705	0.522	3.86456274283759e-139	20	NFKBID
2.05706740443742e-142	-3.2241496758931	0.665	0.798	6.17120221331227e-139	20	CCL5
3.72314767509473e-142	0.343603311243951	0.779	0.616	1.11694430252842e-138	20	GLA
8.68127625365051e-142	0.503136487488322	0.746	0.615	2.60438287609515e-138	20	CTNNA1
1.87722861603644e-141	0.430341871780903	0.888	0.719	5.63168584810931e-138	20	GLIPR2
2.17354960477981e-141	0.260238417389585	0.407	0.188	6.52064881433942e-138	20	CLEC4E
1.18208687325814e-140	0.478393910186935	0.944	0.831	3.54626061977441e-137	20	NAP1L1
1.36189906014096e-140	0.626210737940765	0.729	0.582	4.08569718042288e-137	20	TBXAS1
1.87916771440662e-140	0.426382513850831	0.752	0.544	5.63750314321985e-137	20	MXD1
2.37440683131067e-140	0.512142730505995	0.893	0.742	7.12322049393201e-137	20	HIF1A
2.54850736628811e-140	0.544612471894646	0.625	0.356	7.64552209886432e-137	20	GNB4
3.96480894191231e-140	0.390720920204125	0.791	0.67	1.18944268257369e-136	20	ANXA4
8.79735445850354e-140	0.502470291280589	0.903	0.818	2.63920633755106e-136	20	MTHFD2
1.29596495192668e-139	0.352057602949793	0.514	0.244	3.88789485578004e-136	20	LILRB2
2.57725871057343e-139	-0.43952048741185	0.673	0.857	7.73177613172029e-136	20	RTKN2
2.41538341109917e-138	0.410473911584024	0.721	0.559	7.24615023329751e-135	20	SMIM14
4.24790895088091e-138	0.522015450092103	0.734	0.536	1.27437268526427e-134	20	CECR1
4.40932002391654e-138	0.4691048365297	0.717	0.553	1.32279600717496e-134	20	CUX1
1.24156153501221e-137	0.631037631081139	0.689	0.553	3.72468460503663e-134	20	KCTD12
2.37263061572303e-137	0.738598380849224	0.855	0.742	7.11789184716909e-134	20	SERPINB9
3.11488450398292e-137	0.388373546767081	0.78	0.651	9.34465351194877e-134	20	STX11
6.49248593695312e-137	0.930011304424977	0.623	0.503	1.94774578108594e-133	20	CYBB
2.62289880949028e-136	0.414539793197698	0.876	0.655	7.86869642847084e-133	20	MYADM
3.54523580451699e-136	0.318591798864338	0.995	0.934	1.0635707413551e-132	20	TPI1
1.05293525390604e-135	0.435260525562183	0.845	0.744	3.15880576171812e-132	20	PTRHD1
1.42364819583507e-135	0.568077506795186	0.694	0.631	4.27094458750521e-132	20	GRASP
1.71199364058817e-135	0.507401243433289	0.991	0.891	5.1359809217645e-132	20	CALR
1.94277793436747e-135	0.463712009390796	0.963	0.865	5.82833380310242e-132	20	HSP90B1
2.65903355401833e-135	-0.973290332999697	0.577	0.762	7.97710066205498e-132	20	CXCR6
2.93422513118373e-135	-1.8797097071591	0.384	0.737	8.80267539355118e-132	20	KLRB1
1.16977093783816e-133	0.736640065155353	0.61	0.539	3.50931281351448e-130	20	ANKRD22
1.04337284084931e-132	0.536113995736929	0.68	0.612	3.13011852254794e-129	20	LTBR
1.36112452880102e-132	0.938058269370571	0.74	0.768	4.08337358640306e-129	20	HMOX1
3.45228334075773e-132	0.652212522477486	0.66	0.538	1.03568500222732e-128	20	BASP1
3.94922758893465e-132	0.475923810372892	0.654	0.478	1.18476827668039e-128	20	F11R
6.84477962403088e-132	-1.61726026257092	0.737	0.831	2.05343388720927e-128	20	TUBA4A
6.90625253245087e-132	0.55980466715074	0.711	0.542	2.07187575973526e-128	20	SNX10
1.15494682614305e-131	0.505865821917314	0.775	0.734	3.46484047842914e-128	20	LY96
1.44046462226518e-131	0.46996480182944	0.666	0.602	4.32139386679555e-128	20	PKP2
2.48056842349646e-131	0.315870627797708	0.581	0.339	7.44170527048937e-128	20	SIGLEC7
2.88488790003294e-131	0.359742009251213	0.546	0.252	8.65466370009883e-128	20	PILRA
3.73090807762263e-131	0.418816102371284	0.628	0.441	1.11927242328679e-127	20	SERPING1
4.67871279873524e-131	-0.294365889644948	0.481	0.841	1.40361383962057e-127	20	ICA1
4.74342320824184e-130	0.985924058702668	0.508	0.197	1.42302696247255e-126	20	FCER1A
1.02499731700785e-129	-2.67631801820906	0.614	0.782	3.07499195102356e-126	20	GZMA
2.62244138999115e-129	0.584224216137488	0.718	0.687	7.86732416997344e-126	20	CFP
3.40222700730218e-129	0.552349631101845	0.694	0.558	1.02066810219065e-125	20	GNAQ
4.4967905221876e-129	-1.16237954978706	0.987	0.983	1.34903715665628e-125	20	TSC22D3
4.57003328126046e-129	0.484406571026546	0.673	0.528	1.37100998437814e-125	20	KCNK6
4.60769250443658e-129	0.252952417906978	0.503	0.259	1.38230775133097e-125	20	LILRA1
4.89987977830857e-129	0.577818292957907	0.754	0.626	1.46996393349257e-125	20	RAB11FIP1
6.19608980171966e-129	0.409787578739259	0.858	0.737	1.8588269405159e-125	20	ASAH1
1.02648802412939e-128	0.353250797977854	0.831	0.637	3.07946407238817e-125	20	TUBA1C
1.55324881360007e-128	0.44647068717935	0.882	0.702	4.65974644080022e-125	20	CKLF
2.35616383446588e-128	0.338417402789831	0.93	0.735	7.06849150339764e-125	20	NR4A1
2.5199670124764e-128	0.331588695532885	0.985	0.862	7.55990103742921e-125	20	ATP6V0C
5.6934043064321e-128	0.307861858688275	0.609	0.39	1.70802129192963e-124	20	CLIC4
1.59025238356574e-127	0.335633417619253	0.717	0.575	4.77075715069723e-124	20	AVPI1
2.81109850403818e-127	-0.597851008924846	0.508	0.832	8.43329551211453e-124	20	FOXP3
4.62896489053132e-127	0.400538209386988	0.695	0.495	1.3886894671594e-123	20	GPR137B
5.30377062883337e-127	0.584762512313685	0.701	0.595	1.59113118865001e-123	20	HPS5
7.81093903087879e-127	0.432246021881553	0.776	0.682	2.34328170926364e-123	20	CYSTM1
1.0093962584345e-126	0.343133703156343	0.986	0.913	3.0281887753035e-123	20	CALM2
7.01402895263381e-126	-0.816665347889078	0.425	0.738	2.10420868579014e-122	20	GATA3
1.58260026139629e-124	0.422881925044139	0.694	0.623	4.74780078418888e-121	20	GM2A
1.22585075442983e-123	-0.738977790252817	0.463	0.733	3.67755226328949e-120	20	PDE4D
1.66064818658765e-123	0.313113704344114	0.813	0.635	4.98194455976296e-120	20	GNAI2
7.74678641036453e-123	0.471908269440049	0.805	0.692	2.32403592310936e-119	20	KLF10
1.48175817218595e-122	-0.983628574601706	0.58	0.812	4.44527451655785e-119	20	RNF19A
7.55746081829935e-122	-1.79907601075079	0.781	0.871	2.26723824548981e-118	20	IL7R
8.48846974923727e-122	0.341925362855018	0.735	0.602	2.54654092477118e-118	20	BLVRB
1.72671168556249e-121	0.703934633139022	0.875	0.914	5.18013505668746e-118	20	TNFSF13B
4.9960493885307e-121	-0.376450125854139	0.39	0.73	1.49881481655921e-117	20	FBLN7
1.1681618321746e-120	1.14955467245689	0.642	0.574	3.50448549652381e-117	20	G0S2
3.98843352915799e-120	0.405840205207333	0.994	0.943	1.1965300587474e-116	20	LDHA
2.49088147800444e-119	0.437294721458421	0.907	0.768	7.47264443401332e-116	20	LRRFIP1
1.62086303865782e-118	0.365213922940673	0.761	0.603	4.86258911597347e-115	20	PER1
2.16574122721682e-118	0.556520886872592	0.948	0.868	6.49722368165047e-115	20	TUBB
3.11792726957573e-118	0.493784197030742	0.617	0.341	9.3537818087272e-115	20	LRRC25
3.62183845947836e-118	0.584285930663634	0.611	0.308	1.08655153784351e-114	20	P2RY13
4.24213859970326e-118	0.378714885422699	0.896	0.79	1.27264157991098e-114	20	PRDX3
9.70767664739229e-118	0.256179776951802	0.965	0.872	2.91230299421769e-114	20	BST2
1.12806385118146e-117	0.419721344953243	0.939	0.753	3.38419155354439e-114	20	NR4A2
2.74481648010744e-117	0.476250535074908	0.664	0.518	8.23444944032232e-114	20	CORO1C
5.50506268719608e-117	0.37894558726886	0.787	0.68	1.65151880615882e-113	20	BEX4
9.00828509587959e-117	0.555674876943734	0.671	0.597	2.70248552876388e-113	20	SEMA4A
9.82913719041646e-117	0.261816985577862	0.48	0.165	2.94874115712494e-113	20	TREM1
1.93514625623945e-116	0.250362758739752	0.483	0.294	5.80543876871836e-113	20	IL3RA
2.51261368134832e-116	0.428498383632045	0.573	0.441	7.53784104404495e-113	20	LILRB1
1.32588850393622e-115	0.392424623394854	0.636	0.431	3.97766551180865e-112	20	CEBPD
2.68624655372973e-115	0.403834087467156	0.67	0.461	8.05873966118918e-112	20	NFKB1
3.03539418727122e-115	-1.3563563892074	0.976	0.973	9.10618256181366e-112	20	JUN
4.39624693761232e-114	0.252238548757787	0.91	0.784	1.3188740812837e-110	20	PHPT1
1.40023092391793e-113	0.300899011954112	0.905	0.813	4.2006927717538e-110	20	C19orf10
2.18884409713239e-113	0.292754518434629	0.513	0.267	6.56653229139716e-110	20	SIRPA
3.21241424519321e-113	0.507374149512274	0.726	0.61	9.63724273557963e-110	20	JARID2
6.12139695269421e-113	0.60620363885771	0.642	0.453	1.83641908580826e-109	20	ITGAX
1.05809788734385e-111	0.462677410687861	0.688	0.586	3.17429366203155e-108	20	EIF2AK4
2.56390519441087e-111	0.290840893156353	0.955	0.83	7.69171558323261e-108	20	CNN2
1.4563042237747e-110	1.02602426142599	0.554	0.359	4.36891267132411e-107	20	CD1A
4.36719022367068e-110	-0.513473459744499	0.613	0.867	1.3101570671012e-106	20	HIST1H1D
5.04488289884434e-110	0.305633922969426	0.572	0.28	1.5134648696533e-106	20	CSF3R
1.181936200057e-109	0.425713711098633	0.624	0.448	3.54580860017101e-106	20	CD300C
3.28026274892498e-109	-0.655545373488154	1	0.998	9.84078824677494e-106	20	RPS18
3.81746520335869e-109	-0.887078073463367	0.612	0.851	1.14523956100761e-105	20	CTLA4
1.44745369046215e-108	0.300221239361889	0.867	0.721	4.34236107138646e-105	20	LSM4
2.25771594901847e-107	-1.00689998709373	0.424	0.721	6.77314784705542e-104	20	SH2D1A
3.03676851885617e-107	0.420078325306173	0.842	0.682	9.11030555656852e-104	20	ABI3
3.82215186304384e-107	-1.01708288660449	0.611	0.774	1.14664555891315e-103	20	FKBP11
5.48516868801103e-107	-1.99659172244355	0.637	0.777	1.64555060640331e-103	20	CTSW
5.61033181162714e-107	0.375729272551631	0.772	0.652	1.68309954348814e-103	20	CD59
5.78331829161698e-107	-0.379536011043153	0.464	0.739	1.73499548748509e-103	20	GPR25
5.84733027074382e-107	0.314914988787837	0.648	0.426	1.75419908122315e-103	20	EMR2
1.60470632586598e-106	0.634442814623862	0.742	0.585	4.81411897759795e-103	20	LMNA
3.33025277039434e-106	0.269340018732022	0.911	0.75	9.99075831118304e-103	20	HMGN3
5.71891132053522e-106	-0.328187327159707	0.432	0.742	1.71567339616057e-102	20	IKZF2
6.33134717274436e-106	0.462598557585191	0.778	0.708	1.89940415182331e-102	20	RIPK2
9.60104999429925e-106	0.354964699516476	0.622	0.537	2.88031499828978e-102	20	RAB13
1.09317264055211e-105	0.36887355068274	0.714	0.512	3.27951792165634e-102	20	YWHAH
2.62510239579161e-105	-0.355589092133086	0.4	0.72	7.87530718737484e-102	20	NDFIP2
4.21927598020094e-105	0.369914905084421	0.652	0.581	1.26578279406028e-101	20	HRH2
5.80487589342079e-105	0.490176682102679	0.927	0.755	1.74146276802624e-101	20	HSPB1
6.37855269051645e-105	-1.92165197741848	0.643	0.749	1.91356580715494e-101	20	PRF1
1.16205628921737e-104	0.489976901900335	0.725	0.587	3.48616886765212e-101	20	ZFAND5
1.24317308888558e-104	0.300263262892769	0.979	0.912	3.72951926665674e-101	20	UCP2
1.6001254213799e-104	-0.740095587827557	0.468	0.717	4.80037626413971e-101	20	LEF1
2.42808993106382e-104	0.716110343638187	0.564	0.471	7.28426979319145e-101	20	CD14
2.95848385162125e-104	2.21531875193962	0.523	0.257	8.87545155486376e-101	20	CCL17
3.63729552971775e-104	0.520584698679167	0.708	0.634	1.09118865891533e-100	20	LAT2
4.56346360451315e-104	0.487746161765073	0.753	0.658	1.36903908135394e-100	20	ENG
6.75154092471392e-104	0.324548238347854	0.785	0.65	2.02546227741418e-100	20	CD151
3.47738216074484e-103	0.63002018061639	0.671	0.701	1.04321464822345e-99	20	TM6SF1
6.82681963489259e-103	0.32169310748788	0.719	0.668	2.04804589046778e-99	20	ISOC2
3.37987271150494e-102	0.345279323527163	0.777	0.621	1.01396181345148e-98	20	NINJ1
4.67617228602039e-102	0.391964441668298	0.635	0.597	1.40285168580612e-98	20	B3GNT5
7.48392739365227e-102	0.256421502333041	0.628	0.569	2.24517821809568e-98	20	PTGS1
8.68784084780767e-102	0.346885921398516	0.655	0.571	2.6063522543423e-98	20	LACTB
1.14792119440328e-101	0.328477643558393	0.604	0.411	3.44376358320983e-98	20	GOLIM4
4.28212354488455e-101	0.2928739404613	0.587	0.412	1.28463706346537e-97	20	NBPF14
4.75713744165593e-101	0.510343551339844	0.862	0.706	1.42714123249678e-97	20	RHOB
6.53154810074999e-101	0.54164482391644	0.673	0.613	1.959464430225e-97	20	RGS18
9.56193727069633e-101	-1.33507706427247	0.923	0.958	2.8685811812089e-97	20	LDHB
1.68795646762032e-100	0.429506816631645	0.639	0.58	5.06386940286097e-97	20	ADAM28
3.87657415530865e-100	0.347764121193176	0.711	0.623	1.16297224659259e-96	20	SH3TC1
7.31448927675427e-100	0.49518092342288	0.615	0.524	2.19434678302628e-96	20	CD80
2.18307859307635e-99	0.351664647620914	0.911	0.784	6.54923577922904e-96	20	DEK
2.92943780047373e-99	0.315803532805729	0.881	0.772	8.7883134014212e-96	20	DDX21
4.01959715519861e-99	-0.773877022917903	0.574	0.797	1.20587914655958e-95	20	GPR171
4.30458433438703e-99	0.490317006007798	0.75	0.68	1.29137530031611e-95	20	RIN3
8.26944506389347e-99	0.64912804185879	0.707	0.633	2.48083351916804e-95	20	ATP6V1B2
8.41683159085611e-99	0.416196878218942	0.563	0.599	2.52504947725683e-95	20	PLEK2
2.21859528284966e-98	0.503971242415171	0.68	0.644	6.65578584854897e-95	20	PON2
5.55036540001168e-98	0.450212409461205	0.709	0.687	1.6651096200035e-94	20	ODF3B
8.0358070776212e-98	0.708157138031578	0.637	0.639	2.41074212328636e-94	20	RAMP1
9.49215689100107e-98	0.366776613716256	0.607	0.464	2.84764706730032e-94	20	SPECC1
2.00665329672451e-97	0.433485113587064	0.539	0.201	6.01995989017354e-94	20	AXL
1.28437182465126e-95	0.554033719241776	0.613	0.466	3.85311547395378e-92	20	NLRP3
1.65454117029183e-95	-0.470454150340229	0.315	0.696	4.96362351087549e-92	20	S1PR1
2.8753727243211e-95	0.638833277196833	0.634	0.596	8.6261181729633e-92	20	P2RY14
4.20448435246992e-95	0.403728356869272	0.657	0.568	1.26134530574097e-91	20	IL18BP
1.65980708970118e-94	1.21110711881618	0.586	0.603	4.97942126910355e-91	20	TMEM176B
8.57237519297181e-94	-1.37811751154406	0.91	0.936	2.57171255789154e-90	20	DNAJB1
2.12883022709717e-93	0.350550512819756	0.603	0.484	6.3864906812915e-90	20	RAB20
2.35649545460139e-93	0.424390011071249	0.657	0.583	7.06948636380415e-90	20	APP
1.23622555425502e-91	0.309496830417462	0.96	0.888	3.70867666276507e-88	20	HERPUD1
1.59536822650836e-91	0.483978150345423	0.63	0.551	4.78610467952509e-88	20	MYOF
1.83432160640057e-91	0.511340930147435	0.984	0.94	5.5029648192017e-88	20	S100A6
8.1049742965521e-91	0.298680950380118	0.533	0.371	2.43149228896563e-87	20	TNFRSF21
1.6794317740325e-90	0.532482789460867	0.65	0.63	5.03829532209751e-87	20	SNX8
2.81502380328019e-89	0.423407130223173	0.794	0.727	8.44507140984058e-86	20	RNF13
3.61628524974849e-89	-1.43307421480721	0.638	0.788	1.08488557492455e-85	20	BATF
5.56973509104101e-89	0.367107735010285	0.709	0.622	1.6709205273123e-85	20	MCM5
6.67380863146246e-89	1.21151663932904	0.799	0.694	2.00214258943874e-85	20	PLAC8
7.34984540880898e-89	0.515425457575657	0.678	0.735	2.20495362264269e-85	20	TBC1D8
1.35463243745954e-88	0.484457573293727	0.629	0.568	4.06389731237862e-85	20	ACER3
1.59279242493393e-88	0.552521619837607	0.758	0.727	4.7783772748018e-85	20	ARHGAP18
2.55173633393791e-88	0.297337150433014	0.888	0.827	7.65520900181373e-85	20	CCT6A
2.78842895071827e-88	-2.20680277753606	0.37	0.701	8.36528685215481e-85	20	CXCL13
5.64810856172696e-88	0.455246711248872	0.776	0.72	1.69443256851809e-84	20	PGD
1.19517976234088e-87	0.357475536463031	0.59	0.43	3.58553928702265e-84	20	ARHGAP31
1.22671255213562e-87	0.295761416397158	0.836	0.746	3.68013765640687e-84	20	CCT5
4.55744358232714e-87	0.296941583739502	0.763	0.625	1.36723307469814e-83	20	HEXA
5.15043485733481e-87	0.31429758920452	0.885	0.808	1.54513045720044e-83	20	C10orf54
6.79776507793606e-87	1.0598286645465	0.56	0.381	2.03932952338082e-83	20	TMEM176A
6.80388246641111e-87	0.425318229816136	0.637	0.667	2.04116473992333e-83	20	SULF2
8.37939489342448e-87	1.07239030831173	0.539	0.404	2.51381846802735e-83	20	UBD
9.97165976163558e-87	0.355052680434967	0.878	0.831	2.99149792849067e-83	20	TKT
5.76391140807638e-86	0.815607665357786	0.597	0.451	1.72917342242291e-82	20	VMO1
2.70626112680248e-84	-0.795492192140245	0.503	0.719	8.11878338040745e-81	20	TMEM2
1.47914004369398e-83	0.433392730227288	0.653	0.61	4.43742013108194e-80	20	TRIB1
1.86994033681615e-83	0.355119512192754	0.778	0.743	5.60982101044845e-80	20	DCTPP1
2.47651321601105e-83	-0.933359524808932	0.517	0.8	7.42953964803315e-80	20	TMEM173
3.5774831666624e-83	0.315746472040678	0.48	0.075	1.07324494999872e-79	20	CD302
5.33548885082762e-83	-0.558778325969032	0.309	0.668	1.60064665524829e-79	20	PERP
9.53931345498618e-83	0.303953628996315	0.889	0.821	2.86179403649585e-79	20	HN1
1.14158851165491e-82	0.256562841035131	0.743	0.614	3.42476553496474e-79	20	LINC00936
1.58059773570169e-82	0.302665170825191	0.622	0.525	4.74179320710506e-79	20	CLN8
2.55379988205917e-82	-0.538944927365616	0.368	0.681	7.66139964617752e-79	20	TNFRSF25
2.96476589041756e-82	0.342497576111489	0.587	0.405	8.89429767125268e-79	20	LYN
5.19602015615841e-82	0.358224959661539	0.666	0.611	1.55880604684752e-78	20	GAA
7.23687974278776e-82	0.350242639085143	0.575	0.418	2.17106392283633e-78	20	CLEC12A
3.20983686749345e-81	0.346763324615211	0.72	0.649	9.62951060248034e-78	20	PLEKHB2
3.51517070608475e-81	-0.629503018465509	0.351	0.664	1.05455121182543e-77	20	NELL2
7.47460884513065e-81	-0.25768217251142	0.493	0.808	2.2423826535392e-77	20	NGFRAP1
6.40892394447375e-80	-0.835913499393218	0.583	0.699	1.92267718334212e-76	20	IL2RB
2.00893564769161e-79	0.649040249836331	0.651	0.607	6.02680694307483e-76	20	DAPP1
5.72959544625118e-79	-0.686775600452628	0.474	0.782	1.71887863387535e-75	20	IL6ST
1.23874213644514e-78	0.979601747684187	0.576	0.543	3.71622640933543e-75	20	DNASE1L3
2.22056092385716e-78	0.3352621686533	0.603	0.534	6.66168277157148e-75	20	PLXNC1
2.54141686697527e-78	0.469890696259888	0.934	0.816	7.6242506009258e-75	20	GADD45B
2.76945583914121e-78	0.268115863823069	0.436	0.163	8.30836751742362e-75	20	DSC2
2.03007922042559e-77	0.31651190963134	0.784	0.772	6.09023766127677e-74	20	AHCY
4.46855650755572e-77	-1.57253146574515	0.538	0.719	1.34056695226672e-73	20	CD8B
7.57224986599982e-77	0.334747952040402	0.704	0.612	2.27167495979995e-73	20	UBE2F
8.0005685993182e-77	0.424180074102266	0.697	0.619	2.40017057979546e-73	20	FAM105A
1.72563389273621e-76	0.312980625776042	0.785	0.655	5.17690167820862e-73	20	SMIM3
4.96684462030781e-76	0.354089097279327	0.59	0.473	1.49005338609234e-72	20	ZMIZ1
9.28759835483955e-76	0.548591980370147	0.641	0.714	2.78627950645186e-72	20	RBM47
1.64642424986826e-75	0.355636632481994	0.877	0.816	4.93927274960479e-72	20	LGALS3
1.96288564944715e-75	-0.571863563960292	0.428	0.697	5.88865694834146e-72	20	CD28
3.74597835340286e-75	-0.887510619754736	0.53	0.805	1.12379350602086e-71	20	TNFRSF4
5.38220103895257e-75	-0.283832437863053	0.47	0.783	1.61466031168577e-71	20	IL2RA
8.05117056495151e-75	0.260122282820746	0.688	0.644	2.41535116948545e-71	20	SNRNP25
1.09252554364526e-74	0.378523213993384	0.734	0.643	3.27757663093577e-71	20	SH3BP5
8.86030531322375e-74	0.299104744665324	0.679	0.607	2.65809159396713e-70	20	APLP2
2.03960912659287e-73	0.316679520654939	0.554	0.433	6.1188273797786e-70	20	TVP23A
1.08615829829626e-72	-0.727125986156401	0.299	0.654	3.25847489488877e-69	20	KLRC2
1.60525618326238e-72	0.42622364948704	0.598	0.517	4.81576854978713e-69	20	ADAP2
1.98715451118842e-72	-0.370122929494026	0.513	0.69	5.96146353356527e-69	20	FBXO32
4.63155092428766e-72	0.257154907254451	0.631	0.559	1.3894652772863e-68	20	ZEB2
1.48309498135293e-71	0.328859291069013	0.598	0.536	4.4492849440588e-68	20	VASH1
2.84571673373163e-71	0.384176030400801	0.481	0.409	8.53715020119488e-68	20	CD163
2.98405468408664e-70	0.523141300115445	0.626	0.64	8.95216405225993e-67	20	QPCT
6.51959145522627e-70	0.540856695380506	0.651	0.6	1.95587743656788e-66	20	ICAM1
1.49483526124866e-67	-0.315421703532763	0.552	0.777	4.48450578374598e-64	20	STAM
3.43969300023914e-67	0.270954579739998	0.594	0.517	1.03190790007174e-63	20	GNS
5.47924854152219e-67	-1.29059048878303	0.897	0.932	1.64377456245666e-63	20	TNFAIP3
8.08543586567177e-67	-0.663206722659538	0.533	0.725	2.42563075970153e-63	20	PTGER2
1.38736261886214e-66	0.278056571543859	0.766	0.744	4.16208785658641e-63	20	CD4
6.02343132123822e-66	0.2688415744053	0.614	0.586	1.80702939637147e-62	20	CD72
1.11096818649888e-65	0.288339121607692	0.619	0.556	3.33290455949664e-62	20	PLEKHO1
1.85907540651345e-64	-0.483953921138493	0.482	0.691	5.57722621954035e-61	20	CDC14A
1.95398465923739e-64	-0.311404112624505	0.511	0.683	5.86195397771218e-61	20	CD70
6.94567649010395e-64	0.276595251935342	0.483	0.33	2.08370294703119e-60	20	LILRA4
1.69847987962539e-63	0.737913316891898	0.552	0.616	5.09543963887617e-60	20	MRC1
1.71035671570347e-63	-0.27763014645487	0.463	0.746	5.13107014711042e-60	20	LAIR2
1.21567427522082e-62	0.304922700181829	0.742	0.727	3.64702282566246e-59	20	BZW2
2.12397913038557e-62	0.302198359725876	0.714	0.69	6.37193739115671e-59	20	SKAP2
4.08053956940306e-62	0.43902272353693	0.593	0.592	1.22416187082092e-58	20	FGD4
4.81805950935701e-62	0.351697724884839	0.604	0.657	1.4454178528071e-58	20	CSF2RB
1.37919875820507e-61	0.272698616080394	0.783	0.768	4.1375962746152e-58	20	PCBD1
1.96011385105313e-61	0.376243477169687	0.438	0.302	5.88034155315939e-58	20	OLR1
2.1434857711953e-61	-0.266589578586388	0.298	0.642	6.4304573135859e-58	20	TMIGD2
4.2079078536365e-61	-0.522504095954056	0.47	0.656	1.26237235609095e-57	20	SYTL2
5.49255666529814e-61	-0.506444880282064	0.187	0.589	1.64776699958944e-57	20	KLRC3
9.38569564325651e-61	-1.16708847095757	0.807	0.895	2.81570869297695e-57	20	LTB
3.01387091055163e-60	-0.737687515739902	0.647	0.788	9.04161273165488e-57	20	GCHFR
1.2348451641231e-58	0.252872704789876	0.633	0.584	3.70453549236931e-55	20	ATP6V1A
1.3908178884846e-58	0.25331927099281	0.581	0.536	4.1724536654538e-55	20	PADI2
3.55447974788382e-58	0.285282390170925	0.486	0.321	1.06634392436515e-54	20	TMEM51
3.97107453296252e-58	-1.80645550893756	0.572	0.702	1.19132235988876e-54	20	CD8A
6.99167189506391e-58	0.251409620057309	0.862	0.827	2.09750156851917e-54	20	STAT1
1.46961695967575e-57	0.345919847727734	0.468	0.205	4.40885087902725e-54	20	SLC1A3
2.54829834031582e-57	0.442866018334121	0.501	0.333	7.64489502094747e-54	20	TLR2
5.65710214593381e-57	0.359775846045888	0.5	0.204	1.69713064378014e-53	20	TRPM4
1.25081188804178e-56	0.929970090494166	0.397	0.255	3.75243566412535e-53	20	TACSTD2
1.94211106972772e-56	1.72822032698701	0.527	0.425	5.82633320918316e-53	20	CXCL9
1.30392282976232e-55	-2.07370472522985	0.587	0.717	3.91176848928696e-52	20	GZMB
1.66368173784101e-55	0.525492659698392	0.602	0.663	4.99104521352302e-52	20	PDK4
2.78858978252088e-55	-0.286478532382874	0.259	0.629	8.36576934756265e-52	20	KIR2DL4
1.27772881859654e-53	0.265959781941178	0.725	0.639	3.83318645578962e-50	20	TCTN3
1.57860093574687e-53	0.381260594192328	0.58	0.508	4.73580280724061e-50	20	DPYSL2
2.65607581434455e-53	-1.44554798917733	0.485	0.649	7.96822744303365e-50	20	LOC101929531
1.10021173859213e-52	0.378291982494821	0.523	0.348	3.30063521577639e-49	20	MCTP1
2.79887921898938e-52	0.279838652893761	0.674	0.611	8.39663765696814e-49	20	KDM6B
5.22580370099405e-51	-0.354853222117955	0.433	0.649	1.56774111029822e-47	20	APOBEC3H
6.21196485013055e-51	-2.7598046818688	0.753	0.77	1.86358945503916e-47	20	NKG7
7.49184882940641e-51	-0.429256362065928	0.438	0.662	2.24755464882192e-47	20	MT1F
8.24237078135543e-51	-0.564421055135219	0.518	0.77	2.47271123440663e-47	20	MZB1
1.0621678749301e-50	0.325730136940113	0.493	0.386	3.18650362479029e-47	20	VSIG4
8.05536010316689e-50	-0.433749554658244	0.423	0.671	2.41660803095007e-46	20	MYC
1.40143179410218e-49	0.271716256063228	0.628	0.597	4.20429538230655e-46	20	BACH1
2.05424178007598e-49	-0.77968014907784	0.606	0.805	6.16272534022795e-46	20	SLA
3.63153813416653e-49	-1.36388100975645	0.778	0.811	1.08946144024996e-45	20	CLDND1
2.40860859564647e-48	-0.751882643683044	0.703	0.817	7.22582578693942e-45	20	TNFRSF18
3.24263770971016e-48	0.299255070494113	0.84	0.891	9.72791312913049e-45	20	EPSTI1
3.48671984182097e-48	-1.07874050498232	0.972	0.958	1.04601595254629e-44	20	CORO1A
4.13902546479097e-48	-0.277309224376424	0.217	0.61	1.24170763943729e-44	20	CHN1
6.26995365619888e-47	0.329833529388573	0.47	0.535	1.88098609685966e-43	20	IL1RN
1.81093272219612e-46	-0.274607752121874	0.534	0.451	5.43279816658837e-43	20	S100A9
2.24487970476088e-46	0.258285209778108	0.483	0.284	6.73463911428265e-43	20	MOB3B
3.79613554134655e-46	-0.767195651755742	0.888	0.958	1.13884066240397e-42	20	S100A4
7.78268051596893e-46	-0.282147580571759	0.285	0.604	2.33480415479068e-42	20	LOC100996286
1.74659584030398e-45	-0.395199774284542	0.404	0.653	5.23978752091193e-42	20	DUSP16
3.45691494779109e-45	0.33973527877368	0.621	0.626	1.03707448433733e-41	20	RRBP1
7.30619944747877e-45	-0.402165149296692	0.997	0.999	2.19185983424363e-41	20	MALAT1
9.74965904033297e-45	-0.928103671321273	0.508	0.693	2.92489771209989e-41	20	FLT3LG
1.64444791221989e-44	-0.260681277167565	0.545	0.7	4.93334373665968e-41	20	UNG
1.84444200398852e-44	0.457447610972212	0.622	0.722	5.53332601196556e-41	20	CXorf21
3.30296160981978e-44	-0.600180975719387	0.2	0.289	9.90888482945934e-41	20	LOC102723407
4.62741633149186e-44	0.303354112621051	0.588	0.634	1.38822489944756e-40	20	VDR
6.15550319963074e-44	1.27069131118481	0.659	0.726	1.84665095988922e-40	20	LAMP3
4.34370162106673e-42	-0.690958261627889	0.822	0.866	1.30311048632002e-38	20	ARID5B
5.66040639634209e-42	0.377743955934092	0.592	0.588	1.69812191890263e-38	20	OGFRL1
1.05526167360938e-41	1.07870304927318	0.791	0.776	3.16578502082814e-38	20	CPNE3
1.21885320109118e-41	-0.253850304332976	0.309	0.622	3.65655960327355e-38	20	MAST4
1.77455181651643e-41	0.939364552473046	0.483	0.488	5.32365544954928e-38	20	CXCL10
2.38859330532306e-41	-0.445840697581515	0.578	0.683	7.16577991596919e-38	20	TESPA1
2.41102806494817e-41	-2.02527339173555	0.58	0.696	7.2330841948445e-38	20	GZMK
5.53096378545352e-41	0.64306338490849	0.631	0.704	1.65928913563606e-37	20	SOX4
7.58922264045705e-41	0.308822794445291	0.824	0.768	2.27676679213712e-37	20	ID2
5.87046651446761e-40	-0.635810682009307	0.997	0.994	1.76113995434028e-36	20	RPLP0
3.16550114325752e-39	-1.13573537390243	0.913	0.909	9.49650342977255e-36	20	BTG2
4.26808725323201e-39	-0.465176708032914	0.618	0.74	1.2804261759696e-35	20	TOX
5.35249379990481e-39	0.338541579382102	0.5	0.379	1.60574813997144e-35	20	LRRK2
1.7685186559204e-38	0.329051630708171	0.428	0.464	5.30555596776119e-35	20	GAPT
2.72933562777403e-38	0.376259118609835	0.502	0.553	8.18800688332208e-35	20	HBEGF
3.12410047868726e-38	0.260300690790502	0.878	0.857	9.37230143606177e-35	20	CD55
5.51747555288562e-38	-0.531533490130015	0.391	0.634	1.65524266586568e-34	20	MAF
5.71134795559799e-38	-0.759207418958688	0.461	0.629	1.7134043866794e-34	20	KLRG1
9.9507692141479e-38	0.345225147613436	0.519	0.54	2.98523076424437e-34	20	TSPAN13
1.55550877653589e-37	-0.4924890151931	0.305	0.606	4.66652632960768e-34	20	TCF7
2.65068685337574e-37	0.270452807680332	0.56	0.595	7.95206056012721e-34	20	CYFIP1
4.46835808153596e-37	0.46113834343402	0.526	0.617	1.34050742446079e-33	20	CD1D
1.4725335439715e-36	-0.921838953163271	0.993	0.98	4.41760063191449e-33	20	HSPA8
1.93770040724249e-36	-0.473695944612881	0.482	0.646	5.81310122172747e-33	20	NCR3
2.22814302997303e-36	-0.309558860698157	0.428	0.664	6.68442908991908e-33	20	P2RY8
1.26113254227218e-35	0.327781840588509	0.518	0.491	3.78339762681653e-32	20	FNIP2
1.89810672108004e-35	-0.67495993888437	0.684	0.756	5.69432016324013e-32	20	GBP5
3.39902742022963e-35	-0.918793522288445	0.379	0.614	1.01970822606889e-31	20	LINC00861
4.94092876496258e-35	0.831187023531199	0.942	0.922	1.48227862948877e-31	20	MT2A
4.96877754160024e-35	-0.291843404640486	0.207	0.583	1.49063326248007e-31	20	CPNE7
7.30354992906014e-35	-1.589415509085	0.528	0.632	2.19106497871804e-31	20	IFNG
1.80070055705986e-34	-0.485887685705422	0.684	0.701	5.40210167117958e-31	20	ABLIM1
1.88805759463229e-34	0.83071435724324	0.392	0.243	5.66417278389686e-31	20	CCL19
2.04612708157167e-34	0.302939207240872	0.53	0.371	6.13838124471501e-31	20	EPB41L3
2.49393939416127e-34	0.352991028139193	0.485	0.397	7.48181818248382e-31	20	A2M
7.44045259356048e-34	0.508992819769766	0.73	0.773	2.23213577806814e-30	20	GBP1
9.76867114031492e-34	0.37573163249123	0.566	0.654	2.93060134209448e-30	20	CD93
1.4556720459732e-33	0.372065572368129	0.586	0.7	4.36701613791961e-30	20	H1F0
1.62949501419916e-33	-0.867386023202904	0.488	0.651	4.88848504259747e-30	20	ICOS
3.49099953729605e-33	0.764714107694742	0.568	0.654	1.04729986118882e-29	20	NET1
5.09155360793213e-33	0.394857822054829	0.543	0.648	1.52746608237964e-29	20	IRAK3
3.12440471181857e-32	-0.303942075679457	0.081	0.51	9.3732141354557e-29	20	FGFBP2
3.50565685135673e-32	-0.292355327445004	0.332	0.621	1.05169705540702e-28	20	BEX2
3.24007385382504e-31	-2.98741848217932	0.635	0.668	9.72022156147513e-28	20	CCL4
5.10152921448896e-31	0.422424453411225	0.606	0.621	1.53045876434669e-27	20	ACOT7
5.48250675047416e-30	0.35163450282543	0.465	0.365	1.64475202514225e-26	20	MARCKS
1.31080090756347e-29	-1.11058454028148	0.785	0.777	3.9324027226904e-26	20	TAGAP
4.25012012179092e-29	-0.36675011225733	0.5	0.696	1.27503603653728e-25	20	CLIC3
5.6217588192549e-29	0.34500270988694	0.875	0.838	1.68652764577647e-25	20	HSPA1A
5.83650622317788e-29	-0.336148338478166	0.653	0.755	1.75095186695336e-25	20	HOXB2
1.95714080409204e-28	-0.439947053052722	0.357	0.62	5.87142241227611e-25	20	KLRC4
2.41225868678425e-28	-0.645651737359876	0.574	0.445	7.23677606035275e-25	20	CCL4L2
5.68070888389496e-28	-0.815527001662925	0.762	0.812	1.70421266516849e-24	20	PIM2
6.91719999684138e-28	0.254057335212757	1	0.999	2.07515999905242e-24	20	TMSB4X
1.95828150612944e-27	0.264354193691629	0.563	0.575	5.87484451838833e-24	20	UNC93B1
3.4616740402198e-27	0.321353795696745	0.569	0.589	1.03850221206594e-23	20	FUCA1
5.89373206350659e-27	-0.403454365761698	0.16	0.56	1.76811961905198e-23	20	PPP1R2P9
8.65614615665824e-27	-0.686248762612534	0.127	0.524	2.59684384699747e-23	20	KLRK1
1.74566969284791e-26	0.270566234005748	0.526	0.614	5.23700907854373e-23	20	LILRA5
2.29483767331857e-26	-0.266043255359228	0.579	0.749	6.88451301995571e-23	20	APOBEC3C
2.63650919561935e-26	-0.261680098550797	0.431	0.653	7.90952758685806e-23	20	TESC
1.09801089632287e-25	0.417519766802131	0.549	0.659	3.29403268896861e-22	20	CPM
1.63490764419677e-25	0.343757429159436	0.512	0.678	4.9047229325903e-22	20	PMP22
3.07487327142743e-25	-0.719884740008073	0.628	0.712	9.22461981428229e-22	20	C12orf75
3.71451854736569e-25	0.330931816821367	0.497	0.487	1.11435556420971e-21	20	BCL6
4.50081519779186e-25	-0.488871942839531	0.608	0.685	1.35024455933756e-21	20	TARSL2
9.95901813334669e-25	0.433225849957763	0.515	0.522	2.98770544000401e-21	20	CALCRL
1.34357923624937e-24	-0.594419264362395	0.691	0.79	4.03073770874812e-21	20	BTG3
1.74218790036626e-24	-0.53925354159381	1	0.998	5.22656370109879e-21	20	RPS8
1.77411626325365e-24	0.274640091006204	0.507	0.585	5.32234878976095e-21	20	TFEC
2.17616364142949e-24	-0.989752632603	0.574	0.654	6.52849092428848e-21	20	PHLDA1
3.46869839590424e-24	0.295830598296844	0.818	0.828	1.04060951877127e-20	20	IFI6
4.58002224069958e-24	-1.75064550615901	0.514	0.617	1.37400667220987e-20	20	GZMH
5.83236896146806e-24	-0.952235052272996	0.557	0.639	1.74971068844042e-20	20	HOPX
9.92930452488342e-24	-0.258074305708345	0.897	0.764	2.97879135746503e-20	20	CSRNP1
6.66340764971191e-23	-0.599002901951574	0.489	0.399	1.99902229491357e-19	20	CCL4L1
2.6603271602241e-22	-0.553967039710302	0.664	0.757	7.98098148067231e-19	20	AQP3
3.33519885863586e-22	-0.413039299041015	0.665	0.745	1.00055965759076e-18	20	MAGEH1
8.00143944148184e-22	-0.320891796012795	0.423	0.664	2.40043183244455e-18	20	LPAR6
8.48275705436805e-22	-0.722083142081932	0.239	0.555	2.54482711631041e-18	20	CD40LG
9.05237281675536e-22	-0.301207322992246	0.971	0.874	2.71571184502661e-18	20	DNAJA1
1.53969087425496e-21	-0.937613856629704	0.969	0.958	4.61907262276489e-18	20	KLF6
2.32358061715069e-21	0.349933891222854	0.451	0.413	6.97074185145208e-18	20	NAIP
1.03805881941115e-20	-0.480571709908118	0.451	0.596	3.11417645823343e-17	20	CDC25B
1.73542759963861e-20	0.269655954991165	0.515	0.624	5.20628279891584e-17	20	LOC101927069
2.00820681607184e-20	-0.296712170659216	0.306	0.571	6.02462044821551e-17	20	FXYD7
2.15479399155391e-20	-0.572634971008241	0.651	0.729	6.46438197466174e-17	20	ICAM2
2.73535865054357e-20	-0.275637006834927	0.499	0.718	8.20607595163072e-17	20	NMB
3.17760994423958e-20	-0.459400557500923	0.469	0.611	9.53282983271875e-17	20	SLAMF1
3.41359883240688e-20	-0.5321020188605	0.546	0.669	1.02407964972206e-16	20	METTL12
6.95058976343679e-20	0.269681536660704	0.518	0.573	2.08517692903104e-16	20	CERS6
7.46249899770368e-20	-0.457142801465165	0.56	0.758	2.2387496993111e-16	20	CD79A
8.00778631095144e-20	-0.291345644443684	0.596	0.673	2.40233589328543e-16	20	CD79B
9.72449156055175e-20	-0.655942320428415	0.69	0.737	2.91734746816552e-16	20	CXCR3
1.95555368552062e-19	-0.493273406519655	0.556	0.718	5.86666105656186e-16	20	FAM65B
2.59650671007455e-19	-0.398324690531486	0.52	0.664	7.78952013022364e-16	20	S1PR4
1.91582249078501e-18	-0.592987895364455	0.998	0.985	5.74746747235504e-15	20	JUNB
6.06239577196142e-18	-0.531475165468413	0.573	0.686	1.81871873158843e-14	20	CCND2
6.50822056835028e-18	0.279656068182321	0.425	0.543	1.95246617050508e-14	20	CA2
8.36762678556637e-18	-0.296647887302223	0.509	0.463	2.51028803566991e-14	20	H1FX
8.5419866461e-18	-0.695003352029539	0.737	0.779	2.56259599383e-14	20	ITGAE
9.60417890866232e-18	0.83232318801636	0.621	0.852	2.8812536725987e-14	20	EBI3
1.02415031459267e-17	-0.624078722703359	0.67	0.716	3.07245094377801e-14	20	RAB27A
1.03731011724712e-17	-0.339796169730662	0.396	0.599	3.11193035174136e-14	20	OASL
1.41000747145461e-17	0.271586071439137	0.453	0.534	4.23002241436382e-14	20	SDS
1.72386038074548e-17	-0.373670470184287	0.389	0.592	5.17158114223645e-14	20	LOC101929065
4.59460255460223e-17	-0.301036517664593	0.428	0.419	1.37838076638067e-13	20	CEBPB
7.29037500015188e-17	-1.1899703026379	0.361	0.561	2.18711250004556e-13	20	XCL1
8.14150742007597e-17	-0.264673812294001	0.607	0.657	2.44245222602279e-13	20	RGS16
1.28978364385422e-16	0.337220618672296	0.506	0.56	3.86935093156265e-13	20	TNFAIP2
1.34239847917938e-16	-0.50923564018678	0.998	1	4.02719543753815e-13	20	RNR2
1.53393241247886e-16	-0.399267028137093	0.619	0.74	4.60179723743657e-13	20	THEM4
1.9923884014975e-16	-0.289101691304402	0.599	0.64	5.97716520449251e-13	20	TNIP3
2.44224412962566e-16	-0.737445588021285	0.829	0.847	7.32673238887699e-13	20	CALM3
3.15206853764998e-16	-0.487022713868721	0.285	0.557	9.45620561294995e-13	20	MS4A1
3.9935343955116e-16	-0.38676571709468	0.897	0.788	1.19806031865348e-12	20	TUBB4B
6.14698776907158e-16	-0.627835413850712	0.857	0.869	1.84409633072147e-12	20	CTSD
6.72967305947277e-16	-2.08672495497895	0.528	0.614	2.01890191784183e-12	20	GNLY
6.78066493276959e-16	-0.30179098405795	0.488	0.669	2.03419947983088e-12	20	MRPS31
8.4938507281718e-16	0.259987896425842	0.534	0.601	2.54815521845154e-12	20	ACSL1
1.19558714388213e-15	-0.894407556197048	0.996	1	3.58676143164639e-12	20	RNR1
1.37947747739089e-15	-0.693621113773261	0.513	0.59	4.13843243217268e-12	20	PRKCQ-AS1
1.62259372129586e-15	-0.975534952980872	0.733	0.707	4.86778116388757e-12	20	LAG3
1.75165425287854e-15	0.310878324294677	0.65	0.747	5.25496275863562e-12	20	GBP4
3.34239526145028e-15	-0.411779824902737	0.652	0.578	1.00271857843508e-11	20	RGCC
5.29737550544035e-15	-0.602081849377776	0.547	0.631	1.58921265163211e-11	20	FAM46C
9.31408758411052e-15	-0.384687101827451	0.458	0.625	2.79422627523316e-11	20	TNFSF8
1.25826453183084e-14	-0.811583883075521	0.569	0.647	3.77479359549251e-11	20	KLF2
1.46167163796827e-14	-0.284662783524081	0.937	0.853	4.3850149139048e-11	20	HSPE1
2.36341209942528e-14	0.292586248548633	0.471	0.497	7.09023629827585e-11	20	MPEG1
3.29978944296069e-14	-0.281776000247246	0.591	0.77	9.89936832888206e-11	20	TMPO
5.93125467259674e-14	-0.82537884561399	0.717	0.791	1.77937640177902e-10	20	LINC00152
1.02147646232832e-13	-0.281024773760818	0.568	0.682	3.06442938698495e-10	20	DNAJC9
1.04697968322044e-13	-1.26293026192987	0.437	0.591	3.14093904966132e-10	20	LOC101060038
1.66885342975793e-13	-0.555679134329227	0.526	0.633	5.00656028927379e-10	20	FAM107B
2.75467188090604e-13	-0.647972560468347	0.602	0.684	8.26401564271811e-10	20	PIM1
3.08717085260162e-13	-0.276378247785951	0.927	0.902	9.26151255780486e-10	20	PGAM1
4.75340578612683e-13	-0.283289685736652	0.259	0.55	1.42602173583805e-09	20	FXYD1
6.09442894844442e-13	-0.268346207774427	0.521	0.668	1.82832868453333e-09	20	SESN3
1.50650187022118e-12	-0.287008208900021	0.301	0.539	4.51950561066354e-09	20	FASLG
1.67169585223387e-12	-0.83415171435899	0.952	0.928	5.01508755670162e-09	20	DDIT4
1.85316156025978e-12	-0.259247950159792	0.664	0.603	5.55948468077934e-09	20	NEU1
2.01379560309795e-12	-0.955946935851076	0.607	0.674	6.04138680929385e-09	20	TNF
2.06160300130931e-12	0.993291742944121	0.515	0.743	6.18480900392794e-09	20	CCL22
6.83571871430915e-12	-0.523509728086899	0.645	0.601	2.05071561429274e-08	20	CCL3
7.1937354747996e-12	-0.451720177348602	0.672	0.804	2.15812064243988e-08	20	UGP2
1.15531003340171e-11	-1.03060042863324	0.457	0.562	3.46593010020514e-08	20	KLRD1
3.91189821006764e-11	-0.678212190551396	0.342	0.441	1.17356946302029e-07	20	S100A8
4.12116538015247e-11	-0.710661541465263	0.732	0.725	1.23634961404574e-07	20	PIK3R1
4.83229824824095e-11	-0.547252099443555	0.626	0.671	1.44968947447228e-07	20	LOC101928173
7.16288010635386e-11	-0.287490925991649	0.668	0.736	2.14886403190616e-07	20	NUCB2
9.58594756918804e-11	-0.798902715387768	0.743	0.755	2.87578427075641e-07	20	APOBEC3G
9.64524702020679e-11	0.265717123512862	0.49	0.563	2.89357410606204e-07	20	SLC7A7
1.59547697657793e-10	-0.729001425030849	0.935	0.902	4.78643092973378e-07	20	LY6E
2.19346873033115e-10	-0.456821119729858	0.534	0.614	6.58040619099344e-07	20	PELO
2.33511639480452e-10	-0.349947102300434	0.987	0.963	7.00534918441357e-07	20	HSP90AB1
4.21536139581966e-10	-0.559278711234189	0.758	0.88	1.2646084187459e-06	20	SELL
5.06160518825376e-10	-0.274513875262234	0.974	0.901	1.51848155647613e-06	20	PPP1R15A
6.46178696050086e-10	0.373327287711704	0.56	0.807	1.93853608815026e-06	20	APOC1
8.3087899567797e-10	-0.327269797713999	0.665	0.626	2.49263698703391e-06	20	ITM2C
1.15884566213729e-09	-0.649170308919851	0.356	0.438	3.47653698641188e-06	20	SOCS1
1.26482295443562e-09	-0.305052451218616	0.92	0.907	3.79446886330686e-06	20	HIST1H4C
4.08872728706217e-09	-0.390165368643083	0.797	0.713	1.22661818611865e-05	20	H2AFX
1.74271235789925e-08	-0.355394176327695	0.497	0.61	5.22813707369774e-05	20	PLA2G16
2.97228985064461e-08	-0.278522054607018	0.729	0.649	8.91686955193383e-05	20	ZC3H12A
3.50283724374335e-08	-0.260291760680797	0.737	0.707	0.000105085117312301	20	FLNA
3.70751147751827e-08	-0.954822995980287	0.143	0.494	0.000111225344325548	20	XCL2
3.76169513970926e-08	-0.401554558861974	0.875	0.843	0.000112850854191278	20	CORO1B
9.63961181921472e-08	-0.327815376914436	0.576	0.646	0.000289188354576442	20	P2RY10
9.72435502257365e-08	-0.587577487680124	0.991	0.928	0.00029173065067721	20	SSR4
9.82475864155308e-08	-0.433532504331325	0.679	0.718	0.000294742759246592	20	PTTG1
1.98311238152987e-07	-0.561073043655665	0.524	0.605	0.00059493371445896	20	TPST2
3.64347841329799e-07	-0.839827677164107	0.347	0.565	0.0010930435239894	20	KLRC1
5.84451239077941e-07	-0.385948854846998	0.782	0.691	0.00175335371723382	20	MT1X
7.94226925275607e-07	-0.458102387130668	0.681	0.729	0.00238268077582682	20	HNRNPLL
9.54060466988386e-07	-0.428156540474272	0.421	0.48	0.00286218140096516	20	BRE-AS1
1.03948188683939e-06	-0.253116306157638	0.494	0.633	0.00311844566051817	20	ACYP1
1.36128067383192e-06	-0.457982116688503	0.604	0.635	0.00408384202149576	20	ERN1
3.06424885590108e-06	-0.524676556695959	0.832	0.865	0.00919274656770325	20	EZR
3.55372209055831e-06	-0.481074974521569	0.619	0.69	0.0106611662716749	20	LYST
3.71493339900931e-06	-0.490555629629491	0.828	0.888	0.0111448001970279	20	DNPH1
3.76319583348537e-06	0.281345728001619	0.448	0.482	0.0112895875004561	20	FCGR1A
5.40819591967692e-06	-1.40683272122169	0.355	0.582	0.0162245877590308	20	LOC102725018
8.2244281311939e-06	-0.845529416347736	0.743	0.668	0.0246732843935817	20	DUSP2
1.15079823131318e-05	-2.0131178419289	0.592	0.736	0.0345239469393954	20	LOC100293211
1.46852557376362e-05	-0.309527296501906	0.487	0.574	0.0440557672129087	20	ASXL1
