statistic	p.value	sumsq	meansq	gene	method	p_adjust
194.102046228535	1.52016708604944e-72	284.607087724338	142.303543862169	NFKBIA	anova	2.26596105846529e-68
190.408874147989	2.28337690118743e-71	280.624149424621	140.312074712311	FKBP5	anova	1.70180080445499e-67
163.1993733282	1.65409084697247e-62	249.970682475528	124.985341237764	NFKBIZ	anova	8.21862605499057e-59
148.212364502543	1.77208279685697e-57	232.035487286152	116.017743643076	RPS26	anova	6.60366654248748e-54
139.082333379129	2.33082902663778e-54	220.71530811984	110.35765405992	ZFP36L2	anova	6.94866749421254e-51
127.559134673832	2.31989315196514e-50	205.978784475951	102.989392237975	BTG1	anova	5.76338788719873e-47
120.6749107663	6.13103372422369e-48	196.925593717758	98.462796858879	MT-ATP8	anova	1.3055598384754e-44
117.771823769865	6.55570382000214e-47	193.050122732138	96.525061366069	RPL41	anova	1.2214915142619e-43
110.27731026929	3.12435736798709e-44	182.882737974044	91.4413689870219	RPS14	anova	5.17463010302394e-41
107.299048478227	3.69619013759884e-43	178.775848845024	89.3879244225121	ACTB	anova	5.50954101910483e-40
106.818375776622	5.5131385440818e-43	178.10941977068	89.0547098853402	ISG20	anova	7.47080392164394e-40
104.655918053475	3.34364257338635e-42	175.098782324024	87.5493911620118	HLA-B	anova	4.15336134990808e-39
97.4657216525375	1.40099825924377e-39	164.939050257444	82.4695251287218	SRGN	anova	1.60640615786827e-36
93.0788625481071	5.76910406120676e-38	158.625162375972	79.3125811879861	FOS	anova	6.14244750973914e-35
92.7899902947944	7.37619644155032e-38	158.206272378154	79.1031361890768	RPL36A	anova	7.32997227718327e-35
89.3017060348703	1.44713038959007e-36	153.11707963788	76.5585398189401	HSP90AA1	anova	1.34818284920185e-33
87.9834375875494	4.47635794399411e-36	151.178835897367	75.5894179486833	HSPA1B	anova	3.9249759713633e-33
87.2703288277803	8.25371228899677e-36	150.126902281854	75.0634511409268	RPL39	anova	6.83499085443255e-33
86.4998346912363	1.59993667290691e-35	148.987579929147	74.4937899645733	MT-ND3	anova	1.25519242349212e-32
83.7081566969289	1.77269046831692e-34	144.835572204133	72.4177861020667	CXCR4	anova	1.3211862060366e-31
82.0722484937548	7.2934652940997e-34	142.384903609247	71.1924518046236	RPS28	anova	5.1769711273262e-31
79.8673152536593	4.93758944770692e-33	139.06098893548	69.5304944677402	RPS27	anova	3.34544128670542e-30
74.0148304637983	8.18013362793256e-31	130.120638562834	65.0603192814171	DUSP5	anova	5.30143790686795e-28
70.8399882126914	1.33558784438132e-29	125.197769546274	62.5988847731371	DUSP2	anova	8.29511350347831e-27
70.6180409755157	1.62444340019387e-29	124.851673102891	62.4258365514453	RPL28	anova	9.68558132931594e-27
69.6432004389203	3.84199648671976e-29	123.32850579221	61.6642528961049	AL157402.2	anova	2.20264613965557e-26
68.0503244237874	1.57303200576856e-28	120.828976677842	60.4144883389208	SMAP2	anova	8.68430188073561e-26
66.6767167474868	5.32059086558791e-28	118.662796586616	59.3313982933079	ACTG1	anova	2.83245455151619e-25
64.3674169052139	4.15373710050452e-27	114.998444757801	57.4992223789003	KDM6B	anova	2.13502086965933e-24
63.2655207144449	1.11048967817796e-26	113.239915501702	56.6199577508509	CORO1A	anova	5.5176530476402e-24
62.6752318149096	1.88203096351129e-26	112.295174439859	56.1475872199294	IL32	anova	9.0495334006772e-24
61.5986068794237	4.93278482910883e-26	110.567206788224	55.2836033941121	MT-ATP6	anova	2.29775283320926e-23
59.9355597668543	2.19275464213619e-25	107.885633737105	53.9428168685526	RPL35A	anova	9.90460627141882e-23
57.9795470067228	1.27457779124459e-24	104.712240090001	52.3561200450005	RPL34	anova	5.58789898714468e-22
57.8729425476458	1.40313237402996e-24	104.538679934293	52.2693399671465	LCP1	anova	5.97574033351161e-22
55.0520623942462	1.79533419125832e-23	99.9230726533661	49.961536326683	DNAJB1	anova	7.43368095969347e-21
54.6253306922228	2.64289582860184e-23	99.2209596453648	49.6104798226824	MT-CO3	anova	1.06472987084159e-20
52.2421935603172	2.30247246435792e-22	95.2809818181935	47.6404909090967	KANSL1-AS1	anova	9.03175119834715e-20
51.3773756672478	5.0618086258273e-22	93.8432066153949	46.9216033076975	RPS21	anova	1.93464921478415e-19
50.9901626740078	7.20522439712059e-22	93.1980696243153	46.5990348121577	TNFAIP3	anova	2.68502687158699e-19
50.0302051726615	1.73079542810446e-21	91.5949629793307	45.7974814896654	RNPEPL1	anova	6.29249674422562e-19
49.6245062243797	2.50775090598381e-21	90.9158575369753	45.4579287684876	TMSB4X	anova	8.90012738204634e-19
49.0226832329891	4.34891280864161e-21	89.9067027407363	44.9533513703681	KLF6	anova	1.50755568199097e-18
47.7343172881742	1.41601777150453e-20	87.7392579164149	43.8696289582075	TMSB10	anova	4.79708202319239e-18
47.6933144793973	1.4702933936754e-20	87.670119166716	43.835059583358	ZC3H12A	anova	4.87026518358344e-18
47.6124631958277	1.58350022544919e-20	87.5337593144851	43.7668796572426	ATF3	anova	5.13122920881426e-18
46.5165002774671	4.33247253934952e-20	85.6815851119175	42.8407925559587	RPL37	anova	1.37403905684136e-17
46.1138003168412	6.27421004126661e-20	84.9992514238492	42.4996257119246	MIR155HG	anova	1.94840364323167e-17
46.0448015981543	6.68537602308829e-20	84.8822443708757	42.4411221854378	CD69	anova	2.03371867347253e-17
45.7244615383237	8.97745722053198e-20	84.3386485380355	42.1693242690177	RPS5	anova	2.67635954658499e-17
45.6226446810019	9.8596279644509e-20	84.1657452618506	42.0828726309253	PFN1	anova	2.88171793015892e-17
45.2466286397327	1.39398206973236e-19	83.526671744687	41.7633358723435	ICOS	anova	3.99590321758281e-17
45.0219175087714	1.71467883457749e-19	83.1443553693096	41.5721776846548	B2M	anova	4.82245334117209e-17
44.8902264407885	1.93597469372854e-19	82.9201613488568	41.4600806744284	IL7R	anova	5.34400718235513e-17
44.5919291936643	2.54891254775135e-19	82.4119526308784	41.2059763154392	GZMB	anova	6.90801644305121e-17
43.6999227659811	5.80678751474954e-19	80.8890863609476	40.4445431804738	FTH1	anova	1.5456424052653e-16
43.5410423634562	6.72488908335563e-19	80.61734244565	40.308671222825	HSP90AB1	anova	1.75861748555261e-16
42.8253290302249	1.30339888837426e-18	79.3913388003644	39.6956694001822	MT2A	anova	3.34973514312186e-16
42.5831354175681	1.63083772077892e-18	78.9757709691303	39.4878854845651	MT-CO2	anova	4.1202147569374e-16
42.2635114166331	2.19242713558524e-18	78.4268053446532	39.2134026723266	RPL8	anova	5.44671981383894e-16
41.2950160918688	5.37993319285936e-18	76.7596262025191	38.3798131012596	CD52	anova	1.31464400283216e-15
41.2594227180435	5.56054043499269e-18	76.6982475652788	38.3491237826394	S100A4	anova	1.3368615439355e-15
40.5316436073736	1.09276368892397e-17	75.4415554815124	37.7207777407562	IGKV3D-20	anova	2.58551357890488e-15
40.488587751049	1.13735557456997e-17	75.3671082667811	37.6835541333905	TXNIP	anova	2.64897221789687e-15
39.2240960039437	3.68651143326794e-17	73.1756683998417	36.5878341999208	PLP2	anova	8.45402144989107e-15
38.8505781649548	5.22028338797681e-17	72.5264740050171	36.2632370025086	AC020571.1	anova	1.17899309365428e-14
37.8359851529695	1.3445374722242e-16	70.7587413769933	35.3793706884966	DDIT4	anova	2.99129485984684e-14
37.7856314721031	1.40923600303925e-16	70.6708451047255	35.3354225523628	CYTIP	anova	3.05735356020571e-14
37.7810679517371	1.41525154739161e-16	70.6628783532813	35.3314391766407	AC016831.7	anova	3.05735356020571e-14
37.5459304704442	1.76267060783227e-16	70.2522143066816	35.1261071533408	SLC7A5	anova	3.75348115433539e-14
37.3459847580876	2.12457044834833e-16	69.9027441205943	34.9513720602972	SYTL3	anova	4.46040100043384e-14
37.234091357996	2.35867823380631e-16	69.7070663883514	34.8535331941757	CISH	anova	4.88311913237734e-14
36.9339614017949	3.12235418938484e-16	69.1818212141194	34.5909106070597	ZFP36	anova	6.37559062287265e-14
36.3583667595372	5.34907793626029e-16	68.1729376076576	34.0864688038288	RPL37A	anova	1.07747777997157e-13
36.2948446816344	5.67668875968394e-16	68.0614724032745	34.0307362016373	IL16	anova	1.12822296869132e-13
35.9530464766262	7.81728373153018e-16	67.4612729551846	33.7306364775923	IRF4	anova	1.51330430262583e-13
35.9584559009313	7.77778576140928e-16	67.4707775836538	33.7353887918269	RPL30	anova	1.51330430262583e-13
35.5421344819515	1.14875301636503e-15	66.7387481111022	33.3693740555511	CREM	anova	2.19529646947912e-13
34.6983773626412	2.53438571232839e-15	65.2518331475088	32.6259165737544	RPS15A	anova	4.78196878835026e-13
34.3451394118456	3.53095655425643e-15	64.628016398225	32.3140081991125	RPS25	anova	6.57905479971829e-13
34.1210116114064	4.35831843290853e-15	64.2318021753635	32.1159010876818	ERAP2	anova	8.02038204455982e-13
33.208511576907	1.0278345074378e-14	62.6154217649199	31.30771088246	PFKFB3	anova	1.8684025814473e-12
33.0975203691804	1.14100046594714e-14	62.4184569613046	31.2092284806523	C20orf204	anova	2.04912686089254e-12
32.7908668200487	1.52287094886498e-14	61.8738659100539	30.9369329550269	CD96	anova	2.70237075759302e-12
32.3377222354868	2.33377732667059e-14	61.0680307390802	30.5340153695401	EVL	anova	4.09262174486493e-12
32.2951802387681	2.42925116668698e-14	60.992310789797	30.4961553948985	HAPLN3	anova	4.2105137082135e-12
32.0111903764066	3.17502413676043e-14	60.4865469673006	30.2432734836503	PHLDA1	anova	5.43987468764953e-12
31.2801169422884	6.32911288878385e-14	59.1822054189975	29.5911027094988	ANXA6	anova	1.07206541727514e-11
31.1421891057968	7.20957765201016e-14	58.9357406262111	29.4678703131055	HLA-A	anova	1.20748274697599e-11
30.6878315602818	1.10751464193038e-13	58.1229856328202	29.0614928164101	LSP1	anova	1.83429036140157e-11
30.6746984360634	1.1213488189445e-13	58.0994734884085	29.0497367442043	ACTR3	anova	1.83679401046009e-11
30.4765200414107	1.3524147774517e-13	57.7445421489199	28.87227107446	MT-CO1	anova	2.19120594268425e-11
30.4389138961708	1.40137284128192e-13	57.6771623517237	28.8385811758618	HSPH1	anova	2.24611436259659e-11
30.3158320669862	1.57437144884936e-13	57.4565705016066	28.7282852508033	IRF1	anova	2.49655115069666e-11
29.7739154950854	2.62918629800337e-13	56.4841725406076	28.2420862703038	IER5	anova	4.1253316797935e-11
29.4899326410902	3.44046702319722e-13	55.9738498050667	27.9869249025334	CALM1	anova	5.34204181747686e-11
29.0482448366972	5.22867991499819e-13	55.1790969833709	27.5895484916855	SUN2	anova	8.03491781576938e-11
28.4563660020752	9.16648150365077e-13	54.1121244740659	27.056062237033	LAPTM5	anova	1.38216264068703e-10
28.4548360541924	9.17980017630589e-13	54.1093635230466	27.0546817615233	SDCBP	anova	1.38216264068703e-10
28.1595269248693	1.21499912088792e-12	53.5761636352561	26.7880818176281	CDKN1A	anova	1.81107768959553e-10
28.0782651215552	1.31246544812081e-12	53.4293410584709	26.7146705292355	SIRPG	anova	1.9369910861078e-10
27.8826133389435	1.58049681482557e-12	53.075664803038	26.537832401519	RPS4Y1	anova	2.30969465899902e-10
27.7108059541075	1.86074557946142e-12	52.764886831232	26.382443415616	SPN	anova	2.69284209781087e-10
27.3714029655395	2.56921284704589e-12	52.1503858732616	26.0751929366308	FYB1	anova	3.68237372096789e-10
27.1865211520464	3.06308702144578e-12	51.8153356446057	25.9076678223029	DNAJA1	anova	4.34841668015912e-10
26.879844773743	4.1008860004744e-12	51.2590734061171	25.6295367030586	CAP1	anova	5.76677421915768e-10
26.692509478213	4.90138498310247e-12	50.9189751277895	25.4594875638948	RAB34	anova	6.82804154748836e-10
26.5266425491265	5.73993618220791e-12	50.6176603617272	25.3088301808636	HSPA8	anova	7.92217488259177e-10
26.3838424418916	6.57617341451874e-12	50.358104865718	25.179052432859	RPL36	anova	8.89814897909814e-10
26.3817700912829	6.58916756617669e-12	50.3543371502445	25.1771685751223	LDLR	anova	8.89814897909814e-10
26.3758936864171	6.62615414383398e-12	50.3436531771523	25.1718265885762	BCL3	anova	8.89814897909814e-10
26.3195579873978	6.99146345849519e-12	50.2412169980931	25.1206084990465	SPON2	anova	9.30488877788655e-10
26.0910436650293	8.69221861297087e-12	49.8254924089205	24.9127462044603	TBC1D10C	anova	1.14660363402605e-09
26.0377959328024	9.14473054811941e-12	49.7285723616994	24.8642861808497	FAM129A	anova	1.19571362763393e-09
25.7566923098115	1.1955292342302e-11	49.2166072362477	24.6083036181238	PRDM1	anova	1.53625506598581e-09
25.7656115209387	1.18540389219416e-11	49.2328594757305	24.6164297378653	TSC22D3	anova	1.53625506598581e-09
25.5346020945189	1.47760043477545e-11	48.8117546546601	24.40587732733	NEAT1	anova	1.88248821203102e-09
25.1364153687779	2.16068164076966e-11	48.0850805451362	24.0425402725681	HLA-C	anova	2.7294169946875e-09
24.6019339454735	3.59997969541733e-11	47.1080325063727	23.5540162531864	CTSW	anova	4.50935271763787e-09
24.5575471379238	3.75596766693016e-11	47.0268073198018	23.5134036599009	HSPA1A	anova	4.66553783693841e-09
24.5382464753691	3.825891345365e-11	46.9914842088867	23.4957421044434	MTHFD2	anova	4.71311871024881e-09
24.5109547663168	3.92699726285939e-11	46.941532082216	23.470766041108	IL18R1	anova	4.79801813116246e-09
24.2719074951908	4.93521161266641e-11	46.5037924528901	23.251896226445	GSTP1	anova	5.98083449580533e-09
24.0320488063307	6.20770263252289e-11	46.0641869581034	23.0320934790517	PRR7	anova	7.46225930970857e-09
23.967734890568	6.60162697240538e-11	45.9462496470922	22.9731248235461	PIK3IP1	anova	7.87230813205397e-09
23.8569819467259	7.33959421552114e-11	45.7430893099548	22.8715446549774	RPS29	anova	8.68285645845699e-09
23.7021463060297	8.51189394036431e-11	45.4589292514887	22.7294646257443	CORO1B	anova	9.99041662008428e-09
22.9861418498048	1.68986772184008e-10	44.1428203447552	22.0714101723776	ARID5B	anova	1.96790377044908e-08
22.8139923121513	1.99304423114896e-10	43.8258783592653	21.9129391796327	CCND2	anova	2.30297033407026e-08
22.5906076030084	2.4691256245636e-10	43.4143134056486	21.7071567028243	HES4	anova	2.8311374276727e-08
22.5810429074904	2.49188011978158e-10	43.3966839337063	21.6983419668532	PTGER4	anova	2.83541718056979e-08
22.5125539793574	2.66107235987826e-10	43.2704285435353	21.6352142717676	CYFIP2	anova	3.00499580275344e-08
22.4836584996885	2.73586307892163e-10	43.2171519950584	21.6085759975292	TNFRSF18	anova	3.06622368830119e-08
22.4062760792258	2.94669027892206e-10	43.0744493230694	21.5372246615347	TENT5C	anova	3.27786308191136e-08
22.3811428268663	3.0186087410618e-10	43.0280919142671	21.5140459571335	WDR1	anova	3.3329912514272e-08
22.1727524938841	3.6868521364093e-10	42.6435604978911	21.3217802489455	SKIL	anova	4.04089837833213e-08
22.0912381455801	3.98691173681604e-10	42.4930674230079	21.2465337115039	IGHV3-21	anova	4.33787637583795e-08
22.0737314510361	4.0544812392456e-10	42.4607404851156	21.2303702425578	CDC42	anova	4.37942734436194e-08
21.8236842027333	5.1547449726942e-10	41.9987923656576	20.9993961828288	RGS1	anova	5.52781500453092e-08
21.4818965473969	7.15833717066829e-10	41.3666807922561	20.6833403961281	CD55	anova	7.62158384757011e-08
21.4639910296072	7.28258153180563e-10	41.3335442119473	20.6667721059736	LGALS1	anova	7.69887661794998e-08
21.4329131924909	7.50337846162331e-10	41.2760253611634	20.6380126805817	RPL23A	anova	7.8764337569688e-08
21.2787904982818	8.70154826288305e-10	40.9906792130686	20.4953396065343	FAU	anova	9.07029918926816e-08
21.0719060355649	1.0616718990708e-09	40.6073976144546	20.3036988072273	PMAIP1	anova	1.0989778699687e-07
20.5943391538354	1.68090664504559e-09	39.7215391742266	19.8607695871133	PER1	anova	1.72797203110686e-07
20.5743071834824	1.71363301233973e-09	39.6843474356155	19.8421737178078	POMZP3	anova	1.74954888232439e-07
20.524559737507	1.7976937694924e-09	39.5919736600263	19.7959868300131	ITM2B	anova	1.82288594068393e-07
20.4086278279137	2.00997482133658e-09	39.376640099185	19.6883200495925	LAT	anova	2.02437058694885e-07
20.386326483166	2.05360402591387e-09	39.3352068544321	19.667603427216	RPS8	anova	2.05443098055518e-07
20.3534734052758	2.11961050647104e-09	39.2741636226434	19.6370818113217	TAP1	anova	2.10632761396382e-07
20.3286444958694	2.17090195007948e-09	39.228024996576	19.614012498288	MYO1B	anova	2.14301089191289e-07
20.3137424622962	2.20228175923116e-09	39.2003311084467	19.6001655542234	FOSL2	anova	2.15968499362498e-07
20.255916664895	2.32841143223717e-09	39.0928536282653	19.5464268141327	EIF1	anova	2.26845103326321e-07
20.1896365830242	2.48190911344625e-09	38.9696348429397	19.4848174214699	PDCD4	anova	2.40229462630063e-07
20.1466153834811	2.58692718624378e-09	38.8896398588027	19.4448199294013	RPS23	anova	2.48778946052579e-07
19.7892207582407	3.65054878491359e-09	38.2246045089142	19.1123022544571	RBL2	anova	3.48814616589243e-07
19.7528276666395	3.78089452967984e-09	38.1568361574727	19.0784180787363	RPS24	anova	3.58968241142724e-07
19.7126777612517	3.93011243650427e-09	38.0820617432654	19.0410308716327	HIST1H4C	anova	3.70773772016029e-07
19.6507855570188	4.17177718754451e-09	37.9667734697835	18.9833867348918	JUNB	anova	3.91097551934204e-07
19.5795369731477	4.46846797073291e-09	37.8340246351699	18.917012317585	CFL1	anova	4.16293647323405e-07
19.5499581876401	4.59776549169733e-09	37.7789039553981	18.889451977699	PLEKHF1	anova	4.25678834902114e-07
19.4571697721596	5.02820214681998e-09	37.6059522764398	18.8029761382199	YWHAZ	anova	4.62656674077152e-07
19.1759813050016	6.59527866324158e-09	37.08147769876	18.54073884938	PIM3	anova	6.03124072112141e-07
19.1072898523786	7.04733059347772e-09	36.9532722374666	18.4766361187333	LCK	anova	6.4053359650231e-07
19.0700099528854	7.30553015470648e-09	36.8836797362459	18.4418398681229	EGR1	anova	6.5997716658215e-07
19.0123499252253	7.72367376127652e-09	36.7760238642102	18.3880119321051	SLC2A3	anova	6.9354868123848e-07
18.9729390221169	8.02319201202349e-09	36.702427540649	18.3512137703245	EIF4A1	anova	7.16129940905522e-07
18.7960096591511	9.51788704554237e-09	36.3718974733314	18.1859487366657	CD83	anova	8.44485858933658e-07
18.7586891863062	9.86719087131572e-09	36.3021500967174	18.1510750483587	DUSP1	anova	8.70297911999007e-07
18.4867182102838	1.28320487611011e-08	35.7935828904239	17.8967914452119	CDK9	anova	1.12514422842925e-06
18.4089892101332	1.38330123663768e-08	35.6481421852717	17.8240710926359	SEPT9	anova	1.20581802534043e-06
18.2913184836442	1.54991828086026e-08	35.4278869640866	17.7139434820433	SRSF2	anova	1.34320243572692e-06
18.1398593331324	1.79431659690459e-08	35.1442474912072	17.5721237456036	RPS15	anova	1.54601636956415e-06
17.9075226917911	2.24636348703823e-08	34.7088426599645	17.3544213299822	IMP3	anova	1.92438472056275e-06
17.8784225575566	2.31049456930646e-08	34.6542822147378	17.3271411073689	MYL12A	anova	1.96801326000469e-06
17.8288795499343	2.42392616657989e-08	34.5613796553824	17.2806898276912	BLOC1S1	anova	2.04130188921129e-06
17.8307094351742	2.41963894666133e-08	34.5648113372679	17.2824056686339	AKAP13	anova	2.04130188921129e-06
17.8061426528958	2.47783531663871e-08	34.518738019544	17.259369009772	GZMA	anova	2.07497827133801e-06
17.72322819404	2.6848055560167e-08	34.3632070881476	17.1816035440738	CKLF	anova	2.23573807921704e-06
17.7110967055009	2.716507413314e-08	34.3404468909183	17.1702234454592	P2RX5	anova	2.24956997238103e-06
17.6738719508397	2.8161428787976e-08	34.2706022730663	17.1353011365331	HLA-G	anova	2.31919479289266e-06
17.6508078725836	2.87970468102165e-08	34.2273224919962	17.1136612459981	CCL20	anova	2.35850977886311e-06
17.6401950538229	2.90943324716e-08	34.2074062942221	17.1037031471111	ZNF384	anova	2.36983672033699e-06
17.5603416197414	3.14320457046307e-08	34.0575271886484	17.0287635943242	FURIN	anova	2.54633735474579e-06
17.4074529456228	3.64459247648586e-08	33.7704441141381	16.885222057069	RPLP2	anova	2.93655651105396e-06
17.3954449927166	3.68721133509406e-08	33.7478896674997	16.8739448337498	CEBPD	anova	2.95492323445764e-06
17.2620019086076	4.19580315980452e-08	33.4971778600189	16.7485889300094	CTLA4	anova	3.32673627127905e-06
17.2663585435302	4.17813804983587e-08	33.5053650035914	16.7526825017957	CST7	anova	3.32673627127905e-06
17.22092933259	4.36606494149037e-08	33.419986398148	16.709993199074	BHLHE40	anova	3.44341608560082e-06
17.1743047957545	4.56774655628286e-08	33.3323465698712	16.6661732849356	FLT3LG	anova	3.58351737726065e-06
17.15687361469	4.64552235435379e-08	33.2995774567298	16.6497887283649	ITGB2	anova	3.62545320492134e-06
17.0152360700974	5.32873479238827e-08	33.0332336206961	16.516616810348	JUND	anova	4.13698545913227e-06
16.9833900204921	5.49571823939542e-08	32.9733293651732	16.4866646825866	PDE4B	anova	4.24451689515172e-06
16.9475695404993	5.68981474857253e-08	32.9059406332249	16.4529703166125	ZBTB16	anova	4.37177209495991e-06
16.8050828805789	6.53232716924624e-08	32.6377943296418	16.3188971648209	TRGV3	anova	4.9933778863992e-06
16.6694683543502	7.45006247622298e-08	32.3824507753165	16.1912253876583	RPL22	anova	5.66584853421326e-06
16.6103863297293	7.88927559241537e-08	32.2711677657089	16.1355838828544	ITGB7	anova	5.96941837464688e-06
16.5945546884309	8.01131284955127e-08	32.2413442383995	16.1206721191997	NFKBID	anova	6.03114289572784e-06
16.5691191903534	8.21135370906617e-08	32.1934254166034	16.0967127083017	NR4A1	anova	6.15067529584624e-06
16.5515899144258	8.35212052251589e-08	32.1603988039992	16.0801994019996	PBX4	anova	6.22483542543109e-06
16.4480027324996	9.23473852015061e-08	31.965188647705	15.9825943238525	SASH3	anova	6.84840857618731e-06
16.430328937165	9.39440130753419e-08	31.9318749633682	15.9659374816841	PPP1R15A	anova	6.93232405396558e-06
16.4160307725049	9.52559069866489e-08	31.9049224932651	15.9524612466325	ZNRD1	anova	6.99450517016251e-06
16.4042183343546	9.63535638268202e-08	31.8826546273181	15.941327313659	UQCRC1	anova	7.0343702382455e-06
16.4000635516728	9.67426471783394e-08	31.8748221334064	15.9374110667032	CLPP	anova	7.0343702382455e-06
16.2794668615791	1.08748833999157e-07	31.6474242599457	15.8237121299729	TP53INP1	anova	7.86898116306524e-06
16.2411106993246	1.128719887218e-07	31.5750785750815	15.7875392875408	SLC9A3R1	anova	8.12787373858528e-06
16.2215861831147	1.15030595872974e-07	31.5382483963344	15.7691241981672	TUBB	anova	8.20404814393562e-06
16.2229585546688	1.14877525814984e-07	31.5408372630878	15.7704186315439	KIR3DL2	anova	8.20404814393562e-06
16.0846380565082	1.31379773053652e-07	31.2798414536511	15.6399207268256	EIF4G2	anova	9.32546141494161e-06
16.0746232038341	1.32662969660297e-07	31.260939372717	15.6304696863585	RPL36AL	anova	9.37191576187861e-06
16.0524284876653	1.35551693063449e-07	31.2190464858282	15.6095232429141	H3F3A	anova	9.53081856982909e-06
15.8824726004483	1.59865660664314e-07	30.8981389679185	15.4490694839593	LINC02273	anova	1.11875940744707e-05
15.6473780386012	2.00864641486063e-07	30.4539080031681	15.226954001584	KANSL1	anova	1.39910670373423e-05
15.6363837271818	2.03021138647142e-07	30.4331239480111	15.2165619740055	APBB1IP	anova	1.40755027566246e-05
15.6225043538276	2.05776687960487e-07	30.4068846672532	15.2034423336266	LIMD2	anova	1.42004968089769e-05
15.5622688098038	2.18176429701136e-07	30.292992474523	15.1464962372615	C12orf57	anova	1.49868104199315e-05
15.5515725185895	2.20455320347256e-07	30.2727655035996	15.1363827517998	SERPINB9	anova	1.5073885344478e-05
15.5205691492414	2.27196361962713e-07	30.2141328226384	15.1070664113192	RBM3	anova	1.54638765818091e-05
15.49431651926	2.33065684477641e-07	30.1644793874726	15.0822396937363	FOSB	anova	1.57912595128351e-05
15.437745289038	2.46234927764058e-07	30.0574660009679	15.0287330004839	HSPD1	anova	1.66080444943486e-05
15.4051162724026	2.5416703712794e-07	29.9957329761027	14.9978664880514	ERN1	anova	1.70658281776085e-05
15.390948535093	2.57690449092672e-07	29.9689257816364	14.9844628908182	ARPC5	anova	1.72248153998895e-05
15.3841779514034	2.5939148303758e-07	29.9561144678617	14.9780572339309	MZT2A	anova	1.72611135989204e-05
15.266484107905	2.90824992222438e-07	29.7333630298718	14.8666815149359	TC2N	anova	1.92668325958563e-05
15.1052323745828	3.40180961665437e-07	29.4280161054514	14.7140080527257	TNFRSF4	anova	2.24368912149779e-05
15.0972940233234	3.42816714646992e-07	29.4129793418697	14.7064896709348	RNF167	anova	2.25111275265554e-05
15.0686912886807	3.52484442441596e-07	29.3587966275772	14.6793983137886	CFL2	anova	2.30444434168177e-05
14.9677657105791	3.88832422471331e-07	29.1675658671888	14.5837829335944	PKM	anova	2.53097645823478e-05
14.8913200958109	4.18843673470882e-07	29.0226718142286	14.5113359071143	MZB1	anova	2.71447121598129e-05
14.7836668062449	4.65083353314841e-07	28.8185581122896	14.4092790561448	DUSP10	anova	3.00109630498313e-05
14.7701635132377	4.71233312787578e-07	28.792949785064	14.396474892532	DAD1	anova	3.02767403466019e-05
14.6665770847267	5.21202303274239e-07	28.5964609775585	14.2982304887793	NFKBIB	anova	3.33435258910121e-05
14.5756937247935	5.69397900927972e-07	28.4240064762539	14.212003238127	RBKS	anova	3.62711329539844e-05
14.5111913000265	6.06289518763398e-07	28.3015758049669	14.1507879024835	RPS2	anova	3.84568151773924e-05
14.4095802471786	6.69323498562546e-07	28.1086511388687	14.0543255694344	GLO1	anova	4.2275152837175e-05
14.4044170673323	6.72696267368968e-07	28.0988461002839	14.0494230501419	TRAF3IP3	anova	4.23089053223706e-05
14.3058404888509	7.40457732995358e-07	27.9116104104844	13.9558052052422	CD3G	anova	4.6375054487516e-05
14.232714729881	7.95105959726041e-07	27.7726719752473	13.8863359876237	ITGA4	anova	4.95893281827463e-05
14.1996234633556	8.21146422941269e-07	27.7097865153031	13.8548932576515	RECQL	anova	5.10000357515106e-05
14.168467100622	8.46444785249328e-07	27.6505710804407	13.8252855402203	ENO1	anova	5.23531368005248e-05
14.1394733829748	8.70688120215583e-07	27.5954598476478	13.7977299238239	FHL3	anova	5.36300707435268e-05
14.1146172834063	8.92024871132695e-07	27.5482087154525	13.7741043577262	HSPE1	anova	5.4718200531292e-05
14.0670288825426	9.34347889050169e-07	27.4577317080113	13.7288658540056	SAP30	anova	5.70794657138599e-05
14.0064001986409	9.9119551234268e-07	27.3424390316777	13.6712195158389	HNRNPM	anova	6.03051441101224e-05
13.9784285718642	1.0185784825069e-06	27.2892389744348	13.6446194872174	PLK3	anova	6.17192311392192e-05
13.9400335292534	1.05740399470161e-06	27.2162053989379	13.608102699469	IFITM3	anova	6.35767789018103e-05
13.9396834491676	1.05776473686093e-06	27.2155394425668	13.6077697212834	VAMP2	anova	6.35767789018103e-05
13.7647469180617	1.2543714938665e-06	26.8826507939529	13.4413253969764	RGL4	anova	7.50910099902573e-05
13.7407277785919	1.28408413315664e-06	26.8369277699442	13.4184638849721	NFKB1	anova	7.61276064399728e-05
13.7350726147724	1.29118174215168e-06	26.8261619672846	13.4130809836423	AC007384.1	anova	7.61276064399728e-05
13.7426505192525	1.28167988013362e-06	26.8405880631608	13.4202940315804	GIMAP7	anova	7.61276064399728e-05
13.7343303689752	1.29211622362224e-06	26.8247489284873	13.4123744642436	AC108134.3	anova	7.61276064399728e-05
13.7193821051636	1.311080874765e-06	26.7962905836829	13.3981452918414	AGPAT5	anova	7.69408327529415e-05
13.7092352672453	1.32411267666638e-06	26.7769722497285	13.3884861248643	RASGEF1B	anova	7.74008766995648e-05
13.6770266766784	1.3663448950218e-06	26.7156462649763	13.3578231324882	PTPRC	anova	7.94903726508855e-05
13.6738941182524	1.37052366639458e-06	26.7096814050996	13.3548407025498	RPL38	anova	7.94903726508855e-05
13.6521197446984	1.39992624711727e-06	26.6682178391082	13.3341089195541	ICAM3	anova	8.08810102307367e-05
13.6220242029079	1.44160843399155e-06	26.6109033241594	13.3054516620797	ATP5PB	anova	8.29676267068653e-05
13.6049965885244	1.46574004327154e-06	26.5784728019374	13.2892364009687	FAM89B	anova	8.40320041730984e-05
13.5732128503021	1.51187214439307e-06	26.5179325612222	13.2589662806111	YWHAB	anova	8.63446980242263e-05
13.5628225923136	1.52726626332741e-06	26.4981401263177	13.2490700631588	UBE2L6	anova	8.65605738447088e-05
13.5633095551911	1.52654128802289e-06	26.4990677603405	13.2495338801702	MAN2A2	anova	8.65605738447088e-05
13.4418316745345	1.71851703916293e-06	26.2676083784061	13.133804189203	MARCKSL1	anova	9.65352935427906e-05
13.438607742753	1.72392877455003e-06	26.2614642092586	13.1307321046293	BATF3	anova	9.65352935427906e-05
13.4354984070425	1.72916432147626e-06	26.2555383681782	13.1277691840891	LY96	anova	9.65352935427906e-05
13.4421424392564	1.71799628556259e-06	26.2682006299532	13.1341003149766	CD6	anova	9.65352935427906e-05
13.4174539256315	1.75986391528068e-06	26.2211474546645	13.1105737273322	ZFP36L1	anova	9.78825803028876e-05
13.370322465359	1.84265073532594e-06	26.1313089861366	13.0656544930683	LCP2	anova	0.000102106140746351
13.346586294411	1.8858096141871e-06	26.0860589637936	13.0430294818968	PTGDR	anova	0.000104110659663233
13.3253406787161	1.92529827251164e-06	26.0455535153172	13.0227767576586	DNTTIP2	anova	0.00010589850940981
13.2330580047843	2.10666444092239e-06	25.8695768315486	12.9347884157743	RPL26	anova	0.000115448309398489
13.1992505220608	2.177309782926e-06	25.8050933190615	12.9025466595308	THEMIS	anova	0.000118018107724709
13.2047619491246	2.16563304127435e-06	25.8156062196753	12.9078031098377	TOMM7	anova	0.000118018107724709
13.2006660159707	2.17430485164031e-06	25.8077933564444	12.9038966782222	OSTF1	anova	0.000118018107724709
13.1750627405539	2.22930548426116e-06	25.7589532438324	12.8794766219162	RTRAF	anova	0.00012039865053767
13.1683321364278	2.24399404565043e-06	25.7461133612592	12.8730566806296	ESYT1	anova	0.000120754423265218
13.1586807549815	2.26522615129207e-06	25.7277009954239	12.8638504977119	COTL1	anova	0.000121458492845898
13.1533493423143	2.27704092298152e-06	25.7175297436375	12.8587648718187	CCNH	anova	0.000121654379921013
13.146084297465	2.2932402056756e-06	25.7036691929107	12.8518345964553	EIF4B	anova	0.000122082280377859
13.1387316354971	2.3097524175906e-06	25.6896411047681	12.844820552384	PCBP1	anova	0.000122523735005714
13.1138073184488	2.36661752634946e-06	25.6420853601841	12.8210426800921	TXN	anova	0.000125095038467252
13.0810101049791	2.44358756837119e-06	25.5795014254139	12.789750712707	TLE1	anova	0.000128707124714279
13.05356908279	2.50991127011379e-06	25.527132408794	12.763566204397	CCR2	anova	0.000131734990818015
13.0214738458086	2.58977595993278e-06	25.4658744703063	12.7329372351531	ABHD10	anova	0.000134878405941637
13.0207569496504	2.59158863395664e-06	25.4645060978951	12.7322530489476	GOLGA8B	anova	0.000134878405941637
13.0186404196533	2.5969477059741e-06	25.460466159407	12.7302330797035	PRKAR1A	anova	0.000134878405941637
12.9907001605907	2.66874222407886e-06	25.4071320785898	12.7035660392949	CIRBP	anova	0.000138125943028193
12.9740359511904	2.71250536207876e-06	25.3753197977048	12.6876598988524	MYL12B	anova	0.000139905207360367
12.9633022831379	2.74107384122515e-06	25.3548279939321	12.677413996966	AL118516.1	anova	0.000140891195438973
12.951444529963	2.77298475840228e-06	25.3321892399012	12.6660946199506	RPL21	anova	0.000142041617899465
12.925044720563	2.84537363958335e-06	25.2817833210154	12.6408916605077	GPR171	anova	0.000145250477642567
12.8849979359345	2.95881358934651e-06	25.2053114707301	12.602655735365	UBC	anova	0.000150525854480543
12.868206690678	3.00771596970131e-06	25.1732441732079	12.586622086604	MATR3.1	anova	0.000152493245729142
12.8595558774487	3.03322560197925e-06	25.1567223959009	12.5783611979505	PAQR8	anova	0.000153265290925772
12.8455710923514	3.07492338292901e-06	25.1300124043311	12.5650062021655	TMEM123	anova	0.00015469488864399
12.8431253957601	3.08227438127365e-06	25.1253411481114	12.5626705740557	RELB	anova	0.00015469488864399
12.8105563902412	3.18186168107383e-06	25.0631306543574	12.5315653271787	SAT1	anova	0.000159157148382841
12.7717600375578	3.30470666069013e-06	24.9890154687574	12.4945077343787	MYO1G	anova	0.000164199858280824
12.7724687952792	3.30242038214848e-06	24.9903695496429	12.4951847748214	IL2RA	anova	0.000164199858280824
12.6904015299218	3.57797142568421e-06	24.8335565979288	12.4167782989644	CBLB	anova	0.000177186850735046
12.6773952310035	3.62370878403241e-06	24.8086999908284	12.4043499954142	SFMBT2	anova	0.000178857626274129
12.6546991291451	3.70492829276994e-06	24.7653221443805	12.3826610721903	CNN2	anova	0.000182262908026497
12.6247102223694	3.81504948352905e-06	24.708000379543	12.3540001897715	MAEA	anova	0.000187062919741724
12.5276884704587	4.19429168116385e-06	24.5225064141369	12.2612532070685	C11orf21	anova	0.00020498397311288
12.4911832501133	4.34657060166657e-06	24.45269561194	12.22634780597	PCSK1N	anova	0.000211731965321705
12.4826464022949	4.38297331398556e-06	24.436368803964	12.218184401982	BIRC3	anova	0.000212809772697944
12.4782526980443	4.40182778856817e-06	24.4279655995739	12.2139827997869	IL6ST	anova	0.000213031314988303
12.4137537903621	4.68814755169961e-06	24.3045921596398	12.1522960798199	ITGAL	anova	0.000226153810374221
12.3071051539865	5.20309369853543e-06	24.1005303255823	12.0502651627912	DDX21	anova	0.000250184886033449
12.2171754352983	5.68111580285091e-06	23.9283960794404	11.9641980397202	SNHG9	anova	0.000272291678962366
12.2086304322031	5.72876522126261e-06	23.9120371374416	11.9560185687208	LRRC61	anova	0.000273695430731219
12.1683004383179	5.95911838116318e-06	23.8348205988943	11.9174102994471	CXCR3	anova	0.000283791113704851
12.1426793337178	6.1102560529202e-06	23.7857599938812	11.8928799969406	ZFAND5	anova	0.000289638659898459
12.1409209060251	6.12076867489698e-06	23.7823926961522	11.8911963480761	PSMB6	anova	0.000289638659898459
12.1048485663894	6.34046835606332e-06	23.7133112137656	11.8566556068828	U2AF1	anova	0.000299085510492025
12.0281636485474	6.8341285211798e-06	23.5664227417565	11.7832113708783	STAT1	anova	0.000321354951850808
11.9760893466216	7.19113530991377e-06	23.4666517077386	11.7333258538693	XRCC5	anova	0.000337078814243946
11.9374937168435	7.46773990529295e-06	23.3926925647944	11.6963462823972	CRLF3	anova	0.000347942659556239
11.9372409458826	7.46958614370029e-06	23.3922081559354	11.6961040779677	EMP3	anova	0.000347942659556239
11.9242740329121	7.5649124510827e-06	23.3673578295285	11.6836789147643	TMBIM6	anova	0.000351285311513516
11.9120349089108	7.65600632525039e-06	23.343901175896	11.671950587948	RPS13	anova	0.000353916993782815
11.9102913990678	7.66907211806314e-06	23.3405595999217	11.6702797999608	TIMM10	anova	0.000353916993782815
11.8971355139291	7.76838476977715e-06	23.3153446005884	11.6576723002942	TNF	anova	0.000357393652402155
11.8655750396497	8.01191732528395e-06	23.2548497679156	11.6274248839578	SLC12A7	anova	0.000366336317946879
11.8660040911551	8.00855584998981e-06	23.255672217267	11.6278361086335	XIST	anova	0.000366336317946879
11.8596712785859	8.05831512923473e-06	23.2435327087826	11.6217663543913	CHD7	anova	0.000367331025432333
11.8330819070501	8.27064091929933e-06	23.1925598545554	11.5962799272777	GTF3A	anova	0.000375860285192304
11.8276726310461	8.31451735281871e-06	23.1821894501468	11.5910947250734	EIF3A	anova	0.000376705761887889
11.7916590213593	8.61264069352387e-06	23.1131406020216	11.5565703010108	ID2	anova	0.000389030370235354
11.7845735463323	8.67254371472737e-06	23.0995545480631	11.5497772740316	TPM3	anova	0.000390552678585276
11.7618282539428	8.86767552238229e-06	23.0559391518339	11.5279695759169	ASB2	anova	0.00039813726306214
11.672646573159	9.6761453857875e-06	22.8848928203311	11.4424464101656	ITM2C	anova	0.000433131000362007
11.6646489129689	9.75216033347943e-06	22.8695509241409	11.4347754620704	EFTUD2	anova	0.000435226652487558
11.6590773324586	9.80546955538468e-06	22.8588627039493	11.4294313519747	TNFRSF14	anova	0.000436299490127057
11.6468442860489	9.92354258534493e-06	22.8353947139824	11.4176973569912	CCL5	anova	0.000440239064812951
11.6433315424542	9.95770999178657e-06	22.8286556379282	11.4143278189641	STIP1	anova	0.000440443991506144
11.6276523378928	1.01116598143559e-05	22.7985745640675	11.3992872820338	MT-ND5	anova	0.000445930181043755
11.6191511695396	1.01961251127086e-05	22.7822640618739	11.391132030937	ATP5S	anova	0.000448328734306884
11.6067899278969	1.0320205895043e-05	22.7585466357566	11.3792733178783	SEPT7	anova	0.000452449967857387
11.5970038603013	1.04195094040673e-05	22.7397694091767	11.3698847045884	CHMP2A	anova	0.000455463950665769
11.5537567548354	1.08699473864691e-05	22.6567799665699	11.3283899832849	AATF	anova	0.000473764431996224
11.5293176650277	1.11330661692226e-05	22.6098764765427	11.3049382382713	PSMB9	anova	0.000483817738537701
11.4659691179831	1.18451894990816e-05	22.4882782442214	11.2441391221107	SNX20	anova	0.000513268589166599
11.4053509136315	1.25693151710263e-05	22.3718942674967	11.1859471337484	DUSP6	anova	0.000543067280983531
11.3747590531491	1.29514298791439e-05	22.3131494923491	11.1565747461745	PCBP2	anova	0.000557959577394561
11.3486471711021	1.32867799982185e-05	22.2630022493706	11.1315011246853	ELOB	anova	0.000570757183439322
11.2702546025745	1.4346740488445e-05	22.1124221082012	11.0562110541006	CAPG	anova	0.000614518717588393
11.2652244043449	1.44175780340175e-05	22.1027583757361	11.0513791878681	DDX3Y	anova	0.000615783433166377
11.2155576848251	1.513609750951e-05	22.0073318299741	11.003665914987	AOAH	anova	0.000644624769933587
11.2055178248499	1.52856450862503e-05	21.9880397374027	10.9940198687014	TRIM22	anova	0.000647294959248995
11.2059580929763	1.52790561943126e-05	21.9888857496248	10.9944428748124	ATP5F1A	anova	0.000647294959248995
11.2001906639633	1.53655954033349e-05	21.9778030406695	10.9889015203347	CFLAR	anova	0.000648837294850171
11.1356648517447	1.63679298856305e-05	21.8537939241228	10.9268969620614	HLA-DQB1	anova	0.000689210064619231
11.1309660384918	1.64434295127067e-05	21.844762340156	10.922381170078	SEPT6	anova	0.000690438761454664
11.1274450383961	1.65002328628813e-05	21.837994526711	10.9189972633555	LINC00944	anova	0.000690877727680081
11.0909104328607	1.71013658767152e-05	21.7677651291673	10.8838825645836	RPLP1	anova	0.00071404190408492
11.049556381909	1.78083153996714e-05	21.6882599990934	10.8441299995467	SKAP1	anova	0.00074148254007682
11.0463427248778	1.78644638608454e-05	21.6820810811785	10.8410405405893	AREG	anova	0.000741748463258388
11.0420001767318	1.79406179868243e-05	21.6737315207366	10.8368657603683	RPL32	anova	0.000742841254754451
11.0367720207662	1.80327344219609e-05	21.6636789949659	10.831839497483	MTRNR2L12	anova	0.000744587089456371
10.981386813616	1.90381680248999e-05	21.557174203419	10.7785871017095	NME2	anova	0.000783930752981099
10.9565919960362	1.95062983642805e-05	21.5094871261736	10.7547435630868	ARPC2	anova	0.000800994169195495
10.9492023021663	1.96480351257719e-05	21.4952739186454	10.7476369593227	AKAP2	anova	0.000804597834024056
10.9332028862516	1.9958454705692e-05	21.4644995909966	10.7322497954983	TMEM14C	anova	0.000815070481761766
10.8724943556187	2.11816779334496e-05	21.3477122388835	10.6738561194418	CHMP1B	anova	0.000862661451573768
10.867705428015	2.12813085156751e-05	21.3384984766821	10.6692492383411	ACTR2	anova	0.000864357451593061
10.8444664186803	2.1771489142668e-05	21.2937849562514	10.6468924781257	CD63	anova	0.000881863633588614
10.8291710456586	2.21002714301301e-05	21.2643534629243	10.6321767314621	CSDE1	anova	0.000892755138042057
10.8185489287228	2.2331522006058e-05	21.243913310274	10.621956655137	ANXA2	anova	0.000897233603833696
10.820555806186	2.22876459615042e-05	21.2477752086142	10.6238876043071	RPL4	anova	0.000897233603833696
10.7974996830873	2.27969649607315e-05	21.203405846733	10.6017029233665	SNX9	anova	0.000913471934689958
10.7850849026332	2.30760257007779e-05	21.1795131893304	10.5897565946652	PPP1R18	anova	0.000917256637588789
10.7867268845118	2.30389215656699e-05	21.1826733010107	10.5913366505054	SIT1	anova	0.000917256637588789
10.7893645972387	2.29794418296414e-05	21.1877497277849	10.5938748638925	ACAP1	anova	0.000917256637588789
10.7702033040345	2.34150497068291e-05	21.1508716114592	10.5754358057296	OST4	anova	0.000928257263111687
10.7672900310749	2.34820000069901e-05	21.1452644529217	10.5726322264608	SMU1	anova	0.000928442154122533
10.6974326253201	2.51461241550053e-05	21.0107922214746	10.5053961107373	TXK	anova	0.000991608800673304
10.6815182491628	2.55414655612586e-05	20.9801529291386	10.4900764645693	IER3	anova	0.00100454112310322
10.6183208040721	2.71738370813134e-05	20.8584636720872	10.4292318360436	POLR3K	anova	0.00106592951456331
10.5760979134197	2.83222885715077e-05	20.7771459049779	10.388572952489	TRAF1	anova	0.00110806307991311
10.5512486388656	2.90207850223068e-05	20.7292823302451	10.3646411651225	STYX	anova	0.00113241838100132
10.5420825951297	2.92827714112283e-05	20.7116259897438	10.3558129948719	SSBP2	anova	0.00113965793904901
10.5362135711166	2.94517645042878e-05	20.7003203082094	10.3501601541047	CAPZB	anova	0.00114318050055387
10.5336230507841	2.95266666250665e-05	20.6953300310173	10.3476650155086	LRRN3	anova	0.00114318050055387
10.5234371013501	2.98230376414033e-05	20.6757077516192	10.3378538758096	TUBA1B	anova	0.00115166372819367
10.5171599043371	3.00071617778503e-05	20.6636149497146	10.3318074748573	CDC27	anova	0.00115577972470449
10.5073480289875	3.02972500103708e-05	20.6447121496526	10.3223560748263	ZFAND2A	anova	0.00116124260036158
10.5070938671292	3.03048015256042e-05	20.6442224919496	10.3221112459748	EIF5A	anova	0.00116124260036158
10.441485152526	3.23185774776598e-05	20.5178080430338	10.2589040215169	PPP1CA	anova	0.00123345530500894
10.4403421026358	3.23548251884139e-05	20.515605349583	10.2578026747915	MRPL21	anova	0.00123345530500894
10.4306830482386	3.26627582103894e-05	20.4969916725263	10.2484958362631	AC020916.1	anova	0.00124201804562261
10.3790474814658	3.43594125388765e-05	20.3974750070538	10.1987375035269	PEX11B	anova	0.00130320967761958
10.3732110639788	3.45566582259104e-05	20.3862253457455	10.1931126728727	TRBC2	anova	0.00130736433379548
10.3618106713195	3.49452204761003e-05	20.3642504525353	10.1821252262677	ADRB2	anova	0.00131871761118165
10.3513122339559	3.53069116559684e-05	20.3440133076265	10.1720066538132	NR3C1	anova	0.00132900208369663
10.3050866534968	3.69446156692801e-05	20.2548979431505	10.1274489715752	DEDD2	anova	0.00138714468807629
10.2426268935653	3.92790320684759e-05	20.1344614869854	10.0672307434927	AIM2	anova	0.00147108857289624
10.2329485480817	3.96537534127658e-05	20.1157969672246	10.0578984836123	RPL10A	anova	0.00148140062248292
10.1967573117868	4.10870042884514e-05	20.0459968699714	10.0229984349857	SLAMF6	anova	0.00153110721480914
10.1842191730169	4.15955531680932e-05	20.0218130504699	10.0109065252349	ZNF146	anova	0.00154619280679201
10.1719586508562	4.20989399365906e-05	19.9981636169106	9.99908180845532	HNRNPA3	anova	0.00156055238967831
10.1697265444256	4.21912393023185e-05	19.9938579707368	9.99692898536839	THYN1	anova	0.00156055238967831
10.1580852889588	4.26759106121574e-05	19.9714018660804	9.98570093304019	BCL2	anova	0.00157457208808123
10.1504110744917	4.29984651807875e-05	19.9565976955201	9.97829884776005	RASAL3	anova	0.00158255585675264
10.1177599913162	4.4398351133159e-05	19.8936064501644	9.94680322508219	SMIM3	anova	0.00162604870268026
10.1184768197486	4.43671328672175e-05	19.8949894544463	9.94749472722313	EIF6	anova	0.00162604870268026
10.0672464894824	4.6654576842221e-05	19.7961395819251	9.89806979096256	FOSL1	anova	0.00170449294708369
10.0380318697595	4.80115372879948e-05	19.7397610264956	9.86988051324778	HIF1A	anova	0.00174977988952286
10.0210487048925	4.88184736636801e-05	19.7069840025957	9.85349200129786	RUFY1	anova	0.00177484919129467
9.95242820049795	5.22196589458281e-05	19.5745273701941	9.78726368509706	UBLCP1	anova	0.00189388378648787
9.94773783854566	5.24606246226898e-05	19.5654724385106	9.78273621925529	EEF1A1	anova	0.00189800502579081
9.93372339749616	5.31872691546376e-05	19.5384160603859	9.76920803019297	SARAF	anova	0.00191963543346012
9.91983857516698	5.39171372967254e-05	19.5116085386347	9.75580426931734	CSF2	anova	0.00194127741194442
9.90270358012781	5.48317017667092e-05	19.4785239836211	9.73926199181057	ZBTB10	anova	0.00196944902779414
9.87440673882165	5.63761729772443e-05	19.4238833340917	9.71194166704583	XRCC6	anova	0.0020200558519202
9.86958566155666	5.66436246884165e-05	19.4145733561669	9.70728667808343	SMARCAD1	anova	0.00202477186955764
9.85830406398112	5.72744554736887e-05	19.3927868229191	9.69639341145955	ZC3H12D	anova	0.00204242352461915
9.85498743827977	5.7461245888869e-05	19.3863817254705	9.69319086273525	RPS6KA5	anova	0.00204419410792239
9.83743964420483	5.8459732303824e-05	19.3524919564027	9.67624597820137	CMPK1	anova	0.00207476373743048
9.81012213592955	6.00488321571828e-05	19.2997297083882	9.64986485419408	CENPK	anova	0.00212609950625883
9.80447225139013	6.03828571084983e-05	19.288816603538	9.64440830176901	SCP2	anova	0.00213285987691772
9.78310145158805	6.16632382945057e-05	19.2475355007332	9.62376775036658	CITED2	anova	0.00216271112945389
9.78339467535277	6.16454877364146e-05	19.248101931264	9.62405096563202	ANXA1	anova	0.00216271112945389
9.78500043162229	6.15483726110883e-05	19.2512038155002	9.62560190775008	MAFF	anova	0.00216271112945389
9.703922018526	6.66487766293053e-05	19.0945592960697	9.54727964803485	GIMAP6	anova	0.00233208137191649
9.68176067761296	6.81151494421161e-05	19.0517351069844	9.52586755349221	BATF	anova	0.00237780894047818
9.66833388955294	6.90192535556506e-05	19.025787703098	9.51289385154898	RAB37	anova	0.00240374063901993
9.61982387981955	7.23870761437859e-05	18.932030848051	9.46601542402548	MUT	anova	0.00251025940353998
9.61943727056587	7.24145675246337e-05	18.9312835681497	9.46564178407485	CD5	anova	0.00251025940353998
9.60170653605974	7.36866867501422e-05	18.8970105478194	9.44850527390972	FASLG	anova	0.00254843098073694
9.57786177868116	7.5432840340776e-05	18.8509157353466	9.42545786767328	KHDRBS1	anova	0.00260278221786946
9.5624312003434	7.65848569135559e-05	18.8210843797305	9.41054218986526	TMA7	anova	0.00263642927749068
9.54264431646776	7.80879384562007e-05	18.7828286435686	9.39141432178429	STK26	anova	0.00267955067776407
9.54122343470355	7.81970042149047e-05	18.7800814188504	9.3900407094252	UBA52	anova	0.00267955067776407
9.53759843898463	7.84759478881282e-05	18.7730725520219	9.38653627601094	RPL9	anova	0.00268294146610192
9.52689811026273	7.93051671135607e-05	18.75238310078	9.37619155039	NME3	anova	0.00270508654689871
9.51288955045578	8.04040407787849e-05	18.7252958300337	9.36264791501686	SPINK2	anova	0.0027363073786497
9.50408273290542	8.11026707790135e-05	18.7082660459355	9.35413302296777	SLC16A7	anova	0.00275379592399083
9.46649228173907	8.41536934780862e-05	18.6355709580454	9.31778547902268	QRICH1	anova	0.00285089762496444
9.45743210178976	8.49060992902423e-05	18.6180482211141	9.30902411055704	FAAH2	anova	0.00286986466217767
9.44627019305838	8.58423168869597e-05	18.5964598497819	9.29822992489097	COX4I1	anova	0.00289494474098874
9.43322017923627	8.69500248268896e-05	18.5712185395457	9.28560926977283	NOP16	anova	0.00292568187374631
9.42126270271347	8.79775647049125e-05	18.548089339524	9.27404466976198	AC025259.3	anova	0.00295358914299871
9.41747970690318	8.83051748377298e-05	18.5407717234529	9.27038586172647	MDFIC	anova	0.00295792569917124
9.3850730288666	9.11621734272044e-05	18.478081843425	9.23904092171251	RPS27A	anova	0.00304677882759172
9.37781269981573	9.18148435701562e-05	18.46403589091	9.23201794545502	TAGLN2	anova	0.00305496311519411
9.37778933755418	9.18169512684129e-05	18.463990693282	9.23199534664101	TTC39C	anova	0.00305496311519411
9.35933837692377	9.34967909363829e-05	18.4282934537734	9.21414672688669	ADAM19	anova	0.003103926872378
9.33600920362222	9.56649118646243e-05	18.3831547926485	9.19157739632426	RPL24	anova	0.00316884705834242
9.32478473978315	9.6725946388854e-05	18.3614356449618	9.1807178224809	TEFM	anova	0.00319688903962807
9.29907135657026	9.92012565244968e-05	18.3116772723456	9.15583863617282	TMEM30A	anova	0.00327144674724369
9.28900313370866	0.000100187680279942	18.2921928018992	9.14609640094962	IKZF1	anova	0.00329668336038149
9.2727297550006	0.00010180286921062	18.2606982995028	9.13034914975142	THY1	anova	0.00334245279395043
9.24182741777864	0.000104942191524637	18.2008865679909	9.10044328399547	CPNE3	anova	0.00343795232278295
9.21624119555317	0.000107614730950546	18.1513590286066	9.0756795143033	SERINC1	anova	0.00351777451655446
9.20811605049364	0.000108477604892935	18.1356301093077	9.06781505465385	GRN	anova	0.00353822139722994
9.20583895766582	0.000108720668697315	18.1312219540487	9.06561097702433	C1orf162	anova	0.00353840674148947
9.1772382524409	0.000111820467911431	18.0758515385362	9.03792576926808	STRADA	anova	0.0036313636049843
9.16208168354785	0.000113498904162071	18.0465063289068	9.02325316445341	NR4A2	anova	0.00367785796834747
9.14939437151543	0.000114923287762487	18.0219406716393	9.01097033581963	HCLS1	anova	0.00370789291642346
9.15055601340997	0.000114792130697421	18.0241899350908	9.01209496754541	HMCES	anova	0.00370789291642346
9.1347208363586	0.000116593011057032	17.9935277702251	8.99676388511256	MRPL23	anova	0.00374920739961154
9.13372814145566	0.000116706845124095	17.9916055229639	8.99580276148195	ATP5F1E	anova	0.00374920739961154
9.12246492023962	0.000118006243893745	17.9697950062434	8.9848975031217	PA2G4	anova	0.00378279800318314
9.11836483342852	0.000118482846852766	17.9618552205504	8.98092761027522	POLE4	anova	0.00378992556907153
9.11541611876823	0.000118826803609325	17.9561449831961	8.97807249159804	ALDOA	anova	0.00379278872505482
9.11203960615644	0.000119221890237277	17.949606230862	8.97480311543102	RABL3	anova	0.00379726815358302
9.0894142668545	0.000121903460005306	17.9057892369834	8.95289461849169	HNRNPK	anova	0.0038743986670343
9.08616384099453	0.000122293635378853	17.8994940503917	8.94974702519587	PAG1	anova	0.00387852963607913
9.07167751318687	0.000124047819139383	17.8714370683846	8.93571853419232	CD3E	anova	0.00392581059892068
9.0473660775002	0.000127048589009532	17.8243475186662	8.9121737593331	CAPZA1	anova	0.00401225904189847
9.03893414136153	0.000128106244145962	17.8080144553991	8.90400722769954	GNA15	anova	0.00403710713581335
9.03301560212622	0.000128853897553986	17.796549656552	8.89827482827599	ATP1A1	anova	0.00405210168130741
8.98432548854987	0.000135172908933136	17.7022225014683	8.85111125073417	CFH	anova	0.00424186816959436
8.98020582922087	0.000135721596944392	17.6942407198254	8.84712035991269	TAGAP	anova	0.00424871997243295
8.97841118016098	0.000135961319391555	17.6907635744818	8.84538178724088	THBS1	anova	0.00424871997243295
8.97568510742997	0.000136326269752158	17.6854817447946	8.84274087239728	ITPRIP	anova	0.00425121208561854
8.96569300965081	0.00013767236403389	17.6661213643355	8.83306068216774	THAP2	anova	0.00428422600895441
8.95785158108625	0.000138738048240805	17.6509275510142	8.8254637755071	NOMO2	anova	0.00430839447307801
8.95218997362423	0.000139512619514458	17.6399571566058	8.81997857830291	RHOH	anova	0.00432344096981811
8.93843986684824	0.000141411875170375	17.6133128627875	8.80665643139374	CERK	anova	0.00437320624748882
8.92548928158742	0.000143224378757841	17.5882165987347	8.79410829936734	M6PR	anova	0.00442008817756601
8.91197994817585	0.00014513989035	17.5620362792164	8.78101813960818	AL136454.1	anova	0.00444537542915936
8.91002018102419	0.000145419892835808	17.558238252862	8.779119126431	DIMT1	anova	0.00444537542915936
8.90921633342711	0.000145534899331126	17.556680389201	8.77834019460051	ZZEF1	anova	0.00444537542915936
8.91708250852926	0.000144413391507155	17.5719249052609	8.78596245263046	TMEM256	anova	0.00444537542915936
8.91245289131905	0.000145072399361557	17.5629528383109	8.78147641915543	KDELR1	anova	0.00444537542915936
8.88456473027157	0.00014910640172353	17.50890310821	8.754451554105	PSME1	anova	0.00454515342349884
8.86096191786539	0.000152608219129745	17.463154388764	8.731577194382	AC011611.3	anova	0.00464240431499587
8.83132541007508	0.00015712214500384	17.405705032959	8.70285251647952	PTMA	anova	0.00476998511899642
8.81985555446744	0.000158904804540278	17.3834694127182	8.6917347063591	HMGA1	anova	0.00481429881397843
8.81444899973348	0.000159752111316933	17.3729878625678	8.68649393128388	NDUFA11	anova	0.00483015207158258
8.80091497533245	0.00016189304367649	17.3467488704819	8.67337443524096	RPL35	anova	0.00488497511951773
8.79302051283008	0.000163155109837746	17.3314429290289	8.66572146451447	ETV7	anova	0.0049131112469524
8.78432175035603	0.000164557175243607	17.314577074846	8.657288537423	SOCS1	anova	0.00494534123826855
8.77396235559615	0.000166242658039067	17.2944907432429	8.64724537162143	GBP3	anova	0.00497655976077708
8.77383367265309	0.000166263703264926	17.2942412287983	8.64712061439916	G3BP2	anova	0.00497655976077708
8.76879748718551	0.000167089437155954	17.2844760412205	8.64223802061025	RPL27A	anova	0.00499125280610551
8.76422915867288	0.000167842014490041	17.275617872446	8.63780893622299	PARP9	anova	0.00500370613597709
8.75312059850811	0.000169686216469553	17.254077309743	8.62703865487152	HTATSF1	anova	0.00504858830877277
8.73981086101399	0.000171922604421193	17.2282672823886	8.6141336411943	PIAS1	anova	0.00510493693526356
8.73651134370862	0.000172481563365949	17.2218687144313	8.61093435721564	BTF3L4	anova	0.0051113522535444
8.7076882884486	0.000177442447711694	17.1659704517124	8.58298522585622	PLEKHO1	anova	0.00524793080474308
8.7042766267355	0.000178039029481377	17.1593536172722	8.57967680863612	IAH1	anova	0.00525514806623645
8.69707144516981	0.000179305578712773	17.1453790682048	8.57268953410242	HMGN2	anova	0.00528207303615138
8.66956684388341	0.000184223984113262	17.0920300739128	8.54601503695642	GOLGA8A	anova	0.00540894670156081
8.66893700998175	0.000184338180893123	17.0908083597178	8.5454041798589	HERPUD1	anova	0.00540894670156081
8.66464369920338	0.000185118503670334	17.0824803756397	8.54124018781986	RPL13	anova	0.00542117174009823
8.65999668048653	0.000185966844077811	17.073466133997	8.53673306699849	AGFG1	anova	0.00543533681926244
8.65550467614927	0.000186790587842651	17.0647524397633	8.53237621988166	ARID5A	anova	0.00543772687231794
8.65358885647551	0.000187143021970958	17.0610360440599	8.53051802202994	RPS18	anova	0.00543772687231794
8.65672493725315	0.000186566455384585	17.0671195449551	8.53355977247753	MTFP1	anova	0.00543772687231794
8.64542868519147	0.000188651644449017	17.0452062696125	8.52260313480626	SEPHS2	anova	0.00547089768902149
8.6222873072142	0.000192996539629891	17.000312101423	8.50015605071151	IMMT	anova	0.00558603188295759
8.61687029654402	0.000194028004272588	16.9898025676002	8.4949012838001	CAT	anova	0.0056050027745876
8.59722595547859	0.000197815074964761	16.951688837581	8.47584441879049	RPL31	anova	0.00569233881742225
8.59896496057503	0.000197476859691328	16.9550629480184	8.4775314740092	RNASET2	anova	0.00569233881742225
8.58968404735159	0.000199288613250396	16.9370553727955	8.46852768639776	NDUFS1	anova	0.00569453034328907
8.59383613048014	0.000198476023700936	16.945111655634	8.47255582781702	CD164	anova	0.00569453034328907
8.59214193217658	0.000198807187602006	16.941824419336	8.470912209668	QKI	anova	0.00569453034328907
8.58901760433535	0.000199419350543197	16.9357622624825	8.46788113124127	NUDCD3	anova	0.00569453034328907
8.58574309630077	0.000200062965912248	16.9294086343128	8.46470431715639	ALDH9A1	anova	0.00569898171900937
8.58433743485647	0.000200339891369979	16.9266811626632	8.46334058133162	LDOC1	anova	0.00569898171900937
8.57382586642669	0.000202422956806609	16.9062846155556	8.4531423077778	SEPT1	anova	0.00574726970316059
8.57095096594933	0.000202996442136768	16.9007060473103	8.45035302365517	ARL5B	anova	0.00575259499332825
8.56691430799886	0.000203804423418035	16.8928730592489	8.44643652962446	CCT5	anova	0.00576453270487519
8.56031925717108	0.000205131433300842	16.8800753499115	8.44003767495577	AC091965.1	anova	0.00579107792572415
8.50201382809009	0.000217246322035031	16.7669198994597	8.38345994972984	C5orf17	anova	0.00612150033318368
8.4914524297564	0.000219516287735882	16.7464203888032	8.37321019440162	ARHGDIB	anova	0.00617379204715293
8.47363382640004	0.000223400044381765	16.7118329310384	8.35591646551922	RHOA	anova	0.00627118843983916
8.46688247639288	0.000224889492329341	16.6987273753734	8.34936368768672	GYG1	anova	0.00630113303131795
8.45477158351679	0.000227586310686731	16.6752171817453	8.33760859087264	LBR	anova	0.00636473085759178
8.45162224489993	0.000228292888935238	16.6691033747949	8.33455168739743	SFT2D1	anova	0.00637253521061546
8.449708416842	0.000228723344111901	16.6653880279131	8.33269401395653	PRKCH	anova	0.00637261713519999
8.44736928973507	0.000229250561347779	16.6608470048706	8.33042350243531	ORMDL3	anova	0.00637538967807834
8.43376985090748	0.000232339953573489	16.6344451925614	8.31722259628068	RPL23	anova	0.00644927252880154
8.40787744267651	0.000238337728372933	16.5841742439075	8.29208712195374	SSR2	anova	0.00659286034039921
8.40762311058427	0.000238397405304922	16.5836804259158	8.29184021295791	ANKRD28	anova	0.00659286034039921
8.40164025770185	0.000239805558864011	16.5720638240683	8.28603191203416	BIN2	anova	0.00661952159338324
8.39831173303441	0.000240592581371506	16.5656008847486	8.28280044237428	KCNAB2	anova	0.00662897045826926
8.38391025759986	0.000244027709252984	16.5376368649015	8.26881843245075	IRS2	anova	0.00671121224008298
8.37450191103512	0.000246298339305124	16.5193674287202	8.2596837143601	UHMK1	anova	0.00676118424619185
8.3538683243638	0.000251352486257277	16.4792982148912	8.23964910744558	ELL2	anova	0.00688724294145398
8.34656216590021	0.000253166914126685	16.465109347094	8.23255467354698	AC074386.1	anova	0.00692423123297682
8.32164177436768	0.000259454991420647	16.4167099960404	8.20835499802019	ARF3	anova	0.00708321630424207
8.31060668051527	0.000262289198188148	16.3952766615195	8.19763833075975	PTPN4	anova	0.00714750052686022
8.30489547380921	0.000263768200248912	16.3841835057091	8.19209175285454	IGKV1-39	anova	0.00716161893061983
8.30541700299426	0.000263632796539975	16.3851965071	8.19259825354999	COMMD6	anova	0.00716161893061983
8.30302644533675	0.000264254025373208	16.3805531492257	8.19027657461287	SH3BGRL3	anova	0.00716176454947824
8.2974088526163	0.000265719635386253	16.3696415187425	8.18482075937123	TMEM248	anova	0.00718841539939652
8.25811349304914	0.000276201937320371	16.2933077089471	8.14665385447354	TSC22D1	anova	0.00745845303930697
8.25319959212622	0.000277541568279719	16.2837613497933	8.14188067489663	RPSA	anova	0.00748107525637883
8.24702213103873	0.000279234911606062	16.2717599929356	8.1358799964678	CYTOR	anova	0.00751313283826707
8.23995778806447	0.000281184054400692	16.2580352947884	8.12901764739422	DEAF1	anova	0.00755194507188597
8.23766329692769	0.000281820062075716	16.2535774497427	8.12678872487135	CIAO1	anova	0.00755541339082846
8.23469929498738	0.000282643784741876	16.247818791379	8.12390939568948	ADNP	anova	0.00756389273853213
8.22951171281147	0.00028409126991226	16.2377398619629	8.11886993098145	H1FX	anova	0.00758062043533749
8.22734352260833	0.000284698456162301	16.2335272376202	8.11676361881012	TRMT44	anova	0.00758062043533749
8.22192733399451	0.00028622090798627	16.2230038574376	8.1115019287188	FSCN1	anova	0.00758062043533749
8.22424145740465	0.000285569428977076	16.2275001079667	8.11375005398334	ZYX	anova	0.00758062043533749
8.22157500550348	0.000286320227096136	16.2223192936789	8.11115964683946	DDIT3	anova	0.00758062043533749
8.22685905046528	0.000284834306761367	16.2325859414147	8.11629297070735	FUS	anova	0.00758062043533749
8.21163054024248	0.00028913779333358	16.202997124023	8.1014985620115	RHOF	anova	0.0076416452968623
8.18071971392894	0.000298074369205554	16.1429325959403	8.07146629797013	FAM241A	anova	0.00786388769447431
8.17156539717187	0.000300773692139416	16.1251430136442	8.06257150682211	CCR6	anova	0.00791595905328967
8.16726611520471	0.000302049855066545	16.1167880106271	8.05839400531357	JAML	anova	0.00791595905328967
8.16798161697931	0.000301837095828916	16.1181784891715	8.05908924458574	OS9	anova	0.00791595905328967
8.166854476501	0.000302172326668578	16.1159880461746	8.05799402308728	JAK3	anova	0.00791595905328967
8.15907299921143	0.000304496870398922	16.1008655612811	8.05043278064055	HCST	anova	0.0079628602634497
8.14323186289904	0.00030928456743527	16.070078621838	8.03503931091902	RPLP0	anova	0.00807389800733825
8.1230524949556	0.000315492807393387	16.0308577862344	8.01542889311722	ARHGEF2	anova	0.00822156606119899
8.08554462598898	0.000327365841904798	15.9579492676701	7.97897463383503	DAZAP2	anova	0.0085160824422913
8.07142088707882	0.000331951814705368	15.9304926349303	7.96524631746516	EMC6	anova	0.00862033754355089
8.06676693423725	0.000333477006645793	15.9214450067981	7.96072250339907	TMEM14B	anova	0.00864488393228208
8.05099250539291	0.000338699018493051	15.8907771863823	7.94538859319117	STUB1	anova	0.00876501314176635
8.04774891432057	0.000339782899524308	15.8844709429805	7.94223547149027	MAL	anova	0.00877692125133121
8.04609529941467	0.000340336809557859	15.8812559282453	7.94062796412267	ADGRE5	anova	0.00877692125133121
8.02402041178955	0.000347818452869951	15.8383352810664	7.91916764053321	DCTPP1	anova	0.00895437281257251
8.00479062873795	0.000354470001762668	15.8009435546729	7.90047177733645	LY9	anova	0.00910987904530058
7.99861348310141	0.000356633594427773	15.7889317157046	7.89446585785231	ARFIP1	anova	0.0091339868703443
8.00010026887914	0.000356111630300454	15.7918228871672	7.89591144358362	CD4	anova	0.0091339868703443
7.98608027868837	0.000361064187804727	15.7645592817863	7.88227964089317	EIF4H	anova	0.00923159997155619
7.95821717776558	0.000371112616379834	15.7103718126176	7.85518590630881	NBEAL1	anova	0.00947226825300995
7.94722473811184	0.000375153527400686	15.6889924424587	7.84449622122937	SMARCA5	anova	0.00955904013578568
7.92609242249861	0.000383046193001494	15.6478894099913	7.82394470499565	H3F3B	anova	0.00974349241105849
7.89545052588128	0.000394787021468583	15.5882841951164	7.79414209755818	DENND1C	anova	0.010025034654192
7.88831632502565	0.000397571926415813	15.5744056329467	7.78720281647334	GPAA1	anova	0.0100632503642525
7.88813697961253	0.000397642188685409	15.5740567374795	7.78702836873975	GHITM	anova	0.0100632503642525
7.88633702748402	0.00039834804645919	15.570555128819	7.7852775644095	GPR34	anova	0.0100640270856283
7.880493921092	0.000400648105539707	15.5591878470869	7.77959392354346	RASA1	anova	0.0100879403060386
7.88106156164973	0.000400424079294347	15.5602921558319	7.78014607791595	RORA	anova	0.0100879403060386
7.86318550206195	0.000407539708303871	15.5255142941974	7.76275714709872	DNAJB4	anova	0.0102441600201982
7.84566245886982	0.00041463776485033	15.4914209798763	7.74571048993816	ATP5F1B	anova	0.0104050345502677
7.82345507146501	0.000423811541088845	15.4482104819347	7.72410524096735	AL390728.5	anova	0.0106042581382842
7.8230049129612	0.000423999587442465	15.447334539485	7.72366726974248	G2E3	anova	0.0106042581382842
7.80976898815765	0.000429566200277033	15.421578714341	7.71078935717052	TRBV30	anova	0.0107254837208199
7.80786909271592	0.000430371223526808	15.4178815980492	7.70894079902458	HMGB2	anova	0.0107276144780779
7.77550529194878	0.000444318929721152	15.3548989922308	7.67744949611542	SELENOH	anova	0.0110567912628105
7.74675855853185	0.000457087153452366	15.2989491321553	7.64947456607764	COX6B1	anova	0.0113555685156016
7.73932701917222	0.000460447347924704	15.2844841290792	7.6422420645396	BCAS3	anova	0.0114200135909578
7.68745386197281	0.000484601482242979	15.1835052902201	7.59175264511007	PDCD6IP	anova	0.0119991190935446
7.6772956690826	0.000489478131206507	15.1637285688906	7.58186428444528	RNF214	anova	0.0120735839448022
7.67672446049227	0.000489753807131006	15.1626164755419	7.58130823777095	GLTP	anova	0.0120735839448022
7.67613429466132	0.000490038795559191	15.1614674716136	7.58073373580681	DRG1	anova	0.0120735839448022
7.67019235882963	0.000492917403659116	15.1498988746606	7.57494943733028	GNAI3	anova	0.0121044922882089
7.67065413704499	0.000492693086432354	15.1507979386536	7.57539896932678	PAICS	anova	0.0121044922882089
7.65159459732837	0.000502037162237776	15.113688480905	7.5568442404525	RABGGTA	anova	0.0123081676649939
7.64819672261978	0.000503721546712446	15.1070724470662	7.55353622353311	ASCC1	anova	0.0123291845242951
7.63475868685673	0.000510438669558257	15.0809063009781	7.54045315048907	ULBP2	anova	0.0124731128007137
7.62543045941994	0.00051515416715323	15.062741882328	7.531370941164	BIK	anova	0.0125677381597153
7.62271581937929	0.00051653462151728	15.0574556729064	7.52872783645322	KLF2	anova	0.0125808252750598
7.61723266594962	0.000519334239567026	15.0467781837097	7.52338909185486	SNRPD3	anova	0.0126283787520165
7.6069346827383	0.000524633393426676	15.0267240603638	7.51336203018188	DDOST	anova	0.0127364582449805
7.59880456009678	0.000528855246594875	15.0108910498619	7.50544552493095	PSAP	anova	0.0128002285285972
7.59856982600956	0.000528977644815232	15.010433909753	7.50521695487648	ACADVL	anova	0.0128002285285972
7.58976071325136	0.000533591587658515	14.9932780436285	7.49663902181427	GCFC2	anova	0.0128909500901748
7.58478556936594	0.000536215209483715	14.9835886350162	7.4917943175081	HDAC1	anova	0.012933372026803
7.57621293741455	0.000540766310019328	14.9668924688228	7.48344623441138	LCLAT1	anova	0.0130010687373357
7.57627870670612	0.000540731247046852	14.9670205639541	7.48351028197703	GAPDH	anova	0.0130010687373357
7.56484626277055	0.000546860463962627	14.9447537679137	7.47237688395687	USP4	anova	0.0131264123604298
7.55538296384186	0.000551986595278507	14.9263215283254	7.46316076416268	PRKACB	anova	0.0132281546450505
7.55173705458839	0.000553974353455305	14.9192199970556	7.45960999852782	RBBP4	anova	0.0132332399240461
7.55188236976735	0.000553894990229889	14.919503044971	7.45975152248551	BCLAF1	anova	0.0132332399240461
7.5365795481942	0.000562315439530028	14.8896950508684	7.4448475254342	MMP25	anova	0.0134109983066154
7.51911499630895	0.000572082214866614	14.8556741991179	7.42783709955895	RASSF5	anova	0.0136221365731657
7.51707757124986	0.000573232626948479	14.8517051620913	7.42585258104564	EEF1G	anova	0.0136277600275822
7.50729023464153	0.000578791343120307	14.832638371584	7.41631918579198	AF213884.3	anova	0.0137379996187123
7.48441377946578	0.000591995577194734	14.7880698512685	7.39403492563424	FYN	anova	0.0140290716592444
7.48079313626684	0.000594112891964473	14.7810156695213	7.39050783476063	SPATA33	anova	0.0140568996311467
7.46986242918214	0.000600551196242587	14.7597185464156	7.37985927320782	MAP2K2	anova	0.0141867133616355
7.44953050347206	0.000612713442309659	14.7201020117714	7.36005100588569	ZMYND8	anova	0.014428288421908
7.45026906635641	0.000612267355949736	14.7215411459777	7.36077057298884	MT-ND1	anova	0.014428288421908
7.44782368487596	0.000613745593939778	14.7167761579215	7.35838807896073	SF3A1	anova	0.0144297978284958
7.43729600391084	0.000620150541207332	14.6962617774496	7.34813088872478	AGPAT2	anova	0.0145574235704512
7.42998844234157	0.000624635730185919	14.6820216918671	7.34101084593354	IFI44L	anova	0.0146221519706726
7.42960835475939	0.000624869905093148	14.6812810128947	7.34064050644735	HMGN1	anova	0.0146221519706726
7.41258281063699	0.000635450185022197	14.6481021564355	7.32405107821775	RPL7	anova	0.0148464270500641
7.40686132423316	0.00063904586401055	14.636951827415	7.3184759137075	CSNK1D	anova	0.0149070698731475
7.40404755049276	0.000640821655883864	14.6314681122497	7.31573405612483	PSMB7	anova	0.0149251368790701
7.39566044583449	0.000646144200299254	14.6151222874748	7.30756114373738	GRK6	anova	0.0150256247264597
7.39355734121672	0.000647485783835897	14.6110234175252	7.30551170876262	STAT4	anova	0.0150333693050746
7.38544462717115	0.00065268713318681	14.5952117492589	7.29760587462947	CNBP	anova	0.0150762012141575
7.38717195667887	0.000651576184481769	14.5985783520801	7.29928917604006	PGM2	anova	0.0150762012141575
7.38877776214445	0.000650545094495574	14.6017080824669	7.30085404123343	TP53I11	anova	0.0150762012141575
7.38437469305459	0.000653376223288993	14.5931264135042	7.29656320675212	MVP	anova	0.0150762012141575
7.38275752649873	0.000654419141644728	14.5899744884777	7.29498724423883	GPCPD1	anova	0.0150769269325445
7.3512966483455	0.000675043544701462	14.5286521474189	7.26432607370943	RAN	anova	0.0154885051934353
7.35075980203225	0.000675401071765258	14.5276056847386	7.26380284236928	URB1	anova	0.0154885051934353
7.35178663268018	0.000674717392130497	14.5296072612508	7.26480363062541	C21orf62-AS1	anova	0.0154885051934353
7.33834706651149	0.000683720776022363	14.5034092294529	7.25170461472646	TAPBP	anova	0.0155833973813293
7.34205887908645	0.000681222209012519	14.5106448756566	7.25532243782828	RPS4X	anova	0.0155833973813293
7.33946372351877	0.000682968146218003	14.5055860026414	7.25279300132072	IDNK	anova	0.0155833973813293
7.33890922035751	0.000683341779021001	14.5045050741714	7.2522525370857	MT-ND4	anova	0.0155833973813293
7.33422306618422	0.000686507571819086	14.4953699650071	7.24768498250353	ARPC4	anova	0.01560281978892
7.33244416486065	0.000687713175990905	14.4919021632903	7.24595108164514	CDK7	anova	0.01560281978892
7.33257620006508	0.000687623619727693	14.4921595543592	7.24607977717961	GPM6B	anova	0.01560281978892
7.32246187054972	0.000694517872451597	14.4724421880221	7.23622109401107	ESS2	anova	0.0157332574570874
7.31954577536864	0.00069651840822612	14.4667572721278	7.23337863606388	TGIF1	anova	0.015754633373321
7.30027927239745	0.000709881721921968	14.4291957495112	7.21459787475559	TMEM41A	anova	0.0159841343609801
7.30175503951052	0.000708849102249371	14.432072965839	7.21603648291951	UQCRB	anova	0.0159841343609801
7.30262542109239	0.000708240786928407	14.4337698901921	7.21688494509604	RNF139-AS1	anova	0.0159841343609801
7.27487911824299	0.000727892725193848	14.37967208364	7.18983604181998	TRIM4	anova	0.0163649607266056
7.26033015747637	0.000738414747978298	14.3513032992256	7.17565164961281	CMTM8	anova	0.0165765214357899
7.24683000521989	0.000748314519180368	14.3249781940278	7.16248909701389	ANKRD44	anova	0.0167483126470009
7.24745938978962	0.000747850044902882	14.3262055144309	7.16310275721546	NAMPT	anova	0.0167483126470009
7.24299565823266	0.000751150447496518	14.3175010303779	7.15875051518894	CCNI	anova	0.0167850960422837
7.24156662813543	0.000752210127213573	14.314714324659	7.15735716232951	NCKAP1L	anova	0.0167850960422837
7.23809829895687	0.000754788257229144	14.3079507855538	7.15397539277692	TSPO	anova	0.0168174495698918
7.22424916198345	0.000765171360016803	14.2809429103159	7.14047145515794	CCDC115	anova	0.0170086478468722
7.22210366112105	0.000766792657527044	14.2767587401012	7.13837937005062	NSMCE1	anova	0.0170086478468722
7.22350960444269	0.000765729835565448	14.2795006240029	7.13975031200147	NR1D1	anova	0.0170086478468722
7.20438699210694	0.000780312904300983	14.2422062943523	7.12110314717614	VPS37B	anova	0.0172828293484553
7.19586770409904	0.000786899071564456	14.2255904945004	7.11279524725021	HIST1H1C	anova	0.017402845045608
7.19381038999412	0.000788497889485589	14.2215778829971	7.11078894149853	DPYD	anova	0.0174123696898847
7.18631385622442	0.000794351320184366	14.2069562882439	7.10347814412193	CHPT1	anova	0.0175156816252488
7.18445166222652	0.000795812093272257	14.2033241134771	7.10166205673855	HSPA2	anova	0.017521972027055
7.18116130089292	0.000798399755167927	14.196906263262	7.09845313163102	RABIF	anova	0.0175530188060961
7.17855804234532	0.000800453025879045	14.1918285513606	7.09591427568029	MCL1	anova	0.0175722427153948
7.17179203317701	0.000805814364945005	14.1786310742608	7.08931553713038	SRPRA	anova	0.0176639248880445
7.16849969730397	0.000808436187092183	14.1722090697132	7.0861045348566	CLSTN3	anova	0.0176735158565167
7.16826523276144	0.000808623226495667	14.1717517220088	7.08587586100442	NOL11	anova	0.0176735158565167
7.16340423619937	0.000812510771376528	14.162269747878	7.08113487393898	HLA-DRB1	anova	0.0177260663570587
7.16228817839601	0.000813405969960293	14.1600927150522	7.08004635752612	EPHA1	anova	0.0177260663570587
7.16025368921153	0.000815040392760406	14.1561241251397	7.07806206256984	COL5A3	anova	0.0177357548824622
7.1523173984189	0.000821447587461976	14.140642858882	7.07032142944102	GRAP2	anova	0.0178491220680878
7.1406682888139	0.00083094375865814	14.1179181939191	7.05895909695955	CAPN12	anova	0.0180291814651503
7.13293439731921	0.00083730897735039	14.102830651002	7.05141532550102	CCT6A	anova	0.0181408831633502
7.11396811203127	0.000853126355080543	14.0658287249231	7.03291436246155	EGR3	anova	0.0184567510142679
7.10926028116794	0.000857098720945584	14.0566436635233	7.02832183176163	CTDSP1	anova	0.0184890210338855
7.10975502324436	0.000856680398380877	14.0576089216557	7.02880446082787	PPIB	anova	0.0184890210338855
7.10543882654518	0.000860336804019707	14.0491878193604	7.02459390968019	MAN2B1	anova	0.0185320526021933
7.08923278655795	0.000874205640873527	14.017567865604	7.00878393280202	AK2	anova	0.018803620898789
7.07600370861552	0.000885692739976037	13.9917549106763	6.99587745533813	SYNJ2	anova	0.0190232506946438
7.06784779686105	0.000892849928969254	13.9758402283333	6.98792011416664	SRP72	anova	0.0191224439391982
7.067817345416	0.000892876759806922	13.9757808073288	6.98789040366441	RBM48	anova	0.0191224439391982
7.05933256886874	0.000900384274064374	13.9592238936751	6.97961194683756	CRYZ	anova	0.0192322028810302
7.05910988882941	0.000900582155572189	13.9587893561248	6.97939467806241	CLN3	anova	0.0192322028810302
7.05109519604178	0.000907733381010697	13.9431492545307	6.97157462726536	BOLA2-SMG1P6	anova	0.0193571870920536
7.04943966305572	0.000909217629148162	13.9399185417081	6.96995927085405	KMT2E	anova	0.0193611399715464
7.04597468491962	0.000912331988385326	13.9331566975035	6.96657834875174	CD48	anova	0.0193997441068069
7.04393801281268	0.00091416755601224	13.9291821267689	6.96459106338443	KLF10	anova	0.0194110848859237
7.03918674695609	0.000918464070817892	13.9199099022058	6.95995495110291	GFPT2	anova	0.0194745738828044
7.03520526538409	0.000922080054971092	13.9121398061483	6.95606990307417	ZNF593	anova	0.0195060974726632
7.03179869843246	0.00092518522160022	13.905491598328	6.95274579916398	FAM98A	anova	0.0195060974726632
7.03349447006091	0.00092363817815965	13.9088010527757	6.95440052638787	AC016831.1	anova	0.0195060974726632
7.03191582531152	0.000925078283956964	13.9057201828879	6.95286009144393	MRPL10	anova	0.0195060974726632
7.02186190636376	0.000934302823720533	13.8860986133538	6.9430493066769	SMCHD1	anova	0.0196705054948846
7.01024511098456	0.000945076134549415	13.8634259653625	6.93171298268125	WBP1	anova	0.0198669337517868
7.00893560925726	0.000946298333809785	13.8608701325303	6.93043506626513	ZNF557	anova	0.0198669337517868
7.00169483819497	0.00095308501634729	13.8467376614073	6.92336883070363	PDE4A	anova	0.0199812732119166
6.99492088271376	0.000959478302673448	13.8335159713129	6.91675798565647	LBH	anova	0.0200870555893967
6.98642432472317	0.000967558169604567	13.8169315614305	6.90846578071527	RAC1	anova	0.0202278009482829
6.98111658796621	0.000972640160575463	13.806571137006	6.90328556850299	FIP1L1	anova	0.0202771667601928
6.98174563529888	0.000972036473356271	13.807799015193	6.90389950759651	MAP1LC3A	anova	0.0202771667601928
6.97902438206092	0.000974650722600485	13.8024872042215	6.90124360211075	SH2B3	anova	0.020290703451233
6.9737891869519	0.000979699889498082	13.792268096769	6.89613404838449	BCL6	anova	0.0203673731560089
6.97054840103805	0.000982838641021652	13.7859419786316	6.89297098931579	ZNF766	anova	0.0204041682215442
6.96792930763578	0.0009853826334282	13.7808293683891	6.89041468419456	CDK17	anova	0.0204285306451749
6.96589607262194	0.000987362114518654	13.7768603505998	6.88843017529989	AGTRAP	anova	0.0204359145533305
6.96474884234769	0.000988480772370276	13.7746208631175	6.88731043155876	COX7C	anova	0.0204359145533305
6.95450931371222	0.000998521694481971	13.7546320400742	6.8773160200371	BCL2L1	anova	0.0206149091107317
6.95306004096482	0.000999951088449178	13.7518028192445	6.87590140962224	NIPBL	anova	0.0206158657322593
6.93625675393749	0.00101667433419743	13.7189988992549	6.85949944962744	GOSR1	anova	0.0209316956153962
6.92180347470214	0.00103128276534969	13.6907810963081	6.84539054815406	YBX1	anova	0.0211739681822349
6.92291705616177	0.00103014979074728	13.6929552467622	6.84647762338108	SLFN12L	anova	0.0211739681822349
6.91746416694607	0.00103570956592199	13.6823089690562	6.84115448452809	SLC25A45	anova	0.0212356076886289
6.91408979810109	0.00103916512602078	13.6757207077584	6.8378603538792	PMPCB	anova	0.0212771914402003
6.88846534156107	0.00106578583737905	13.6256877238072	6.8128438619036	EID1	anova	0.0217030105081586
6.88931662509122	0.00106489058002182	13.6273499726148	6.81367498630738	PSMD11	anova	0.0217030105081586
6.88975364575262	0.00106443127737525	13.6282033138375	6.81410165691875	FKBP8	anova	0.0217030105081586
6.89246872153232	0.00106158221401104	13.6335048308485	6.81675241542427	NDUFV3	anova	0.0217030105081586
6.87214787079348	0.00108309270479566	13.5938245858886	6.79691229294431	PARVB	anova	0.0220253476912472
6.8670252185846	0.00108858382445861	13.5838211790687	6.79191058953433	PUS1	anova	0.022106853525041
6.84395825496705	0.00111365760551301	13.5387741331992	6.76938706659962	CBX3	anova	0.0225852792758869
6.83378048699782	0.00112490403451279	13.5188969266881	6.75944846334406	POLR2J3.1	anova	0.0227773507444912
6.83262808348233	0.00112618459001007	13.5166462321706	6.7583231160853	ZNF217	anova	0.0227773507444912
6.82965870120096	0.00112949091376661	13.5108468540078	6.75542342700392	PSMD12	anova	0.0228132676972968
6.82605156133245	0.00113352044822013	13.5038018113978	6.75190090569888	RHOC	anova	0.0228636749677527
6.80463264360042	0.00115774594390815	13.4619669408261	6.73098347041306	ZNF226	anova	0.0233207581620202
6.80048015105133	0.00116250223905469	13.4538560141383	6.72692800706913	NINJ1	anova	0.0233613786603576
6.80013625301829	0.00116289701905175	13.4531842838252	6.72659214191258	SNHG10	anova	0.0233613786603576
6.79598038542287	0.00116767840719662	13.4450666286024	6.7225333143012	LINC002481	anova	0.02342586048139
6.77907036801757	0.00118733761924502	13.4120349979923	6.70601749899617	TRPT1	anova	0.0237882453662181
6.77680719912952	0.0011899937689274	13.4076140190164	6.70380700950822	ACTN4	anova	0.0238094592209824
6.77051410089261	0.00119741094627207	13.3953205931728	6.69766029658641	ATF7IP	anova	0.0239257474063425
6.76644949659892	0.00120222617538788	13.3873803267586	6.6936901633793	PSMC3	anova	0.0239898037086102
6.76319630580766	0.00120609411838572	13.3810250822619	6.69051254113093	DPH2	anova	0.0240316348796714
6.76197709745992	0.00120754692908049	13.3786432878143	6.68932164390716	AL138963.3	anova	0.0240316348796714
6.75148420250932	0.00122012298002603	13.3581443592933	6.67907217964663	SERF2	anova	0.0242495375203573
6.73118975593296	0.00124482003927638	13.3184948348407	6.65924741742035	FAM184A	anova	0.0246745844487417
6.73241860144283	0.00124331046742207	13.3208957316696	6.66044786583482	MAFIP	anova	0.0246745844487417
6.72870555109702	0.00124787736457653	13.3136412053451	6.65682060267254	ALOX5	anova	0.0247023373125867
6.72451229524653	0.00125305510547589	13.3054483367746	6.65272416838731	NIF3L1	anova	0.0247719355467158
6.71361188947824	0.00126661561415821	13.2841503027801	6.64207515139003	ETFA	anova	0.0250068507876056
6.70151674201592	0.00128183458159683	13.2605168789552	6.63025843947761	SARS	anova	0.0252738442768284
6.69997247041033	0.00128379083633869	13.2574993585955	6.62874967929773	RRP7A	anova	0.0252789778156731
6.69801988036072	0.00128626862396964	13.2536839555066	6.62684197775328	ICAM1	anova	0.0252943537056616
6.69414213536624	0.00129120359994045	13.2461066757244	6.62305333786219	BTG3	anova	0.02535794579804
6.68896066087027	0.00129782737637852	13.2359816815999	6.61799084079994	KAT8	anova	0.025454493253024
6.67976378338975	0.00130966822489858	13.2180098035921	6.60900490179604	MED10	anova	0.0255522441889243
6.68224753756346	0.00130645979962223	13.2228634385329	6.61143171926643	TMEM173	anova	0.0255522441889243
6.68019017665488	0.00130911686450402	13.2188430443423	6.60942152217117	CLTA	anova	0.0255522441889243
6.68204046942288	0.00130672698172076	13.2224587974837	6.61122939874185	CCSER2	anova	0.0255522441889243
6.67747585422581	0.00131263067509977	13.213538800835	6.60676940041749	LINC02207	anova	0.0255765658078917
6.67524627609068	0.00131552403030446	13.2091817892042	6.60459089460209	TMEM14A	anova	0.0255994793677785
6.67153878037089	0.00132034945391448	13.2019365706635	6.60096828533176	LEO1	anova	0.0256598813038452
6.65565403510722	0.00134122552169239	13.1708933368562	6.58544666842809	AC133644.2	anova	0.0260316505551389
6.640618734449	0.00136128979660515	13.1415084607498	6.57075423037489	MZF1-AS1	anova	0.0263867174358861
6.63540931268331	0.00136831157562129	13.1313268224204	6.56566341121021	JAGN1	anova	0.0264883796704038
6.63408622999341	0.0013701007298397	13.1287408706252	6.5643704353126	NCBP2	anova	0.0264886141102341
6.62274478060714	0.00138553381602926	13.1065735983644	6.55328679918221	KANSL2	anova	0.0267522889400675
6.61309745552023	0.00139879860532724	13.0877168149937	6.54385840749684	ANP32E	anova	0.0269734696132055
6.61043420847045	0.00140248285098839	13.0825110791629	6.54125553958145	RUNX2	anova	0.0270095728382854
6.60716965020359	0.00140701219544531	13.0761299152929	6.53806495764643	VPS25	anova	0.0270618371423326
6.60269263578091	0.00141324757745365	13.0673786623246	6.53368933116228	COX8A	anova	0.027146737615366
6.59952486393375	0.00141767622362634	13.0611865071339	6.53059325356695	BSG	anova	0.0271967590596837
6.59178293390225	0.00142855829297688	13.0460527758781	6.52302638793906	ELF2	anova	0.0273702955207113
6.58736918484151	0.0014347996812826	13.0374246939345	6.51871234696726	FP565260.1	anova	0.0274545879964036
6.5855170154993	0.0014374269253212	13.0338039951987	6.51690199759934	LRRC59	anova	0.0274695971138945
6.5835737514668	0.00144018856569598	13.0300051938257	6.51500259691287	CPT1A	anova	0.0274871328556521
6.57568473947575	0.00145145461856332	13.0145830284662	6.5072915142331	PEBP1	anova	0.0276380069840142
6.57544251650944	0.00145180192328479	13.0141095015776	6.50705475078879	SAMHD1	anova	0.0276380069840142
6.57033462905001	0.00145914514824039	13.0041238828221	6.50206194141105	SMC1A	anova	0.0277423693618256
6.55954278272488	0.00147478236967661	12.9830258339268	6.4915129169634	ERCC5	anova	0.0280039566909547
6.54698161966914	0.0014931948745163	12.9584677027385	6.47923385136927	ZNF687	anova	0.0283144563455445
6.54580361684533	0.00149493339218728	12.9561645490226	6.47808227451129	BRF2	anova	0.0283144563455445
6.54195724374449	0.00150062407222665	12.9486443025891	6.47432215129453	PDE6G	anova	0.028386170584531
6.53814593811049	0.00150628427752326	12.9411925119526	6.4705962559763	COPS4	anova	0.0284571273013457
6.53674132540913	0.00150837567073518	12.9384462137994	6.46922310689969	NUDT4	anova	0.0284605667695931
6.52956112708317	0.001519112136445	12.924407268264	6.46220363413201	PTPN7	anova	0.0286269096154856
6.5202201638965	0.00153319424590637	12.9061429656122	6.45307148280611	GPR35	anova	0.0288557997846974
6.51551028174803	0.00154034422239934	12.8969335333244	6.4484667666622	VBP1	anova	0.0289538095574837
6.509162792345	0.00155003309516157	12.8845217620908	6.4422608810454	COL18A1	anova	0.0290992359149602
6.50325991598173	0.00155909809185035	12.8729791157206	6.43648955786032	EIF1AY	anova	0.0292325989397753
6.49877530994889	0.00156602055178499	12.8642096241144	6.43210481205719	MRPS34	anova	0.0293255054584259
6.49437907032067	0.00157283649814579	12.8556127875106	6.42780639375531	CDC37	anova	0.0294161867520215
6.48968147642614	0.00158015251646487	12.8464264974679	6.42321324873394	CD101	anova	0.0295159817173249
6.48749074040968	0.00158357601003469	12.8421423904245	6.42107119521225	STOM	anova	0.0295429086427748
6.48474563760251	0.00158787631208859	12.8367741386212	6.41838706931062	RGCC	anova	0.0295861053849906
6.48201219810142	0.0015921699685106	12.8314286406382	6.4157143203191	HAUS6	anova	0.0296290706000237
6.47641824384988	0.00160099318498349	12.8204889671068	6.41024448355342	POLR2J	anova	0.0297309006429754
6.47601499958252	0.00160163110266398	12.8197003639471	6.40985018197354	LAMP1	anova	0.0297309006429754
6.466946850747	0.00161604403064461	12.8019659588323	6.40098297941617	ROCK1	anova	0.029961134727349
6.46484206343399	0.0016194079209829	12.7978495807597	6.39892479037985	RRM1	anova	0.0299862043107715
6.46129414583754	0.00162509412235734	12.7909107683963	6.39545538419816	ZPR1	anova	0.0300541600345639
6.45299657404108	0.00163847075316178	12.7746824979487	6.38734124897437	ARL4C	anova	0.0302639963403091
6.45076617057984	0.00164208519193204	12.7703202215534	6.38516011077671	GCAT	anova	0.0302932201373006
6.44638340812681	0.00164921088405884	12.7617482042306	6.3808741021153	TMEM35B	anova	0.0303121300095945
6.44874409256155	0.00164536893642273	12.7663653616588	6.38318268082939	PRICKLE3	anova	0.0303121300095945
6.4467008119824	0.00164869379566638	12.7623690026462	6.38118450132309	ETFB	anova	0.0303121300095945
6.44368856835922	0.00165360764770086	12.7564774375678	6.3782387187839	FANCF	anova	0.0303555118185087
6.44146700577736	0.00165724106619205	12.7521323015226	6.3760661507613	MT1X	anova	0.0303847913070833
6.42336277842002	0.00168715072843651	12.7167210486426	6.35836052432129	PTPN6	anova	0.0308951704644652
6.41160926556655	0.00170685742039274	12.6937302964733	6.34686514823667	NAPEPLD	anova	0.0311412689208986
6.41239676100938	0.00170552987668531	12.6952707281093	6.34763536405466	TTLL5	anova	0.0311412689208986
6.41233091400554	0.00170564084057333	12.6951419239719	6.34757096198594	SUMO2	anova	0.0311412689208986
6.40748329815858	0.00171382983230673	12.6856593558032	6.34282967790162	CCL4	anova	0.0312302536434769
6.40325473647931	0.00172100522684606	12.6773875981502	6.33869379907508	LINC01871	anova	0.031322715398495
6.39178445315804	0.00174062093008216	12.6549491922533	6.32747459612666	TIPARP	anova	0.0316410921753716
6.38101308253871	0.00175924529829411	12.6338771393096	6.31693856965481	PDE4D	anova	0.0319406947824263
6.3796326115645	0.00176164660737247	12.6311764600621	6.31558823003107	STMN3	anova	0.0319453823959782
6.37823884310343	0.00176407437875312	12.6284497522097	6.31422487610483	TMEM120A	anova	0.0319505378975625
6.35796781330632	0.00179976527963925	12.5887907899286	6.2943953949643	CNIH4	anova	0.0325574044396877
6.35531082761359	0.0018044967123846	12.5835923463811	6.29179617319055	ATP6AP2	anova	0.0326034278724907
6.34995776879805	0.00181406706264103	12.5731188274193	6.28655941370966	TMEM273	anova	0.0327366629972485
6.34502362053878	0.00182293350655048	12.5634647419232	6.28173237096161	PRDX1	anova	0.0328568885715133
6.34267548779117	0.00182716823082639	12.5588703557818	6.27943517789091	RORC	anova	0.032893441604708
6.33959436273244	0.00183273981997596	12.5528417265593	6.27642086327965	BOD1L1	anova	0.0329539442178066
6.32701441107129	0.00185566529060971	12.5282266656989	6.26411333284947	MMP25-AS1	anova	0.0333259600262992
6.31997485855021	0.00186861918539066	12.5144519419828	6.25722597099141	IGFLR1	anova	0.0335182160979942
6.31387217952964	0.00187992237686986	12.5025101631493	6.25125508157465	ARPC4-TTLL3	anova	0.0336804362375267
6.30981607951058	0.0018874728282308	12.4945729985792	6.24728649928959	NOC2L	anova	0.0337346162801059
6.31059143086259	0.00188602716255607	12.4960902513424	6.2480451256712	NAA38	anova	0.0337346162801059
6.30265395081423	0.00190087943492363	12.4805575196493	6.24027875982466	NUDT16L1	anova	0.0339335435412834
6.29833846266556	0.00190900350684619	12.4721124146483	6.23605620732417	ILK	anova	0.0340378065467097
6.29700023106847	0.00191152983847707	12.4694935624543	6.23474678122716	SRP14	anova	0.0340421311497481
6.28520737106905	0.00193393787828436	12.4464149606239	6.22320748031196	AC092112.1	anova	0.0343590917922607
6.28539136672647	0.00193358624839916	12.4467750475343	6.22338752376716	C19orf70	anova	0.0343590917922607
6.28142505452279	0.00194118038841335	12.4390127600457	6.21950638002285	DUSP23	anova	0.0344467081782016
6.27832265002256	0.00194714126098795	12.4329411065501	6.21647055327506	CLK3	anova	0.0345114002809588
6.27457897826296	0.00195435866836426	12.4256143481699	6.21280717408496	TNFAIP8	anova	0.0345571415310055
6.27474335344947	0.00195404120833858	12.4259360498036	6.21296802490179	DAXX	anova	0.0345571415310055
6.26970988207242	0.0019637858920074	12.4160848629219	6.20804243146093	AKIRIN1	anova	0.0346826925429648
6.26809585977605	0.00196692089928235	12.412925962958	6.206462981479	CENPC	anova	0.0346969502067487
6.25600299550815	0.00199056963430248	12.3892576865626	6.1946288432813	PSME4	anova	0.0350726134384311
6.24254328692221	0.00201722651045257	12.3629129521589	6.18145647607947	AL365361.1	anova	0.0354858223104128
6.2417629628577	0.0020187828605414	12.3613855805584	6.18069279027921	LTV1	anova	0.0354858223104128
6.22836914268751	0.00204568505553911	12.3351684193363	6.16758420966817	BCAP31	anova	0.0359163503390647
6.22665845516042	0.00204914682927881	12.3318198126931	6.16590990634654	TRGV5P	anova	0.0359348031026234
6.22043166901502	0.00206179708679258	12.3196309318711	6.15981546593556	EVI2A	anova	0.0361141567282376
6.21320130826233	0.0020765844020008	12.3054772067732	6.15273860338661	MRPS25	anova	0.0363304778124694
6.21121695021933	0.00208066130158054	12.3015926784208	6.15079633921039	ATP2A1-AS1	anova	0.0363581596341207
6.21005854590933	0.00208304497031659	12.2993250025847	6.14966250129233	UQCR10	anova	0.0363581596341207
6.20699924260703	0.00208935331436043	12.2933361067093	6.14666805335467	IFITM1	anova	0.0364256146243937
6.20194876902249	0.00209980939988458	12.2834491437888	6.14172457189442	PPIL4	anova	0.0365198525299426
6.20084150807899	0.00210210877973237	12.2812815106854	6.14064075534272	YEATS4	anova	0.0365198525299426
6.20135166637417	0.00210104905254745	12.2822802248979	6.14114011244896	ZNF383	anova	0.0365198525299426
6.19512564422463	0.00211401874283402	12.270091688099	6.13504584404948	MRM2	anova	0.0366840085921814
6.19381587271502	0.00211675737893173	12.267527543219	6.13376377160952	TUBA1A	anova	0.0366888203376237
6.18862891643274	0.00212763787999011	12.2573728951776	6.12868644758881	S100A10	anova	0.0368345763520704
6.18414738600223	0.0021370837439275	12.2485991205194	6.12429956025969	GREM2	anova	0.0369551859477764
6.1824842283916	0.00214059991359221	12.2453430146631	6.12267150733153	RNF220	anova	0.036968947684204
6.18142615925	0.00214283984966807	12.2432715317154	6.1216357658577	ANKHD1	anova	0.036968947684204
6.16319071240548	0.00218181545977026	12.2075689710273	6.10378448551363	COLQ	anova	0.0375544356158608
6.16401904644407	0.00218002971429258	12.2091907907485	6.10459539537424	TAB2	anova	0.0375544356158608
6.15947209990638	0.00218985022239077	12.2002881277936	6.10014406389679	GPSM3	anova	0.0376492588407806
6.15822635116557	0.00219254852079892	12.1978489961679	6.09892449808397	NGLY1	anova	0.0376522214873602
6.15329992329066	0.00220325186323449	12.1882031148624	6.09410155743122	PPP1R11	anova	0.0377924882317299
6.15085857541458	0.00220857541071728	12.1834229219219	6.09171146096097	CDKL3	anova	0.0378402587036228
6.14775832026304	0.0022153543343213	12.1773525166125	6.08867625830624	DIAPH1	anova	0.037912826300107
6.1458539426436	0.002219528719905	12.1736236454527	6.08681182272635	PRPF6	anova	0.0379407053886513
6.14347825929928	0.00222474725437883	12.1689718958197	6.08448594790987	SH2D1A	anova	0.0379428862400124
6.14361831768976	0.00222443925500562	12.1692461408227	6.08462307041133	TRUB2	anova	0.0379428862400124
6.12977728333214	0.0022550842273564	12.1421436474305	6.07107182371523	TNFRSF1A	anova	0.0384163262776851
6.12620744939911	0.00226305646096115	12.1351532344998	6.06757661724992	AGA	anova	0.0385081274053503
6.12152711548951	0.00227355148312849	12.1259881105076	6.06299405525381	G3BP1	anova	0.0385985858855504
6.12171900173567	0.00227312024682719	12.1263638691629	6.06318193458143	CENPM	anova	0.0385985858855504
6.11642013607981	0.00228505884233864	12.1159873379758	6.05799366898791	SLC44A1	anova	0.0387498146802045
6.1143209488552	0.00228980576550013	12.1118765369136	6.05593826845682	ADAM8	anova	0.0387861872051648
6.10261064850153	0.00231646830393252	12.0889438724364	6.04447193621818	PDCD1	anova	0.0391932764340728
6.10071967498467	0.0023208028324014	12.0852406230646	6.04262031153228	ZNF75D	anova	0.0392220941267293
6.08293570546237	0.00236196728874272	12.0504115296251	6.02520576481256	RHOB	anova	0.0398725757712333
6.07622885465188	0.00237768086779218	12.0372758674755	6.01863793373776	CERS2	anova	0.0400673588171417
6.07571808965735	0.00237888182967734	12.036275498299	6.01813774914951	MIR222HG	anova	0.0400673588171417
6.06994705210089	0.00239249357264433	12.0249723826504	6.01248619132519	CASP3	anova	0.040251139044962
6.0609666231379	0.00241383044134661	12.007382889938	6.00369144496899	HIST2H2BE	anova	0.04052957477192
6.05882714596944	0.00241894174564466	12.0031923218053	6.00159616090267	PELI1	anova	0.04052957477192
6.05841835458492	0.00241991959928947	12.0023916232398	6.00119581161988	GIMAP1	anova	0.04052957477192
6.05998271200791	0.00241617970269217	12.0054557192296	6.00272785961481	SPATC1L	anova	0.04052957477192
6.04706513804279	0.0024472359898019	11.9801536206899	5.99007681034497	UCP2	anova	0.0409410770639585
6.04373291958117	0.00245531195798753	11.973626491188	5.98681324559402	SOS1	anova	0.0409841881811446
6.04464856831531	0.002453090133964	11.9754200665203	5.98771003326013	SMIM20	anova	0.0409841881811446
6.02894618403091	0.0024914724705914	11.9446613424676	5.97233067123379	PTPRN2	anova	0.0415412624682722
6.02372544070326	0.00250436668718391	11.9344342537329	5.96721712686643	SESN2	anova	0.0416388394713436
6.02318510677529	0.0025057050185023	11.9333757641406	5.96668788207031	EIF4E3	anova	0.0416388394713436
6.02360717014559	0.00250465956552264	11.9342025672716	5.96710128363578	PPA2	anova	0.0416388394713436
6.0210155840592	0.00251108584021097	11.9291257462968	5.9645628731484	PRPS1	anova	0.041681787899983
6.01489038917809	0.00252634003140968	11.9171265215054	5.95856326075272	RNF187	anova	0.0418418050091029
6.01511980326504	0.00252576702833857	11.9175759474519	5.95878797372594	NUP160	anova	0.0418418050091029
5.9920029886931	0.00258416500634782	11.8722877942542	5.93614389712709	RAD21	anova	0.0427520128575145
5.98338715596968	0.00260627482936503	11.8554075154431	5.92770375772156	PPP1R8	anova	0.0429747042107468
5.98425418138175	0.00260404133175341	11.8571062302336	5.92855311511679	C14orf119	anova	0.0429747042107468
5.98406221319936	0.00260453568533331	11.8567301180977	5.92836505904883	AC003681.1	anova	0.0429747042107468
5.96760717843582	0.00264726178848374	11.8244897197124	5.91224485985619	CHD3	anova	0.043602303004573
5.96276326118974	0.00265997247102093	11.8149986407857	5.90749932039286	RBM38	anova	0.0437632998377903
5.95964865926853	0.00266817762265236	11.8088958585702	5.90444792928512	LCOR	anova	0.0438498959683088
5.9433868482247	0.00271143160475633	11.7770311499876	5.8885155749938	GSTM1	anova	0.0445116734586981
5.93448778400519	0.00273539847828433	11.7595927839626	5.87979639198131	CUL4A	anova	0.0448557202610629
5.93103997141538	0.00274474103776596	11.7528363876843	5.87641819384217	CDYL2	anova	0.044959461438395
5.91691247119233	0.00278335747348217	11.7251509724636	5.8625754862318	PRIM2	anova	0.0455419610315315
5.91435720989764	0.00279039999321326	11.7201433155469	5.86007165777343	SEC22B	anova	0.045607129713637
5.91297973014687	0.00279420384898518	11.7174437886206	5.85872189431028	NUP107	anova	0.0456192799265861
5.91148642275519	0.00279833342726013	11.7145172518598	5.85725862592989	TCEA1	anova	0.0456367156091241
5.9081897898601	0.00280747156733929	11.7080565568149	5.85402827840744	NUCKS1	anova	0.0457357062106662
5.90113170184187	0.00282713697152716	11.6942239471039	5.84711197355196	SAMD8	anova	0.0460057900628645
5.89906449577161	0.00283292275473488	11.6901725181537	5.84508625907686	PRNP	anova	0.046049669118951
5.89445134536918	0.00284587704580524	11.6811312887559	5.84056564437796	IRF7	anova	0.0462098510291643
5.88386186359652	0.00287583853538458	11.6603765670965	5.83018828354825	MBNL1	anova	0.0466038919361921
5.88366537018754	0.00287639746285366	11.6599914445515	5.82999572227573	NUP93	anova	0.0466038919361921
5.88240509421718	0.00287998491897618	11.6575213260251	5.82876066301253	FKBP15	anova	0.0466113520111389
5.87943616500147	0.00288845389494204	11.6517022315067	5.82585111575337	URM1	anova	0.0466977155726747
5.87335928619057	0.00290586628974428	11.6397913615963	5.81989568079816	SMIM7	anova	0.0469283238514932
5.87045880965513	0.00291421421283267	11.6341062427925	5.81705312139625	POLR1B	anova	0.0469861197718777
5.86992631147344	0.00291574941560357	11.6330625057373	5.81653125286863	PLAC8	anova	0.0469861197718777
5.86270392116924	0.00293665191089863	11.6189058647546	5.80945293237731	CD74	anova	0.0471541659173627
5.86445218869183	0.00293157847608796	11.6223326871336	5.81116634356682	COG5	anova	0.0471541659173627
5.86195383102219	0.00293883135228968	11.6174355876578	5.80871779382891	C18orf32	anova	0.0471541659173627
5.86265794188265	0.00293678546045366	11.6188157393166	5.80940786965828	ADRM1	anova	0.0471541659173627
5.85601560247211	0.0029561426021188	11.6057957193789	5.80289785968945	ELOVL6	anova	0.0473809264808417
5.84455236847423	0.00298984996673618	11.5833252351525	5.79166261757624	LMNA	anova	0.0477862112550809
5.84570512603845	0.00298644296838074	11.5855849394861	5.79279246974304	ADH5	anova	0.0477862112550809
5.84414792514256	0.00299104622977261	11.5825324188344	5.79126620941721	GSKIP	anova	0.0477862112550809
5.84125850240251	0.00299960653044412	11.5768683482132	5.78843417410658	CNOT10	anova	0.0478395041666621
5.84085605586642	0.0030008007779303	11.5760794364396	5.78803971821979	CCDC122	anova	0.0478395041666621
5.8380141017974	0.00300924775821452	11.5705083495699	5.78525417478497	EIF2AK1	anova	0.0478717684994083
5.83829432362013	0.00300841381307433	11.5710576714625	5.78552883573124	PWP1	anova	0.0478717684994083
5.83071019401946	0.00303106620108175	11.5561902167214	5.7780951083607	CEBPB	anova	0.0481161584593446
5.83131315553104	0.00302925903080191	11.5573722402839	5.77868612014193	ZNF302	anova	0.0481161584593446
5.82831494614335	0.00303825580925802	11.5514946346154	5.77574731730772	STK11	anova	0.0481789798859575
5.82581830227557	0.00304576795568649	11.5466002336994	5.7733001168497	PLRG1	anova	0.0482467769898648
5.81130197893717	0.0030898162157166	11.5181416436729	5.75907082183643	DIABLO.1	anova	0.0488925695450866
5.80611390663548	0.00310571321489184	11.5079702900884	5.7539851450442	CDV3	anova	0.0490920054943561
5.79030510765384	0.0031546607108701	11.4769755039467	5.73848775197337	MYL6	anova	0.049812894657023
