p_val	avg_log2FC	pct.1	pct.2	p_val_adj	cluster	gene
0	1.99202818336078	0.868	0.274	0	c4	GZMK
0	2.22326084196126	0.755	0.252	0	c4	CCL4L1
0	1.09755384733743	0.955	0.513	0	c4	NKG7
0	1.17224065345088	0.891	0.459	0	c4	GZMA
0	1.59732321530721	0.918	0.492	0	c4	CCL4
0	1.96668248287533	0.538	0.16	0	c4	LOC100996809
0	2.03050008587439	0.54	0.168	0	c4	HLA-DRB4
0	1.07151579763502	0.662	0.297	0	c4	GZMH
0	1.25400975854332	0.959	0.604	0	c4	CST7
0	1.19402278537151	0.698	0.373	0	c4	CD8A
0	2.50115798408206	0.462	0.139	0	c4	CCL3
0	2.23036836736569	0.462	0.148	0	c4	CCL4L2
0	1.79350533105791	0.383	0.124	0	c4	HLA-DQB1
0	1.88845373376696	0.354	0.099	0	c4	EOMES
0	1.07839335450218	0.999	0.757	0	c4	CCL5
0	2.56870866751178	0.243	0.043	0	c4	LOC102724850
0	2.41215832445664	0.245	0.057	0	c4	HLA-DRB5
0	1.29348633207986	0.959	0.773	0	c4	CD74
0	2.77958271077232	0.22	0.044	0	c4	CCL3L1
4.41624405214799e-291	1.68207460386599	0.432	0.16	1.35697930990351e-286	c4	XCL2
8.64093456782209e-275	1.2087896326102	0.615	0.304	2.65509996465469e-270	c4	CD8B
1.08221668081438e-262	0.914622151107184	0.941	0.784	3.32532719513834e-258	c4	DUSP2
8.45956596524376e-260	1.30538870091059	0.479	0.204	2.59937083414045e-255	c4	LAG3
1.49423109388127e-251	1.44559551919677	0.532	0.267	4.59132388216899e-247	c4	APOBEC3G
1.55252359336992e-244	1.2498640265032	0.484	0.21	4.77043924534775e-240	c4	KLRG1
2.71848805609825e-219	1.97785485985333	0.196	0.05	8.35309824997308e-215	c4	TNIP3
1.06278419462811e-218	1.86833561770868	0.295	0.102	3.26561699483379e-214	c4	TNFSF9
2.57947224622438e-214	2.10218163003423	0.159	0.035	7.92594437097365e-210	c4	KLRAP1
9.44282891422856e-213	1.75053452218486	0.269	0.088	2.90149804047501e-208	c4	HLA-DRB3
5.61087091624522e-208	1.99554032389183	0.187	0.048	1.72405230643467e-203	c4	DTHD1
5.10894109943995e-204	1.50102266810596	0.524	0.273	1.56982433162491e-199	c4	IFNG
4.70897199845252e-201	1.25499864695458	0.443	0.203	1.44692582596451e-196	c4	CMC1
9.61119330212209e-198	1.50313945523099	0.267	0.089	2.95323136594305e-193	c4	KLRC3
7.09103208074211e-194	1.865594165547	0.207	0.06	2.17886142744963e-189	c4	CRTAM
1.13370246629371e-191	1.30946490667758	0.357	0.145	3.48352756818069e-187	c4	PTMS
2.22492902912119e-190	1.3938261529381	0.273	0.094	6.83653942778069e-186	c4	KLRC2
3.43726484899369e-190	0.965524866562995	0.484	0.228	1.05616837015029e-185	c4	KLRD1
2.70424190189693e-188	1.54012491331815	0.297	0.11	8.30932409195871e-184	c4	HLA-DMA
5.49839223664923e-185	1.43490306671201	0.387	0.175	1.68949098255521e-180	c4	ITM2C
1.06457779674964e-184	1.1158761095459	0.51	0.272	3.27112819607262e-180	c4	SH2D1A
1.54866028223313e-184	0.743886365056943	0.71	0.429	4.75856844921773e-180	c4	CTSW
1.01240885089281e-181	1.51635702739846	0.302	0.116	3.11082867613834e-177	c4	HLA-DRB1
4.43435289666048e-181	2.61042736474367	0.098	0.016	1.36254361455687e-176	c4	PDLIM1
2.68137101282961e-179	0.585482120779749	0.909	0.763	8.23904871112155e-175	c4	HCST
8.64903846455789e-169	0.871457279792881	0.678	0.444	2.6575900490047e-164	c4	CLEC2B
1.08993952752478e-162	0.961773919981595	0.402	0.182	3.34905718622538e-158	c4	KLRK1
8.34279650481654e-162	0.287274569208797	1	0.998	2.56349108203498e-157	c4	TMSB4X
2.51318794364803e-158	1.48566855041312	0.228	0.078	7.72227259444731e-154	c4	KLRC4
1.96652540582557e-157	1.33136558363938	0.352	0.16	6.04254261448024e-153	c4	LYST
1.2927581711218e-153	1.68282741588046	0.173	0.051	3.97225803240595e-149	c4	SLAMF7
5.74291039468977e-149	1.05557426458937	0.386	0.183	1.76462407697633e-144	c4	SAMD3
3.86252477931572e-148	1.02221106110848	0.386	0.181	1.18683798894034e-143	c4	AOAH
1.10761706508063e-134	0.911359556025532	0.533	0.327	3.40337495587325e-130	c4	PVRIG
8.07720027525106e-132	0.330358321480078	0.997	0.989	2.48188132857639e-127	c4	HLA-A
1.97004410057378e-128	1.95523060808451	0.143	0.042	6.05335450783304e-124	c4	PPP1R14B
5.8267463012926e-121	1.78234763067221	0.129	0.037	1.79038433599818e-116	c4	KIR3DL2
1.08380509365857e-119	0.271361156775119	1	0.995	3.33020791128469e-115	c4	ACTB
1.08557638754167e-119	0.64061812245613	0.528	0.297	3.33565056599928e-115	c4	GZMB
5.07269656085732e-119	2.32082211439127	0.073	0.013	1.55868747225463e-114	c4	SPRY2
5.23105544343433e-117	1.15473413465946	0.271	0.119	1.60734640610407e-112	c4	PLA2G16
5.57943702086931e-114	0.898247025770572	0.444	0.254	1.71439361340251e-109	c4	APMAP
3.09060650058027e-112	2.0780985772029	0.072	0.014	9.49650659433299e-108	c4	PLCG2
4.45069804945059e-111	2.18669164117085	0.063	0.011	1.36756598965468e-106	c4	VCAM1
5.75536265293938e-110	1.88845077046269	0.113	0.031	1.76845028236868e-105	c4	HLA-DMB
2.23698957884969e-108	0.719858054277335	0.455	0.255	6.87359787893143e-104	c4	TIGIT
6.47345320438083e-106	2.32653744379497	0.068	0.013	1.9890979661101e-101	c4	RCAN2
2.8829886333465e-103	0.577351493053886	0.746	0.597	8.8585591736838e-99	c4	RARRES3
5.57455167610593e-102	1.44193034014117	0.182	0.07	1.71289249351707e-97	c4	FASLG
7.88383891608541e-101	0.914764865660777	0.464	0.291	2.42246718374556e-96	c4	ARPC5L
9.89429533649466e-100	1.1480072909605	0.256	0.118	3.04022012804472e-95	c4	LOC100996919
3.20982792070254e-99	0.752379930173932	0.514	0.327	9.8628382519427e-95	c4	CTSC
6.10209627708803e-99	0.56633252173423	0.584	0.373	1.87499112306084e-94	c4	PRF1
2.83118729115091e-98	1.10254045605229	0.322	0.17	8.69938918951941e-94	c4	GYG1
3.01327763367797e-98	0.851385553042906	0.384	0.211	9.2588981850023e-94	c4	MATK
1.63681665501169e-96	1.1587754050049	0.232	0.103	5.02944653585443e-92	c4	FABP5
9.1310418053923e-90	0.476929347407147	0.809	0.684	2.80569521554289e-85	c4	CLIC1
4.11682450979683e-89	0.912878775531739	0.243	0.112	1.26497666712527e-84	c4	PTGDR
4.54678611691121e-89	0.313458382208097	0.954	0.902	1.39709097014331e-84	c4	IL32
1.26888765054182e-88	1.51790587410554	0.132	0.046	3.89891108381985e-84	c4	PECAM1
2.02582206295175e-88	0.423570281263868	0.875	0.798	6.22474345283183e-84	c4	PTPRCAP
2.19209413672173e-88	0.737688356322464	0.502	0.327	6.73564765390485e-84	c4	ANXA2
2.19055267605108e-85	2.02290392338922	0.074	0.018	6.73091120770217e-81	c4	LOC101927369
5.55729159478819e-84	0.315846100059496	0.947	0.882	1.70758898833057e-79	c4	CFL1
6.08751324579413e-84	1.75983608498104	0.106	0.033	1.87051019503516e-79	c4	HLA-DRB6
2.87754353197174e-83	0.183589807390833	1	0.998	8.84182801068955e-79	c4	HLA-C
5.67434941044461e-82	1.4554234550141	0.129	0.046	1.74355734334732e-77	c4	HLA-DQB2
2.4352861153546e-81	1.12471177175605	0.227	0.107	7.48290364665007e-77	c4	OASL
1.08990082844021e-78	0.888184779283895	0.224	0.104	3.34893827554823e-74	c4	PLEK
2.75792454290572e-78	0.547574515262008	0.703	0.573	8.47427474298641e-74	c4	PSMB9
8.44593710726202e-76	1.12425731715028	0.2	0.092	2.5951830949484e-71	c4	JAKMIP1
2.21773243636726e-74	0.844497763459983	0.295	0.16	6.81442645722568e-70	c4	ABI3
3.01719504106079e-70	0.582069173411502	0.535	0.372	9.27093520266748e-66	c4	GZMM
6.57049061139482e-69	1.22893253355728	0.149	0.062	2.01891465016329e-64	c4	EIF4EBP1
1.77011243304803e-68	1.32240227182865	0.085	0.026	5.43902447302668e-64	c4	MS4A1
8.09868411441786e-68	0.577003274932383	0.497	0.332	2.48848266783718e-63	c4	LINC00152
3.89375946100561e-66	0.776164404486075	0.36	0.223	1.19643546958319e-61	c4	GLIPR2
1.48855189528357e-65	0.918671869245465	0.338	0.206	4.57387340863783e-61	c4	ATF3
1.78516712145399e-65	0.454604938074673	0.707	0.569	5.48528301409168e-61	c4	GUK1
7.5747268993472e-65	0.489240198071828	0.672	0.541	2.32748633436242e-60	c4	STK17A
2.7124637706553e-64	0.869844147090715	0.231	0.119	8.33458742809253e-60	c4	F2R
4.94995904049585e-64	1.58947214815714	0.081	0.025	1.52097391437316e-59	c4	PIK3AP1
1.63618312762208e-63	1.97830825489567	0.045	0.01	5.02749989624437e-59	c4	STYK1
5.62517805700412e-63	0.381724004365545	0.852	0.752	1.72844846157565e-58	c4	CORO1A
8.64507658275574e-63	0.727845011638451	0.487	0.345	2.65637268158336e-58	c4	CD97
7.74051999326309e-62	0.962365193127153	0.201	0.1	2.37842957832995e-57	c4	TARP
1.53182641487546e-60	0.313269889682072	0.893	0.8	4.70684302498782e-56	c4	MYL6
1.72456161160571e-60	0.287767866899845	0.926	0.834	5.29906046398085e-56	c4	SRGN
7.944498475786e-60	2.63170128061622	0.024	0.003	2.44110604665477e-55	c4	NXPH4
1.9539115651082e-59	0.388034069854017	0.772	0.664	6.00378406610796e-55	c4	MYL12B
2.50746476424327e-59	0.239751359192616	0.972	0.93	7.70468698109028e-55	c4	PFN1
4.46445507907197e-59	0.303858766875884	0.89	0.809	1.37179311214645e-54	c4	CYBA
1.31773301903657e-58	1.221249564925	0.156	0.072	4.04899824759367e-54	c4	STX11
1.5222531766078e-57	0.920828890821178	0.195	0.098	4.67742733576278e-53	c4	PPP2R2B
1.00669042125497e-56	0.417900260591349	0.684	0.539	3.09325765739016e-52	c4	ALOX5AP
1.03957134234406e-56	0.625205985409036	0.431	0.295	3.19429086362058e-52	c4	ARHGAP9
1.51862087976698e-54	2.04308953192109	0.048	0.012	4.66626637725998e-50	c4	LOC101060400
1.0007603010206e-53	1.45773733849477	0.064	0.019	3.07503617694599e-49	c4	DKK3
1.05763210283847e-52	2.31183959858072	0.023	0.003	3.24978616239178e-48	c4	IGFBP2
1.15306001392943e-52	0.475157132474574	0.643	0.533	3.54300750480095e-48	c4	LCP1
2.56789754632946e-52	0.392576324102171	0.665	0.531	7.89037879060652e-48	c4	ITGB2
6.12694516584863e-52	0.377452886800449	0.776	0.696	1.88262644111031e-47	c4	PSME1
3.11878057398284e-51	0.495423817071762	0.749	0.68	9.58307706967707e-47	c4	HLA-H
3.81709986613154e-51	0.187905612361708	0.959	0.893	1.17288027586624e-46	c4	GAPDH
4.08375675586958e-51	0.698179133086375	0.378	0.256	1.25481593837605e-46	c4	IDH2
2.69724201438426e-50	0.503928192898363	0.532	0.397	8.28781553759851e-46	c4	GSTP1
2.29931368127365e-49	0.606712547482216	0.357	0.235	7.06510114844955e-45	c4	CXCR3
6.01187999505314e-48	0.555538060249048	0.472	0.351	1.84727036607998e-43	c4	PSMB10
1.10121605230677e-47	0.873808468291355	0.195	0.106	3.38370656392303e-43	c4	LOC643733
1.43544590393014e-47	0.684862346307717	0.318	0.205	4.41069462900615e-43	c4	PTPN6
2.81756788342169e-47	1.17640591283797	0.112	0.049	8.65754083538982e-43	c4	ARHGAP18
1.62034853820926e-46	0.85968982452144	0.219	0.126	4.97884495335558e-42	c4	NUCB2
5.3878953233822e-46	0.921710986651308	0.15	0.074	1.65553859601565e-41	c4	MT1F
1.4724826832635e-45	1.15319971266703	0.103	0.043	4.52449754086377e-41	c4	USP28
6.74560474400736e-45	0.566847691292322	0.569	0.471	2.07272196969114e-40	c4	CLDND1
6.94990063052546e-45	0.497971374329813	0.415	0.285	2.13549596674156e-40	c4	C12orf75
2.30797661192511e-44	0.283036000727288	0.939	0.862	7.0917197354623e-40	c4	CD69
2.96288978161339e-44	1.48308103933758	0.069	0.025	9.10407143196346e-40	c4	ENC1
9.71025477738325e-44	0.462890743119509	0.512	0.388	2.98366998544655e-39	c4	FYN
2.48528013610586e-43	0.222081416455201	0.957	0.917	7.63652027421248e-39	c4	ACTG1
2.57825204381493e-43	1.26024448467383	0.078	0.029	7.92219505503013e-39	c4	CCR5
3.39983253338631e-43	0.984499465039645	0.168	0.089	1.04466654253361e-38	c4	APOBEC3C
3.91944537074268e-42	0.550071785890938	0.368	0.251	1.2043279790681e-37	c4	RUNX3
5.90282432629087e-42	0.514871755990002	0.383	0.265	1.8137608307394e-37	c4	IL2RB
9.84768290134135e-42	0.526960641763504	0.432	0.313	3.02589752509516e-37	c4	CD27
1.6920434754526e-41	1.82323271287028	0.052	0.016	5.1991419870232e-37	c4	SEMA4A
4.7678588265419e-41	0.524052421439043	0.5	0.381	1.46501998163153e-36	c4	PIK3R1
5.12364254005253e-41	1.08180292385542	0.124	0.06	1.57434164328194e-36	c4	CPNE7
5.77301329960025e-41	0.459765308900587	0.504	0.382	1.77387379656817e-36	c4	PPP1R18
7.78004144556306e-41	0.43116770996944	0.561	0.446	2.39057333497816e-36	c4	SEPT7
1.23742589826646e-40	0.431623790170071	0.46	0.336	3.80223855760337e-36	c4	EGR1
1.46075577662232e-40	0.394000401489674	0.71	0.608	4.4884642748274e-36	c4	SUB1
2.05123671084632e-40	0.276446738840978	0.947	0.88	6.3028350414175e-36	c4	ATP5E
2.35104555649596e-40	0.458740591697769	0.507	0.391	7.22405768144515e-36	c4	CAP1
4.7736800614459e-40	0.32147414129833	0.758	0.664	1.46680867248048e-35	c4	ARPC2
7.10134454802375e-40	2.82949800337208	0.015	0.002	2.18203013927126e-35	c4	LDB2
7.76476509348265e-40	0.539745363868938	0.412	0.299	2.38587937027442e-35	c4	STOM
3.61586541742644e-39	0.564367721614768	0.39	0.28	1.11104696681262e-34	c4	PSTPIP1
4.40083808414411e-39	0.282175122833024	0.824	0.749	1.35224551811496e-34	c4	RAC2
4.49902246967586e-39	0.476103949607112	0.551	0.439	1.3824146342573e-34	c4	ITM2A
1.12105125266634e-38	0.584051962016636	0.319	0.216	3.44465418406786e-34	c4	PYHIN1
8.69930374675734e-38	0.709551504099241	0.253	0.16	2.67303506226613e-33	c4	SLA2
1.16250077530803e-37	0.69733466545502	0.234	0.145	3.57201613228898e-33	c4	TBCD
1.63944521455486e-37	0.439928572892625	0.526	0.415	5.03752331076273e-33	c4	PSME2
3.05368945339604e-37	0.424067756970518	0.561	0.453	9.38307158345001e-33	c4	GIMAP4
1.27650546351929e-36	0.41090140584124	0.542	0.428	3.92231833775573e-32	c4	WIPF1
1.64884768470044e-36	1.31030837612374	0.078	0.032	5.06641428077905e-32	c4	YBX3
1.68623334069133e-36	0.578116048356317	0.497	0.389	5.18128918594224e-32	c4	LGALS1
1.83508436639919e-36	1.27365242995449	0.088	0.039	5.63866373263478e-32	c4	CDKN2A
1.31726517896541e-35	0.679160675306166	0.265	0.174	4.04756071540702e-31	c4	PITPNC1
2.16801084403548e-35	0.531811025128085	0.572	0.475	6.66164692046782e-31	c4	NR4A2
2.52977839959648e-35	0.247655815010829	0.887	0.811	7.7732500884401e-31	c4	UBB
5.97394479791569e-35	0.456177789734789	0.398	0.29	1.83561401805555e-30	c4	CBLB
6.26931476942046e-35	0.24483514711654	0.878	0.817	1.92637234919983e-30	c4	PPDPF
7.15744224665135e-35	0.219683918949414	0.953	0.899	2.19926727912856e-30	c4	UBC
8.41556971538605e-35	0.619347774007747	0.271	0.177	2.58585210644667e-30	c4	IFNGR1
1.25320977097796e-34	1.77324933033387	0.045	0.014	3.85073766328398e-30	c4	KIR2DS5
1.33674452689188e-34	1.54204978314188	0.044	0.014	4.10741490778068e-30	c4	CRACR2B
1.93740709200046e-34	0.302251140389967	0.723	0.633	5.9530707715898e-30	c4	ARPC3
5.54204593320138e-34	0.223205699183699	0.985	0.956	1.70290445389479e-29	c4	H3F3B
5.67142357051448e-34	0.255821594753047	0.807	0.727	1.74265832051198e-29	c4	RHOA
5.7852906710301e-34	0.405197187291983	0.522	0.411	1.77764626448742e-29	c4	ZYX
6.38507127300694e-34	0.475759349256106	0.424	0.317	1.96194085005684e-29	c4	FAM49B
9.18577676453458e-34	0.289661014544295	0.573	0.44	2.82251362643854e-29	c4	RGS1
9.42347988917731e-34	0.376925435338489	0.58	0.484	2.89555266554751e-29	c4	PSMA7
1.84907138904598e-33	0.969442717812497	0.114	0.058	5.6816416571216e-29	c4	CYSTM1
2.19455675545859e-33	1.50013679694009	0.045	0.015	6.7432145424976e-29	c4	FAM49A
5.22037590361854e-33	0.963789643576199	0.094	0.044	1.60406490390487e-28	c4	TNFRSF9
5.51931269840378e-33	0.663725753780229	0.211	0.13	1.69591921283853e-28	c4	STARD3NL
5.84463541899482e-33	2.40237849690272	0.022	0.005	1.79588112519454e-28	c4	KIR2DL5B
6.15595137232968e-33	0.637239455165444	0.261	0.173	1.89153917817574e-28	c4	GABARAPL1
4.44955008630132e-32	1.93691560580255	0.03	0.008	1.36721325501781e-27	c4	GAS7
4.55020028851201e-32	0.290277440947968	0.43	0.306	1.39814004265108e-27	c4	LYAR
9.76475679846086e-32	0.953216431382743	0.1	0.048	3.00041682146307e-27	c4	MCOLN2
1.20632124686307e-31	0.861876109987655	0.109	0.055	3.70666329523615e-27	c4	CD244
2.38450090050253e-31	0.420343244764943	0.85	0.779	7.32685591697413e-27	c4	CRIP1
6.38317357635765e-31	0.592280395409245	0.3	0.209	1.96135774480742e-26	c4	RAB27A
8.08375047997205e-31	0.804926252727257	0.124	0.066	2.48389400998101e-26	c4	CD81
1.33985770035109e-30	0.982101775122352	0.118	0.063	4.11698075586878e-26	c4	IKZF2
1.38829948806631e-30	0.46756135560695	0.417	0.319	4.26582783698134e-26	c4	POMP
1.94538002078252e-30	0.27347239584135	0.732	0.641	5.97756918985846e-26	c4	UBL5
2.31882894654433e-30	0.685823082311243	0.19	0.117	7.12506570404676e-26	c4	ANXA2P2
2.60410551708621e-30	1.119401909447	0.094	0.046	8.00163502235079e-26	c4	EGR2
3.55110268524529e-30	0.484407857627956	0.39	0.293	1.09114732209532e-25	c4	SASH3
3.97095072667941e-30	0.478357744118922	0.327	0.231	1.22015402978678e-25	c4	C5orf56
6.04834957335371e-30	0.367427720880485	0.512	0.407	1.85847637340439e-25	c4	DRAP1
8.07362560204683e-30	0.444170596853017	0.374	0.274	2.48078293874093e-25	c4	CD63
1.74050355791929e-29	0.838993930076901	0.092	0.044	5.3480452824186e-25	c4	EPHA1
2.26967557651057e-29	0.514314047042365	0.343	0.253	6.97403214394404e-25	c4	RBCK1
2.54197363452563e-29	0.44305524319719	0.416	0.321	7.81072238680692e-25	c4	UBE2L6
1.1574407590327e-28	0.280236423108383	0.849	0.774	3.55646822027977e-24	c4	IER2
1.2457017435077e-28	0.553842381884992	0.299	0.214	3.82766774727612e-24	c4	TMEM109
2.58419200915347e-28	0.512047206703252	0.365	0.273	7.94044678652587e-24	c4	ANXA5
4.14040625699352e-28	0.520014975055775	0.314	0.225	1.2722226305864e-23	c4	PRKACB
6.64384018241209e-28	0.295289143951493	0.559	0.448	2.04145277284976e-23	c4	LITAF
7.12059832367008e-28	0.398169325144645	0.471	0.376	2.18794624691411e-23	c4	SHISA5
7.68249954310552e-28	1.33137596675241	0.044	0.016	2.36060163461003e-23	c4	PDGFD
7.74422457086848e-28	2.14586098604295	0.021	0.005	2.37956788389076e-23	c4	KIR3DL3
8.69092540850665e-28	0.350506158952061	0.544	0.446	2.67046065027184e-23	c4	PPP1CA
9.33268639391036e-28	2.44487675562034	0.012	0.002	2.86765454825684e-23	c4	MNDA
1.2502830012727e-27	0.907222381103806	0.125	0.07	3.84174457801062e-23	c4	KIF21A
1.4916881888061e-27	0.851042724511604	0.109	0.057	4.5835102977445e-23	c4	PIK3CG
1.71899120809206e-27	0.464490935819783	0.38	0.287	5.28194428510447e-23	c4	PTP4A2
2.34371960858497e-27	0.401501602008876	0.526	0.434	7.20154724129903e-23	c4	PARK7
3.99674845927376e-27	0.321439615111416	0.598	0.503	1.22808089908105e-22	c4	LY6E
4.49478886625538e-27	0.357701869072595	0.511	0.421	1.38111377493429e-22	c4	PLP2
6.58518199034831e-27	0.56788995160373	0.316	0.232	2.02342887017433e-22	c4	GLUD1
7.53028618212514e-27	0.343260883646664	0.577	0.486	2.31383103518159e-22	c4	CALR
9.20995545026764e-27	0.875534689801634	0.077	0.036	2.82994301120374e-22	c4	TP53I11
1.35831275018573e-26	1.52194248106029	0.051	0.02	4.1736875874957e-22	c4	LGR6
1.44813381966733e-26	1.71443855443794	0.035	0.011	4.44968078769179e-22	c4	LOC100509457
1.7206104759358e-26	1.46618841069714	0.044	0.016	5.28691980940792e-22	c4	LOC101927202
2.42704777090585e-26	0.698845885842609	0.187	0.12	7.45758968566239e-22	c4	NELFCD
3.29860423583269e-26	0.195581891321493	0.856	0.796	1.01356212354431e-21	c4	PTPRC
3.93826964329998e-26	0.383224889437395	0.561	0.479	1.21011211329678e-21	c4	CNN2
1.06073323393657e-25	0.587450657977204	0.163	0.099	3.25931500791689e-21	c4	GGA2
1.15267138701545e-25	0.386858177306687	0.397	0.304	3.54181337088237e-21	c4	MYADM
1.22620262259271e-25	0.451610839423667	0.317	0.233	3.76775279844062e-21	c4	FERMT3
1.404084825045e-25	0.567298405289377	0.223	0.149	4.31433144191576e-21	c4	FAM173A
1.80371216827508e-25	0.293434943824161	0.68	0.596	5.54226637945883e-21	c4	CALM2
1.98864209274937e-25	0.59941257163164	0.206	0.133	6.11050055839098e-21	c4	XCL1
2.65421329051084e-25	0.232446490944603	0.706	0.629	8.15560117775266e-21	c4	CD44
3.51594929653215e-25	0.168240621086892	0.974	0.944	1.08034574034543e-20	c4	FOS
3.72917232506697e-25	0.393676921760695	0.41	0.32	1.14586278032333e-20	c4	DENND2D
6.35316741842101e-25	0.709459571157524	0.13	0.075	1.95213775265822e-20	c4	FCRL6
8.05642822287003e-25	0.543570926516722	0.327	0.244	2.47549870004127e-20	c4	PTPN22
1.06688051196878e-24	0.524413845484527	0.305	0.224	3.27820374912646e-20	c4	HN1
1.26369981768134e-24	0.358529153203947	0.413	0.32	3.88297042978946e-20	c4	RASAL3
1.26542214928133e-24	0.435736964540277	0.423	0.34	3.88826263809674e-20	c4	PRKCH
1.28657578318793e-24	1.64954874786874	0.029	0.009	3.95326140900156e-20	c4	CCR1
1.37201354162569e-24	0.415892803818998	0.409	0.322	4.21578600935324e-20	c4	REEP5
1.41002947802416e-24	0.829420233205245	0.111	0.062	4.33259757712484e-20	c4	ITPRIP
1.46849875019489e-24	0.226969571517695	0.733	0.645	4.51225610972384e-20	c4	LSP1
2.53108781904722e-24	0.398682640914506	0.415	0.328	7.7772735415864e-20	c4	MBP
2.57234294706596e-24	0.217559745773084	0.483	0.38	7.90403817344958e-20	c4	CKLF
3.65136246525729e-24	0.527499370783913	0.236	0.163	1.12195414469961e-19	c4	ZBTB38
4.38928919961721e-24	0.370026761890879	0.437	0.349	1.34869689236638e-19	c4	RNF213
4.83961176670012e-24	0.594576722334537	0.247	0.174	1.48706750755395e-19	c4	PYCARD
5.38930560702406e-24	0.454283053742944	0.291	0.209	1.65597193387028e-19	c4	CHST12
5.56426408257085e-24	1.39115481893396	0.043	0.016	1.70973142465155e-19	c4	CD160
6.53450185366404e-24	0.982197334476255	0.074	0.036	2.00785638457535e-19	c4	SFMBT2
9.9017817371266e-24	1.42696292807378	0.019	0.004	3.04252047436689e-19	c4	PAQR6
1.17619026927496e-23	0.220035080216316	0.897	0.849	3.61407984040117e-19	c4	VIM
1.30746958959408e-23	0.713767728343421	0.146	0.089	4.01746180794573e-19	c4	USP11
1.4242152458706e-23	0.635029449358161	0.183	0.119	4.37618618598659e-19	c4	MAPK1
4.15602090428398e-23	0.58759197152553	0.193	0.128	1.27702054325934e-18	c4	TOX
4.45134178468274e-23	0.266580607382147	0.668	0.583	1.36776379017946e-18	c4	TCEB2
4.52817075733476e-23	0.255293751941046	0.584	0.484	1.39137102860625e-18	c4	CYCS
5.42011099247283e-23	0.358231604862511	0.51	0.421	1.66543750465713e-18	c4	GNG2
7.11864978854733e-23	0.427067176502212	0.218	0.147	2.18734752052694e-18	c4	CXCR6
9.21456384481926e-23	0.380833775730978	0.38	0.293	2.83135903259761e-18	c4	RAB1B
1.44894275237419e-22	0.312442017473934	0.527	0.441	4.45216639522018e-18	c4	RABAC1
1.59985115565923e-22	2.40915925340814	0.014	0.003	4.91586264599412e-18	c4	KIR2DL5A
1.88961491918772e-22	0.459553940224427	0.323	0.242	5.8062197621881e-18	c4	IFI27L2
1.95280991899071e-22	0.770123166090648	0.147	0.092	6.00039903808276e-18	c4	SIRT2
2.40035815871488e-22	0.386346727119421	0.362	0.278	7.3755805142832e-18	c4	C19orf66
3.07766536500801e-22	0.705012006913013	0.109	0.061	9.45674236706012e-18	c4	APOBEC3H
4.75263429416769e-22	0.508195968914653	0.228	0.158	1.46034193956891e-17	c4	PTTG1
4.78074872348556e-22	0.36616042152949	0.39	0.308	1.46898066026541e-17	c4	DYNLRB1
5.61763741213459e-22	0.347243304648846	0.456	0.372	1.7261314476266e-17	c4	COPE
7.12890054037325e-22	0.438576163750746	0.297	0.218	2.19049726904049e-17	c4	RNF19A
7.34320679614954e-22	0.87792559979714	0.089	0.048	2.25634715225287e-17	c4	GPR68
7.99083347848308e-22	0.93339292618418	0.05	0.021	2.4553434029335e-17	c4	JAKMIP2
1.55141928699116e-21	0.357160985720311	0.452	0.37	4.76704604313774e-17	c4	ANXA6
1.72176446614255e-21	0.26070303334581	0.548	0.458	5.2904656751162e-17	c4	TBC1D10C
2.70050207696943e-21	0.196773634907684	0.616	0.511	8.29783273190396e-17	c4	FOSB
3.07266900629939e-21	0.686463691076813	0.088	0.047	9.44139005565615e-17	c4	SKAP2
3.37329505868362e-21	1.21078991468117	0.043	0.017	1.03651237268172e-16	c4	RASGEF1A
3.86267995181041e-21	0.594473951153008	0.2	0.137	1.18688566879279e-16	c4	RAB9A
6.34135731523403e-21	0.44594433503251	0.255	0.184	1.94850886225196e-16	c4	PDLIM2
8.63120029833504e-21	0.231470479750557	0.938	0.884	2.65210891566941e-16	c4	ZFP36
8.94020594878515e-21	0.551402942132205	0.345	0.271	2.74705708188321e-16	c4	RHOB
1.1304355792741e-20	0.396567694321871	0.348	0.267	3.47348940443552e-16	c4	SURF4
2.17409794741548e-20	0.283950414443539	0.488	0.398	6.68035076302356e-16	c4	SLC9A3R1
2.86544595880843e-20	0.31174733596721	0.522	0.45	8.80465579763067e-16	c4	TAPBP
3.12172592596521e-20	0.778472526648627	0.14	0.089	9.5921272527133e-16	c4	MIR155HG
3.4248068053613e-20	0.479914349516044	0.154	0.098	1.05234038708337e-15	c4	ANKRD32
3.86430134513071e-20	0.374189232668738	0.634	0.58	1.18738387431831e-15	c4	COTL1
4.73327168019091e-20	0.213155989048183	0.826	0.743	1.45439238917226e-15	c4	CD99
4.79217074986126e-20	0.526902170806436	0.21	0.147	1.47249030630987e-15	c4	PARVG
5.56238397796765e-20	0.27078021771577	0.251	0.176	1.70915372491012e-15	c4	MIR4435-1HG
5.64970597119471e-20	0.900681072512391	0.054	0.025	1.735985153769e-15	c4	GTSF1
6.1508450883183e-20	0.4616319499097	0.245	0.176	1.88997017028757e-15	c4	AP3S1
7.66948419792414e-20	0.173493703306365	0.883	0.836	2.35660240949615e-15	c4	MYL12A
1.00924034109901e-19	0.415730999840718	0.305	0.231	3.10109279609493e-15	c4	UBE2L3
1.14758655159015e-19	0.473830680345267	0.272	0.203	3.52618919707106e-15	c4	KDELR2
1.85816867883638e-19	0.556293559505911	0.185	0.126	5.70959489946056e-15	c4	LOC101927902
1.86233541611615e-19	0.302908813916877	0.542	0.464	5.7223980331001e-15	c4	TUBA1A
2.38519433540737e-19	0.449678964182875	0.24	0.173	7.32898663440621e-15	c4	ARAP2
3.5408392377506e-19	0.792071228805532	0.079	0.042	1.08799367258363e-14	c4	CAPN12
3.66573378494731e-19	0.486051311341311	0.241	0.176	1.12637002010076e-14	c4	NAA50
4.31271331841575e-19	0.121936294436404	0.98	0.952	1.32516742134961e-14	c4	DUSP1
4.5566590103902e-19	0.14946545972016	0.927	0.877	1.4001246141226e-14	c4	HSPA8
5.19541418153467e-19	0.302152334821796	0.43	0.35	1.59639491556016e-14	c4	GIMAP7
7.39183412639054e-19	0.199343431921852	0.454	0.36	2.27128887201602e-14	c4	TC2N
7.39771337943836e-19	0.282736630661598	0.484	0.404	2.27309539010003e-14	c4	LCP2
9.76819350994136e-19	0.699798409927751	0.156	0.104	3.00147281979968e-14	c4	NR4A3
1.03704679765902e-18	0.27855024777531	0.79	0.731	3.18653369516686e-14	c4	SRSF7
1.19273782361821e-18	0.430488345005807	0.227	0.162	3.66492551063166e-14	c4	TRG-AS1
1.30479526743742e-18	0.246396560824431	0.655	0.584	4.00924441825495e-14	c4	LCK
1.31365535640805e-18	0.439110693917448	0.247	0.181	4.03646881363501e-14	c4	MRPL10
1.48625484684725e-18	0.271779519493021	0.613	0.543	4.56681526790754e-14	c4	TAGAP
1.73723606366892e-18	0.516594928482218	0.302	0.235	5.33800525283549e-14	c4	HERPUD2
2.47601739913899e-18	1.83068396645205	0.018	0.005	7.60805866233437e-14	c4	HLA-DOA
4.74357770629872e-18	0.348011108691223	0.377	0.304	1.45755912181441e-13	c4	MAPRE2
6.34702645809018e-18	0.449722952417296	0.235	0.172	1.95025081977737e-13	c4	SH3BP1
6.80002134511263e-18	0.376970784108755	0.263	0.194	2.08944255871276e-13	c4	DUSP4
7.32577739260436e-18	0.46436134500797	0.216	0.154	2.25099161942554e-13	c4	WNK1
8.68032475409452e-18	0.320218938840388	0.539	0.462	2.66720338719062e-13	c4	TUBA4A
1.14826612832587e-17	0.562980515770748	0.315	0.248	3.5282773325069e-13	c4	ZNF331
1.339179320253e-17	0.484400054631746	0.294	0.226	4.11489629734138e-13	c4	ISG15
1.44842290082734e-17	1.5389454731881	0.027	0.01	4.45056904737218e-13	c4	BAIAP3
1.55584320775094e-17	0.394121666893675	0.205	0.145	4.78063942445631e-13	c4	C6orf1
1.99695505301202e-17	0.624280349760273	0.165	0.112	6.13604379139005e-13	c4	BCL2A1
1.99781610202243e-17	0.116176515596916	0.918	0.867	6.13868953668432e-13	c4	DNAJB1
2.06101086901937e-17	0.447720876931896	0.231	0.169	6.33286809723582e-13	c4	NFATC2
2.37254202460743e-17	0.165602073567814	0.875	0.805	7.29010987901126e-13	c4	KLF6
2.95517157721428e-17	0.35614972249077	0.353	0.281	9.08035570530632e-13	c4	CDK2AP2
3.48225879765879e-17	0.349313934416973	0.435	0.362	1.06999366075662e-12	c4	HIST1H4C
4.04437065383445e-17	0.178591046132762	0.826	0.766	1.24271377080371e-12	c4	YWHAZ
4.05009430741751e-17	1.04920404790127	0.053	0.026	1.24447247784018e-12	c4	LOC102724797
4.39224019001975e-17	0.533373522107764	0.19	0.134	1.34960364318737e-12	c4	TMEM43
5.06153462294434e-17	0.402183895960438	0.258	0.194	1.55525774359211e-12	c4	IKZF3
5.89572865937435e-17	0.448440519252698	0.305	0.238	1.81158054516596e-12	c4	AKIRIN2
6.93123329685863e-17	0.522589474406413	0.141	0.092	2.12976005512575e-12	c4	ZBP1
9.75459526381808e-17	0.429263541728501	0.214	0.154	2.99729448671338e-12	c4	RALGAPA1
1.02854235589701e-16	0.435820441575966	0.23	0.169	3.16040209696473e-12	c4	HSPB11
1.06899552622308e-16	0.850983108453065	0.087	0.051	3.28470255342566e-12	c4	CHPT1
1.18763163614146e-16	0.186022210145953	0.739	0.669	3.64923572837185e-12	c4	CHCHD2
1.30100158871554e-16	0.481087690123613	0.268	0.204	3.99758758164624e-12	c4	LMNA
1.34562131371718e-16	0.601426953877479	0.14	0.093	4.13469061065877e-12	c4	TRAPPC2P1
1.37321647565126e-16	0.3437203704835	0.327	0.257	4.21948226473362e-12	c4	PSMB6
3.02163324121565e-16	0.531497456428371	0.159	0.109	9.28457246028334e-12	c4	RALGAPA1P
3.30710159651609e-16	0.206975448179847	0.626	0.556	1.0161731075615e-11	c4	COX7A2
3.31187401469675e-16	0.146052182587777	0.866	0.828	1.01763952849587e-11	c4	ARHGDIB
3.50581684419825e-16	0.10370070814844	0.827	0.758	1.0772323417168e-11	c4	CD3D
3.63661200336648e-16	0.355353121225608	0.178	0.124	1.11742177027442e-11	c4	LOC101060038
3.68154515203775e-16	0.538972144591846	0.135	0.089	1.13122837886664e-11	c4	MLLT3
4.02777642878133e-16	0.868609043912553	0.077	0.044	1.23761486327164e-11	c4	E2F3
4.23942424023634e-16	0.278528874479175	0.475	0.401	1.30264788629742e-11	c4	CALM3
4.30033799094358e-16	0.476745905721739	0.198	0.143	1.32136485447723e-11	c4	FLJ32255
4.41244303764665e-16	0.396352316915831	0.262	0.199	1.35581137217769e-11	c4	TAP2
4.49255894786218e-16	0.476029449937084	0.117	0.073	1.38042858790961e-11	c4	C1orf21
5.58528107844902e-16	0.462018654861655	0.171	0.119	1.71618931697503e-11	c4	PTK2B
7.13151973378709e-16	0.340878529168194	0.372	0.304	2.19130206860076e-11	c4	PSMB3
7.2425363057807e-16	0.603843593283245	0.174	0.123	2.22541413067724e-11	c4	COMT
7.7287797374032e-16	0.394379098837327	0.24	0.18	2.37482214991188e-11	c4	DNAJC1
9.44757336462697e-16	0.203658378124928	0.565	0.49	2.90295586774893e-11	c4	NDUFA3
1.14110979317025e-15	1.9959159647891	0.017	0.005	3.50628806147423e-11	c4	IRF8
1.15551156089083e-15	0.17414729697939	0.855	0.792	3.55054037314924e-11	c4	HSP90AA1
1.29170341298915e-15	0.220825867776232	0.566	0.499	3.96901707709176e-11	c4	TRMT112
1.3497722433283e-15	0.502615690852091	0.156	0.107	4.14744517207487e-11	c4	PRKD2
1.50430262831803e-15	0.256828372130973	0.46	0.386	4.62227068603282e-11	c4	WDR1
1.977140368877e-15	0.305192875594754	0.36	0.291	6.07515921144834e-11	c4	OPTN
2.13190019890744e-15	0.293519065383375	0.499	0.427	6.55068974118290e-11	c4	EZR
2.19647630584723e-15	0.680794703371753	0.111	0.07	6.74911274497678e-11	c4	BCAS4
2.21214428342576e-15	0.27297690770227	0.449	0.378	6.79725573968233e-11	c4	ROMO1
2.23057370895596e-15	1.08530245587799	0.039	0.018	6.85388383550898e-11	c4	PLCXD2
2.32922734279373e-15	1.29852925239339	0.03	0.012	7.15701685620229e-11	c4	STAG3
2.36380641198259e-15	0.404634236121164	0.258	0.197	7.26326796209889e-11	c4	MAP4K1
2.38620149241689e-15	0.335290910156141	0.327	0.26	7.33208132574939e-11	c4	MFSD10
2.90299689910436e-15	0.402828328461469	0.26	0.2	8.92003857187796e-11	c4	CASP4
3.02702044001698e-15	1.26772047997405	0.023	0.008	9.30112570604018e-11	c4	L1CAM
3.0940719740444e-15	0.205099738825664	0.592	0.522	9.50715495464624e-11	c4	USMG5
3.26137095599615e-15	0.506014441967373	0.181	0.13	1.00212145364894e-10	c4	CHMP1A
3.61331756852419e-15	0.82185295395637	0.1	0.062	1.11026408928043e-10	c4	BPGM
3.70852992821945e-15	0.631704356924663	0.11	0.07	1.13951999104399e-10	c4	DDAH2
3.76449520140693e-15	0.220195636222936	0.407	0.337	1.15671644053631e-10	c4	TXN
3.89801009032596e-15	1.25927659409133	0.038	0.017	1.19774156045446e-10	c4	GFOD1
3.94346158903565e-15	0.940192037497124	0.044	0.021	1.21170744246298e-10	c4	LOC102724420
4.63695991226349e-15	0.951931473718274	0.054	0.028	1.4247986722412e-10	c4	CHN2
5.36507635290138e-15	0.280757036588805	0.435	0.365	1.64852701095601e-10	c4	IDS
5.77185182620396e-15	0.329799143366396	0.344	0.278	1.77351691063769e-10	c4	SH3KBP1
7.49043988686436e-15	0.553432840366003	0.111	0.071	2.30158746403681e-10	c4	CASP3
8.93107211898678e-15	0.363705141607628	0.362	0.297	2.74425053000107e-10	c4	ODC1
9.24884179427579e-15	0.270496734425997	0.433	0.361	2.84189161812712e-10	c4	PRELID1
1.00749161116524e-14	0.341837051820707	0.187	0.134	3.09571947362742e-10	c4	SLAMF6
1.16679493009339e-14	1.12812909383614	0.034	0.015	3.58521078169796e-10	c4	ZNF80
1.23327593798966e-14	0.571590928285007	0.126	0.083	3.78948697466083e-10	c4	SAMD9L
1.41504723101922e-14	0.612004754612615	0.096	0.059	4.34801562675277e-10	c4	KLHDC4
1.49174230504286e-14	0.563908788326485	0.113	0.073	4.5836765807052e-10	c4	FAM160B1
1.50543864234746e-14	0.16715431320741	0.503	0.423	4.62576131634104e-10	c4	CTSD
1.59289016477847e-14	0.229490606720769	0.482	0.409	4.89447360931481e-10	c4	GNG5
1.71490026053439e-14	0.394362972976521	0.279	0.219	5.26937403054402e-10	c4	COMMD7
1.73263228948944e-14	1.35155193107807	0.022	0.008	5.32385923591422e-10	c4	FOXP4
1.73811587986092e-14	1.48628116818371	0.012	0.003	5.34070866404864e-10	c4	PINLYP
1.91320109798983e-14	0.37711891872098	0.179	0.127	5.87869301379336e-10	c4	LPCAT1
1.93187816301992e-14	1.43346419117806	0.021	0.007	5.93608203151131e-10	c4	SLC4A4
1.94575251698605e-14	0.633745420647453	0.093	0.058	5.97871375894304e-10	c4	DZIP3
1.94955638893387e-14	0.826218732067565	0.069	0.039	5.99040191627711e-10	c4	GPR18
2.42765001471331e-14	0.447884915479232	0.227	0.172	7.45944020020958e-10	c4	SUPT3H
3.19198866662439e-14	0.319875393120844	0.405	0.338	9.80802357593677e-10	c4	DYNLL1
3.22456348817925e-14	0.456271263303751	0.136	0.092	9.90811623012839e-10	c4	LRIF1
3.43652817577982e-14	1.27511848835595	0.022	0.008	1.05594201257187e-09	c4	LOC102467081
3.65594058505531e-14	0.58714229362859	0.106	0.067	1.12336086356994e-09	c4	CSF1
4.18523174983846e-14	0.371399243099341	0.211	0.157	1.28599615977286e-09	c4	TNFRSF1A
5.50379183496357e-14	0.370344306641616	0.261	0.203	1.69115011712926e-09	c4	TMEM2
5.5701756509011e-14	0.853592789502814	0.056	0.03	1.71154787225238e-09	c4	LAT2
5.58877487020065e-14	0.75519147051568	0.064	0.036	1.71726285436655e-09	c4	PRR5L
5.99747633830457e-14	0.210372549861708	0.504	0.431	1.84284455447084e-09	c4	FKBP8
6.80282102056941e-14	0.243971064637752	0.367	0.297	2.09030281499036e-09	c4	SYTL3
7.14014205785089e-14	0.590823235814562	0.124	0.083	2.19395145011584e-09	c4	PLSCR1
7.37091472700633e-14	0.273990723076476	0.423	0.356	2.26486096816723e-09	c4	TAP1
8.34513272183075e-14	0.596884385449521	0.125	0.085	2.56420893143693e-09	c4	STAMBPL1
9.13816227275605e-14	1.68859012824532	0.016	0.005	2.80788312154975e-09	c4	P2RY11
9.68367579654208e-14	0.454379910546808	0.177	0.128	2.97550306200349e-09	c4	ATP8A1
1.06385127088654e-13	0.509047197333846	0.112	0.073	3.26889580005308e-09	c4	ZFYVE28
1.15200966398493e-13	0.280879575182636	0.387	0.32	3.53978009452649e-09	c4	RAC1
1.17460223983919e-13	0.304839323082635	0.319	0.256	3.60920030235389e-09	c4	AKNA
1.48272389799169e-13	1.1822391218686	0.017	0.005	4.55596572135908e-09	c4	ADAM28
1.78365336913005e-13	0.472936736330724	0.131	0.089	5.48063170732589e-09	c4	G6PD
2.11225499722093e-13	0.344948250948597	0.34	0.279	6.49032592996075e-09	c4	RHOF
2.27501498789797e-13	0.627322032765008	0.064	0.036	6.9904385533141e-09	c4	APOBEC3D
2.68531532495024e-13	0.418707375408749	0.227	0.174	8.25116839897461e-09	c4	UBE2A
2.88223211547327e-13	0.287089024669062	0.489	0.424	8.85623462121472e-09	c4	BRD2
3.00672864178248e-13	0.445893086882927	0.138	0.095	9.23877509760502e-09	c4	LOC100507412
3.14433923361622e-13	0.448792623255898	0.164	0.118	9.66161116313256e-09	c4	ST8SIA4
3.32797678667964e-13	0.243729650544638	0.447	0.379	1.02258742724305e-08	c4	SKAP1
3.33671886836326e-13	0.564963965821055	0.102	0.066	1.02527360668198e-08	c4	GTDC1
3.77756896944254e-13	0.396288356086367	0.28	0.224	1.16073361724061e-08	c4	NEU1
4.10030925621184e-13	0.219160419678255	0.525	0.458	1.25990202515621e-08	c4	GNB2
4.114292528859e-13	0.245561739431434	0.471	0.406	1.2641986653425e-08	c4	TRAPPC1
4.20006643911814e-13	0.411566359220014	0.22	0.169	1.29055441474783e-08	c4	ITGB1BP1
4.28074123381895e-13	0.331344190336311	0.334	0.274	1.31534335891555e-08	c4	CMTM3
4.58281721464509e-13	0.345529383098471	0.315	0.257	1.408162245544e-08	c4	PPP3CC
4.86716293367747e-13	1.08597164878865	0.029	0.013	1.49553315463108e-08	c4	SH2D1B
5.38630878655222e-13	0.442613400896809	0.198	0.148	1.6550511008439e-08	c4	DAXX
5.39082563880235e-13	0.341597505677734	0.33	0.27	1.6564389940348e-08	c4	RHOC
5.69452191066929e-13	1.23506619401101	0.03	0.013	1.74975574749135e-08	c4	STARD9
6.32113045430036e-13	0.67848739148118	0.106	0.07	1.94229375469287e-08	c4	LMNB1
6.38679758613438e-13	0.214986892640308	0.33	0.265	1.96247129429151e-08	c4	CARD16
6.98746150269407e-13	0.253200316530467	0.429	0.366	2.14703729593281e-08	c4	UBE2I
7.05236531822093e-13	0.271708713724527	0.406	0.344	2.16698029132974e-08	c4	COX5A
7.39387818685922e-13	0.448020376730754	0.15	0.106	2.27191695047623e-08	c4	NMRAL1
9.24262120809125e-13	1.84138151850925	0.011	0.003	2.8399802186102e-08	c4	TLR3
9.9676819759612e-13	0.221645645195544	0.515	0.454	3.0627696407536e-08	c4	ARHGDIA
1.02447176377503e-12	0.923229469716814	0.039	0.019	3.14789438855154e-08	c4	TTC24
1.12990074974556e-12	0.929925587011273	0.038	0.018	3.47184603374317e-08	c4	NCR1
1.23604162930174e-12	0.183266229154801	0.624	0.554	3.79798511435546e-08	c4	CAPZB
1.34533470128123e-12	0.731130978377526	0.049	0.026	4.13380993662684e-08	c4	IFI30
1.35117762303479e-12	0.985594822434925	0.035	0.017	4.15176348229901e-08	c4	CHI3L2
1.47041607342262e-12	0.424313947913994	0.205	0.155	4.51814746880569e-08	c4	ARHGAP25
1.50410666612876e-12	0.349014659925188	0.223	0.171	4.62166855301385e-08	c4	LY9
1.58443348858245e-12	0.388059141800273	0.215	0.165	4.8684887803673e-08	c4	GNAI3
1.67459270518941e-12	0.466353483268978	0.105	0.069	5.14552100523549e-08	c4	MVB12B
2.00841893940306e-12	0.128089229766345	0.842	0.799	6.17126887510379e-08	c4	CXCR4
2.03686677163507e-12	1.14965761213989	0.027	0.012	6.25868052920307e-08	c4	CRIM1
2.89614691752213e-12	1.21922007238746	0.02	0.008	8.89899063347026e-08	c4	CIITA
2.98147231611741e-12	0.198585842311574	0.628	0.565	9.16116998573398e-08	c4	MCL1
3.10351667632007e-12	0.536113844668048	0.147	0.105	9.53617569132867e-08	c4	IFI35
3.40261684910486e-12	0.161208594344018	0.727	0.663	1.04552207922445e-07	c4	HSPA1B
3.78042470520436e-12	0.621966875644588	0.087	0.056	1.16161109916814e-07	c4	SNX10
3.89936143925463e-12	0.319390388409029	0.325	0.269	1.19815678943977e-07	c4	BTN3A2
4.26176702536658e-12	0.55368371144697	0.129	0.091	1.30951315388439e-07	c4	BCL2L1
4.44281384128133e-12	0.245677834279444	0.321	0.262	1.36514340901052e-07	c4	TAX1BP1
4.84814660052265e-12	0.505709507667167	0.078	0.048	1.4896900059426e-07	c4	CD70
4.96641796558591e-12	0.625538607733438	0.08	0.049	1.52603124828558e-07	c4	GXYLT1
5.0483201577539e-12	0.232276143584335	0.298	0.239	1.55119733487304e-07	c4	NDUFS6
5.15862020541442e-12	0.848477772782603	0.063	0.037	1.58508923051769e-07	c4	METRNL
7.90190436994071e-12	0.201658883777761	0.467	0.4	2.42801815575168e-07	c4	BUB3
8.52466858957985e-12	0.485959168647241	0.125	0.086	2.6193749175202e-07	c4	XAF1
8.63195226805801e-12	0.233846891976893	0.337	0.278	2.65233997340618e-07	c4	IQGAP1
8.75948689614393e-12	0.534969817051574	0.096	0.063	2.69152753857814e-07	c4	TNFSF14
8.79539479604284e-12	0.189691066497228	0.626	0.565	2.70256095898008e-07	c4	SRSF2
9.55584578795934e-12	0.283075668805544	0.329	0.272	2.93622473526627e-07	c4	FAM46C
9.93794060563236e-12	0.103490549905808	0.923	0.896	3.05363100989266e-07	c4	CD3E
1.24226091130441e-11	0.397410686309239	0.188	0.142	3.81709510216507e-07	c4	PLEKHF1
1.25047280348351e-11	0.518183964312337	0.118	0.081	3.84232778326378e-07	c4	HENMT1
1.25494274486587e-11	0.452362953972629	0.135	0.095	3.85606257214937e-07	c4	RIN3
1.26709926580426e-11	0.316764779636767	0.356	0.299	3.89341591403674e-07	c4	CSK
1.28052228309629e-11	0.362861600275417	0.238	0.187	3.93466081926998e-07	c4	IRF2
1.30335512063686e-11	0.261774373686379	0.391	0.334	4.00481927918089e-07	c4	DNAJB6
1.31192423521792e-11	0.342189415368476	0.262	0.211	4.0311495975541e-07	c4	CCSER2
1.42090575954101e-11	0.329178054372271	0.246	0.194	4.36601712734165e-07	c4	DERL1
1.58030905904667e-11	0.429548894801957	0.154	0.112	4.85581564573271e-07	c4	CISD3
1.9041587071511e-11	0.846015074654358	0.041	0.022	5.85090845946318e-07	c4	IL15
1.97197606877642e-11	0.477813201407428	0.055	0.031	6.05929086652931e-07	c4	PLXDC1
2.16136214179665e-11	0.431555876601386	0.143	0.103	6.64121745309858e-07	c4	PSENEN
2.30308541007572e-11	0.762558740830657	0.052	0.029	7.07669053953968e-07	c4	LIMK1
2.47100258013867e-11	0.3121306842898	0.224	0.174	7.5926496279921e-07	c4	TIMM17B
2.59829714180358e-11	0.409678923591508	0.213	0.167	7.98378762761986e-07	c4	PCMT1
2.60090056448391e-11	0.266541722453325	0.386	0.327	7.99178716448972e-07	c4	WAS
2.63327030450176e-11	0.374176817346945	0.234	0.185	8.09124966464255e-07	c4	PDCD10
2.73134591445476e-11	0.333518526319496	0.209	0.161	8.39260659134513e-07	c4	SMS
2.89372049234289e-11	0.621955342253461	0.09	0.059	8.89153495682198e-07	c4	ACTA2
2.93484822856966e-11	0.226249987706781	0.421	0.363	9.01790815192599e-07	c4	NEDD8
3.01489076968313e-11	0.523519637748633	0.155	0.115	9.26385486800535e-07	c4	APEH
3.28068246872268e-11	0.301421656202258	0.183	0.137	1.00805530216442e-06	c4	FLOT1
3.31676347897913e-11	0.2431800534086	0.434	0.374	1.01914191418592e-06	c4	TERF2IP
3.37286051880201e-11	1.16356195278822	0.028	0.013	1.03637885161229e-06	c4	HLA-DPB2
3.53789790108224e-11	0.317510660541186	0.284	0.23	1.08708988806554e-06	c4	PTPN7
3.78301409821809e-11	0.56725336860828	0.052	0.029	1.16240674195947e-06	c4	EPHA1-AS1
3.9699010589634e-11	0.201008964587596	0.42	0.358	1.21983149838768e-06	c4	CD48
4.02037333718297e-11	0.329602459464218	0.225	0.177	1.23534011531621e-06	c4	GIMAP6
4.02891140783182e-11	0.354478172087844	0.234	0.185	1.23796360828448e-06	c4	B3GNT2
4.27604163090573e-11	0.763895887302734	0.04	0.021	1.31389931192841e-06	c4	APOL1
5.17478966740189e-11	0.505586778629178	0.098	0.065	1.59005762110258e-06	c4	SEC24C
5.82695346784183e-11	0.344701652396732	0.192	0.147	1.79044799206376e-06	c4	MAGED2
6.0102805983916e-11	0.166200045749742	0.539	0.477	1.84677891946779e-06	c4	SEPT1
6.1133213468533e-11	0.458894441032286	0.15	0.11	1.87844025024761e-06	c4	ORMDL2
6.40133606469838e-11	0.200312257576909	0.629	0.568	1.96693853259987e-06	c4	DNAJA1
6.83745979289638e-11	0.402211853989355	0.184	0.14	2.10094627056327e-06	c4	MAP3K8
6.88616380893600e-11	0.419584314189531	0.186	0.142	2.11591155357177e-06	c4	DGKZ
6.89827052034964e-11	1.02549402158417	0.036	0.018	2.11963158278783e-06	c4	SYNGR1
6.98721445912081e-11	0.902015380909596	0.036	0.018	2.14696138685405e-06	c4	ATP1A3
7.33353636435201e-11	0.479402172345397	0.15	0.111	2.25337571867444e-06	c4	YARS
7.64859630724867e-11	0.280850673074297	0.229	0.179	2.3501841873283e-06	c4	VKORC1
8.01352932252188e-11	0.229681707670411	0.34	0.285	2.4623171549313e-06	c4	IL16
8.35706750770669e-11	0.907756733822692	0.043	0.023	2.56787613309303e-06	c4	PIK3R3
8.85536446375826e-11	0.197537289261899	0.519	0.461	2.720987838779e-06	c4	POLR2L
8.89592988523248e-11	0.209325425876035	0.495	0.438	2.73345237583538e-06	c4	ATPIF1
9.3240785273429e-11	0.274566592561133	0.307	0.254	2.86500960909665e-06	c4	MRPS6
9.59010121486385e-11	1.04975169892956	0.034	0.017	2.94675040029121e-06	c4	UAP1L1
9.86295672000951e-11	0.261910720643832	0.325	0.272	3.03059071135732e-06	c4	PPP4C
1.06099810826752e-10	0.266687951363238	0.293	0.241	3.26012888727362e-06	c4	NCOR1
1.28496916244806e-10	0.176804926982209	0.491	0.428	3.94832474545414e-06	c4	ACAP1
1.40380223027877e-10	0.286114368048802	0.107	0.073	4.31346311297758e-06	c4	TTC38
1.48025170945166e-10	0.388403436490275	0.079	0.05	4.54836942763212e-06	c4	LOC729732
1.61570910054958e-10	0.387584484663786	0.146	0.106	4.9645893532587e-06	c4	SIPA1
1.68565706409285e-10	0.486843834562323	0.103	0.07	5.1795184608381e-06	c4	CASP7
1.69340800416169e-10	0.185647093738637	0.267	0.212	5.20333477438763e-06	c4	TPST2
1.72028043162013e-10	0.204177876039867	0.516	0.457	5.28590568223917e-06	c4	ARF6
1.78013932465865e-10	0.147008359986424	0.635	0.572	5.46983410287865e-06	c4	TPM3
1.78794627530975e-10	0.811964090544	0.026	0.012	5.49382252014427e-06	c4	CCRL2
1.85698597938714e-10	0.216080140412431	0.312	0.257	5.70596081886288e-06	c4	GNAS
1.93890234131094e-10	0.203380044379818	0.508	0.445	5.95766522414611e-06	c4	ATP5G3
2.02120391350455e-10	0.170101106282642	0.596	0.536	6.21055326502544e-06	c4	NDUFA13
2.16238099149918e-10	0.312865045977256	0.248	0.2	6.64434807257953e-06	c4	LBR
2.23609163763957e-10	0.297126509231995	0.203	0.158	6.87083877497511e-06	c4	RALGDS
2.26566687460339e-10	0.266155141804101	0.227	0.179	6.96171460559383e-06	c4	INPP4B
2.36544036919445e-10	0.709828494207108	0.072	0.046	7.2682886224238e-06	c4	FBXO6
2.39200572785039e-10	0.445221229146851	0.109	0.076	7.34991599996589e-06	c4	GALNT11
2.42340142201643e-10	0.209167783799782	0.359	0.302	7.44638554942989e-06	c4	TBCB
2.42821269776034e-10	0.888027600378229	0.036	0.019	7.46116915640819e-06	c4	WEE1
2.43517762279676e-10	0.233952093032068	0.458	0.405	7.48257028156759e-06	c4	PDIA3
2.65393232295772e-10	0.37040439705278	0.178	0.135	8.15473784875218e-06	c4	AGTRAP
2.65493251863667e-10	0.145324076092693	0.556	0.499	8.1578111500149e-06	c4	KRTCAP2
2.96947801841048e-10	0.180174461388664	0.609	0.557	9.1243151071699e-06	c4	C19orf43
3.14488642150511e-10	0.268059262930478	0.264	0.216	9.66329250735876e-06	c4	DGCR6L
3.19743186267221e-10	0.186695025578733	0.437	0.38	9.82474888443291e-06	c4	GABARAPL2
3.43969264293689e-10	0.951179721428282	0.041	0.022	1.05691435839522e-05	c4	RNU5A-1
3.54171470647485e-10	0.268202636812069	0.332	0.28	1.08826267785853e-05	c4	PSMA6
3.56961560562652e-10	1.12764844166157	0.016	0.006	1.09683578714086e-05	c4	PIK3R6
3.65953899852746e-10	1.66289093704285	0.011	0.004	1.12446654807753e-05	c4	LANCL3
3.66310361446638e-10	0.17588043953112	0.466	0.405	1.12556184761708e-05	c4	PDCD4
3.73335434457614e-10	0.226914887411207	0.523	0.468	1.14714778945791e-05	c4	RPL22L1
3.92713658281691e-10	0.246540773568545	0.261	0.211	1.20669125780215e-05	c4	LSM2
4.08149602966707e-10	0.267271803790532	0.577	0.533	1.2541212850358e-05	c4	LDHA
4.22991466666671e-10	0.549746884739616	0.153	0.116	1.29972587962668e-05	c4	ACAA2
4.25731350628655e-10	0.567961304641571	0.058	0.035	1.30814472107667e-05	c4	LIMK2
4.2996898247514e-10	1.59417595492955	0.011	0.003	1.32116569245136e-05	c4	HIST1H2BM
4.35823359778457e-10	0.157459662508298	0.555	0.5	1.33915443759126e-05	c4	HNRNPF
4.46648140368704e-10	0.451923375312886	0.078	0.051	1.37241574091092e-05	c4	FCRL3
4.47487914237611e-10	0.120673257160354	0.796	0.749	1.37499611407791e-05	c4	OST4
4.56088590813935e-10	0.251827235355126	0.32	0.267	1.40142341299398e-05	c4	PSMA5
4.5890878365513e-10	0.994532749253489	0.027	0.013	1.41008901953712e-05	c4	PLEKHG1
4.58994639507485e-10	0.691944270038824	0.054	0.032	1.41035282881465e-05	c4	VNN2
4.94442535420602e-10	0.422717215145434	0.159	0.12	1.51927357858688e-05	c4	TRPV2
5.50746250918948e-10	0.371254404569164	0.273	0.226	1.69227800519865e-05	c4	C20orf24
6.10187639191741e-10	0.652897087002991	0.054	0.032	1.87492355894446e-05	c4	WIPI1
6.22373830913053e-10	0.195335341789209	0.556	0.498	1.91236807024654e-05	c4	SAP18
6.36751458625394e-10	0.522199572115157	0.095	0.065	1.95654620691825e-05	c4	BRAT1
6.40338562479153e-10	0.246131021149151	0.372	0.317	1.96756830092969e-05	c4	BZW1
6.79916160233579e-10	0.323663940043538	0.231	0.185	2.08917838554972e-05	c4	ACTN4
6.82664220692214e-10	0.402848916769526	0.167	0.128	2.09762235092097e-05	c4	HDDC2
6.97712375301664e-10	0.732478480591115	0.067	0.042	2.14386081558942e-05	c4	BRF1
7.14610816193285e-10	0.735290053799091	0.045	0.025	2.19578465491711e-05	c4	PLEKHO2
7.20280958940074e-10	0.313297002907968	0.24	0.194	2.21320730253517e-05	c4	COPZ1
7.27904567325489e-10	0.191910266520085	0.37	0.314	2.23663236402103e-05	c4	KMT2E-AS1
7.36093833758376e-10	0.321405444103032	0.246	0.2	2.26179552298936e-05	c4	STARD7
7.71346198632065e-10	0.307059603707626	0.289	0.24	2.37011546453675e-05	c4	MAGOH
8.85175705481259e-10	0.220712094580158	0.36	0.306	2.71987939023227e-05	c4	SRI
8.86867737887971e-10	0.661744257544866	0.043	0.024	2.72507849820837e-05	c4	BTN2A2
9.05839996236108e-10	0.509582903847469	0.084	0.056	2.78337455643469e-05	c4	SLC6A6
9.06807701584888e-10	0.289218246050923	0.268	0.221	2.78634802465989e-05	c4	CLTB
9.20188077390632e-10	0.152847683380989	0.685	0.631	2.8274619053982e-05	c4	PPIB
9.5726473010777e-10	0.66392405206766	0.059	0.036	2.94138733620215e-05	c4	NCOA1
9.88694271630586e-10	0.295919190983707	0.172	0.131	3.0379608884393e-05	c4	CYTH4
1.01788466382521e-09	0.17178647280367	0.58	0.523	3.12765420653573e-05	c4	ATP6V0C
1.02087795852868e-09	0.227335458568566	0.335	0.282	3.13685170317107e-05	c4	MRPL41
1.03204547893091e-09	0.268520918235964	0.264	0.216	3.171166143111e-05	c4	PUF60
1.07011346229913e-09	0.475969263080838	0.115	0.082	3.28813763560654e-05	c4	AGPAT2
1.14171301574315e-09	0.439042877311017	0.132	0.097	3.50814158347397e-05	c4	ADA
1.16035454561968e-09	0.478419273014542	0.1	0.07	3.56542141232558e-05	c4	PDZD11
1.19585793525949e-09	0.288088178277242	0.403	0.354	3.67451267767184e-05	c4	TUBB4B
1.3011062370816e-09	0.247515206383985	0.335	0.282	3.99790913468063e-05	c4	IFI16
1.31716289966043e-09	0.330194679532555	0.179	0.137	4.0472464417866e-05	c4	GTF2E2
1.43076908890342e-09	0.266374195108915	0.323	0.271	4.39632417947354e-05	c4	RNF187
1.45465173832941e-09	0.204295239587918	0.432	0.377	4.46970839636478e-05	c4	SHFM1
1.47720307073637e-09	0.493772468384897	0.144	0.108	4.53900187545165e-05	c4	CDK6
1.51986234876124e-09	1.0936310777487	0.032	0.017	4.67008103903867e-05	c4	MPP1
1.752701480065e-09	0.472413055533391	0.126	0.092	5.38552583779573e-05	c4	SURF2
1.84518324899787e-09	0.170051741739305	0.45	0.389	5.66969456919576e-05	c4	DBI
1.90008586164483e-09	0.299076388783415	0.229	0.184	5.83839382707608e-05	c4	LYSMD2
1.93840768656981e-09	0.340180918653143	0.327	0.276	5.95614529852305e-05	c4	DDIT3
1.97162637932854e-09	1.14462433837022	0.016	0.006	6.05821637576281e-05	c4	LRRC63
2.14490651327368e-09	0.128695469673348	0.709	0.654	6.59065424333603e-05	c4	HSPA1A
2.16142958462457e-09	0.323227289095958	0.218	0.176	6.6414246846759e-05	c4	VASP
2.28634717847941e-09	0.730707617887535	0.047	0.028	7.02525897531367e-05	c4	SNTB1
2.40879694622705e-09	0.564713426287269	0.098	0.069	7.40151037667184e-05	c4	RABEP1
2.49419004267416e-09	0.356888095353703	0.199	0.158	7.66389774412489e-05	c4	SDF2L1
2.88993951557535e-09	0.276679752461039	0.195	0.153	8.87991714950837e-05	c4	UTRN
2.94992030389576e-09	0.315311727418987	0.187	0.146	9.06422011778051e-05	c4	RSU1
3.02903708156829e-09	0.201696297422045	0.358	0.305	9.30732224053489e-05	c4	PPP2R1A
3.03908860496141e-09	0.208049205580779	0.356	0.303	9.33820755646492e-05	c4	PRDX5
3.08310377972383e-09	0.581182055415743	0.069	0.044	9.47345298395741e-05	c4	MCTP2
3.25119860305385e-09	0.410857458901569	0.117	0.085	9.98995794760355e-05	c4	PIP4K2A
3.33000978562301e-09	0.421121371493757	0.135	0.1	0.000102321210682838	c4	PFKP
3.50491196585296e-09	0.20047665571842	0.414	0.36	0.000107695429974764	c4	NDUFB10
3.55350947122147e-09	0.734687456731012	0.051	0.031	0.000109188685522222	c4	MSC
3.67286149707461e-09	0.233275336702838	0.404	0.353	0.000112856015220611	c4	SERTAD1
3.75607972880565e-09	0.34606179456444	0.131	0.096	0.000115413061827011	c4	HIST1H1E
3.76845442279369e-09	0.194939920950003	0.443	0.389	0.000115793299049182	c4	NDUFB8
4.21331395101767e-09	0.236062508017469	0.337	0.286	0.00012946249777292	c4	NDUFS7
4.27130428397047e-09	0.284237161830172	0.246	0.2	0.000131244366733561	c4	SH3GLB1
4.3106560441894e-09	0.216945160136617	0.398	0.348	0.000132453528269808	c4	RBX1
4.31098672285004e-09	0.340791293613938	0.166	0.128	0.000132463689033013	c4	TRPC4AP
4.43876894149323e-09	0.297548839918414	0.213	0.17	0.000136390053265262	c4	IRF7
5.02677725267321e-09	0.317180146902971	0.226	0.183	0.00015445778464289	c4	DR1
5.1437262210037e-09	0.448762553497045	0.126	0.093	0.000158051275592781	c4	PPP1R16B
5.23097771105342e-09	0.414798321089104	0.216	0.174	0.000160732252127538	c4	SRRT
5.473658432751e-09	0.328046945744054	0.233	0.189	0.00016818910266314	c4	CNOT2
5.73905826907322e-09	0.386265842321666	0.078	0.052	0.000176344043433813	c4	FGR
5.8030207603e-09	0.259473514664406	0.299	0.252	0.000178309418901738	c4	POLR2K
5.90882827651978e-09	0.183895432082097	0.451	0.4	0.000181560566452623	c4	VAMP8
6.19771624059519e-09	0.213506563066045	0.508	0.457	0.000190437226924768	c4	YPEL5
6.63001661106147e-09	0.632995495359062	0.049	0.03	0.000203720520408086	c4	ARHGAP26
6.73646267364802e-09	0.350536374033128	0.17	0.133	0.000206991288573183	c4	TSSC4
7.23770223111154e-09	0.318146241353633	0.044	0.025	0.000222392876455364	c4	IL9R
7.29744275925922e-09	0.209680821700631	0.302	0.253	0.000224228523663758	c4	TRAT1
7.57451638163375e-09	0.281627784601765	0.131	0.096	0.00023274216485846	c4	HIST2H2BC
7.90050651060262e-09	0.274365737131713	0.301	0.254	0.000242758863551287	c4	VDAC1
7.93687688975602e-09	0.887098123814585	0.049	0.03	0.000243876416191533	c4	CYTH3
8.76049664153474e-09	0.17706680542123	0.496	0.437	0.000269183780304438	c4	NR4A1
8.80948824615652e-09	0.402340067805137	0.141	0.107	0.000270689145339652	c4	NIN
8.82755361860314e-09	0.37403061039278	0.144	0.109	0.000271244240038819	c4	C9orf89
8.9373062281764e-09	0.439554196224681	0.074	0.049	0.000274616608473176	c4	ABR
8.96326875089287e-09	0.325277831355206	0.168	0.13	0.000275414358908685	c4	HMGA1
9.12113159050774e-09	0.215351782456848	0.299	0.251	0.000280265010381531	c4	GPI
9.91181348699587e-09	0.422612105895813	0.115	0.083	0.000304560293014922	c4	DCTN1
9.9325912894945e-09	0.177354524495789	0.402	0.35	0.000305198732552298	c4	SP100
1.00150949934449e-08	0.247589983128662	0.206	0.163	0.000307733823863582	c4	SYNE1
1.04590993471516e-08	0.312881100154876	0.254	0.211	0.000321376745639926	c4	PSMB2
1.06315635556844e-08	0.120847941316393	0.463	0.403	0.000326676053375514	c4	CD96
1.07024732175399e-08	0.242701569843665	0.424	0.373	0.000328854894555347	c4	HSPA5
1.07175165712372e-08	0.112851067058951	0.755	0.714	0.000329317131684407	c4	SRP14
1.09736387760576e-08	0.355318900771493	0.143	0.108	0.000337186998671923	c4	PPP6R2
1.20547752509072e-08	0.564190665044151	0.054	0.033	0.000370407079134625	c4	DYRK1B
1.22743040833668e-08	0.199614927064603	0.481	0.433	0.000377152541569612	c4	PET100
1.25964703392596e-08	1.09666999895372	0.019	0.008	0.00038705174411443	c4	RTP5
1.31758387303949e-08	0.277470362001321	0.238	0.195	0.000404853996668843	c4	PPP1R11
1.35406968254234e-08	0.326161603636199	0.172	0.135	0.000416064991354786	c4	FKBP2
1.36118068412805e-08	0.261155158987149	0.222	0.18	0.000418249988812027	c4	MEA1
1.38610575679312e-08	0.453702150243299	0.25	0.21	0.000425908715889823	c4	CKS2
1.41273360274597e-08	0.215414569546381	0.386	0.338	0.000434090654115755	c4	ATP5J
1.47815260594665e-08	0.272572687647198	0.287	0.242	0.000454191951229226	c4	SF3A2
1.48837153967635e-08	0.145666745542927	0.552	0.495	0.000457331922996352	c4	COX8A
1.48937183141343e-08	1.5669726568074	0.016	0.006	0.000457639282638405	c4	LOC102723797
1.49946884931165e-08	0.366052653442313	0.145	0.11	0.000460741793327991	c4	MIB2
1.63796843745567e-08	0.584122499998665	0.085	0.059	0.000503298561777005	c4	MEF2D
1.69860530363919e-08	0.260522665041009	0.229	0.186	0.000521930451649214	c4	TBX21
1.7218899318573e-08	0.423987237781306	0.084	0.058	0.000529085119361791	c4	HAGHL
1.92273108630274e-08	0.546180206969005	0.054	0.034	0.000590797580888244	c4	HELZ2
1.97583215183985e-08	0.182859343856495	0.262	0.216	0.000607113945295832	c4	DOCK8
1.993431908295e-08	0.321462976951466	0.178	0.14	0.000612521822461805	c4	LASP1
2.11129215656281e-08	0.63009514585111	0.055	0.034	0.000648736740947056	c4	APOBEC3F
2.16147919647818e-08	0.128548406079453	0.706	0.649	0.000664157712701851	c4	ALDOA
2.4865354430511e-08	0.446563710820655	0.129	0.098	0.000764037745586311	c4	DCUN1D5
2.50453090410963e-08	0.147184896715692	0.575	0.527	0.000769567210905767	c4	ARF1
2.53340948246321e-08	0.524159291767762	0.144	0.112	0.00077844073167647	c4	KPNA2
2.57222814688071e-08	0.222215694567206	0.409	0.362	0.000790368542692034	c4	PSMB1
2.6075256499728e-08	0.397471491182873	0.163	0.128	0.000801214406467143	c4	MRPS12
2.67173038742273e-08	0.444303033218399	0.155	0.121	0.000820942596143382	c4	NFKBIB
2.69136661532577e-08	0.88761482018747	0.039	0.023	0.000826976219891149	c4	FAM179A
2.87982799947518e-08	1.05066323498427	0.025	0.012	0.00088488474939874	c4	VANGL1
2.93348554504256e-08	0.358960890068271	0.137	0.104	0.000901372103425227	c4	TBC1D1
3.00302235144122e-08	0.24525453384438	0.132	0.098	0.000922738677927344	c4	ADRB2
3.07243064264453e-08	0.422984380224728	0.113	0.083	0.000944065763565384	c4	GBP1
3.11588877404969e-08	0.279420493485706	0.275	0.232	0.00095741914360225	c4	H2AFX
3.23765315031283e-08	0.690000330910982	0.032	0.017	0.000994833683496623	c4	STRBP
3.36579731930722e-08	1.07609178694593	0.023	0.011	0.00103420854230353	c4	ZAK
3.60645244934579e-08	0.612130178724482	0.074	0.05	0.00110815464411048	c4	ZNF296
3.66441684704075e-08	0.261550183534948	0.231	0.189	0.00112596536459021	c4	RHEB
3.67438831012173e-08	0.22313297400792	0.135	0.102	0.0011290292960511	c4	STMN1
3.7868108352348e-08	0.317694156434112	0.171	0.135	0.0011635733653426	c4	RFTN1
3.84749861130085e-08	0.67244342847722	0.066	0.043	0.00118222089829441	c4	YES1
3.91878146324599e-08	0.353106233237034	0.172	0.135	0.0012041239802116	c4	SPPL2A
4.68440512633202e-08	0.839613317022603	0.027	0.014	0.00143937716316804	c4	KIAA1671
4.71883449087806e-08	0.366472201642589	0.133	0.101	0.0014499562740121	c4	MAP4
5.1382408050365e-08	0.329908248590691	0.228	0.187	0.00157882725216356	c4	SERPINB9
5.22674592052145e-08	0.630498760469795	0.051	0.032	0.00160602221899862	c4	SLC25A43
5.36197181504672e-08	0.510866231282337	0.052	0.033	0.00164757307960941	c4	REC8
5.43962716821348e-08	0.537999998974219	0.067	0.045	0.00167143423997696	c4	ERGIC1
5.49818170914608e-08	0.615469719408325	0.054	0.034	0.00168942629376932	c4	GNGT2
5.49830523488332e-08	0.533597852462348	0.078	0.054	0.0016894642495226	c4	RGS3
5.51813268015903e-08	0.36561453427548	0.107	0.078	0.00169555662863246	c4	PRKAG1
5.82673731993929e-08	0.480810981596655	0.153	0.119	0.00179038157629775	c4	VPS37B
5.93393243814371e-08	0.524299199028587	0.048	0.029	0.00182331942026842	c4	DGCR8
5.9911325403756e-08	0.311088916803611	0.214	0.176	0.00184089529568121	c4	RTFDC1
6.02634428529071e-08	0.336916898507087	0.151	0.116	0.00185171480854128	c4	ZEB2
6.23886264777067e-08	0.155105351099624	0.512	0.462	0.00191701532578049	c4	UQCR10
6.37950843662772e-08	0.163097551687065	0.453	0.403	0.0019602315573226	c4	MYH9
6.4676983382075e-08	1.07666313159447	0.016	0.007	0.00198732966838102	c4	PIF1
6.99695287076333e-08	0.681827195059566	0.036	0.02	0.00214995370859945	c4	GeneID:100133445
8.03954108049505e-08	0.265863353247316	0.249	0.207	0.00247030978780371	c4	PPP1R12A
8.71377997934515e-08	0.208920243835368	0.355	0.309	0.00267748317425338	c4	APBB1IP
8.73928225251563e-08	0.245360955640371	0.275	0.232	0.00268531925773048	c4	PFDN2
9.22008878989879e-08	0.232189484239794	0.23	0.189	0.0028330566824722	c4	GRK6
1.01031007798917e-07	0.197369718786049	0.338	0.292	0.00310437977663732	c4	C16orf13
1.02557254097054e-07	0.335888398477216	0.13	0.099	0.00315127674664019	c4	ACSL5
1.06415542508195e-07	0.284572844545061	0.164	0.129	0.00326983037464931	c4	PTPLAD2
1.10854589982416e-07	0.623848578701053	0.047	0.029	0.0034062289863897	c4	LPAR5
1.11040966467612e-07	0.149840395853734	0.466	0.416	0.00341195577665032	c4	IRF1
1.1238974716348e-07	0.232753574857782	0.323	0.278	0.00345339976109224	c4	ARPC4
1.1250230530083e-07	0.324088960539346	0.209	0.172	0.00345685833497861	c4	FAM195B
1.12728818168382e-07	0.217552991878183	0.327	0.282	0.00346381839585988	c4	CAPN2
1.12904146599059e-07	0.385599900431147	0.128	0.097	0.00346920571254929	c4	ECI2
1.13220155104716e-07	0.196413970427747	0.391	0.343	0.00347891570590262	c4	KHDRBS1
1.1557638030809e-07	0.401551812125573	0.124	0.093	0.00355131543772669	c4	USB1
1.25207647157843e-07	0.984524540923326	0.015	0.006	0.00384725537421904	c4	MT1DP
1.28520519427734e-07	0.453446385748311	0.125	0.095	0.00394905000045599	c4	SLC1A5
1.28663245907467e-07	0.9914982444546	0.024	0.012	0.00395343555699875	c4	SERPINI1
1.30725405300953e-07	0.278280702770836	0.212	0.174	0.00401679952868237	c4	PMAIP1
1.31916910306231e-07	0.142335720929992	0.482	0.432	0.00405341090297954	c4	BRK1
1.42658514171309e-07	0.883290565214255	0.03	0.016	0.0043834681649418	c4	SLC15A4
1.46227755408861e-07	0.540153560276866	0.094	0.068	0.00449314024044809	c4	LOC101929734
1.46270215305273e-07	0.200413962036322	0.212	0.172	0.00449444490568512	c4	TYMP
1.46476738772741e-07	0.27925691847388	0.236	0.196	0.00450079075227	c4	GBP2
1.4899614674056e-07	0.281182006454175	0.098	0.07	0.00457820460089719	c4	MIAT
1.51455251683284e-07	0.330077122939421	0.163	0.129	0.00465376551847226	c4	COA1
1.5453561844042e-07	0.19055061743555	0.396	0.352	0.0047484159478188	c4	CSTB
1.71032260780821e-07	0.497436543017468	0.07	0.048	0.00525530827701229	c4	TTC39B
1.85556321592086e-07	0.198145834256174	0.265	0.223	0.00570158909356003	c4	RABGAP1L
1.87880720779418e-07	0.793490940849729	0.019	0.009	0.00577301090738918	c4	TMEM244
1.9022264952634e-07	0.256387357296395	0.247	0.207	0.00584497135199584	c4	SSNA1
1.96379275434065e-07	0.613430416788353	0.055	0.036	0.00603414599626253	c4	PTPRN2
2.1053467381807e-07	0.274421335408335	0.258	0.219	0.00646909892240784	c4	SCAMP2
2.14285842076396e-07	0.1455454401059	0.449	0.404	0.00658436106948143	c4	KRT10
2.16374282617977e-07	0.841851217020206	0.021	0.01	0.00664853258200257	c4	PSEN2
2.1720457887994e-07	0.577788931751284	0.076	0.053	0.00667404509524391	c4	RMDN3
2.18243307958652e-07	0.158542381876749	0.478	0.43	0.00670596212364551	c4	HCLS1
2.19875638947984e-07	0.288416666148717	0.097	0.07	0.0067561187579547	c4	MYO9B
2.27414319923756e-07	0.990787035547505	0.021	0.011	0.00698775980829726	c4	A2M-AS1
2.40210613883016e-07	0.217774271716025	0.351	0.309	0.00738095153278343	c4	ARF4
2.50223922335566e-07	0.146472599549909	0.547	0.499	0.00768863046160495	c4	PSMB8
2.56551149361204e-07	0.465667403644244	0.097	0.071	0.00788304716642172	c4	DESI1
2.57581514987034e-07	0.502836859996994	0.092	0.067	0.0079147072110066	c4	IKBIP
2.59759910983383e-07	0.16524709505925	0.462	0.416	0.00798164278478642	c4	ATP5J2
2.63919407402294e-07	0.179508309428992	0.273	0.23	0.00810945163125028	c4	REL
2.6910165742465e-07	0.428485980191128	0.096	0.07	0.00826868662768723	c4	TERF1
2.95435119299363e-07	0.18522516859819	0.376	0.332	0.00907783491071152	c4	FAM96B
2.957057678229e-07	0.490244458240409	0.082	0.059	0.00908615112789423	c4	TLE3
2.96687763030486e-07	0.253010470585945	0.216	0.179	0.00911632489463773	c4	IAH1
2.9731028980456e-07	0.387376600811737	0.136	0.106	0.00913545327482472	c4	FAM134C
2.97986843151387e-07	0.203755946145185	0.257	0.216	0.00915624172951267	c4	ADRM1
3.02054076422596e-07	0.111216290326197	0.802	0.749	0.00928121560623711	c4	CALM1
3.14012553653062e-07	0.74533753154842	0.04	0.024	0.00964866373609763	c4	PARP3
3.14955139230691e-07	0.28830998742387	0.189	0.153	0.00967762656314144	c4	DENND1C
3.32447887261656e-07	0.427823165166112	0.101	0.074	0.0102151262318889	c4	AAED1
3.41414804272426e-07	1.0758094115859	0.016	0.007	0.0104906526908788	c4	SLC35G2
3.45641674667349e-07	0.274401039973227	0.196	0.16	0.0106205317375036	c4	OFD1
3.53295527870169e-07	0.214912708940995	0.346	0.304	0.0108557116848667	c4	AIP
3.57049404469794e-07	0.745488804195893	0.029	0.016	0.0109710570511434	c4	F8
3.58131721364648e-07	0.294079708118734	0.217	0.179	0.0110043134023715	c4	MAP2K3
3.66221795685325e-07	0.264212492980215	0.204	0.167	0.011252897116023	c4	ETNK1
3.68702007511816e-07	0.130921376915041	0.455	0.403	0.0113291065848156	c4	MSN
3.7015447623581e-07	0.349659174267704	0.181	0.147	0.0113737365912977	c4	MRPS36
3.72170554787654e-07	0.151779129946964	0.21	0.171	0.0114356846369603	c4	TGFBR2
3.81725818541524e-07	0.315482873104882	0.159	0.126	0.0117292892263254	c4	CAPN1
3.83335218130187e-07	0.51422547447706	0.038	0.023	0.0117787412474863	c4	CENPV
3.90879254435928e-07	0.252018288235092	0.236	0.196	0.0120105468510528	c4	EPS15
3.94083993245945e-07	0.508556366911286	0.151	0.121	0.0121090188604682	c4	NAMPT
3.94778382674541e-07	0.33841478374979	0.17	0.137	0.0121303553644406	c4	YIPF3
3.99334005877879e-07	0.149449725398026	0.559	0.508	0.0122703359986096	c4	CDC42
4.01989781721471e-07	0.167597801432693	0.511	0.469	0.0123519400229556	c4	HIGD2A
4.04300795013582e-07	0.559063071220546	0.062	0.042	0.0124229505283823	c4	TRIP4
4.05553960237066e-07	0.368691136167806	0.093	0.068	0.0124614565362043	c4	PSD4
4.06930496790306e-07	0.221297644620188	0.29	0.248	0.0125037533748757	c4	XRCC5
4.08314717807213e-07	0.148343570108587	0.536	0.484	0.0125462863340622	c4	ACTR3
4.11882543250088e-07	0.617660402238645	0.067	0.046	0.0126559149064454	c4	GSTM4
4.13626972140094e-07	0.216032230203506	0.335	0.292	0.0127095159729487	c4	COX17
4.24532568286994e-07	0.210222477514436	0.232	0.192	0.0130446122257545	c4	NT5C
4.36071356478672e-07	0.101341993714601	0.653	0.6	0.0133991645705202	c4	COX6B1
4.36876900415857e-07	0.281631040622491	0.186	0.151	0.013423916519078	c4	RBM42
4.41652302889095e-07	0.30471566603028	0.229	0.191	0.0135706503108732	c4	CHMP5
4.46278790250033e-07	0.135802008755881	0.488	0.439	0.0137128083880128	c4	ATP5B
4.47174601157357e-07	0.23084706556618	0.25	0.21	0.0137403339697621	c4	TMEM160
4.48195811960083e-07	0.45158181752223	0.088	0.064	0.0137717127140975	c4	KCTD5
4.6345262668319e-07	0.383214607715183	0.127	0.098	0.0142405088600944	c4	DNPEP
4.69170915472148e-07	0.345967804410376	0.111	0.083	0.0144162147197127	c4	FAM110A
4.92134736947087e-07	0.190233388152804	0.231	0.192	0.0151218240621731	c4	HIGD1A
5.01452620166629e-07	0.387037836346076	0.172	0.139	0.01540813465986	c4	ATP6V0D1
5.04157553336947e-07	1.03166543760461	0.022	0.011	0.0154912491413844	c4	TUBB4A
5.05896074264776e-07	0.28470959870899	0.207	0.172	0.0155446686739338	c4	PHF11
5.1145950253119e-07	0.320365385898703	0.141	0.11	0.0157156161342759	c4	INPP5D
5.13891438299402e-07	0.114796649520609	0.496	0.445	0.0157903422246257	c4	TMEM59
5.20435516461002e-07	0.252012312889947	0.2	0.164	0.0159914221142972	c4	VIMP
5.27294332176109e-07	0.308540963282677	0.172	0.138	0.0162021729447753	c4	STX8
5.43860203981309e-07	0.215191253302117	0.297	0.256	0.0167111924877337	c4	HMOX2
5.44633823590571e-07	0.152683199073395	0.293	0.248	0.0167349634974675	c4	TCIRG1
5.47485288100564e-07	0.311516512201865	0.24	0.203	0.016822580447466	c4	MRPL54
5.53572830128193e-07	0.161797508414902	0.306	0.264	0.017009632351349	c4	AKAP13
5.86158876825209e-07	0.501108031938567	0.101	0.075	0.0180109038082082	c4	XPNPEP1
5.89078204909882e-07	0.166933635422912	0.354	0.309	0.0181006060022659	c4	SF3B2
5.93008390229772e-07	0.223364654746219	0.275	0.235	0.0182213688065902	c4	ANP32A
5.96787199559624e-07	0.216449790167131	0.261	0.221	0.0183374802808686	c4	LSM6
6.19240986671551e-07	0.131516514103825	0.463	0.41	0.0190274177974568	c4	WDR83OS
6.29354308286061e-07	0.423238443055506	0.092	0.067	0.0193381698307058	c4	BID
6.33862294771171e-07	0.951169546613098	0.026	0.014	0.0194766867314338	c4	PLXNC1
6.44664534594042e-07	0.303022551370931	0.181	0.147	0.0198086071544711	c4	JMJD6
6.60468106003761e-07	0.119794694465862	0.529	0.481	0.0202942034931776	c4	PRR13
6.66408903203058e-07	0.323658406362311	0.157	0.125	0.0204767463687204	c4	MAD2L2
6.84247427310042e-07	0.544774604850871	0.06	0.04	0.0210248706989557	c4	MXD4
6.84298397783077e-07	0.474851876981419	0.101	0.075	0.0210264368686806	c4	ABCG1
7.0289376623191e-07	0.934451425169702	0.03	0.017	0.0215978167550079	c4	LOC100132891
7.07346771704209e-07	0.129760685656052	0.569	0.527	0.0217346442541552	c4	EIF3G
7.09414466501349e-07	0.115917886896958	0.485	0.437	0.0217981783121869	c4	HNRNPC
7.20137279734221e-07	0.148559174008356	0.515	0.47	0.0221276581943934	c4	SLC25A5
7.24556193283328e-07	0.40556402912032	0.098	0.073	0.0222634381510168	c4	COQ7
7.56368437867883e-07	0.185627148392789	0.758	0.716	0.0232409329903664	c4	S100A10
7.60372717203272e-07	1.08071331563304	0.023	0.012	0.0233639724815049	c4	SLC2A6
7.73707867143393e-07	0.723727122683298	0.057	0.038	0.023773721633715	c4	GCSAM
8.01021251927792e-07	0.39600394249126	0.127	0.098	0.0246129800079853	c4	PSMD14
8.13788171213611e-07	0.321191031662365	0.098	0.073	0.0250052691368806	c4	AGTPBP1
8.39037647765883e-07	0.113159359082804	0.551	0.504	0.0257811098029023	c4	COX5B
8.57290687915763e-07	0.120123649686143	0.32	0.274	0.0263419709675877	c4	ANAPC11
8.92134934578801e-07	0.23191252100142	0.346	0.305	0.0274126301348028	c4	MYEOV2
8.97756784752938e-07	0.169655057436996	0.336	0.293	0.0275853727251035	c4	PA2G4
9.01283931732941e-07	0.236981112006662	0.158	0.126	0.0276937513703581	c4	AP2B1
9.45438846461767e-07	0.11172112314448	0.552	0.503	0.0290504994352307	c4	NDUFA1
9.47024895891398e-07	0.247288211415156	0.221	0.186	0.029099233976055	c4	CYB5R3
9.51630128847646e-07	0.136339962355801	0.466	0.416	0.0292407389691016	c4	ARF5
9.58757645479213e-07	0.372401553477307	0.125	0.097	0.0294597461726398	c4	EML2
9.60128571372552e-07	0.205550286619142	0.238	0.201	0.0295018706125644	c4	GSDMD
9.6888943017453e-07	0.953729015989944	0.012	0.005	0.0297710655209728	c4	GPAT2
9.89843499409753e-07	0.62988156167377	0.052	0.035	0.0304149212063635	c4	BBS7
1.00535711605111e-06	0.141423240876528	0.388	0.341	0.0308916081049024	c4	DHRS7
1.00593139724132e-06	0.334685547479575	0.11	0.083	0.0309092540430341	c4	SLC25A24
1.05107013714912e-06	0.197578444881178	0.219	0.183	0.0322962321041809	c4	STK10
1.06707177336974e-06	0.264093044496889	0.273	0.235	0.032787914380332	c4	TWF2
1.07131998488214e-06	0.626180237583204	0.051	0.033	0.0329184491754735	c4	SLC38A5
1.07181119433724e-06	0.25389070823941	0.299	0.263	0.0329335425684005	c4	IFRD1
1.07455471473341e-06	0.780532039182857	0.033	0.019	0.0330178427196136	c4	PSAT1
1.08663027912118e-06	0.223748604154547	0.3	0.263	0.0333888885865564	c4	C8orf59
1.10392687911917e-06	0.635637791559065	0.051	0.034	0.0339203612146948	c4	ZDHHC13
1.12485841033765e-06	0.180797583512236	0.222	0.184	0.0345635243744449	c4	MACF1
1.13102899231017e-06	0.51389421037924	0.089	0.065	0.0347531278467146	c4	FAM53B
1.16299485408577e-06	0.438080629301698	0.078	0.056	0.0357353428814933	c4	LRMP
1.16729567090972e-06	0.448538433187098	0.061	0.042	0.0358674940800429	c4	LOC101927789
1.20522816832408e-06	0.200037342937852	0.334	0.295	0.037033045928094	c4	RAB7A
1.20954375953037e-06	0.792464679075331	0.02	0.01	0.0371656510990896	c4	TMEM171
1.22103681190471e-06	1.31195776892145	0.01	0.004	0.037518798119396	c4	LOC102725295
1.2365476312418e-06	0.325918822929472	0.139	0.11	0.0379953990651667	c4	NEDD9
1.24456041759823e-06	0.461222086347119	0.114	0.088	0.0382416079515407	c4	NIP7
1.34990225310425e-06	0.300818785494644	0.139	0.11	0.0414784465311343	c4	SLC10A3
1.36122994767421e-06	0.21133860383327	0.197	0.162	0.0418265126021856	c4	PTPN4
1.41089097596227e-06	0.246257658264911	0.277	0.24	0.0433524470183928	c4	NDUFA12
1.42698716299335e-06	0.294455384433041	0.126	0.098	0.0438470345572967	c4	ABHD17A
1.47475078179044e-06	0.150238232840479	0.433	0.388	0.045314667272075	c4	ANXA11
1.47993580171208e-06	0.416104993107635	0.062	0.042	0.0454739873792071	c4	GSE1
1.53039190722231e-06	0.272911978077093	0.125	0.097	0.0470243521332198	c4	DENND1B
1.59834437356794e-06	0.197790512436649	0.278	0.239	0.049112327566622	c4	CHCHD10
1.61689595443872e-06	0.22663130426824	0.323	0.283	0.0496823619920385	c4	FGFR1OP2
1.61939430294122e-06	0.452437053730854	0.07	0.049	0.0497591287464747	c4	DDX60
1.62140922154511e-06	0.254171666716104	0.085	0.061	0.0498210411504166	c4	HOTAIRM1
1.62211592084302e-06	0.302933712505211	0.133	0.104	0.0498427558997434	c4	CRELD2
