p_val	avg_log2FC	pct.1	pct.2	p_val_adj	cluster	gene
0	1.13896206162915	0.962	0.568	0	c4	ANXA1
0	1.40515373153013	0.667	0.275	0	c4	CD40LG
0	1.50650091529162	0.984	0.62	0	c4	IL7R
0	1.17724814608572	0.992	0.821	0	c4	FOS
0	0.566164064544131	1	0.918	0	c4	RPL39
0	0.623999780715373	1	0.92	0	c4	RPS14
0	0.480680599272336	1	0.921	0	c4	RPS23
0	0.536046732244224	1	0.922	0	c4	RPS25
0	0.602864755779796	1	0.924	0	c4	RPL34
0	0.509903681782532	1	0.925	0	c4	RPS3A
0	0.569941708452444	1	0.926	0	c4	RPL32
0	0.549539956060045	1	0.926	0	c4	RPS3
0	0.564703702648508	1	0.927	0	c4	RPS27A
0	0.534816249135997	1	0.928	0	c4	RPL30
0	0.535142789076279	1	0.93	0	c4	RPS12
0	0.558393857148533	1	0.94	0	c4	TPT1
0	0.578422771498885	1	0.948	0	c4	RPLP1
0	0.580456686583497	1	0.954	0	c4	RPL10
0	0.563618466330624	1	0.956	0	c4	EEF1A1
5.16929386975654e-306	1.0074926296942	0.86	0.49	1.73367777803895e-301	c4	KLRB1
8.57530037462494e-302	0.464889713998417	1	0.929	2.87598423964171e-297	c4	RPL11
6.78145219888482e-288	0.623264514193731	0.993	0.887	2.27436343846199e-283	c4	EEF1B2
1.63446812697062e-277	0.488842181682772	0.999	0.914	5.48167920423406e-273	c4	RPL35A
2.27211104772242e-271	0.520777634676814	0.997	0.907	7.62020603185145e-267	c4	RPL9
2.28781887685803e-270	0.432706659121599	1	0.928	7.67288694920647e-266	c4	RPL19
5.04859451797561e-269	0.819104011553901	0.986	0.88	1.69319762943866e-264	c4	DUSP1
9.34782565576366e-265	0.457249448454771	1	0.918	3.13507376843001e-260	c4	RPS13
1.21323518115221e-261	0.540772063322761	1	0.926	4.06894815054829e-257	c4	RPLP0
5.61993173802915e-260	0.499382104540599	0.999	0.922	1.88481270630022e-255	c4	RPL3
2.25325316467345e-254	0.463946672799876	1	0.925	7.55696046368183e-250	c4	RPS28
7.07549687690126e-254	0.519194328742875	0.998	0.917	2.37298014257514e-249	c4	RPS21
1.99396055298549e-247	0.461072958616374	0.998	0.92	6.68734490260274e-243	c4	RPL14
2.38849417480877e-241	0.436304238157564	1	0.923	8.01053176347365e-237	c4	RPLP2
1.10029809323857e-232	0.825768039346176	0.889	0.626	3.69017974510352e-228	c4	FOSB
8.72579400383323e-229	0.42458674081298	1	0.923	2.92645679300559e-224	c4	RPL18
2.36748882179475e-224	0.464631344388033	0.998	0.906	7.94008401053522e-220	c4	RPL5
3.04294332056684e-220	0.438324754240687	1	0.927	1.02054233085171e-215	c4	RPS18
3.2813990625586e-218	0.388065956172126	1	0.939	1.1005156176009e-213	c4	RPL13
3.33801915581506e-208	0.640255976648902	0.977	0.759	1.11950486447725e-203	c4	S100A4
5.06873994531248e-207	0.433559324497181	1	0.931	1.6999540028589e-202	c4	RPS19
3.78484970611842e-204	0.446567133422739	0.999	0.914	1.269362894438e-199	c4	RPL17
1.41454855166731e-202	2.55180411493215	0.155	0.027	4.74411293258183e-198	c4	ADAM23
1.64247463396987e-202	0.450355252882031	0.997	0.904	5.50853142740815e-198	c4	RPL21
1.69946382791081e-200	0.39000576125071	1	0.93	5.69966178604729e-196	c4	RPS8
1.61424029524437e-196	0.422651666448884	0.999	0.912	5.41383910219057e-192	c4	RPL23A
1.00546983678001e-195	0.590744815568049	0.99	0.854	3.37214473859278e-191	c4	VIM
2.52887149307382e-194	0.449608805512887	0.998	0.899	8.48132921347099e-190	c4	RPS5
6.81238346769026e-193	0.383309118289989	0.999	0.921	2.28473716739396e-188	c4	FAU
7.27599527397819e-185	0.448413809574238	0.997	0.91	2.4402232949868e-180	c4	RPSA
3.16823519285202e-184	0.427718044171406	0.998	0.91	1.06256271897871e-179	c4	RPL10A
8.23457890010352e-183	0.505969179701003	0.982	0.864	2.76171307151672e-178	c4	EEF1G
5.71993935922664e-181	0.511418822306013	0.982	0.88	1.91835326229743e-176	c4	ITM2B
8.09821060605532e-181	0.3985169408585	1	0.941	2.71597787305883e-176	c4	RPS27
1.21655580690256e-179	0.797333208258552	0.728	0.475	4.08008486518982e-175	c4	AHNAK
5.2929370431837e-179	0.406637012966114	1	0.925	1.77514522554295e-174	c4	RPS4X
6.56525929550117e-179	0.391443756965976	0.999	0.923	2.20185666252518e-174	c4	RPS6
3.50460916901747e-178	0.716340136592029	0.867	0.661	1.17537582310508e-173	c4	S100A11
2.79144789298916e-176	0.435984430839467	0.996	0.904	9.36195794350706e-172	c4	RPL35
5.13878171627722e-176	0.345368037534563	1	0.931	1.72344461200505e-171	c4	RPS15A
1.22160995522591e-174	0.383245506440467	0.999	0.921	4.09703546783666e-170	c4	RPL37
8.51062145075032e-172	0.865945675780398	0.895	0.706	2.85429222215264e-167	c4	TXNIP
1.90608719798958e-171	0.706003918745058	0.952	0.843	6.39263524461746e-167	c4	TSC22D3
2.0819826203565e-169	0.412881924399304	0.998	0.912	6.98255331215163e-165	c4	RPL36
4.05809142898983e-168	0.366734871043101	0.999	0.922	1.36100270345461e-163	c4	RPS24
5.07989049600792e-168	0.526814382105483	0.975	0.87	1.70369367455114e-163	c4	RPL38
8.94539799114415e-168	0.356224568016859	0.999	0.916	3.00010757826992e-163	c4	RPL26
5.58092851119532e-166	0.386532885521565	1	0.918	1.87173180408469e-161	c4	RPL8
8.35430446142024e-166	0.836024282758729	0.715	0.446	2.80186663027112e-161	c4	GPR183
1.79650210101883e-162	0.355624975011025	1	0.919	6.02510874639694e-158	c4	RPL29
1.24022962494409e-160	0.672525046245	0.89	0.742	4.15948211613748e-156	c4	RPL36A
1.9234180117372e-158	0.370195682570094	1	0.922	6.45075932776421e-154	c4	RPL12
1.12747291071848e-157	0.517970789594199	0.956	0.852	3.78131864796763e-153	c4	TOMM7
1.28955136289738e-153	0.356324266466726	0.999	0.919	4.32489736088523e-149	c4	RPS16
2.11136689631152e-148	0.919220688174536	0.509	0.265	7.08110229684957e-144	c4	CD4
4.04982334989737e-148	0.382683362158372	0.996	0.901	1.35822975508858e-143	c4	RPL22
1.84773414303424e-147	0.630697509450517	0.94	0.84	6.19693076890823e-143	c4	TNFAIP3
2.16996144828663e-146	0.422563739672845	0.989	0.888	7.27761670526369e-142	c4	RPL27
4.35314852404774e-146	1.45926217447714	0.219	0.068	1.45995895199513e-141	c4	PLCB1
2.61953427652964e-145	0.447828363105311	0.991	0.897	8.78539405662511e-141	c4	RPS29
1.99558237157443e-144	0.338090044061075	1	0.924	6.69278415778631e-140	c4	RPL7A
1.75819333887436e-141	0.65391380123693	0.99	0.924	5.89662881991681e-137	c4	ZFP36L2
9.57115301046535e-140	0.347869803445703	0.999	0.92	3.20997329664987e-135	c4	RPL6
8.44333973243924e-139	0.463634515683684	0.968	0.856	2.83172727946547e-134	c4	FXYD5
1.24188313155999e-138	1.87953265258879	0.203	0.063	4.16502764662588e-134	c4	IGFBP3
6.13129204166848e-131	0.58559259363638	0.962	0.858	2.05631272493477e-126	c4	KLF6
1.97349992466611e-130	0.318049326941058	1	0.921	6.61872404734519e-126	c4	RPL18A
1.93462321270792e-129	0.865273487734168	0.517	0.309	6.48833933077982e-125	c4	ERN1
3.94578800895543e-128	0.31739884302634	1	0.922	1.32333838244347e-123	c4	RPS7
4.07750656275564e-125	0.603699367366032	0.807	0.611	1.36751415101699e-120	c4	EMP3
6.68771477606315e-121	0.845487231863453	0.571	0.364	2.24292578159606e-116	c4	LGALS3
1.25498061498382e-119	0.385697414586509	0.993	0.915	4.20895398653272e-115	c4	RPL41
3.78748921435595e-119	0.333415504072839	1	0.93	1.2702481327107e-114	c4	RPS2
1.70477385211141e-118	1.25268988062961	0.26	0.103	5.71747054521123e-114	c4	IL2
3.2855086097434e-116	0.972376926302601	0.536	0.334	1.10189387753574e-111	c4	PTGER2
6.78217662487213e-115	0.567971172874665	0.869	0.714	2.27460639644961e-110	c4	PPP1R15A
2.62917676203395e-113	0.732048293814962	0.868	0.754	8.81773302450945e-109	c4	JUN
2.01688029443976e-111	0.492441075492996	0.948	0.789	6.76421313149205e-107	c4	IFITM2
3.46564285896719e-111	1.64135488605114	0.223	0.084	1.16230730204042e-106	c4	TNFSF13B
6.66049627634468e-108	1.30300015021518	0.272	0.119	2.23379724116048e-103	c4	DPP4
2.58758516477317e-105	0.936026507714405	0.38	0.2	8.67824312561625e-101	c4	MYBL1
1.26156159782583e-103	0.271986610454191	1	0.943	4.23102528678828e-99	c4	RPL28
2.07725988895686e-99	0.320421627269882	0.996	0.901	6.96671421558352e-95	c4	UBA52
2.3718161722958e-96	0.471251845782916	0.896	0.779	7.95459707864564e-92	c4	CD48
7.37323797758248e-95	0.716073661528235	0.642	0.491	2.47283655292161e-90	c4	TTC39C
9.64222770066303e-95	0.347717571656483	0.981	0.88	3.23381032624837e-90	c4	RPL7
9.97200789347763e-95	0.453819538643841	0.904	0.744	3.34441200731453e-90	c4	S100A10
3.49316080085133e-93	0.577297013639074	0.818	0.677	1.17153626938952e-88	c4	PTGER4
1.33527280353945e-91	0.638722505371552	0.665	0.491	4.4782379285106e-87	c4	MYADM
2.16283541337185e-91	0.391867101957709	0.96	0.86	7.25371740936652e-87	c4	RPL27A
5.5467463291304e-90	0.459118605979896	0.999	0.936	1.86026778386375e-85	c4	FTH1
1.09662059134454e-88	0.760662254145541	0.394	0.226	3.67784613925133e-84	c4	SORL1
1.6837365567834e-87	0.296285571896629	0.994	0.909	5.64691566414016e-83	c4	RPS9
3.01859820644008e-87	0.287427665781013	0.998	0.909	1.01237746647587e-82	c4	RPL24
4.94981853406604e-87	0.428518044687531	0.976	0.898	1.66007013995507e-82	c4	CD69
2.53323806703229e-85	1.6742323547324	0.176	0.067	8.49597382921291e-81	c4	NSG1
1.10508554277866e-84	0.378016266968686	0.929	0.784	3.70623589337108e-80	c4	S100A6
4.38893947113749e-84	0.750014985692294	0.803	0.678	1.47196251983009e-79	c4	NFKBIA
2.97896012977088e-83	0.403029176337588	0.929	0.824	9.99083648322558e-79	c4	RPS20
7.61731322897996e-81	0.253833876124481	1	0.927	2.5546945107353e-76	c4	RPS15
9.00548424886425e-81	0.956340406302209	0.394	0.239	3.02025930738409e-76	c4	TIMP1
2.0229045427615e-79	0.342715364474425	0.978	0.877	6.78441725551353e-75	c4	RPL31
1.19402448537878e-78	1.04756416820476	0.264	0.13	4.00451931906334e-74	c4	SSBP2
1.42189563030697e-78	0.569148026200105	0.842	0.725	4.76875356492352e-74	c4	CXCR4
9.52826581644186e-78	0.311007038758658	0.984	0.898	3.19558978951827e-73	c4	PFDN5
2.82060498014645e-77	0.930753832305275	0.4	0.251	9.45974498241517e-73	c4	DYNLT3
4.7559363627953e-77	0.300330864616323	0.859	0.642	1.59504593735429e-72	c4	LTB
5.16793155562731e-76	1.07411584913868	0.311	0.168	1.73322088512629e-71	c4	AC020571.1
2.25142545532736e-75	0.361052685018456	0.972	0.875	7.55083069207689e-71	c4	RPL36AL
3.01732500927579e-75	0.328985745243744	0.991	0.881	1.01195046161092e-70	c4	MYL12A
8.01090253761446e-75	0.296774073075897	0.993	0.905	2.68669649306514e-70	c4	RPL37A
2.81243259263293e-74	1.29934205023531	0.222	0.104	9.43233642917231e-70	c4	DHRS3
9.28884102382107e-74	0.786113642338551	0.386	0.225	3.11529150256911e-69	c4	TNF
1.03164498083483e-73	0.462377644295683	0.833	0.735	3.45993093672387e-69	c4	RPS10
1.1475578083252e-72	0.278301273229266	0.996	0.912	3.84867937756106e-68	c4	RPL13A
6.4452306509717e-71	0.916231167217502	0.341	0.198	2.16160145572289e-66	c4	PLAC8
2.28051188339164e-69	0.472951515869918	0.702	0.598	7.64838075451887e-65	c4	ARHGAP15
1.18686525176461e-68	0.920752499209354	0.299	0.165	3.98050868136815e-64	c4	KLRG1
2.47064670391999e-68	1.36252377212085	0.197	0.089	8.28605491560685e-64	c4	CCR2
2.87494948838841e-68	0.304113714856582	0.973	0.897	9.64200559415703e-64	c4	RPS26
3.33152357050285e-67	0.255528189630673	0.998	0.906	1.11732637507525e-62	c4	NACA
4.30276399993231e-67	0.318245512566848	0.982	0.889	1.4430609902973e-62	c4	CALM1
1.10783543111423e-66	0.429001274499994	0.959	0.912	3.7154584688709e-62	c4	JUNB
6.84629488211836e-64	0.974527118653163	0.336	0.208	2.29611037756486e-59	c4	PERP
1.14634738286049e-63	0.364666829899721	0.88	0.799	3.84461985263752e-59	c4	NOP53
9.59673019258478e-63	0.533038401948616	0.517	0.357	3.21855137198908e-58	c4	AQP3
1.12590020974528e-62	0.397103894828116	0.843	0.73	3.77604412344373e-58	c4	C12orf57
1.4418589397143e-62	0.693662576192891	0.452	0.313	4.83570651201381e-58	c4	ICAM2
1.45810539260054e-61	0.392966325040088	0.629	0.489	4.89019386570369e-57	c4	TC2N
1.73270142310395e-61	0.787190550892972	0.352	0.218	5.81113403280602e-57	c4	SESN1
1.03193183412629e-60	1.13157247516689	0.198	0.094	3.46089298529274e-56	c4	SPART
3.29024337629018e-60	0.348959725915567	0.99	0.939	1.1034818235402e-55	c4	BTG1
8.35787766439667e-60	0.188699576906782	0.998	0.949	2.80306501108535e-55	c4	SARAF
1.85066894811558e-59	1.72721695232358	0.086	0.025	6.20677351819005e-55	c4	COLQ
1.16914916263989e-58	0.458459878965706	0.568	0.426	3.92109246166165e-54	c4	AC020916.1
5.92092431326024e-58	0.402268911203302	0.847	0.76	1.98575959618122e-53	c4	SERP1
3.63732275806243e-57	0.679373409179427	0.532	0.413	1.21988530659898e-52	c4	PLP2
6.61422165130713e-55	0.674258751795053	0.692	0.594	2.21827765741538e-50	c4	CITED2
1.04175607418102e-54	0.381185339149656	0.712	0.582	3.49384152158831e-50	c4	SCML4
2.63133054267928e-54	0.513002363175525	0.622	0.506	8.82495637403777e-50	c4	FLT3LG
2.22864502028396e-53	0.25749012034124	0.988	0.901	7.47442966902834e-49	c4	RPL4
3.41942403752e-53	1.31234892212871	0.152	0.068	1.14680643370346e-48	c4	CYB561
8.63338788504152e-53	0.400559446717783	0.75	0.637	2.89546562888523e-48	c4	PDCD4
3.42721739550484e-52	1.08371032905735	0.22	0.118	1.14942017010441e-47	c4	SORBS3
1.46073877657598e-51	0.481564203343762	0.568	0.454	4.89902570888051e-47	c4	MGAT4A
6.01190685143288e-51	0.314134704549852	0.91	0.817	2.01627331983356e-46	c4	COMMD6
1.54076037125901e-49	0.344064560658291	0.9	0.796	5.16740213312846e-45	c4	TAGLN2
3.05969529759609e-49	0.615859869583756	0.31	0.187	1.02616060890778e-44	c4	CCR6
2.42663654291433e-47	0.464450309370787	0.683	0.576	8.13845363762607e-43	c4	CSRNP1
5.12915993734071e-47	0.425509243823022	0.492	0.369	1.72021765978533e-42	c4	INPP4B
7.7043341070345e-47	0.764271732782179	0.356	0.247	2.58387957281723e-42	c4	IFNGR1
2.69154986129685e-45	0.750923999966578	0.277	0.166	9.02691992481738e-41	c4	MAL
1.63157955727719e-44	0.754570017385875	0.361	0.253	5.47199151919623e-40	c4	KCNA3
1.66964441055689e-43	0.199969988580652	1	0.947	5.5996534241257e-39	c4	EIF1
7.83008969168105e-43	0.264427590016244	0.976	0.904	2.62605548079599e-38	c4	PNRC1
1.14524917550919e-42	0.269001761155239	0.906	0.825	3.84093668482273e-38	c4	CNBP
1.38787306105082e-42	0.592928342379943	0.443	0.338	4.65464867215224e-38	c4	CDC42EP3
1.3939834793427e-42	0.24261149133046	0.636	0.517	4.67514179301954e-38	c4	RORA
2.3726165229497e-42	0.334865519915251	0.836	0.754	7.95728129466869e-38	c4	TAGAP
3.37415562055908e-42	0.427968169122457	0.565	0.464	1.1316243120231e-37	c4	RBMS1
5.18151854115723e-42	0.682291263743713	0.373	0.265	1.73777768833331e-37	c4	ARL4A
1.48389924086608e-40	0.266765274932946	0.131	0.06	4.97670127401667e-36	c4	SLC40A1
1.69647565878998e-40	0.313765814550288	0.918	0.821	5.68964006444983e-36	c4	CRIP1
7.05902577229636e-40	0.540416947181435	0.672	0.572	2.36745606351275e-35	c4	RGCC
4.0338702176516e-39	1.50500809655642	0.066	0.022	1.35287939359599e-34	c4	CFH
1.39477561448851e-38	0.264207873796937	0.996	0.939	4.67779845587158e-34	c4	H3F3B
1.71023266316665e-38	0.346932646551162	0.953	0.888	5.7357783057283e-34	c4	ZFP36
1.78089390480295e-38	0.228626934276427	0.943	0.831	5.97276197792813e-34	c4	CD2
2.42108982920963e-38	0.424390156489567	0.887	0.803	8.11985106920327e-34	c4	DNAJB1
3.81551045590687e-38	0.200891341881519	0.976	0.93	1.27964589670205e-33	c4	DDX5
1.28382000652172e-37	0.322754627473306	0.81	0.734	4.30567553787255e-33	c4	APRT
1.31849236726784e-37	0.532465834841562	0.497	0.411	4.4219597013429e-33	c4	MGST3
1.85639008140344e-37	0.291524554810801	0.789	0.665	6.22596105501085e-33	c4	GIMAP4
8.14845383943593e-37	0.630419107006018	0.427	0.339	2.73282844867002e-32	c4	DNAJB9
8.42114935200321e-37	0.426664267634441	0.537	0.433	2.82428506967484e-32	c4	FKBP11
6.7295564829366e-36	0.197773736748088	0.984	0.87	2.25695865324728e-31	c4	IFITM1
1.61578196164426e-35	1.40902540816592	0.095	0.04	5.41900954296253e-31	c4	NT5E
2.12394589344571e-35	0.28192153088224	0.633	0.548	7.12328973743823e-31	c4	JUND
1.25033816366285e-34	0.539337577253893	0.306	0.211	4.19338413329247e-30	c4	THEM4
1.63121375844088e-34	0.272008404675269	0.827	0.731	5.47076470305903e-30	c4	GIMAP7
2.45788480736028e-34	0.406456539308166	0.604	0.527	8.24325406692491e-30	c4	DHRS7
7.6643033326192e-34	0.330535092814889	0.629	0.552	2.57045405169383e-29	c4	TNFAIP8
7.77002965324027e-34	0.334473705419532	0.705	0.621	2.60591254510372e-29	c4	PEBP1
1.54144435320817e-33	1.0916754117396	0.144	0.077	5.16969607178955e-29	c4	HYI
8.01360544910613e-33	0.389365050884868	0.616	0.549	2.68760299552121e-28	c4	TMEM123
1.56352063997346e-32	1.14584201541547	0.128	0.065	5.243735522343e-28	c4	FHL1
1.02138494593754e-31	0.296514756759265	0.774	0.72	3.42552083168531e-27	c4	EIF4B
2.38429707904496e-31	0.700290938211682	0.354	0.263	7.99645554370099e-27	c4	EGR1
2.4226895607317e-31	0.31847929247395	0.572	0.48	8.12521624878197e-27	c4	MCUB
7.62102701879291e-31	0.429214274373146	0.672	0.604	2.55594004156277e-26	c4	TUBA1A
8.58618105037633e-31	1.41120718217081	0.071	0.028	2.87963340067521e-26	c4	IFI44L
1.70983998170938e-30	0.267952197657747	0.802	0.718	5.73446133065692e-26	c4	EIF3E
1.78880823849198e-30	0.361952429521876	0.567	0.477	5.99930507025441e-26	c4	XBP1
2.829760228291e-30	0.599110029795644	0.411	0.338	9.49044985364236e-26	c4	LYSMD2
5.32720792278971e-30	0.225615073943028	0.71	0.609	1.78663899314521e-25	c4	CD6
1.32266994376563e-29	0.891452373436487	0.165	0.096	4.43597045740118e-25	c4	LINC02273
3.59177316069053e-29	0.857291593732998	0.255	0.179	1.20460888263239e-24	c4	CD200R1
4.80260695345581e-29	0.262565749077351	0.834	0.765	1.61069832005001e-24	c4	SSR2
5.2042279716641e-29	0.278097683975862	0.795	0.717	1.74539397713671e-24	c4	ZFAS1
6.34700825860119e-29	0.205250201817325	0.946	0.839	2.12865962976967e-24	c4	MIF
8.58573949909096e-29	0.452051241922468	0.401	0.313	2.87948531320513e-24	c4	TMEM173
8.80632826364196e-29	0.804191036860853	0.17	0.1	2.95346637306024e-24	c4	ANTXR2
9.79304257613242e-29	0.630133663906638	0.401	0.333	3.28439061918329e-24	c4	TRADD
8.57597697108423e-28	0.204622976796531	0.897	0.786	2.87621115656223e-23	c4	LDHB
9.25423149431957e-28	0.381823957242441	0.654	0.607	3.1036841585649e-23	c4	SMDT1
9.73376087339153e-28	0.217518015761879	0.884	0.821	3.26450872171805e-23	c4	MCL1
1.38815630958021e-27	1.4462297432407	0.049	0.017	4.65559863107012e-23	c4	COLGALT2
1.02804537574585e-26	0.682650634244354	0.227	0.152	3.44785858117642e-22	c4	CMTM8
1.15068680664982e-26	0.358110406215258	0.513	0.442	3.85917341214217e-22	c4	VSIR
2.76539970055455e-26	0.302352685767215	0.59	0.498	9.27459751571985e-22	c4	NR4A1
3.52407717700503e-26	0.876458056584168	0.191	0.123	1.18190500362395e-21	c4	TMEM273
4.40715986217089e-26	0.514341025708163	0.368	0.294	1.47807327457487e-21	c4	MDFIC
8.3229234869575e-26	0.172406104954831	0.998	0.914	2.79134207905581e-21	c4	RPL15
8.78283623805087e-26	0.697483847239543	0.153	0.09	2.9455876175175e-21	c4	ZSCAN18
1.11618696408927e-25	0.338140491867861	0.588	0.532	3.7434678401626e-21	c4	TMED10
1.23922355839091e-25	0.370452712821135	0.525	0.447	4.15610797013144e-21	c4	GATA3
1.24498141726401e-25	0.379602064610518	0.584	0.54	4.17541867722002e-21	c4	CMPK1
2.94591490373449e-25	0.161949637485802	0.642	0.57	9.88000940414473e-21	c4	ADGRE5
3.35247491433639e-25	1.232548670678	0.063	0.026	1.12435303677014e-20	c4	WDR86
4.71664533458746e-25	0.598394915710012	0.201	0.129	1.58186851231394e-20	c4	FBLN7
9.3562231887611e-25	0.128295906500014	0.614	0.526	3.1378901330467e-20	c4	PBXIP1
1.25501052270932e-24	0.654795755801496	0.309	0.236	4.20905429106252e-20	c4	CRTAP
1.43870997635558e-24	0.253293026104485	0.796	0.733	4.82514551870135e-20	c4	ATP6V1G1
1.74664866110014e-24	0.835354385673422	0.277	0.201	5.85791027959766e-20	c4	MYC
2.74372746981449e-24	0.868011973074021	0.166	0.103	9.20191318826384e-20	c4	LGALS3BP
3.41892869868606e-24	0.261597602467732	0.661	0.582	1.14664030696533e-19	c4	GLIPR1
8.03378217182521e-24	0.412609496553379	0.362	0.284	2.69436986478674e-19	c4	SATB1
8.96832579708275e-24	0.522323441574086	0.435	0.375	3.00779710582561e-19	c4	GIMAP2
1.02701533230892e-23	0.186703661056466	0.816	0.769	3.44440402149764e-19	c4	EIF4A2
2.14644950330826e-23	0.193366675109422	0.855	0.781	7.19876234419525e-19	c4	SSR4
2.64813378921704e-23	0.673698279931556	0.115	0.062	8.88131110227609e-19	c4	AC004832.6
2.88426063828256e-23	0.896391843601383	0.115	0.063	9.67323332867204e-19	c4	IFI44
7.35837473494923e-23	0.325752406866201	0.627	0.588	2.46785171860727e-18	c4	TOMM20
7.73411856891935e-23	0.268032072505924	0.748	0.693	2.59386868564417e-18	c4	DAD1
9.98481260053812e-23	0.958644392558556	0.138	0.083	3.34870644996848e-18	c4	RNF24
1.19845963436527e-22	1.22381346220373	0.097	0.051	4.01939392173425e-18	c4	TTC39C-AS1
1.37417660764535e-22	0.17468497119922	0.979	0.894	4.60871350672098e-18	c4	EEF2
1.60052824620504e-22	0.278670030299406	0.633	0.574	5.36785163212248e-18	c4	RPL22L1
2.40055327844899e-22	0.33289784898351	0.586	0.54	8.05097558526221e-18	c4	TRAM1
5.3123328616047e-22	1.20756067245749	0.057	0.024	1.78165019512498e-17	c4	PCSK5
5.91269758852606e-22	0.380086475227943	0.508	0.42	1.98300051723987e-17	c4	RPS4Y1
6.63262937218345e-22	0.49175028331706	0.358	0.285	2.22445123884289e-17	c4	PRNP
9.04760507179194e-22	0.297770168062743	0.708	0.655	3.03438578897758e-17	c4	IER2
1.02631645085264e-21	0.7956633371988	0.225	0.161	3.44206011286958e-17	c4	MID1IP1
1.07732144990826e-21	0.485793652323105	0.297	0.229	3.61312067870232e-17	c4	TLE4
1.18583418690914e-21	1.62355906236438	0.045	0.017	3.97705069605589e-17	c4	ENPP5
1.87686540161839e-21	0.23379490621618	0.757	0.708	6.29463118394776e-17	c4	HNRNPA0
3.36462028335039e-21	1.87203834641204	0.036	0.012	1.12842635063005e-16	c4	PIANP
5.21604330346056e-21	0.452316676478226	0.366	0.294	1.7493566031146e-16	c4	BCL2
6.07982950172618e-21	0.405876874475559	0.431	0.372	2.03905321828893e-16	c4	PNP
7.16643346805798e-21	0.442640476789908	0.308	0.238	2.40347845651728e-16	c4	MYLIP
1.38611142757317e-20	0.266337873231293	0.675	0.613	4.6487405057949e-16	c4	MZT2B
2.47130686038184e-20	1.13979937317254	0.055	0.024	8.28826894834862e-16	c4	B3GALT2
2.76322957002941e-20	0.196727646992403	0.582	0.52	9.26731933196464e-16	c4	PARP8
4.24875116421392e-20	0.316074477380139	0.816	0.78	1.42494616545407e-15	c4	BTG2
4.84453216613624e-20	0.18478118356391	0.858	0.78	1.62475919787877e-15	c4	GPSM3
5.09781017737824e-20	0.391449067225583	0.417	0.358	1.70970357728912e-15	c4	RCAN3
5.66204810328396e-20	0.339382244889668	0.47	0.408	1.89893769287937e-15	c4	TRAT1
6.68389046607779e-20	0.227935317595271	0.805	0.72	2.24164318451317e-15	c4	ABRACL
7.8674427663431e-20	0.564042470457266	0.114	0.065	2.63858295497615e-15	c4	ANK3
9.35293966250063e-20	0.635940035205843	0.3	0.241	3.13678890400946e-15	c4	ADI1
1.01996313501679e-19	0.932744886767713	0.088	0.046	3.42075236221931e-15	c4	LINC00243
2.20226081371531e-19	0.276706722375528	0.612	0.549	7.38594231703839e-15	c4	GIMAP1
3.18342787052852e-19	1.07131684746303	0.092	0.05	1.06765803921786e-14	c4	IL23A
3.25315697017353e-19	0.147588985094595	0.998	0.913	1.0910437846568e-14	c4	RACK1
4.01074861929134e-19	1.40018642555709	0.044	0.017	1.34512487193793e-14	c4	RAB27B
4.4494039473679e-19	0.533200807646205	0.185	0.123	1.49224109586825e-14	c4	LMNA
7.71441542808803e-19	0.526818148666537	0.352	0.297	2.58726064627216e-14	c4	LIX1L
1.36741272863244e-18	0.177628926015833	0.932	0.853	4.58602880928749e-14	c4	COX7C
2.26325070822971e-18	0.2517022849484	0.633	0.592	7.59049022526081e-14	c4	SNHG8
2.63524648228242e-18	0.840949470095904	0.117	0.07	8.83808965227878e-14	c4	LINC00944
2.79003337635136e-18	1.70284835227247	0.041	0.016	9.35721393760719e-14	c4	MPZL2
3.15118266588027e-18	0.186716646151369	0.882	0.809	1.05684364248293e-13	c4	OST4
3.3525455791994e-18	0.375052315922135	0.462	0.401	1.12437673635189e-13	c4	NCF1
4.91184093465721e-18	1.31613573533413	0.051	0.022	1.64733321266533e-13	c4	TPBG
6.37428680699114e-18	1.17084045556897	0.093	0.052	2.13780830932869e-13	c4	CCDC184
7.06583685374494e-18	1.29878115916498	0.045	0.019	2.36974036400898e-13	c4	AC133644.2
1.36499970342238e-17	0.402000198953133	0.346	0.289	4.57793600533796e-13	c4	TESPA1
1.72882479807827e-17	0.260797764946569	0.581	0.546	5.79813260779489e-13	c4	RBL2
1.86903251261092e-17	1.22079478612903	0.068	0.034	6.26836124079449e-13	c4	PDE9A
2.14289020843728e-17	0.412815696817116	0.336	0.28	7.18682518105694e-13	c4	CERK
2.23069890764881e-17	0.587587621322225	0.167	0.115	7.48131799647257e-13	c4	AKT3
2.53134280691832e-17	0.253912715251983	0.38	0.299	8.48961750584267e-13	c4	CAPG
3.07639180081062e-17	0.456745265407521	0.2	0.143	1.03176028215587e-12	c4	ATP2B1-AS1
3.55394136643466e-17	0.359758086262148	0.277	0.213	1.19192085547486e-12	c4	NCF4
7.72498369978635e-17	0.185354829172025	0.508	0.453	2.59080503323435e-12	c4	STAT4
1.10967918905965e-16	0.240045113128571	0.416	0.35	3.72164206426825e-12	c4	SLAMF1
1.407029162188e-16	0.797671350398513	0.113	0.069	4.71889440414613e-12	c4	ARHGAP5
1.45546647294571e-16	0.152769156404826	0.721	0.679	4.88134345696532e-12	c4	SUN2
5.37625060293501e-16	0.209824850940434	0.702	0.656	1.80308692721234e-11	c4	GPX4
6.27574448472854e-16	0.894815628430755	0.093	0.054	2.10475918528826e-11	c4	ADRB2
8.66838294268481e-16	0.142849127152178	0.843	0.785	2.90720227131763e-11	c4	LEPROTL1
8.8421272475029e-16	0.80051063865097	0.081	0.045	2.96547263626752e-11	c4	ABCA1
1.04643933485936e-15	0.659602700088847	0.151	0.102	3.50954824125133e-11	c4	RNF130
1.3561110708451e-15	1.8102355196259	0.03	0.011	4.54812530940028e-11	c4	SLC44A3
2.54004468052133e-15	0.177544435928968	0.747	0.682	8.51880184953244e-11	c4	SEC61B
4.15445922148634e-15	1.19142990311718	0.033	0.013	1.39332253370209e-10	c4	TRPC1
7.43459217608388e-15	0.276430236398152	0.512	0.484	2.49341352401501e-10	c4	HAX1
9.30399677271911e-15	0.205008623609517	0.541	0.482	3.12037443763454e-10	c4	CD5
1.03043741182393e-14	0.467155889596811	0.087	0.049	3.45588099177509e-10	c4	TRBV5-1
1.126615884001e-14	0.234237305485245	0.502	0.439	3.77844435176256e-10	c4	ANXA2
1.13033435515587e-14	1.55336047218457	0.019	0.005	3.79091536032176e-10	c4	ZNF365
1.24589386448773e-14	0.322519058296933	0.391	0.333	4.17847884271895e-10	c4	BHLHE40
1.37753736622566e-14	0.340336080844215	0.241	0.187	4.61998481884761e-10	c4	CDC14A
1.51901071616828e-14	0.187354275674653	0.754	0.708	5.09445813988517e-10	c4	ERP29
1.55920970492381e-14	0.198759018803481	0.733	0.702	5.22927750837347e-10	c4	KRTCAP2
1.60638680490346e-14	0.451634056848309	0.291	0.234	5.38750006628521e-10	c4	SELENOM
1.96966451503692e-14	0.247940930226936	0.386	0.337	6.60586085053082e-10	c4	CTSB
2.67749391854442e-14	1.69483564215807	0.019	0.006	8.97977910401426e-10	c4	RRAGD
2.71816751434425e-14	0.41374532671696	0.368	0.32	9.11619020960775e-10	c4	STN1
3.04344409506639e-14	0.414223272809789	0.425	0.389	1.02071028060337e-09	c4	CEBPB
3.20156091265756e-14	0.228265177905134	0.54	0.505	1.07373949888709e-09	c4	CAST
5.94930748159424e-14	2.04749481785229	0.015	0.004	1.99527874317708e-09	c4	SNCA
6.78347789358191e-14	0.795175824370173	0.103	0.064	2.2750428159495e-09	c4	SPON1
7.18639316169075e-14	1.07285029075782	0.059	0.031	2.41017253856785e-09	c4	BEX5
8.8349250696305e-14	0.273523943184594	0.471	0.435	2.96305716985268e-09	c4	ST3GAL1
1.03387514873847e-13	0.656649613640655	0.077	0.044	3.46741047383909e-09	c4	SBF2
1.0795519103937e-13	0.45594325008873	0.183	0.134	3.62060119707838e-09	c4	RNF144A
1.35547235253625e-13	0.742026090598828	0.106	0.067	4.54598317593606e-09	c4	GCSAM
1.62756596502923e-13	0.695911768990971	0.179	0.133	5.45853073351502e-09	c4	SLC39A8
2.38939522334002e-13	0.469645484301899	0.358	0.323	8.01355370003777e-09	c4	GLO1
2.48098419805815e-13	0.732553441234951	0.106	0.068	8.32072480344743e-09	c4	HSBP1L1
2.81422018479008e-13	1.38529461559741	0.024	0.008	9.43833165574897e-09	c4	IL5RA
2.9755849519597e-13	0.11748153503331	0.851	0.81	9.97951681188245e-09	c4	HNRNPDL
3.13818032758809e-13	0.808803078888045	0.08	0.047	1.05248291826649e-08	c4	CYSLTR1
6.47812223830256e-13	0.359950850691908	0.354	0.305	2.17263263628191e-08	c4	LYAR
8.40936545895018e-13	0.824371334573031	0.101	0.064	2.82033298762271e-08	c4	SMIM14
1.34086204238031e-12	0.444614604713494	0.137	0.094	4.49698311773509e-08	c4	PTGDR
1.37285517893712e-12	1.31984358109264	0.025	0.009	4.60428169911931e-08	c4	P3H3
2.44108399808962e-12	0.544292864011333	0.259	0.218	8.18690751279296e-08	c4	TPD52
2.57062768528187e-12	0.253000793117077	0.55	0.519	8.62137113089834e-08	c4	GTF3A
2.75809143918097e-12	0.537053635482722	0.184	0.139	9.25008706872515e-08	c4	NR1D2
3.56690203700379e-12	0.142649840137153	0.915	0.854	1.19626760517033e-07	c4	PCBP2
3.72119905037814e-12	0.224928066110549	0.413	0.378	1.24801573751582e-07	c4	ODF2L
3.79026866134626e-12	0.672619264514985	0.181	0.138	1.27118030364231e-07	c4	CD300A
3.93791806747073e-12	1.23262641768866	0.037	0.017	1.32069896146833e-07	c4	F2RL1
6.24857355659076e-12	0.145761347793097	0.863	0.794	2.09564659940941e-07	c4	SKP1
6.41910704542556e-12	1.11119903227969	0.052	0.027	2.15284012089482e-07	c4	LINC00920
6.57264392560003e-12	0.898311002362491	0.045	0.023	2.20433331976774e-07	c4	PLAG1
6.89022757668551e-12	0.805235836255545	0.124	0.086	2.31084452466879e-07	c4	ACSL6
7.84036159683715e-12	0.123525284262552	0.827	0.769	2.62950047234724e-07	c4	ARL6IP5
1.1296450835103e-11	0.815692432393783	0.049	0.025	3.78860368107686e-07	c4	RIMKLB
1.33275127316442e-11	0.904651076701953	0.105	0.07	4.46978121993884e-07	c4	TMEM200A
1.56316589756509e-11	0.711906092260739	0.137	0.098	5.24254578725379e-07	c4	NME4
1.81414303081468e-11	0.162239017478025	0.77	0.719	6.08427289674628e-07	c4	EIF3L
1.91634420292394e-11	0.842715906011291	0.082	0.051	6.4270351877663e-07	c4	TCEAL3
2.17554006977535e-11	0.123099708810549	0.93	0.843	7.29632628601258e-07	c4	HINT1
2.19023923004397e-11	0.394434521006736	0.366	0.333	7.34562432972146e-07	c4	TMEM109
2.73505751770121e-11	0.353332372179954	0.202	0.157	9.17283590286631e-07	c4	AC026979.2
2.76112912830943e-11	0.602728999288054	0.08	0.049	9.26027487052418e-07	c4	RASGRF2
2.82901036542494e-11	0.132879659571109	0.969	0.88	9.48793496356216e-07	c4	COX4I1
4.65189987534241e-11	0.522578861841599	0.176	0.136	1.56015418019234e-06	c4	SMAD3
5.08971516070802e-11	0.980895357888534	0.076	0.046	1.70698867059826e-06	c4	EDARADD
6.35355465866245e-11	0.966154418202249	0.056	0.032	2.13085516142221e-06	c4	PLEKHA5
7.60074137206049e-11	0.240172012254445	0.534	0.515	2.54913664136165e-06	c4	RSL1D1
7.63970922441064e-11	1.04888370470731	0.07	0.042	2.56220567968284e-06	c4	TRAV8-4
9.64406128647492e-11	0.876255997000976	0.087	0.056	3.23442527425796e-06	c4	LTB4R2
9.70254150527442e-11	0.395792210368183	0.322	0.285	3.25403837003893e-06	c4	PABPC4
9.95908228842661e-11	1.61881491442516	0.019	0.007	3.34007701789252e-06	c4	CR1
1.16475368960234e-10	0.720149591862919	0.133	0.096	3.90635092418831e-06	c4	PAQR8
1.3042688038361e-10	0.290476912069533	0.263	0.222	4.37425671430552e-06	c4	KMT2E-AS1
1.36850415914434e-10	0.15144038926538	0.689	0.659	4.58968924893827e-06	c4	CSDE1
1.46370354851415e-10	1.18844263647843	0.031	0.014	4.90896896100674e-06	c4	RIN1
1.71650917714846e-10	0.267443441380557	0.394	0.364	5.75682847832051e-06	c4	CD46
1.9265630487445e-10	0.194704359505146	0.532	0.506	6.46130715287931e-06	c4	TAF7
2.0355712885783e-10	0.290180550452189	0.209	0.162	6.82689898763389e-06	c4	SPINT2
2.11575539059819e-10	0.569381615836124	0.097	0.065	7.09582042898821e-06	c4	EGR3
2.12342811086822e-10	1.24113308430197	0.039	0.019	7.12155319822983e-06	c4	NEO1
2.13509441471936e-10	0.545013278235862	0.208	0.169	7.16067964808578e-06	c4	TMEM204
2.63198315932512e-10	0.220568916606494	0.528	0.513	8.8271451197446e-06	c4	SEC62
2.71344969728101e-10	0.25016859478877	0.223	0.181	9.10036759474106e-06	c4	ADAM19
2.73905225575048e-10	0.491316753692894	0.194	0.153	9.18623345533596e-06	c4	SH3YL1
3.04500117734092e-10	0.82086405231584	0.066	0.04	1.0212324948566e-05	c4	CLU
3.39009342353322e-10	0.450542529476679	0.079	0.05	1.13696953238457e-05	c4	PDE8A
3.40692735259079e-10	1.14596690885823	0.022	0.009	1.1426152955119e-05	c4	ZNF208
3.46465704273839e-10	0.988207649665187	0.034	0.016	1.1619766789936e-05	c4	ACVR1C
4.54070163572367e-10	0.264432026880785	0.443	0.415	1.52286051458901e-05	c4	SBDS
5.12181396431333e-10	1.24638612316633	0.038	0.019	1.71775396735141e-05	c4	CCDC112
5.24256765189518e-10	0.383994353161602	0.186	0.144	1.75825233909261e-05	c4	PPP2R2B
5.67355098725172e-10	0.249814871197612	0.512	0.492	1.90279553010448e-05	c4	OSTC
6.66254942937689e-10	0.39907549051579	0.517	0.483	2.23448582762442e-05	c4	RGS2
6.98187102070385e-10	0.438376245120821	0.108	0.074	2.34157990292366e-05	c4	MZF1-AS1
7.66598013361753e-10	0.785465689927946	0.079	0.05	2.57101641721265e-05	c4	FAM241B
8.6655633103179e-10	1.28050536910571	0.03	0.014	2.90625662301442e-05	c4	RAB6B
1.05263244073727e-09	0.492456848215115	0.207	0.168	3.53031867974466e-05	c4	MPZL3
1.10950574304945e-09	1.35928263155554	0.018	0.007	3.72106036103926e-05	c4	LINC01644
1.12604509859586e-09	0.624446660558937	0.085	0.055	3.77653005167081e-05	c4	MXI1
1.26077064189358e-09	0.239402072058294	0.508	0.493	4.2283725787827e-05	c4	HNRNPUL1
1.33773385080445e-09	0.861849818040342	0.083	0.054	4.48649178882796e-05	c4	CACNA2D4
1.38985161203057e-09	0.615066054809715	0.14	0.105	4.66128433642812e-05	c4	PLOD3
1.57613378607194e-09	1.0608977533497	0.051	0.029	5.28603749172808e-05	c4	PHLDA2
1.66524607440613e-09	0.188015358040816	0.592	0.569	5.58490228434326e-05	c4	SEC61G
2.55239040223102e-09	0.921578996174671	0.053	0.031	8.56020693100238e-05	c4	ZNF677
2.57893134780029e-09	0.295821772588593	0.349	0.314	8.6492199542526e-05	c4	SYPL1
2.61775762683149e-09	0.772076143750347	0.053	0.031	8.77943552886747e-05	c4	KCNQ1
2.62660481577374e-09	0.509921461371276	0.118	0.084	8.80910723114197e-05	c4	EPHA1
2.80795407124057e-09	0.720569876287907	0.044	0.024	9.41731636412661e-05	c4	PTPRM
3.01981453640996e-09	0.794807168245449	0.106	0.074	0.000101278539922117	c4	FBLN5
3.04756589074150e-09	0.423864114085017	0.162	0.125	0.000102209264843688	c4	AL118516.1
3.48373417041489e-09	0.116178825397995	0.305	0.266	0.000116837476607375	c4	PBX4
3.52306436183487e-09	0.788233182557392	0.088	0.059	0.000118156532567218	c4	NR1D1
3.55418764418659e-09	0.218884540589885	0.465	0.449	0.00011920034521073	c4	RGS14
3.97351420473212e-09	0.855165261044908	0.05	0.029	0.000133263719398306	c4	GNAO1
4.18310499017386e-09	1.30847486941223	0.024	0.01	0.000140292975160451	c4	LZTS1
5.36271909775389e-09	0.193278676682423	0.317	0.28	0.00017985487310047	c4	DPYD
5.86068959592896e-09	0.523502067586208	0.054	0.031	0.000196555807668266	c4	EPHA1-AS1
5.94965045014109e-09	0.510899519611214	0.227	0.192	0.000199539376796832	c4	TRAPPC2B
5.98513456437265e-09	0.198549724971483	0.525	0.501	0.00020072944301993	c4	PPA1
6.27060618568665e-09	0.172962012014354	0.4	0.368	0.000210303590255559	c4	PDE4D
7.50673902239849e-09	0.219809899108685	0.54	0.529	0.000251761013333201	c4	TMED2
7.56610624368564e-09	0.187664028152739	0.533	0.523	0.000253752071200729	c4	M6PR
7.68109396868504e-09	1.07180716288771	0.038	0.02	0.000257608529521759	c4	VSIG1
8.9703604656841e-09	0.369146665246463	0.201	0.164	0.000300847949298113	c4	TMEM71
9.14625376492049e-09	1.74770955488248	0.018	0.007	0.000306747058767903	c4	PLEKHA7
9.70435650577477e-09	0.64568273621106	0.106	0.076	0.000325464708490674	c4	PTP4A3
1.02039676375182e-08	0.511079363434733	0.272	0.242	0.000342220666627084	c4	DNAAF2
1.04221226662706e-08	0.119942847842787	0.627	0.62	0.000349537149981384	c4	REX1BD
1.08023893208019e-08	0.551880744756895	0.141	0.108	0.000362290533041053	c4	SGK3
1.28177292838067e-08	0.140650319596485	0.866	0.795	0.000429881004720308	c4	SNRPD2
1.69559015391858e-08	0.223341801679579	0.54	0.522	0.000568667025821214	c4	MZT2A
1.82199981265517e-08	0.792217784476215	0.102	0.073	0.00061106229716829	c4	MPP1
1.8388939459111e-08	0.131031638843292	0.607	0.592	0.000616728251579663	c4	IDS
1.95941618658142e-08	0.455419849774975	0.228	0.196	0.000657149000655676	c4	LINC00623
2.06014943124927e-08	0.578121407494955	0.119	0.087	0.000690932916252379	c4	TCEAL4
2.2519586116788e-08	1.13099351658891	0.024	0.011	0.000755261879184835	c4	SCRN1
2.31767359184632e-08	0.122627656612444	0.815	0.772	0.00077730136923342	c4	RPL23
2.44286035760746e-08	0.289289703541953	0.425	0.409	0.000819286506734391	c4	MYDGF
2.53596358594604e-08	0.172989881760893	0.491	0.471	0.000850511467454582	c4	PSIP1
2.72913738070371e-08	0.229720735979718	0.4	0.383	0.00091529809474041	c4	SMAP1
2.74877932146595e-08	0.16362106921123	0.234	0.198	0.000921885608833251	c4	AP3M2
2.8880543738198e-08	0.424745974140355	0.28	0.248	0.000968595675891683	c4	SVIP
3.30826279370473e-08	0.809273967929306	0.062	0.04	0.00110952517575269	c4	RARG
3.70668651112618e-08	1.29873994233704	0.012	0.004	0.0012431485221015	c4	PDZD4
4.48107399800683e-08	0.844163789673275	0.036	0.019	0.00150286259745153	c4	PCAT1
5.23688339013969e-08	0.107113295065062	0.484	0.467	0.00175634595138505	c4	CCNH
6.06152220277646e-08	0.252756336536795	0.389	0.37	0.00203291331636717	c4	AMD1
8.37108037469916e-08	0.142841361969589	0.662	0.629	0.00280749293606661	c4	TMEM258
8.61347105679129e-08	0.289289659474733	0.383	0.367	0.00288878592302666	c4	UFM1
8.84929078292198e-08	0.537161802052146	0.12	0.09	0.00296787514277638	c4	CPQ
9.30739971337722e-08	0.151552182878863	0.517	0.481	0.00312151571587245	c4	STOM
9.36886523922626e-08	0.78056492383482	0.076	0.051	0.0031421300239317	c4	CALHM6
1.08079712775349e-07	0.227903004326571	0.498	0.492	0.00362477740705965	c4	PYURF
1.16454883350125e-07	0.161969666017671	0.623	0.601	0.0039056638777965	c4	P4HB
1.21386608832071e-07	0.830481060931848	0.057	0.036	0.00407106408701	c4	CITED4
1.47091496272682e-07	0.537241121819685	0.05	0.03	0.00493315460199321	c4	AC103724.3
1.4842563268115e-07	0.266335572890276	0.473	0.461	0.00497789886886042	c4	FBL
1.55884435811259e-07	0.74633407680985	0.025	0.012	0.00522805220823802	c4	EMP1
1.62408844327056e-07	0.387673852305471	0.335	0.314	0.00544686782104082	c4	TRAPPC6A
1.67630898957743e-07	0.877513024013906	0.072	0.049	0.0056220050892448	c4	FAR2
1.68221808340704e-07	0.393245714908232	0.27	0.243	0.00564182300813054	c4	NAAA
1.79784991471443e-07	0.290242021143715	0.434	0.435	0.00602962904396925	c4	PPP1R11
2.01576454598124e-07	1.13989564351426	0.036	0.02	0.0067604711343119	c4	FP671120.4
2.2721354991838e-07	1.04123662325508	0.032	0.017	0.00762028803716264	c4	MID2
2.29343753982577e-07	0.106502391037238	0.677	0.643	0.00769173082106766	c4	CCND3
2.36094523579327e-07	0.106062505643892	0.8	0.752	0.00791813813180345	c4	PTGES3
2.47098831082816e-07	0.434956799825863	0.194	0.163	0.00828720059685547	c4	RUNX2
2.52425852434197e-07	0.68840540095905	0.068	0.046	0.00846585823893811	c4	TMOD2
2.58003197821132e-07	0.284563190420297	0.343	0.321	0.00865291124852514	c4	RNPEPL1
2.59062094039466e-07	0.16066685824582	0.608	0.603	0.0086884245098956	c4	BCAP31
2.68818198175955e-07	0.217020447303378	0.381	0.357	0.00901562473042519	c4	GIMAP5
2.73909798950026e-07	0.83636178153501	0.062	0.041	0.00918638683718597	c4	TRAV12-3
2.78589630588828e-07	0.334037958984188	0.397	0.392	0.00934333903068812	c4	TMEM35B
3.34901876553467e-07	0.579085041410098	0.093	0.067	0.0112319391358502	c4	GSTM3
3.4913934807252e-07	0.119512729873999	0.604	0.599	0.0117094354556562	c4	CDC42SE2
3.53312706958815e-07	0.60919995748328	0.085	0.061	0.0118494015659847	c4	EFCAB2
3.80134404332485e-07	0.948829510901107	0.024	0.011	0.0127489476525029	c4	SLC4A4
4.09083069632245e-07	0.886456555444381	0.05	0.032	0.0137198279893262	c4	LOXL1-AS1
4.18851582797271e-07	1.74425233786656	0.013	0.005	0.0140474443838549	c4	PRSS35
4.21758431744453e-07	0.234105915439321	0.446	0.444	0.0141449342838455	c4	ATP6AP2
4.42204475292593e-07	0.577514344816081	0.04	0.023	0.014830653692363	c4	GDPD5
4.54328934339333e-07	1.31340735445419	0.014	0.005	0.0152372837998726	c4	SLC5A5
4.62613177594271e-07	0.511767085957811	0.075	0.052	0.0155151207501567	c4	AL121944.1
5.67000384397794e-07	1.69083876215108	0.015	0.006	0.0190160588919332	c4	GPR150
6.0577145175935e-07	0.503113856545453	0.095	0.07	0.0203163629491051	c4	ITGA5
6.09669588078183e-07	0.721831119376364	0.039	0.023	0.0204470986449661	c4	NR3C2
6.45514381462213e-07	0.684594881542234	0.062	0.041	0.0216492613254797	c4	EVA1C
6.77008025933703e-07	0.815725062531574	0.054	0.034	0.0227054951737645	c4	TTC9
6.84509897926932e-07	0.413521343653375	0.246	0.213	0.0229570929566735	c4	CISH
6.97455497467748e-07	0.534814130006195	0.081	0.057	0.0233912624740733	c4	BBS2
7.66032348890849e-07	0.474457830163368	0.046	0.029	0.0256911929171013	c4	MEGF6
7.73252198995644e-07	0.323794660111035	0.324	0.309	0.0259333322499159	c4	SND1
8.36144852510353e-07	0.127147700739656	0.496	0.48	0.0280426260634922	c4	SLC3A2
8.36195425935403e-07	0.191677575514762	0.376	0.354	0.0280443221950215	c4	FAM102A
9.24122467459737e-07	0.2377993124238	0.241	0.206	0.0309932193136646	c4	LDLRAP1
9.47916241169707e-07	0.478726013604285	0.157	0.129	0.0317912148963496	c4	ETV3
1.03097178018739e-06	0.100305707846074	0.944	0.864	0.0345767315639245	c4	TMA7
1.04170141492059e-06	0.526223170587638	0.052	0.033	0.0349365820536068	c4	ARHGEF40
1.07146561336092e-06	0.124297930775266	0.714	0.706	0.0359348137408986	c4	ANAPC16
1.17137114685032e-06	1.68061796879331	0.018	0.008	0.0392854455230662	c4	C11orf74
