p_val	avg_log2FC	pct.1	pct.2	p_val_adj	cluster	gene
0	3.07527929760669	0.99	0.826	0	18	FOXP3
0	3.049622773707	0.972	0.799	0	18	TNFRSF4
0	2.623429497067	0.987	0.813	0	18	TNFRSF18
0	2.44234337654339	0.963	0.741	0	18	MAGEH1
0	2.31240478217891	0.957	0.666	0	18	LOC101928173
0	2.08551430955568	0.993	0.783	0	18	BATF
0	2.01156581104667	0.903	0.777	0	18	IL2RA
0	1.99231499693363	0.935	0.82	0	18	IL1R2
0	1.90884379687322	0.936	0.802	0	18	NGFRAP1
0	1.85882950774447	0.972	0.846	0	18	CTLA4
0	1.71499815100632	0.977	0.773	0	18	TNFRSF1B
0	1.66808090777757	0.946	0.645	0	18	ICOS
0	1.64639629563504	0.963	0.809	0	18	PIM2
0	1.59178128320235	0.959	0.829	0	18	ACP5
0	1.57063096081957	0.861	0.741	0	18	LAIR2
0	1.55379603652207	0.999	0.945	0	18	IL32
0	1.54931609084372	0.902	0.854	0	18	RTKN2
0	1.52845309073193	0.974	0.844	0	18	TIGIT
0	1.52213179525495	0.965	0.876	0	18	ENTPD1
0	1.50945227395875	0.986	0.85	0	18	CTSC
0	1.43867916385614	0.972	0.886	0	18	DNPH1
0	1.42501684606357	0.88	0.732	0	18	TNFRSF9
0	1.38625468238032	0.883	0.713	0	18	TBC1D4
0	1.37383644326719	0.898	0.768	0	18	LAYN
0	1.36846169974107	0.983	0.869	0	18	PKM
0	1.31428668329572	0.945	0.774	0	18	GBP2
0	1.31014300475245	0.887	0.867	0	18	GNG8
0	1.30814127193497	0.957	0.778	0	18	DUSP4
0	1.30711274658223	0.911	0.723	0	18	MIR4435-1HG
0	1.29835529678411	0.924	0.705	0	18	LAG3
0	1.27097476109626	0.956	0.831	0	18	CARD16
0	1.25863049596925	0.856	0.7	0	18	CCR8
0	1.25849720871517	0.958	0.77	0	18	IGFLR1
0	1.25433715523115	0.98	0.872	0	18	CD27
0	1.2258007130674	0.951	0.877	0	18	PMAIP1
0	1.22209596557264	0.935	0.752	0	18	GBP5
0	1.21792093963862	0.981	0.892	0	18	LTB
0	1.21452607822431	0.992	0.916	0	18	CD7
0	1.18475579258258	0.954	0.842	0	18	CORO1B
0	1.13068135233982	0.881	0.678	0	18	IL21R
0	1.08042950632221	0.926	0.741	0	18	CD4
0	1.06571828352433	0.943	0.83	0	18	SIRPG
0	1.06419439276215	0.894	0.834	0	18	ADTRP
0	1.05179872614125	0.876	0.719	0	18	ETV7
0	0.978891434921457	0.807	0.769	0	18	LOC101929450
0	0.947919541133	0.92	0.695	0	18	IL2RB
0	0.882858794355984	0.823	0.664	0	18	F5
0	0.850532971457256	0.828	0.702	0	18	SOX4
0	0.745378943824899	0.824	0.664	0	18	INPP5F
0	0.462504474620426	0.813	0.739	0	18	CCL22
0	0.424327509902647	0.794	0.565	0	18	HLF
0	0.329186007691069	0.702	0.265	0	18	LAPTM4B
0	0.273101762577257	0.854	0.765	0	18	MZB1
0	-0.273149893923117	0.059	0.611	0	18	LINC01272
0	-1.02858569010614	1	0.999	0	18	RPS12
9.77084712917024e-303	1.17254913750391	0.96	0.83	2.93125413875107e-299	18	SH2D2A
4.07137681708437e-299	0.700311310272221	0.8	0.733	1.22141304512531e-295	18	TBC1D8
5.99051340740714e-299	1.00452526834101	0.998	0.956	1.79715402222214e-295	18	S100A4
9.72450648275173e-297	0.84225178964509	0.876	0.773	2.91735194482552e-293	18	STAM
2.47880545388601e-296	-2.38978708930836	0.528	0.818	7.43641636165802e-293	18	ANXA1
4.84371284632621e-295	0.877440385440384	0.779	0.515	1.45311385389786e-291	18	PTP4A3
1.4839602650783e-291	0.787301663601805	0.824	0.85	4.45188079523489e-288	18	EBI3
1.85296514338983e-289	-0.673445694778978	1	1	5.55889543016948e-286	18	RPLP1
3.71431823731406e-289	1.04286702013554	0.852	0.836	1.11429547119422e-285	18	ICA1
2.39971544692899e-288	0.647418487972323	1	0.999	7.19914634078698e-285	18	ACTB
1.71163347602235e-285	1.25745786455278	0.946	0.824	5.13490042806706e-282	18	SYNGR2
1.74520012689468e-284	0.341136160250339	0.74	0.505	5.23560038068405e-281	18	FAIM2
4.06132167566002e-280	0.905288341911192	0.979	0.882	1.21839650269801e-276	18	FKBP1A
7.99097468764751e-279	0.832127430151707	0.888	0.68	2.39729240629425e-275	18	TXNDC17
8.56024222591839e-276	0.543195542383727	0.798	0.593	2.56807266777552e-272	18	ATP1B1
4.00909027039658e-274	0.926464755024978	0.991	0.91	1.20272708111897e-270	18	SAT1
3.65099878188601e-267	0.888470262287773	0.983	0.919	1.0952996345658e-263	18	ENO1
1.3771547933417e-261	0.787358781163037	0.842	0.733	4.13146438002509e-258	18	GK
2.96373834353561e-260	0.793886300908359	0.908	0.65	8.89121503060683e-257	18	PHLDA1
6.2847754864039e-257	-1.93115640655642	0.546	0.851	1.88543264592117e-253	18	ALOX5AP
8.95629461417589e-257	1.04249791026076	0.983	0.912	2.68688838425277e-253	18	UCP2
1.52154907574789e-256	0.659847727032894	0.783	0.565	4.56464722724366e-253	18	GCNT1
3.96118529516217e-255	0.460309207756353	0.782	0.588	1.18835558854865e-251	18	CAMK1
9.26251507266982e-252	-0.337239884140103	0.418	0.781	2.77875452180095e-248	18	CTSL
1.12608701344515e-251	0.974902613971736	0.971	0.868	3.37826104033546e-248	18	ZFP36L1
5.27777954367652e-250	0.807030111450776	0.867	0.692	1.58333386310295e-246	18	CD28
6.67535121882473e-246	0.488926644479869	0.775	0.723	2.00260536564742e-242	18	ZBTB32
4.52236475752503e-245	0.88051900132842	0.898	0.744	1.35670942725751e-241	18	TYMP
7.10930364719278e-243	0.729123968814552	0.873	0.752	2.13279109415783e-239	18	HOXB2
9.70058955358702e-243	0.541786545001166	0.726	0.468	2.9101768660761e-239	18	C14orf182
1.99837897582943e-240	0.737689478830813	0.827	0.651	5.9951369274883e-237	18	CD59
2.96467949502296e-238	0.346512391425552	0.785	0.584	8.89403848506889e-235	18	FANCL
1.52929771435883e-237	-0.840298900447525	1	0.998	4.58789314307648e-234	18	RPS18
8.81351370569741e-236	0.76166682717374	0.904	0.797	2.64405411170922e-232	18	ATOX1
1.05289532157343e-235	0.364660782567137	0.719	0.486	3.15868596472029e-232	18	SERPINE2
3.33659201891876e-234	0.808467328787741	0.883	0.682	1.00097760567563e-230	18	CCND2
1.02991556952695e-232	0.874884696886486	0.848	0.72	3.08974670858085e-229	18	PELI1
1.10931548363434e-232	-2.025979194515	0.899	0.952	3.32794645090303e-229	18	CD69
2.11549291208967e-230	0.866167697182127	0.917	0.767	6.346478736269e-227	18	BIRC3
2.6857596204415e-229	0.783730988178447	0.869	0.715	8.05727886132449e-226	18	PTTG1
4.97359267716732e-228	0.382358634300236	0.79	0.714	1.4920778031502e-224	18	ZBED2
6.44027408511486e-226	-0.322741559592985	0.041	0.581	1.93208222553446e-222	18	LOC102725101
1.57123355168437e-225	0.51720148560462	0.767	0.644	4.71370065505312e-222	18	SDC4
1.15998562569397e-223	0.782016138388828	0.906	0.734	3.47995687708192e-220	18	CXCR3
2.22857475219903e-222	0.562798169897925	0.817	0.642	6.68572425659709e-219	18	FAM110A
2.28174712403682e-221	0.811770164379851	0.943	0.833	6.84524137211047e-218	18	CACYBP
2.2817756474074e-220	0.681858191585819	0.794	0.631	6.8453269422222e-217	18	GADD45A
7.60383502536745e-220	0.757976812369507	0.939	0.864	2.28115050761024e-216	18	ARID5B
7.68657317894434e-220	-2.60968196688078	0.476	0.785	2.3059719536833e-216	18	GZMA
1.03666083629624e-218	0.530346481481604	0.802	0.661	3.10998250888871e-215	18	IL18R1
1.40603707258014e-214	0.827114500267907	0.893	0.763	4.21811121774042e-211	18	GLRX
5.45831999790325e-214	0.507029696038602	0.782	0.607	1.63749599937098e-210	18	PHACTR2
2.71782641229865e-213	0.668544916984868	0.766	0.575	8.15347923689595e-210	18	OTUD5
2.34803910298398e-210	0.603337118270124	0.925	0.764	7.04411730895194e-207	18	RAD21
6.65086460428022e-210	0.696666429650095	0.861	0.734	1.99525938128406e-206	18	SHMT2
7.52780646630084e-208	0.290156372518994	0.782	0.621	2.25834193989025e-204	18	SLC27A2
5.81975364426114e-207	0.707711859012605	0.952	0.845	1.74592609327834e-203	18	CALM3
7.59248019117311e-207	0.51443713294047	0.707	0.509	2.27774405735193e-203	18	IL1R1
1.59263986156385e-206	0.785031664947589	0.996	0.845	4.77791958469156e-203	18	CST7
2.08732027708107e-204	0.545026444677028	0.735	0.614	6.26196083124321e-201	18	IKZF4
3.96775593859298e-204	0.807793922681916	0.917	0.75	1.19032678157789e-200	18	RANBP1
1.80592960621399e-202	0.640964989616053	0.742	0.588	5.41778881864197e-199	18	IL12RB2
1.72769390356693e-201	0.434040790259347	0.808	0.66	5.18308171070078e-198	18	THADA
1.0449324750818e-199	0.534327355186101	0.839	0.745	3.13479742524541e-196	18	GBP4
1.2364407076045e-199	0.448345783779686	1	0.995	3.7093221228135e-196	18	GAPDH
2.78001680231998e-197	0.686879404253574	0.758	0.648	8.34005040695995e-194	18	GEM
3.69972437671889e-197	-1.57869000240896	0.928	0.981	1.10991731301567e-193	18	VIM
1.33065578810983e-195	0.739213841905976	0.791	0.72	3.99196736432949e-192	18	MAP1LC3A
1.3701536578337e-195	0.728246575553681	0.968	0.902	4.11046097350111e-192	18	PGAM1
6.97434000759274e-193	0.687522483550659	0.806	0.607	2.09230200227782e-189	18	SLAMF1
1.96258592351352e-190	0.43505551329	0.941	0.846	5.88775777054057e-187	18	GPX1
3.60281981536812e-190	0.663178717000201	0.874	0.726	1.08084594461044e-186	18	HNRNPLL
7.36372937951198e-190	0.637211336907577	0.95	0.835	2.20911881385359e-186	18	PRDX5
1.39586426494308e-187	-3.07007666510457	0.656	0.798	4.18759279482923e-184	18	CCL5
2.21312075583971e-187	0.721302309781002	0.805	0.618	6.63936226751913e-184	18	TRAF1
7.76258528147251e-187	-1.56929515812905	0.903	0.96	2.32877558444175e-183	18	CXCR4
8.80800944746738e-187	0.482971027799081	0.823	0.673	2.64240283424022e-183	18	MAPKAPK3
1.44326718582344e-182	0.282683628333103	0.764	0.545	4.32980155747032e-179	18	BTLA
1.97162403612893e-180	0.584092523977907	0.953	0.852	5.91487210838678e-177	18	DYNLL1
6.84668659603815e-180	0.735141763957142	0.935	0.854	2.05400597881144e-176	18	FAIM3
1.57278968378216e-179	0.593312828800306	0.907	0.789	4.71836905134647e-176	18	LINC00152
1.76885635913538e-179	0.461262375812758	0.739	0.703	5.30656907740614e-176	18	LMCD1
2.05447867256552e-179	-0.394853471287093	0.592	0.823	6.16343601769657e-176	18	TXK
3.92511862635602e-179	0.691807956039752	0.793	0.62	1.17753558790681e-175	18	NINJ1
1.99422831756165e-177	-0.890519529205526	0.629	0.797	5.98268495268496e-174	18	GPR171
5.49144832751417e-176	-0.347816801173963	0.145	0.547	1.64743449825425e-172	18	NAPSB
5.92551956159737e-175	0.505199751999026	0.916	0.838	1.77765586847921e-171	18	SEC11C
1.84035494796511e-173	-0.923543249748214	0.424	0.746	5.52106484389534e-170	18	TRAT1
1.93362476274098e-173	0.293213142316288	0.7	0.696	5.80087428822294e-170	18	ACTG2
1.88383171707887e-172	0.658930418086846	0.855	0.803	5.65149515123661e-169	18	SNX9
9.5894650248962e-169	0.785694800357803	0.9	0.826	2.87683950746886e-165	18	IFI6
1.06412676022159e-166	0.2722951683034	0.81	0.844	3.19238028066478e-163	18	CPA5
2.8132020508928e-166	0.605397874706775	0.995	0.952	8.43960615267841e-163	18	ARPC1B
1.14354745256727e-165	0.553204160334447	0.792	0.638	3.43064235770181e-162	18	TNIP3
5.31806895810682e-165	0.533107471527717	0.913	0.795	1.59542068743205e-161	18	TMEM173
5.3493547524291e-165	0.358193427185359	0.751	0.819	1.60480642572873e-161	18	LOC101928353
1.86508121002503e-164	-1.56132113317728	0.413	0.721	5.59524363007508e-161	18	CD8B
2.0799875964696e-162	0.481697337688193	0.734	0.521	6.23996278940879e-159	18	NFKBID
2.22058996698804e-162	0.482695931265207	0.773	0.593	6.66176990096411e-159	18	NEDD9
1.40213924356336e-161	0.533192442633407	0.791	0.648	4.20641773069008e-158	18	DUSP16
3.67230970647324e-161	-1.86897778862814	0.357	0.706	1.10169291194197e-157	18	CD8A
1.42386268541176e-160	0.571681572186591	0.791	0.725	4.27158805623528e-157	18	FBLN7
8.81473350334568e-160	0.347506991159935	0.764	0.774	2.6444200510037e-156	18	PTPLA
9.36595308800052e-160	0.362181355801136	0.72	0.517	2.80978592640016e-156	18	PRKAR1B
4.05287348167715e-159	0.50563138278712	0.948	0.87	1.21586204450315e-155	18	TXN
1.63772546706791e-158	-0.897384817570432	0.74	0.859	4.91317640120374e-155	18	CD55
2.47282381213372e-157	-2.0600242009403	0.636	0.777	7.41847143640115e-154	18	CTSW
1.72043876195868e-155	0.435523875093173	0.767	0.636	5.16131628587605e-152	18	TFRC
6.24047858780839e-155	0.500914325151903	0.768	0.67	1.87214357634252e-151	18	CD79B
1.38004444449459e-154	0.514312053485471	0.879	0.79	4.14013333348376e-151	18	PRDX3
1.41489916404466e-154	0.451101317013583	0.921	0.877	4.24469749213398e-151	18	SELL
8.36679192833273e-154	0.380159098346744	0.714	0.595	2.51003757849982e-150	18	ZC3H12D
1.08068868885155e-153	0.531040314072952	0.972	0.893	3.24206606655465e-150	18	PRDX1
6.26104069580368e-153	0.279939450668959	0.734	0.558	1.8783122087411e-149	18	NCOA5
2.25754921231799e-151	0.635350158918849	0.986	0.943	6.77264763695396e-148	18	LDHA
3.54890750453429e-151	0.546597560196052	0.886	0.809	1.06467225136029e-147	18	CNIH1
8.25222895439867e-151	-0.792919847242233	0.6	0.742	2.4756686863196e-147	18	AIF1
3.20190379486416e-150	0.587459530478566	0.921	0.832	9.60571138459248e-147	18	RPS27L
4.50172311348364e-149	0.569047636479021	0.757	0.624	1.35051693404509e-145	18	CREB3L2
2.63073902876669e-147	0.354085189345536	0.998	0.983	7.89221708630006e-144	18	MYL6
4.34290340252007e-147	0.531411164483017	0.936	0.82	1.30287102075602e-143	18	ARL6IP1
2.36084983331155e-146	0.356420488311739	1	0.985	7.08254949993464e-143	18	PFN1
1.3275486170834e-145	-0.763797403647811	1	0.998	3.98264585125019e-142	18	RPS8
5.15240633598155e-145	0.571500240053132	0.823	0.833	1.54572190079447e-141	18	OAS1
1.91720972558631e-144	0.480872368300102	0.882	0.851	5.75162917675892e-141	18	LIMS1
2.82639895271747e-144	0.546224979808763	0.769	0.631	8.47919685815242e-141	18	BCL2L1
2.98283534545688e-142	0.521475255796479	0.816	0.702	8.94850603637063e-139	18	ADI1
9.44933984425842e-141	0.299230029868009	0.754	0.697	2.83480195327752e-137	18	MT1L
1.86962891576038e-140	0.463796903649641	0.743	0.695	5.60888674728114e-137	18	ASB2
2.89133185667137e-140	0.503873321448209	0.876	0.758	8.6739955700141e-137	18	CXCR6
4.32186631607251e-140	0.653627038269252	0.876	0.802	1.29655989482175e-136	18	UGP2
6.30505615847726e-139	0.32396966697882	1	0.989	1.89151684754318e-135	18	ACTG1
1.20939644511825e-137	0.544309532070498	0.855	0.835	3.62818933535476e-134	18	MAL
3.3432948533309e-137	-0.750254151603121	0.318	0.654	1.00298845599927e-133	18	KLRC2
7.47716714606976e-137	0.552190098362032	0.745	0.696	2.24315014382093e-133	18	HAPLN3
1.00204353816056e-136	0.433106890782749	0.953	0.872	3.00613061448169e-133	18	BST2
1.27705264765084e-136	0.346524570611876	0.743	0.615	3.83115794295253e-133	18	CTNNA1
3.56450177400863e-136	0.276066447792252	0.746	0.646	1.06935053220259e-132	18	MTHFD1
6.29026322772773e-136	0.336019958670453	0.737	0.66	1.88707896831832e-132	18	INPP1
3.61703220984218e-135	0.323047514411144	0.761	0.67	1.08510966295265e-131	18	GCA
5.22311194750802e-135	0.404243862718679	0.771	0.74	1.5669335842524e-131	18	MYL6B
4.64437493709881e-134	-0.669448788746	0.45	0.699	1.39331248112964e-130	18	PLAC8
1.12121225591484e-133	0.519265427662147	0.878	0.784	3.36363676774452e-130	18	PHPT1
1.14131732758965e-133	0.280178143978672	0.661	0.603	3.42395198276897e-130	18	STAC
7.70946094786984e-133	0.493668468024107	0.686	0.633	2.31283828436095e-129	18	VDR
1.29213332351707e-132	0.476006791005	0.963	0.863	3.87639997055122e-129	18	EZR
3.87823155942738e-131	-0.549231902578371	0.295	0.659	1.16346946782821e-127	18	SYTL2
9.02476723363516e-131	0.408438698647433	0.989	0.934	2.70743017009055e-127	18	LSP1
1.14000708476928e-130	0.286234735534422	0.784	0.65	3.42002125430783e-127	18	SYT11
1.63615077370485e-128	0.372454420537532	0.743	0.722	4.90845232111454e-125	18	MGST2
1.37337379297316e-127	0.424571439919579	0.806	0.77	4.12012137891949e-124	18	HAVCR2
3.20690767865274e-127	0.275889344812965	0.714	0.579	9.62072303595823e-124	18	IRF4
3.48608965349174e-127	0.54986438563195	0.879	0.891	1.04582689604752e-123	18	EPSTI1
1.45521360275265e-126	0.397721229636027	0.894	0.771	4.36564080825796e-123	18	YWHAE
2.94683457634549e-126	0.548777571332218	0.839	0.742	8.84050372903646e-123	18	SERPINB9
1.55088669591217e-125	0.773766900810603	0.774	0.746	4.65266008773651e-122	18	ID3
8.41114148262943e-125	0.356870362622415	0.702	0.609	2.52334244478883e-121	18	TRIB1
1.01318473655538e-124	0.373339716620848	0.976	0.923	3.03955420966614e-121	18	ATP5G3
5.41302694499705e-124	0.380896548958401	0.778	0.743	1.62390808349911e-120	18	FAAH2
6.97107908075154e-124	0.520512992518312	0.963	0.891	2.09132372422546e-120	18	CALR
9.89325143363576e-124	-2.3238488889741	0.491	0.718	2.96797543009073e-120	18	GZMB
1.58084361954567e-123	0.294865823488939	0.726	0.602	4.742530858637e-120	18	MAPK13
6.1508036065748e-123	0.284384849418106	0.715	0.59	1.84524108197244e-119	18	POU2F2
6.39937753112346e-123	0.704637497591683	0.713	0.657	1.91981325933704e-119	18	LTA
1.62512561688102e-121	0.483827245440929	0.731	0.616	4.87537685064307e-118	18	MAST4
1.05562425008803e-120	0.402671019637683	0.708	0.574	3.16687275026409e-117	18	SPATS2L
1.66406595043341e-120	-1.37516904986161	0.746	0.847	4.99219785130022e-117	18	CLEC2B
2.84255691843083e-120	0.27675360999409	0.997	0.969	8.52767075529249e-117	18	UBC
1.87851778129978e-119	-0.491673799720775	0.456	0.694	5.63555334389935e-116	18	S1PR1
2.94887357222154e-119	0.332293411708349	0.999	0.995	8.84662071666461e-116	18	TMSB10
6.58647807449391e-119	0.429175821351936	0.714	0.675	1.97594342234817e-115	18	LINC01281
8.06867208703303e-119	0.450937815560168	0.884	0.76	2.42060162610991e-115	18	CMTM6
9.19704017857921e-119	0.428285368875335	0.896	0.806	2.75911205357376e-115	18	TPM4
3.2418186406751e-118	0.293742277629288	0.82	0.763	9.72545592202531e-115	18	CKAP2
2.1884154169294e-117	0.330051830198998	0.869	0.795	6.56524625078819e-114	18	DECR1
2.80050204351333e-117	-0.294473987892366	0.245	0.637	8.40150613054e-114	18	ZBTB10
2.94161339012227e-117	0.410704561064794	0.949	0.909	8.82484017036682e-114	18	COX5A
1.2952563435755e-115	0.27195342077498	0.755	0.621	3.8857690307265e-112	18	MCM5
5.37169834351988e-115	-1.05989157273754	0.607	0.807	1.61150950305596e-111	18	ATF3
7.32225215850053e-115	0.299147126362444	0.987	0.943	2.19667564755016e-111	18	SUB1
1.50674332900443e-114	-1.29145234163735	0.888	0.93	4.5202299870133e-111	18	S100A10
5.87566335381202e-113	0.28977232767602	0.988	0.934	1.76269900614361e-109	18	TPI1
1.72482681854767e-112	0.512926477979606	0.878	0.756	5.17448045564301e-109	18	HSPB1
2.96237330881905e-112	0.445961783338765	0.88	0.808	8.88711992645715e-109	18	ISG15
5.4610172358835e-112	0.297197999879408	0.794	0.643	1.63830517076505e-108	18	P2RY10
4.83982217942561e-111	0.28717161289548	0.666	0.499	1.45194665382768e-107	18	DFNB31
1.02004946224325e-110	0.34253056091364	0.841	0.831	3.06014838672976e-107	18	MT1E
2.36476112546707e-110	0.537372557856884	0.743	0.716	7.0942833764012e-107	18	NDFIP2
6.05754595290842e-110	-2.10980697219805	0.402	0.701	1.81726378587253e-106	18	CXCL13
1.57593806268585e-109	0.300833096379213	0.876	0.818	4.72781418805754e-106	18	MTHFD2
1.70008221361473e-109	-1.00999718999021	0.953	0.965	5.10024664084418e-106	18	IFITM1
5.56997646318109e-109	-1.96644326517211	0.46	0.698	1.67099293895433e-105	18	GZMK
5.64444330218775e-109	0.44470704534207	0.935	0.868	1.69333299065632e-105	18	TUBB
1.32173009540483e-108	-2.87617765540368	0.666	0.771	3.9651902862145e-105	18	NKG7
3.60852062804601e-108	0.568275159847833	0.746	0.738	1.0825561884138e-104	18	IKZF2
4.8451997032335e-108	0.33853290446751	0.776	0.698	1.45355991097005e-104	18	PGM2L1
7.82074677518472e-108	0.383585069527379	0.872	0.787	2.34622403255541e-104	18	BTG3
6.4987129172093e-107	0.300979738175752	0.771	0.711	1.94961387516279e-103	18	CENPM
9.76064262647555e-107	0.381690257876695	0.935	0.875	2.92819278794267e-103	18	PDIA6
1.07557460345657e-105	0.298178453904857	0.728	0.657	3.2267238103697e-102	18	GNA15
4.03738583121728e-104	-0.262144730808125	0.365	0.642	1.21121574936518e-100	18	TMIGD2
6.55407803061468e-104	0.33698166435209	0.74	0.786	1.9662234091844e-100	18	CADM1
1.63317380632307e-102	0.331106208144525	0.86	0.758	4.89952141896922e-99	18	RPA3
2.94319221234055e-101	0.277741209063252	0.704	0.678	8.82957663702166e-98	18	METTL7A
6.24708608361183e-101	0.326960288021789	0.68	0.573	1.87412582508355e-97	18	ZNRF1
6.37000847887887e-101	0.421031898752713	0.891	0.746	1.91100254366366e-97	18	IRF1
1.65840827614449e-100	0.419228570924462	0.769	0.676	4.97522482843347e-97	18	TNFRSF25
2.64539883836591e-99	0.420199328085151	0.888	0.819	7.93619651509773e-96	18	TPR
5.82528684115251e-99	0.255110994251627	0.698	0.548	1.74758605234575e-95	18	RELB
3.29177555864983e-98	0.300562215454714	0.669	0.608	9.87532667594948e-95	18	ZC2HC1A
3.48874841114846e-97	0.357260977100576	0.865	0.796	1.04662452334454e-93	18	CTSA
1.58520147176969e-95	0.451445064638637	0.869	0.827	4.75560441530906e-92	18	STAT1
2.9850818332592e-94	0.445959194478143	0.867	0.78	8.9552454997776e-91	18	CREM
5.12865323714947e-94	-0.281579257474073	0.29	0.604	1.53859597114484e-90	18	LOC100996286
4.03746137493327e-93	0.313612004964407	0.809	0.727	1.21123841247998e-89	18	IFI35
7.55619355037864e-93	0.321407651196478	0.783	0.72	2.26685806511359e-89	18	HERC5
3.7498784526348e-90	0.273041659351704	0.907	0.833	1.12496353579044e-86	18	SERPINB1
6.07658827546885e-90	-0.754672516841592	0.335	0.631	1.82297648264065e-86	18	KLRG1
1.00551156563957e-89	0.338293911034561	0.709	0.571	3.01653469691872e-86	18	NFKB2
2.19220011063899e-87	0.320334257833536	0.928	0.847	6.57660033191697e-84	18	PRDM1
4.28068786262261e-87	0.261455897715456	0.838	0.772	1.28420635878678e-83	18	COMT
5.18957972062754e-87	0.30907194950764	0.706	0.651	1.55687391618826e-83	18	TIAM1
6.96874294089734e-87	-0.693602710796692	0.637	0.724	2.0906228822692e-83	18	PTGER2
2.15467684380331e-86	0.425881134266931	0.867	0.831	6.46403053140993e-83	18	CD82
3.2163578061139e-86	-0.958907879629308	0.476	0.691	9.64907341834171e-83	18	PTGER4
4.01337387627771e-86	0.259888157243736	0.925	0.826	1.20401216288331e-82	18	SQSTM1
9.25234697018287e-86	0.261354514814513	0.96	0.918	2.77570409105486e-82	18	GNG5
3.90490841687628e-85	0.289252167561553	0.921	0.872	1.17147252506288e-81	18	VDAC1
1.01063241110866e-84	-1.08644947863915	0.321	0.633	3.03189723332597e-81	18	GLUL
4.26205919938157e-84	0.266662776224595	0.613	0.548	1.27861775981447e-80	18	TNFRSF8
1.0147743811287e-82	-0.310071883046648	0.366	0.637	3.04432314338611e-79	18	APOE
1.47252612756378e-82	-0.598184711412982	0.4	0.286	4.41757838269133e-79	18	LOC102723407
4.20152342950415e-82	0.260242458773571	0.806	0.717	1.26045702885124e-78	18	PDCL3
3.29796164033415e-81	-1.09462000582922	0.384	0.642	9.89388492100245e-78	18	HOPX
2.11009025782587e-79	-0.864782998916307	0.242	0.567	6.3302707734776e-76	18	KLRC1
7.46455138861114e-79	0.35859724518578	0.731	0.629	2.23936541658334e-75	18	MAF
1.10244408380401e-78	-0.368631808764434	0.3	0.616	3.30733225141204e-75	18	MS4A6A
1.32389671433918e-78	0.252109925999289	0.714	0.685	3.97169014301754e-75	18	CDKN2A
1.89552643934302e-78	0.322018167767029	0.853	0.754	5.68657931802906e-75	18	PTPN6
1.917256715356e-78	0.270422210156752	0.615	0.602	5.75177014606799e-75	18	LRRC32
2.3063169373218e-78	0.259243485447949	0.886	0.827	6.91895081196539e-75	18	CCT6A
9.55047489216514e-78	0.264244348858447	0.817	0.755	2.86514246764954e-74	18	SDF2L1
1.28487608752305e-77	0.308544930407781	0.748	0.671	3.85462826256916e-74	18	PAFAH1B3
2.86085977414611e-77	-0.563956821271074	0.531	0.743	8.58257932243834e-74	18	SGK1
2.7133988748067e-76	0.265960207870375	0.878	0.795	8.14019662442011e-73	18	BANF1
5.21700326630402e-76	0.447029387005057	0.694	0.723	1.56510097989121e-72	18	FCRL3
8.28165038279403e-76	0.332363652792474	0.922	0.857	2.48449511483821e-72	18	HSPD1
1.97605791364207e-75	0.269868900912738	0.994	0.958	5.92817374092621e-72	18	CORO1A
5.96042713538574e-73	-0.821205936065963	0.432	0.669	1.78812814061572e-69	18	CAPG
7.61916039357594e-73	0.295331917488382	0.918	0.876	2.28574811807278e-69	18	PPA1
2.10820860784604e-72	-0.508325287650987	0.332	0.606	6.32462582353812e-69	18	TCF7
2.19736087178206e-70	-0.469507896460902	0.588	0.725	6.59208261534618e-67	18	CH25H
2.36947572766257e-70	-0.423597682542776	0.621	0.737	7.1084271829877e-67	18	NUCB2
5.68077603212047e-70	-0.503725267441228	0.273	0.588	1.70423280963614e-66	18	KLRC3
4.69505261001212e-69	0.269903656123058	0.861	0.804	1.40851578300364e-65	18	SNRPE
1.53419093098463e-68	-2.92122654894123	0.543	0.67	4.60257279295389e-65	18	CCL4
3.31989114528389e-68	0.252233827716808	0.795	0.747	9.95967343585168e-65	18	APOBEC3C
5.77549187099319e-68	-0.931528720510735	0.398	0.624	1.73264756129796e-64	18	AOAH
1.04042750505387e-67	-0.31920716632462	0.599	0.71	3.1212825151616e-64	18	RIPK2
1.17948892435505e-67	-0.308881737298407	0.272	0.604	3.53846677306515e-64	18	PECAM1
2.49021195767428e-67	-0.903286292009991	0.743	0.772	7.47063587302284e-64	18	FKBP11
5.53813838763239e-63	-1.3726474506019	0.539	0.649	1.66144151628972e-59	18	LOC101929531
6.32142872899901e-63	-0.46847001509815	0.564	0.778	1.8964286186997e-59	18	FABP5
5.25385545218179e-62	0.370177758021591	0.782	0.656	1.57615663565454e-58	18	REL
7.50032531541681e-62	-1.2135240522856	0.331	0.593	2.25009759462504e-58	18	LOC101060038
3.28144719566066e-58	-0.370964863017864	1	1	9.84434158698198e-55	18	EEF1A1
4.04021871217231e-58	0.362476350029554	0.909	0.837	1.21206561365169e-54	18	HSPA1A
1.00787685379215e-56	-1.70039671871754	0.469	0.618	3.02363056137644e-53	18	GZMH
2.07101370312085e-56	0.2941787213195	0.591	0.502	6.21304110936255e-53	18	TOX2
2.82254716319706e-56	-0.488857142953334	0.396	0.626	8.46764148959119e-53	18	TNFSF8
4.20081004257771e-55	-0.305036917513715	0.593	0.671	1.26024301277331e-51	18	PPP1R14B
4.30094575593954e-55	-0.451619265744226	0.437	0.62	1.29028372678186e-51	18	KLRC4
6.89789683693467e-55	-1.05453296051803	0.693	0.778	2.0693690510804e-51	18	TAGAP
1.06887583027915e-54	0.291807034128116	0.792	0.761	3.20662749083745e-51	18	MX1
4.22277389620783e-53	-0.457110100632816	0.52	0.671	1.26683216886235e-49	18	MYC
8.90976378585806e-52	0.252178727710142	0.692	0.627	2.67292913575742e-48	18	RAB11FIP1
2.41885659381738e-51	0.255972646721704	0.72	0.752	7.25656978145213e-48	18	HPGD
6.98777412299773e-51	0.27041340812019	0.649	0.593	2.09633223689932e-47	18	NINJ2
1.43888539472107e-50	-1.20748807274657	0.541	0.667	4.31665618416322e-47	18	AREG
1.29996158494279e-49	-1.02937858302042	0.307	0.564	3.89988475482838e-46	18	KLRD1
4.92803759573761e-48	-0.731349953386576	0.671	0.567	1.47841127872128e-44	18	BMS1P20
7.8008847464477e-45	-0.429271688455779	0.646	0.702	2.34026542393431e-41	18	ABLIM1
9.15439232041536e-44	-0.368235552677888	0.066	0.185	2.74631769612461e-40	18	FCN1
3.54679133509582e-43	-0.915214528797165	0.974	0.98	1.06403740052875e-39	18	FOS
6.21364679580134e-43	-0.591043301328009	0.435	0.629	1.8640940387404e-39	18	BCL2A1
2.20911344144211e-40	-0.37005504478487	0.764	0.866	6.62734032432632e-37	18	HIST1H1D
2.57946395670745e-40	-0.422583758215473	0.653	0.806	7.73839187012234e-37	18	APOC1
2.35407136667067e-39	-0.479271892869938	0.563	0.682	7.06221410001202e-36	18	TMEM107
2.79666100976877e-39	-0.55167921699548	0.691	0.694	8.38998302930631e-36	18	CLIC3
4.66258661458333e-39	-0.673802101106222	1	1	1.398775984375e-35	18	RNR2
5.71436677024108e-39	-0.324993683119015	0.316	0.508	1.71431003107233e-35	18	CYBB
1.04513514521955e-38	-1.33732625405176	0.69	0.734	3.13540543565864e-35	18	KLRB1
4.86285053677667e-38	-0.266899520983179	0.223	0.538	1.458855161033e-34	18	WDR86-AS1
5.05970136627073e-38	-0.55082282390156	0.527	0.636	1.51791040988122e-34	18	ERN1
8.85228912012221e-38	-0.35096426367325	1	0.999	2.65568673603666e-34	18	COX2
8.12175797381956e-37	-0.318992404437331	0.491	0.646	2.43652739214587e-33	18	SH3BP5
9.64438771948661e-37	-2.07726973564275	0.748	0.831	2.89331631584598e-33	18	IGJ
9.98579287330317e-37	-1.39580751429262	0.499	0.603	2.99573786199095e-33	18	CCL3
1.29441722888467e-35	-0.299620372302698	0.48	0.58	3.88325168665402e-32	18	CPNE7
4.91775018109223e-35	-0.368998602026225	0.232	0.542	1.47532505432767e-31	18	CECR1
3.52393512504888e-34	-0.330489180460265	0.49	0.617	1.05718053751466e-30	18	PLEK
1.23641896924962e-33	-0.312647325952144	0.643	0.545	3.70925690774887e-30	18	LST1
6.94153131872929e-33	-0.82015136346961	0.584	0.679	2.08245939561879e-29	18	AHNAK
1.16035026958731e-32	-1.33017205861952	0.549	0.632	3.48105080876192e-29	18	IFNG
3.8673870408763e-32	-0.663894270197751	0.292	0.55	1.16021611226289e-28	18	MATK
1.68023111267055e-31	-0.670046750902307	0.682	0.772	5.04069333801166e-28	18	RGS2
1.37343119878414e-30	-0.414964764512047	0.317	0.562	4.12029359635241e-27	18	LMO4
1.95504738133853e-30	-0.679832026321083	0.641	0.726	5.86514214401559e-27	18	PIK3R1
9.64677072611537e-30	-0.309357437261299	0.507	0.642	2.89403121783461e-26	18	PXN
1.48342115427826e-29	-0.497599600959251	0.998	0.994	4.45026346283478e-26	18	RPLP0
3.23597671218148e-29	0.311874967115246	0.606	0.654	9.70793013654445e-26	18	CRADD
3.74332520136768e-29	-0.589914653986316	1	0.998	1.1229975604103e-25	18	COX3
9.17289206083411e-29	-0.339954322273527	0.674	0.773	2.75186761825023e-25	18	PASK
1.875562579642e-28	-0.432519916505951	0.946	0.922	5.62668773892601e-25	18	MT2A
4.31286903881045e-27	-0.268865506941832	0.238	0.52	1.29386071164314e-23	18	BACH2
8.73532706858367e-27	-1.0040482495333	0.489	0.439	2.6205981205751e-23	18	S100A8
1.95275047296481e-26	-0.389154442561011	0.206	0.504	5.85825141889444e-23	18	LINC00892
2.35626469828862e-26	-0.320011327791497	0.6	0.662	7.06879409486587e-23	18	P2RY8
2.57548400056868e-26	-0.389516542205795	0.583	0.686	7.72645200170604e-23	18	TARSL2
5.61112939768343e-26	-0.445055033731538	0.652	0.661	1.68333881930503e-22	18	NELL2
4.71378723115554e-24	-0.495100643623067	0.618	0.718	1.41413616934666e-20	18	FAM65B
5.01844728582421e-24	-1.22504955755277	0.904	0.869	1.50553418574726e-20	18	IL7R
9.1575414289198e-24	-0.513327045573712	0.739	0.811	2.74726242867594e-20	18	CTSH
1.767283989193e-23	-0.255555877225854	0.465	0.601	5.301851967579e-20	18	KLF3
2.09516564842831e-23	-0.771501824506412	0.943	0.935	6.28549694528494e-20	18	CRIP1
2.21699242556373e-23	-0.734537656392632	0.569	0.647	6.65097727669119e-20	18	KLF2
3.35299557548739e-21	-0.732947616459009	0.987	0.985	1.00589867264622e-17	18	ZFP36
6.73741737773519e-21	-1.00980805045038	0.932	0.931	2.02122521332056e-17	18	S100A11
8.47865471450767e-21	-0.324458821854383	0.522	0.622	2.5435964143523e-17	18	LAIR1
9.02097188066038e-21	-0.743740825681128	0.691	0.697	2.70629156419811e-17	18	LYAR
1.18051255916185e-20	-0.301478089899688	0.314	0.536	3.54153767748556e-17	18	PLAUR
2.01540212847433e-20	-0.30811003232687	0.211	0.447	6.04620638542298e-17	18	C1QC
5.08949410617911e-19	-0.344916243160778	0.577	0.629	1.52684823185373e-15	18	C1QA
9.02913892439063e-19	-0.323988769945434	0.575	0.558	2.70874167731719e-15	18	C1QB
2.48656341965964e-18	-0.718581791543725	0.72	0.77	7.45969025897891e-15	18	ID2
6.85148006619717e-18	-0.384670492575807	0.464	0.395	2.05544401985915e-14	18	C15orf48
6.83839993917744e-17	-0.521464114854476	0.635	0.698	2.05151998175323e-13	18	AMICA1
7.60919453068532e-17	-0.368280137838499	0.699	0.739	2.2827583592056e-13	18	PNP
2.25093511489615e-16	-0.658429127719882	0.325	0.522	6.75280534468846e-13	18	KLRK1
6.1106147640605e-16	-0.351621652681105	0.526	0.59	1.83318442921815e-12	18	LOC101929065
8.01139007263299e-16	-0.6654373464806	0.413	0.59	2.4034170217899e-12	18	SERPINA1
2.0061795772525e-15	-0.373035417883962	0.481	0.587	6.0185387317575e-12	18	SESN1
2.48892106848321e-15	0.403505431705998	0.625	0.682	7.46676320544963e-12	18	CD70
5.299178645239e-15	-0.456429808936039	0.716	0.786	1.5897535935717e-11	18	CCR7
1.63554452009375e-14	-1.09523339948872	0.496	0.559	4.90663356028124e-11	18	XCL1
3.02685421385334e-14	-0.638614601872078	0.692	0.725	9.08056264156001e-11	18	NR3C1
2.38951965763531e-13	-0.374630137909177	0.5	0.596	7.16855897290593e-10	18	CDC25B
2.71421350550132e-13	-0.483981127744302	0.616	0.668	8.14264051650396e-10	18	METTL12
5.01790857430865e-13	-0.268045235974067	0.738	0.707	1.50537257229259e-09	18	MNDA
6.18410799709044e-13	-1.40832639991798	0.647	0.606	1.85523239912713e-09	18	TYROBP
6.6343652810368e-13	-0.352524139203932	0.765	0.663	1.99030958431104e-09	18	CMC1
8.27671220067653e-13	-0.259866769555028	0.691	0.616	2.48301366020296e-09	18	IER3
8.5297729483732e-13	-0.82636599654966	0.824	0.829	2.55893188451196e-09	18	TUBA4A
1.21273301410108e-12	-0.423243881491334	0.78	0.707	3.63819904230324e-09	18	RHOB
1.98510685933925e-12	-0.367245033529766	0.993	0.979	5.95532057801775e-09	18	FTL
2.56966311406313e-12	-0.413449054154358	0.996	0.985	7.7089893421894e-09	18	JUNB
3.51539382634284e-12	-0.268227390676362	0.654	0.729	1.05461814790285e-08	18	RNF13
5.08398808033574e-12	-0.671265698287141	0.776	0.778	1.52519642410072e-08	18	CD97
1.20291131327741e-11	-0.841555682434027	0.999	1	3.60873393983224e-08	18	RNR1
1.70321106051399e-11	-0.43962558090792	0.483	0.582	5.10963318154198e-08	18	PAG1
4.58370509905484e-11	-0.302234965662044	0.974	0.931	1.37511152971645e-07	18	TNFAIP3
5.01066355506629e-11	-0.318377933590789	0.892	0.807	1.50319906651989e-07	18	TUBA1A
5.25592258675203e-11	-0.492907621182223	0.491	0.554	1.57677677602561e-07	18	MS4A1
6.40332781619663e-11	-1.28283916973449	0.731	0.611	1.92099834485899e-07	18	GNLY
9.73779723398707e-11	-1.6889455154046	0.68	0.655	2.92133917019612e-07	18	IFI30
2.12029894226577e-10	-0.292541402001018	0.746	0.69	6.36089682679731e-07	18	FLT3LG
4.06346335414684e-10	-0.251343713320745	0.385	0.531	1.21903900624405e-06	18	DUSP6
5.60902166282328e-10	-0.525305241625914	0.718	0.785	1.68270649884698e-06	18	NOSIP
7.11143704070717e-10	-0.571512262057801	0.991	0.986	2.13343111221215e-06	18	PABPC1
1.26806188122615e-09	-0.605291998874434	0.77	0.779	3.80418564367846e-06	18	TOB1
2.58378383499893e-09	-0.408820855192458	0.879	0.809	7.75135150499679e-06	18	CLDND1
2.87342709592578e-09	-0.264450682273898	0.855	0.834	8.62028128777735e-06	18	ANXA5
4.21668608287077e-09	-0.475893522751432	0.631	0.639	1.26500582486123e-05	18	BHLHE40
7.19928232070776e-09	-0.611904018727581	0.465	0.543	2.15978469621233e-05	18	C1orf162
9.07129220986081e-09	-0.298209653996507	0.317	0.508	2.72138766295824e-05	18	FGFBP2
9.75778214259281e-09	-1.02619144847734	0.494	0.451	2.92733464277784e-05	18	S100A9
1.0485197780361e-08	-0.303299057624475	0.541	0.552	3.1455593341083e-05	18	CRTAM
1.29713754374118e-08	-1.72963398495842	0.452	0.565	3.89141263122353e-05	18	CST3
1.80141744241218e-08	-0.79388977580063	0.917	0.909	5.40425232723654e-05	18	BTG2
1.92681792391283e-08	-0.416642776427963	0.815	0.756	5.78045377173849e-05	18	CD63
2.82356563948861e-08	-0.672305287355661	0.484	0.552	8.47069691846582e-05	18	CD40LG
3.50699568312388e-08	-0.663243674293363	0.677	0.769	0.000105209870493716	18	TIMP1
5.45610632789263e-08	-0.54501179017284	0.892	0.907	0.000163683189836779	18	HIST1H4C
1.4089017227322e-07	-0.311318215585958	0.651	0.661	0.000422670516819659	18	LPAR6
3.42262732793777e-07	-0.886825308079312	0.362	0.492	0.00102678819838133	18	XCL2
3.48451699529985e-07	-0.262491948929888	0.272	0.499	0.00104535509858995	18	CD300A
4.31801096415432e-07	-0.439129007394537	0.843	0.788	0.0012954032892463	18	LGALS1
4.60074488931774e-07	-0.499760842258871	0.617	0.658	0.00138022346679532	18	MYADM
5.87010177288005e-07	-0.463932116617206	0.613	0.711	0.00176103053186402	18	CD68
7.36452068352971e-07	-0.380543759354608	0.638	0.627	0.00220935620505891	18	HLA-DRB1
1.13274694690092e-06	-0.507679376485912	0.535	0.56	0.00339824084070276	18	ZEB2
2.06572039720787e-06	-0.562755225429421	0.78	0.847	0.0061971611916236	18	IGLL5
2.74116686107674e-06	-0.276323582378202	0.409	0.455	0.00822350058323022	18	PTGDS
3.01614430197577e-06	-0.769202450411317	0.776	0.746	0.0090484329059273	18	FOSB
3.28148906738819e-06	-0.462902271283104	0.696	0.739	0.00984446720216458	18	STMN1
3.3114762214021e-06	-0.361628136409163	0.754	0.78	0.00993442866420631	18	RTN4
3.43952255736823e-06	-0.671701045304426	0.598	0.588	0.0103185676721047	18	ANKRD28
3.61608932379241e-06	-0.696901393155653	0.931	0.901	0.0108482679713772	18	IER2
3.900347019364e-06	-0.251749169671659	0.675	0.632	0.011701041058092	18	JUND
4.7313943587778e-06	-0.379454799728745	0.994	0.983	0.0141941830763334	18	TSC22D3
8.93056550215728e-06	-0.412877939035927	0.675	0.713	0.0267916965064718	18	SOD2
1.23906876473053e-05	-0.334638314243874	0.774	0.801	0.0371720629419159	18	NPC2
1.60968059151745e-05	-0.739938287715399	0.321	0.401	0.0482904177455234	18	CCL4L1
