p_val	avg_log2FC	pct.1	pct.2	p_val_adj	cluster	gene
0	3.04082467845909	0.99	0.861	0	16	FOXP3
0	2.99779382712523	0.973	0.825	0	16	TNFRSF4
0	2.57191110289773	0.987	0.836	0	16	TNFRSF18
0	2.42683416464477	0.962	0.764	0	16	MAGEH1
0	2.28134487845684	0.958	0.683	0	16	LOC101928173
0	2.10129702699748	0.936	0.847	0	16	IL1R2
0	2.01282275819715	0.993	0.799	0	16	BATF
0	2.00497405756675	0.904	0.797	0	16	IL2RA
0	1.88754425102092	0.936	0.837	0	16	NGFRAP1
0	1.79268886792571	0.972	0.882	0	16	CTLA4
0	1.71702514341088	0.977	0.78	0	16	TNFRSF1B
0	1.66162928908666	0.959	0.83	0	16	ACP5
0	1.64004277378046	0.963	0.82	0	16	PIM2
0	1.60890317772396	0.946	0.662	0	16	ICOS
0	1.54980776335359	0.861	0.778	0	16	LAIR2
0	1.52765750887538	0.985	0.852	0	16	CTSC
0	1.52139948463687	0.902	0.884	0	16	RTKN2
0	1.51621549317174	0.964	0.899	0	16	ENTPD1
0	1.45511805420221	0.974	0.866	0	16	TIGIT
0	1.44213185261659	0.999	0.977	0	16	IL32
0	1.42776895246725	0.945	0.815	0	16	SYNGR2
0	1.42018616149673	0.971	0.895	0	16	DNPH1
0	1.40617104178707	0.881	0.761	0	16	TNFRSF9
0	1.39335833563141	0.983	0.867	0	16	PKM
0	1.36720317071873	0.881	0.739	0	16	TBC1D4
0	1.36200561451917	0.898	0.8	0	16	LAYN
0	1.3071375688683	0.945	0.788	0	16	GBP2
0	1.30078391032617	0.887	0.914	0	16	GNG8
0	1.29877230809932	0.959	0.762	0	16	IGFLR1
0	1.28021074082498	0.912	0.737	0	16	MIR4435-1HG
0	1.27452523364154	0.955	0.835	0	16	CARD16
0	1.25336794371806	0.957	0.797	0	16	DUSP4
0	1.25179268772655	0.856	0.735	0	16	CCR8
0	1.24166180352937	0.991	0.905	0	16	SAT1
0	1.2160900636386	0.98	0.882	0	16	CD27
0	1.21493073785368	0.897	0.728	0	16	TYMP
0	1.20125805229892	0.951	0.896	0	16	PMAIP1
0	1.18831753465533	0.935	0.761	0	16	GBP5
0	1.14814490877738	0.955	0.851	0	16	CORO1B
0	1.11372550301653	0.992	0.943	0	16	CD7
0	1.11086680500786	0.881	0.704	0	16	IL21R
0	1.09836000016524	0.926	0.761	0	16	CD4
0	1.05293439813103	0.894	0.865	0	16	ADTRP
0	1.04685343394414	0.877	0.745	0	16	ETV7
0	1.00759000086187	0.943	0.866	0	16	SIRPG
0	0.977444855214043	0.808	0.815	0	16	LOC101929450
0	0.916573619053661	0.829	0.721	0	16	SOX4
0	0.881426439340416	0.823	0.699	0	16	F5
0	0.746422603922318	0.801	0.753	0	16	TBC1D8
0	0.745243988919094	0.822	0.683	0	16	INPP5F
0	0.668059055961478	0.855	0.78	0	16	MZB1
0	0.479739367717836	0.815	0.785	0	16	CCL22
0	0.419849585055422	0.795	0.598	0	16	HLF
0	0.328583974096806	0.703	0.267	0	16	LAPTM4B
0	-0.703236611718781	1	1	0	16	RPLP1
0	-1.0683745625957	1	0.999	0	16	RPS12
0	-2.42884310556376	0.531	0.833	0	16	ANXA1
1.06478433302656e-302	0.813950308212072	0.825	0.874	3.19435299907968e-299	16	EBI3
2.39812145691402e-302	1.1752983132735	0.981	0.906	7.19436437074207e-299	16	LTB
2.81679721366099e-302	0.932922758908485	0.979	0.885	8.45039164098297e-299	16	FKBP1A
5.48249637174174e-302	0.883445838688601	0.779	0.519	1.64474891152252e-298	16	PTP4A3
6.23169806124273e-300	0.986999776108303	0.998	0.964	1.86950941837282e-296	16	S100A4
9.63389104483746e-300	0.860446736563645	0.89	0.68	2.89016731345124e-296	16	TXNDC17
8.89300578943116e-299	0.65587630123319	1	0.998	2.66790173682935e-295	16	ACTB
4.20034050997897e-291	-2.10800250201312	0.899	0.966	1.26010215299369e-287	16	CD69
4.83196956267951e-290	0.892492947594125	0.921	0.725	1.44959086880385e-286	16	IL2RB
3.19913678267672e-288	0.858772553271953	0.843	0.747	9.59741034803017e-285	16	GK
7.96685699478201e-286	1.22297195256255	0.925	0.736	2.3900570984346e-282	16	LAG3
4.51275498785236e-284	0.817145222965302	0.876	0.803	1.35382649635571e-280	16	STAM
7.89194997311608e-282	1.0244599981822	0.853	0.874	2.36758499193482e-278	16	ICA1
8.13777583527717e-281	0.337881086113086	0.742	0.542	2.44133275058315e-277	16	FAIM2
3.54480112738402e-278	0.895245321287272	0.984	0.922	1.06344033821521e-274	16	ENO1
1.29247140377327e-276	1.0877436042522	0.96	0.85	3.8774142113198e-273	16	SH2D2A
1.95434629223553e-274	-1.98416242200643	0.547	0.861	5.86303887670658e-271	16	ALOX5AP
2.52782185593831e-274	0.49412298134311	0.782	0.602	7.58346556781494e-271	16	CAMK1
3.83568925994182e-273	0.537566711814632	0.797	0.614	1.15070677798255e-269	16	ATP1B1
6.23025871209174e-268	-0.874558634865128	1	0.997	1.86907761362752e-264	16	RPS18
6.66909379896163e-267	1.05058755555563	0.984	0.912	2.00072813968849e-263	16	UCP2
3.95922528166167e-264	0.820971426665828	0.905	0.798	1.1877675844985e-260	16	ATOX1
9.72719123645861e-261	-2.71684323948638	0.477	0.817	2.91815737093758e-257	16	GZMA
1.09777532651033e-259	0.982882760454114	0.971	0.87	3.293325979531e-256	16	ZFP36L1
1.4155022352038e-257	0.654684888274589	0.785	0.584	4.24650670561139e-254	16	GCNT1
6.21158926638983e-257	0.887216852300869	0.941	0.841	1.86347677991695e-253	16	GPX1
2.50769748521744e-251	0.504715954212179	0.777	0.759	7.52309245565233e-248	16	ZBTB32
1.46035637104998e-245	0.7382630414851	0.908	0.659	4.38106911314993e-242	16	PHLDA1
1.6474774420805e-244	0.744843120232157	0.826	0.666	4.94243232624149e-241	16	CD59
5.40817138991561e-242	0.62496207595087	0.792	0.759	1.62245141697468e-238	16	CD79A
1.25463378880391e-237	0.886909667211384	0.848	0.735	3.76390136641172e-234	16	PELI1
3.76369042124004e-237	0.537455174730295	0.726	0.501	1.12910712637201e-233	16	C14orf182
4.71670144337697e-237	0.347264345970732	0.786	0.603	1.41501043301309e-233	16	FANCL
1.09596714180668e-236	-3.18722177911593	0.654	0.826	3.28790142542004e-233	16	CCL5
1.66554641987499e-236	0.361477536010131	0.721	0.516	4.99663925962496e-233	16	SERPINE2
1.57133139927125e-235	0.767205285483405	0.868	0.718	4.71399419781374e-232	16	CD28
9.49586751669178e-234	0.526734763450228	0.768	0.663	2.84876025500753e-230	16	SDC4
6.6259117212347e-233	0.865035856238577	0.892	0.765	1.98777351637041e-229	16	GLRX
2.28203303386877e-232	-0.43074221646148	0.593	0.867	6.8460991016063e-229	16	TXK
3.28173341330317e-231	0.703550073919303	0.874	0.778	9.84520023990952e-228	16	HOXB2
1.58065343696213e-230	0.864745923309176	0.917	0.776	4.74196031088639e-227	16	BIRC3
2.79113564463507e-230	-0.952139460754821	0.63	0.831	8.37340693390521e-227	16	GPR171
1.78021083288955e-227	0.571169742165294	0.819	0.65	5.34063249866864e-224	16	FAM110A
4.41695277804923e-222	0.623571653639431	0.998	0.981	1.32508583341477e-218	16	CD74
1.06807293412662e-221	0.768615143801825	0.883	0.695	3.20421880237985e-218	16	CCND2
1.60225603644452e-221	0.671214393802623	0.767	0.576	4.80676810933355e-218	16	OTUD5
3.22914833342385e-220	0.710879094820951	0.862	0.737	9.68744500027155e-217	16	SHMT2
1.76487059296881e-217	0.785216643781479	0.944	0.836	5.29461177890644e-214	16	CACYBP
2.79835044637981e-217	0.668973774391094	0.795	0.65	8.39505133913944e-214	16	GADD45A
8.52194313202571e-217	0.51065730009871	0.783	0.628	2.55658293960771e-213	16	PHACTR2
1.0332427637506e-216	0.372510930013548	0.79	0.757	3.09972829125181e-213	16	ZBED2
6.80625916357333e-215	0.737523716537965	0.869	0.734	2.041877749072e-211	16	PTTG1
1.12005550379162e-212	0.516093585071997	0.804	0.686	3.36016651137486e-209	16	IL18R1
8.16142609988337e-211	0.749380993589337	0.905	0.755	2.44842782996501e-207	16	CXCR3
1.63375073678485e-210	0.51930540623571	0.709	0.533	4.90125221035454e-207	16	IL1R1
3.09379198381966e-209	0.719175218224321	0.938	0.879	9.28137595145898e-206	16	ARID5B
1.03270775995213e-206	0.552239629251743	0.84	0.761	3.0981232798564e-203	16	GBP4
2.45070774785605e-205	0.670113441963429	0.951	0.832	7.35212324356814e-202	16	PRDX5
3.36776971714576e-204	0.511740367145086	0.824	0.671	1.01033091514373e-200	16	MAPKAPK3
4.75211647033096e-204	0.786538516950898	0.916	0.751	1.42563494109929e-200	16	RANBP1
2.89076926931449e-203	0.572124359148997	0.926	0.78	8.67230780794349e-200	16	RAD21
1.35676043459056e-202	-0.984980853669679	0.424	0.778	4.07028130377169e-199	16	TRAT1
1.0334999310054e-198	0.542369148187151	0.735	0.645	3.10049979301621e-195	16	IKZF4
1.22896266060998e-198	0.633915789318004	0.743	0.617	3.68688798182993e-195	16	IL12RB2
6.66047196043782e-198	-1.63064146657002	0.904	0.963	1.99814158813135e-194	16	CXCR4
2.37783383022052e-197	0.66427244101044	0.951	0.851	7.13350149066156e-194	16	CALM3
2.0065870920979e-195	-2.155931214346	0.635	0.801	6.0197612762937e-192	16	CTSW
2.55892275955431e-195	0.704791655210809	0.968	0.902	7.67676827866294e-192	16	PGAM1
3.23721498030784e-195	0.280647776913475	0.784	0.663	9.71164494092353e-192	16	SLC27A2
9.39228840851352e-195	0.681209417765817	0.758	0.673	2.81768652255406e-191	16	GEM
2.63700117815058e-194	0.426571269643941	0.808	0.682	7.91100353445173e-191	16	THADA
1.64064917579368e-193	0.726961987622186	0.791	0.729	4.92194752738103e-190	16	MAP1LC3A
1.76603398342686e-193	-1.56459572533886	0.929	0.983	5.29810195028057e-190	16	VIM
5.64252684441598e-192	0.724916043766883	0.791	0.623	1.69275805332479e-188	16	NINJ1
1.4950202549762e-188	-1.6454053377779	0.412	0.752	4.48506076492859e-185	16	CD8B
2.41303444796143e-187	0.576561520351524	0.953	0.856	7.23910334388429e-184	16	DYNLL1
2.63316143539204e-187	0.408417991818113	1	0.995	7.89948430617612e-184	16	GAPDH
1.14007497204521e-186	0.836820779280476	0.901	0.825	3.42022491613562e-183	16	IFI6
8.36610537666178e-186	0.661046366806182	0.806	0.62	2.50983161299853e-182	16	SLAMF1
3.29222797762683e-182	0.5788807282712	0.916	0.839	9.87668393288048e-179	16	SEC11C
1.40055341595293e-181	0.287548516242294	0.765	0.562	4.2016602478588e-178	16	BTLA
7.49018725256968e-181	0.609123530760846	0.995	0.951	2.24705617577091e-177	16	ARPC1B
1.76569680847225e-180	0.692859510881092	0.996	0.87	5.29709042541676e-177	16	CST7
2.66400683133877e-180	0.699629999384626	0.804	0.634	7.99202049401631e-177	16	TRAF1
1.63728916616314e-177	-1.9607517032978	0.357	0.733	4.91186749848941e-174	16	CD8A
4.17255826644396e-177	0.459144726480095	0.739	0.726	1.25176747993319e-173	16	LMCD1
1.62901336207679e-174	0.504756955897602	0.734	0.521	4.88704008623036e-171	16	NFKBID
6.60306065694044e-174	0.616230836044892	0.874	0.748	1.98091819708213e-170	16	HNRNPLL
8.44486407789174e-174	0.579645196609671	0.948	0.87	2.53345922336752e-170	16	TXN
6.70453275960839e-173	0.595611460811333	0.768	0.674	2.01135982788252e-169	16	CD79B
1.05751171827519e-172	0.657258252938663	0.856	0.818	3.17253515482558e-169	16	SNX9
4.15342001633216e-172	0.253605165792775	0.682	0.559	1.24602600489965e-168	16	TSPAN13
1.13238177473142e-170	0.560242571472139	0.972	0.892	3.39714532419426e-167	16	PRDX1
8.51247674350606e-170	0.438092141140388	0.762	0.665	2.55374302305182e-166	16	GCA
1.25572480240441e-169	0.406662093349964	0.803	0.62	3.76717440721324e-166	16	CD83
1.45855293004386e-169	0.551751218720094	0.908	0.791	4.37565879013158e-166	16	LINC00152
2.13352477776071e-169	0.708110085058874	0.935	0.877	6.40057433328214e-166	16	FAIM3
2.67393628826616e-168	0.293680877117224	0.7	0.741	8.02180886479849e-165	16	ACTG2
1.0548363847002e-166	0.530666270696436	0.879	0.791	3.16450915410059e-163	16	PRDX3
4.78399789605879e-166	0.465471434569422	0.769	0.644	1.43519936881764e-162	16	TFRC
2.41012524624067e-165	0.543436016234504	0.882	0.856	7.23037573872202e-162	16	LIMS1
3.96366828406968e-164	-0.881037265572164	0.741	0.869	1.18910048522091e-160	16	CD55
4.41147194316992e-163	0.479238326507513	0.774	0.602	1.32344158295098e-159	16	NEDD9
1.57505928993946e-159	0.596485858070837	0.92	0.83	4.72517786981837e-156	16	RPS27L
1.50431049529462e-157	-0.800873783943424	0.318	0.698	4.51293148588386e-154	16	KLRC2
7.91000181810225e-157	0.446985291054006	0.922	0.896	2.37300054543068e-153	16	SELL
2.35036551937702e-156	0.546841608866627	0.886	0.817	7.05109655813106e-153	16	CNIH1
3.24836971911768e-156	0.358457365183454	0.721	0.539	9.74510915735305e-153	16	PRKAR1B
1.40254865729003e-154	0.382255383652044	0.743	0.618	4.2076459718701e-151	16	CTNNA1
6.09221495070744e-154	0.353317239223669	0.753	0.882	1.82766448521223e-150	16	LOC101928353
1.72460949805704e-153	0.275164727457724	0.736	0.568	5.17382849417112e-150	16	NCOA5
2.39992684498057e-153	0.534929308752529	0.818	0.706	7.19978053494172e-150	16	ADI1
3.03719601270474e-153	0.599393176155393	0.824	0.851	9.11158803811423e-150	16	OAS1
6.4931539173206e-153	0.526326156458404	0.793	0.671	1.94794617519618e-149	16	TNIP3
1.99647986657558e-152	0.260777343435142	0.811	0.895	5.98943959972674e-149	16	CPA5
1.54374127089885e-151	0.577243500946468	0.758	0.636	4.63122381269655e-148	16	CREB3L2
4.4028068510623e-150	0.339003784690014	0.765	0.822	1.32084205531869e-146	16	PTPLA
5.43562569788837e-150	0.612255546085532	0.986	0.944	1.63068770936651e-146	16	LDHA
5.47930479189368e-150	0.523311468741154	0.937	0.82	1.6437914375681e-146	16	ARL6IP1
9.88527679181321e-150	0.501844618595377	0.791	0.676	2.96558303754396e-146	16	DUSP16
1.84971470243834e-149	0.440223583602422	0.953	0.87	5.54914410731501e-146	16	BST2
2.25162608734735e-149	-2.40795139526428	0.491	0.75	6.75487826204205e-146	16	GZMB
9.82188567108145e-149	0.553666730997946	0.792	0.759	2.94656570132443e-145	16	FBLN7
1.12675740543785e-148	-0.784488781589	1	0.998	3.38027221631355e-145	16	RPS8
2.44665914841924e-148	0.373900250357213	0.714	0.621	7.33997744525772e-145	16	ZC3H12D
4.2719397546583e-148	0.421019757572424	0.744	0.74	1.28158192639749e-144	16	MGST2
2.27849888126573e-147	0.475037434814412	0.915	0.827	6.83549664379718e-144	16	TMEM173
2.34499474352867e-146	0.339510797573823	0.776	0.773	7.03498423058602e-143	16	HMOX1
2.8644047592373e-146	0.534690015178092	0.879	0.781	8.59321427771189e-143	16	PHPT1
1.31399634994615e-144	-1.08761871415848	0.952	0.971	3.94198904983846e-141	16	IFITM1
3.59380774916649e-144	0.323293108170539	0.998	0.982	1.07814232474995e-140	16	MYL6
2.53147972499954e-143	-0.588088184592107	0.297	0.692	7.59443917499862e-140	16	SYTL2
6.5926487258449e-142	0.535743841537704	0.769	0.648	1.97779461775347e-138	16	BCL2L1
2.05129181513693e-141	0.425420019437047	0.894	0.774	6.1538754454108e-138	16	YWHAE
3.33819989211241e-141	0.330193401615158	1	0.985	1.00145996763372e-137	16	PFN1
1.00492081247197e-139	0.416958194560283	0.703	0.623	3.01476243741592e-136	16	TRIB1
1.20061747183917e-139	0.582948253450191	0.88	0.898	3.6018524155175e-136	16	EPSTI1
1.33368764320928e-139	0.368751562694902	0.999	0.995	4.00106292962783e-136	16	TMSB10
6.37578417228624e-139	0.369066509573426	0.714	0.594	1.91273525168587e-135	16	POU2F2
2.29800720218127e-138	-0.520641497326326	0.459	0.72	6.8940216065438e-135	16	S1PR1
2.4066207170175e-138	0.277905122836395	0.746	0.655	7.21986215105249e-135	16	MTHFD1
5.81421401018336e-138	0.825413495198877	0.775	0.748	1.74426420305501e-134	16	ID3
8.39491298623255e-137	0.547189933012712	0.963	0.888	2.51847389586977e-133	16	CALR
1.82903698439032e-136	0.408217110730759	0.772	0.756	5.48711095317095e-133	16	MYL6B
2.43666222625239e-136	0.50220073394302	0.687	0.657	7.30998667875718e-133	16	VDR
4.9363910645459e-135	0.442001255837472	0.808	0.792	1.48091731936377e-131	16	HAVCR2
8.33483251510032e-135	0.487612025625185	0.884	0.757	2.5004497545301e-131	16	CMTM6
2.79209802579691e-134	0.46662343283871	0.897	0.805	8.37629407739074e-131	16	TPM4
5.32912609757904e-134	0.329494797641527	0.739	0.68	1.59873782927371e-130	16	INPP1
5.37914377337855e-134	0.549029612889441	0.743	0.721	1.61374313201357e-130	16	HAPLN3
6.97958714792098e-134	0.26350283703854	0.825	0.807	2.09387614437629e-130	16	CD38
1.85446968218517e-133	0.449568675554384	0.743	0.727	5.5634090465555e-130	16	ASB2
2.768064195337e-133	0.387875972155561	0.989	0.932	8.30419258601099e-130	16	LSP1
1.71813762283659e-132	-2.98516347928404	0.666	0.791	5.15441286850976e-129	16	NKG7
1.37592415808936e-131	0.618218825402611	0.875	0.819	4.12777247426808e-128	16	UGP2
1.79966339669278e-131	0.288681616825472	0.756	0.735	5.39899019007835e-128	16	MT1L
3.21314318728623e-131	0.426912031391232	0.948	0.907	9.63942956185869e-128	16	COX5A
9.97279787441472e-131	0.279192239369565	0.662	0.641	2.99183936232441e-127	16	STAC
1.31129473905193e-130	0.292260187343005	0.716	0.588	3.93388421715579e-127	16	IRF4
1.38175403741515e-130	0.357951556230991	0.976	0.927	4.14526211224545e-127	16	ATP5G3
2.03269626886941e-130	0.562310384969539	0.839	0.75	6.09808880660824e-127	16	SERPINB9
2.21693483875952e-130	-1.42869899187447	0.746	0.852	6.65080451627857e-127	16	CLEC2B
4.41245644999133e-130	-2.05951564155574	0.463	0.73	1.3237369349974e-126	16	GZMK
1.5053477241399e-129	0.454374110890232	0.963	0.873	4.51604317241969e-126	16	EZR
3.86291454266662e-129	0.48182783921332	0.866	0.803	1.15887436279999e-125	16	CTSB
1.08281550704578e-127	0.283882321794018	1	0.989	3.24844652113733e-124	16	ACTG1
2.02015423301401e-125	-0.564365673861572	0.454	0.699	6.06046269904204e-122	16	PLAC8
5.279045735712e-125	0.405459700315201	0.709	0.589	1.5837137207136e-121	16	SPATS2L
4.62192009065702e-123	-2.20037225170578	0.405	0.727	1.38657602719711e-119	16	CXCL13
7.53445540710652e-123	0.276747901333696	0.784	0.668	2.26033662213196e-119	16	SYT11
7.2419871343691e-122	0.283953725215717	0.755	0.625	2.17259614031073e-118	16	MCM5
8.59697927501346e-121	0.507506638766607	0.857	0.868	2.57909378250404e-117	16	MAL
1.43300573000876e-120	0.291440883779623	0.987	0.944	4.29901719002628e-117	16	SUB1
1.41309315287869e-119	0.322869063231017	0.87	0.805	4.23927945863606e-116	16	DECR1
1.64304357447827e-119	-0.282079144404223	0.366	0.679	4.9291307234348e-116	16	TMIGD2
2.18051372325545e-119	0.470460367684359	0.88	0.807	6.54154116976635e-116	16	ISG15
4.39744179438007e-119	0.277510095931168	0.987	0.935	1.31923253831402e-115	16	TPI1
1.01283347286901e-118	0.287729649410406	0.725	0.617	3.03850041860701e-115	16	MAPK13
1.4019232928474e-118	0.693549391463545	0.713	0.68	4.2057698785422e-115	16	LTA
1.41858192303832e-118	0.437339220384354	0.874	0.796	4.25574576911495e-115	16	CXCR6
4.15426522362843e-117	-0.294882622672295	0.248	0.647	1.24627956708853e-113	16	ZBTB10
4.24882045002848e-117	0.455785972671526	0.934	0.869	1.27464613500855e-113	16	TUBB
7.90316461812406e-117	0.470343413994533	0.732	0.634	2.37094938543722e-113	16	MAST4
2.75508950970391e-116	0.532262658603673	0.878	0.759	8.26526852911174e-113	16	HSPB1
4.41223740433594e-116	0.326540053954789	0.703	0.689	1.32367122130078e-112	16	METTL7A
4.76192517110797e-116	0.403244481551279	0.934	0.873	1.42857755133239e-112	16	PDIA6
2.09886014938652e-115	-1.22167313260336	0.888	0.938	6.29658044815956e-112	16	S100A10
5.31459415456606e-115	0.306068815116648	0.876	0.831	1.59437824636982e-111	16	MTHFD2
2.3908362936777e-113	0.285436993859394	0.82	0.779	7.17250888103311e-110	16	CKAP2
2.4558254560259e-113	0.352025279192945	0.96	0.915	7.36747636807769e-110	16	GNG5
1.7773171431328e-112	0.419758158739938	0.715	0.713	5.33195142939841e-109	16	LINC01281
6.66192494304285e-112	0.36366603013223	0.908	0.836	1.99857748291285e-108	16	SERPINB1
1.2313038193339e-111	0.356672120364738	0.779	0.782	3.69391145800169e-108	16	FAAH2
2.05849872301651e-111	0.320401680149376	0.931	0.838	6.17549616904953e-108	16	CSTB
1.59580958171528e-109	0.318335369730269	0.725	0.68	4.78742874514584e-106	16	GNA15
1.1440833405372e-108	0.326425248402582	0.675	0.5	3.4322500216116e-105	16	GRINA
2.56077820266826e-108	-0.733423514944546	0.638	0.752	7.68233460800478e-105	16	PTGER2
7.22064592868135e-108	-1.0311556571845	0.609	0.806	2.1661937786044e-104	16	ATF3
6.23517007971062e-107	0.487615918332591	0.869	0.831	1.87055102391319e-103	16	STAT1
7.22421930911005e-106	0.276157950864556	0.666	0.518	2.16726579273301e-102	16	DFNB31
1.04443700606727e-105	0.299884788404919	0.884	0.804	3.13331101820182e-102	16	AP2S1
8.30304431912388e-104	0.420253330613695	0.78	0.689	2.49091329573716e-100	16	HLA-DMA
1.64564345734986e-103	0.274974266504087	0.793	0.657	4.93693037204957e-100	16	P2RY10
1.76804165143329e-103	0.33713718245258	0.842	0.864	5.30412495429986e-100	16	MT1E
1.8558708402213e-102	0.50865698879626	0.743	0.743	5.5676125206639e-99	16	NDFIP2
3.52148980078565e-102	0.301333762479477	0.838	0.772	1.05644694023569e-98	16	COMT
4.65762391060004e-102	0.333044277610955	0.81	0.732	1.39728717318001e-98	16	IFI35
1.85449848988713e-101	0.314235320614792	0.861	0.763	5.56349546966139e-98	16	RPA3
1.8234967019305e-100	0.414176327028066	0.888	0.825	5.47049010579151e-97	16	TPR
2.09479845215498e-100	0.355756332242907	0.865	0.8	6.28439535646494e-97	16	CTSA
2.13031801983799e-100	-0.303358028769788	0.292	0.637	6.39095405951398e-97	16	LOC100996286
5.81747375608611e-99	-0.807341286440445	0.335	0.657	1.74524212682583e-95	16	KLRG1
6.50580245717369e-99	0.542176586941918	0.746	0.77	1.95174073715211e-95	16	IKZF2
7.35426926192812e-99	0.279661710214076	0.728	0.61	2.20628077857843e-95	16	APLP2
8.80061437740966e-99	0.406763397849818	0.89	0.752	2.6401843132229e-95	16	IRF1
3.21823564779965e-97	0.388098780460454	0.852	0.749	9.65470694339895e-94	16	PTPN6
3.97362413712227e-97	0.321267687849454	0.777	0.724	1.19208724113668e-93	16	PGM2L1
4.11680270225238e-97	0.286443261237333	0.769	0.731	1.23504081067572e-93	16	CENPM
6.89711602116096e-97	0.337808565544323	0.742	0.832	2.06913480634829e-93	16	CADM1
1.47863548804294e-96	-0.87865833336664	0.743	0.799	4.43590646412881e-93	16	FKBP11
1.66484375735318e-96	0.303986543859413	0.669	0.623	4.99453127205955e-93	16	ZC2HC1A
1.16662731508703e-95	0.345106299471735	0.871	0.802	3.49988194526109e-92	16	BTG3
4.85627391942461e-94	0.317466869699013	0.679	0.604	1.45688217582738e-90	16	ZNRF1
3.99132837196469e-93	0.294966239285199	0.923	0.876	1.19739851158941e-89	16	VDAC1
2.79909983861687e-91	-1.00201443473331	0.473	0.699	8.3972995158506e-88	16	PTGER4
3.29257008747056e-90	0.33923181330426	0.708	0.579	9.87771026241169e-87	16	NFKB2
2.65774328834423e-89	0.251691375567252	0.723	0.658	7.97322986503268e-86	16	STX11
4.474173582663e-89	0.412382775849672	0.868	0.786	1.3422520747989e-85	16	CREM
4.47832049974842e-89	0.317133333652373	0.784	0.738	1.34349614992453e-85	16	HERC5
1.82447529412402e-87	-1.14392650480851	0.386	0.658	5.47342588237206e-84	16	HOPX
2.64993424003517e-87	0.380272093915784	0.769	0.706	7.9498027201055e-84	16	TNFRSF25
3.2239411342457e-87	0.287921271867066	0.878	0.796	9.6718234027371e-84	16	BANF1
5.71201180446343e-86	0.265912128053281	0.761	0.676	1.71360354133903e-82	16	AP1S2
1.27038640066643e-85	0.270690023444737	0.613	0.576	3.81115920199929e-82	16	TNFRSF8
1.66082862703396e-84	0.251164215362392	0.88	0.824	4.98248588110188e-81	16	HN1
1.06972697441738e-83	0.42846109685775	0.869	0.845	3.20918092325214e-80	16	CD82
1.5203727758386e-82	-3.03087895346804	0.543	0.689	4.5611183275158e-79	16	CCL4
2.25948690322813e-81	0.263649176865786	0.887	0.838	6.77846070968439e-78	16	CCT6A
6.65777423944428e-81	-0.422581852860059	0.622	0.754	1.99733227183329e-77	16	NUCB2
9.88523863785683e-81	-0.541098693759973	0.275	0.633	2.96557159135705e-77	16	KLRC3
1.31066278546785e-80	0.35171234854672	0.918	0.882	3.93198835640356e-77	16	PPA1
6.1617350939145e-80	0.299503237075275	0.705	0.68	1.84852052817435e-76	16	TIAM1
7.44184070242364e-80	0.286940318233521	0.818	0.766	2.23255221072709e-76	16	SDF2L1
1.21460045294432e-79	-0.921169834019245	0.243	0.594	3.64380135883297e-76	16	KLRC1
3.83213044462568e-79	-1.45259259280202	0.539	0.674	1.1496391333877e-75	16	LOC101929531
4.26617967783749e-79	-0.543944673902336	0.334	0.63	1.27985390335125e-75	16	TCF7
9.39058345545153e-78	0.444273690649065	0.782	0.65	2.81717503663546e-74	16	REL
1.43919075897878e-77	0.255371246560136	0.637	0.576	4.31757227693633e-74	16	CCNG2
1.47100882762881e-77	-0.408048873945284	1	1	4.41302648288642e-74	16	EEF1A1
3.18867760146621e-77	0.445162173851656	0.739	0.695	9.56603280439863e-74	16	NAMPT
5.09304068534844e-77	0.302024081586893	0.748	0.678	1.52791220560453e-73	16	PAFAH1B3
1.1996714068845e-76	0.465409511200558	0.696	0.741	3.59901422065351e-73	16	FCRL3
3.07996182435684e-76	0.32047212235638	0.922	0.864	9.23988547307052e-73	16	HSPD1
1.56154381673685e-74	-0.424274296058835	0.59	0.741	4.68463145021056e-71	16	CH25H
1.05476775254223e-72	-0.86631777256058	0.322	0.628	3.1643032576267e-69	16	GLUL
1.46359231221744e-72	-0.444714156450768	0.531	0.746	4.39077693665232e-69	16	SGK1
5.42186000620069e-72	-1.28838001308772	0.33	0.627	1.62655800186021e-68	16	LOC101060038
2.111858798463e-71	0.268768863972679	0.613	0.652	6.33557639538899e-68	16	LRRC32
3.01418162548542e-71	0.251647989801958	0.926	0.87	9.04254487645627e-68	16	PRDM1
3.92243449775215e-71	0.319506109466206	0.732	0.656	1.17673034932565e-67	16	MAF
1.28601908521798e-70	0.265508294238344	0.862	0.812	3.85805725565393e-67	16	SNRPE
9.05036500833231e-70	0.289799635691701	0.817	0.811	2.71510950249969e-66	16	LOC100996809
2.00513151454769e-69	-1.79012323758029	0.467	0.646	6.01539454364307e-66	16	GZMH
5.49153650188118e-68	-0.959103210392327	0.401	0.637	1.64746095056435e-64	16	AOAH
7.94828796302345e-68	-0.485821425722082	0.438	0.656	2.38448638890703e-64	16	KLRC4
2.22983267205763e-66	-0.256754265714137	0.468	0.697	6.68949801617289e-63	16	AP3M2
1.24982448799904e-65	-0.513615481185943	0.398	0.648	3.74947346399713e-62	16	TNFSF8
3.94032710487334e-64	-1.11697938493445	0.692	0.787	1.182098131462e-60	16	TAGAP
4.07701419513131e-64	-0.251771506299409	0.274	0.615	1.22310425853939e-60	16	PECAM1
7.6489843214938e-63	0.276323546351139	0.772	0.711	2.29469529644814e-59	16	MAN2B1
1.5621704141262e-62	0.331235709613772	0.793	0.763	4.68651124237859e-59	16	MX1
1.93983624825158e-62	-0.460828124411302	0.647	0.726	5.81950874475474e-59	16	ABLIM1
2.01942771147214e-62	-1.4308015945243	0.69	0.772	6.05828313441642e-59	16	KLRB1
6.24053812092194e-61	0.382542848152164	0.909	0.841	1.87216143627658e-57	16	HSPA1A
4.17588057892411e-60	-0.41166009088481	0.565	0.782	1.25276417367723e-56	16	FABP5
9.95717652443132e-60	-0.275948563403717	0.599	0.708	2.9871529573294e-56	16	RIPK2
1.71861438907359e-59	-0.297815330945963	0.592	0.68	5.15584316722077e-56	16	PPP1R14B
1.09505053342956e-57	-0.647965635120279	0.437	0.657	3.28515160028869e-54	16	CAPG
7.53499212183179e-57	-0.437443629455754	0.522	0.683	2.26049763654954e-53	16	MYC
1.06267286668523e-56	0.279711439587028	0.691	0.63	3.18801860005569e-53	16	RAB11FIP1
5.05190700348465e-54	0.282374744628879	0.591	0.532	1.5155721010454e-50	16	TOX2
1.36917522225411e-53	-1.09479787667958	0.308	0.592	4.10752566676234e-50	16	KLRD1
7.12623529071882e-53	-0.553520113625329	0.69	0.716	2.13787058721565e-49	16	CLIC3
6.87054633712869e-52	-0.392282958519353	0.764	0.881	2.06116390113861e-48	16	HIST1H1D
4.34702397318836e-48	-0.322484757100588	0.485	0.619	1.30410719195651e-44	16	CPNE7
2.65194025325577e-47	0.25891154651195	0.649	0.61	7.95582075976732e-44	16	NINJ2
1.98551089349486e-46	-1.32851569047183	0.905	0.901	5.95653268048459e-43	16	IL7R
8.2541535262206e-45	-0.370130994330348	0.678	0.81	2.47624605786618e-41	16	PASK
1.52802676833042e-44	-1.41566076333206	0.549	0.659	4.58408030499127e-41	16	IFNG
2.6839084247941e-44	-0.581278100209097	0.528	0.655	8.0517252743823e-41	16	ERN1
9.88597069441341e-43	-0.93249398437303	0.541	0.662	2.96579120832402e-39	16	AREG
2.73198831297615e-41	-0.488838154775576	0.654	0.696	8.19596493892846e-38	16	NELL2
5.51258942503824e-41	-0.485539977159436	0.564	0.691	1.65377682751147e-37	16	TMEM107
1.31255761740741e-38	-0.286719299047231	0.226	0.567	3.93767285222223e-35	16	WDR86-AS1
1.88543041823652e-38	-1.43131771858184	0.5	0.613	5.65629125470955e-35	16	CCL3
7.5996743580137e-38	-0.687162041369199	1	1	2.27990230740411e-34	16	RNR2
1.26313283477066e-37	-0.907075432381916	0.974	0.979	3.78939850431198e-34	16	FOS
1.93641568407282e-36	-0.534415104381638	0.998	0.994	5.80924705221846e-33	16	RPLP0
1.25507911152743e-35	-0.259129047734723	0.503	0.635	3.76523733458228e-32	16	LOC102724850
1.03905051522191e-34	-0.32335043242061	0.509	0.665	3.11715154566572e-31	16	PXN
5.73172607621423e-34	-0.721573259988917	0.641	0.731	1.71951782286427e-30	16	PIK3R1
1.1757882935553e-33	-0.258101523540796	0.946	0.928	3.5273648806659e-30	16	MT2A
4.46311759790775e-33	-0.415219072603042	0.583	0.701	1.33893527937232e-29	16	TARSL2
1.30262775423402e-32	-0.423527516616448	0.318	0.572	3.90788326270206e-29	16	LMO4
1.68685500636015e-32	-0.335689631259618	0.6	0.678	5.06056501908046e-29	16	P2RY8
5.5399880127802e-32	-0.817327028455162	0.585	0.683	1.66199640383406e-28	16	AHNAK
4.37340044085232e-31	-0.258068917604229	0.491	0.644	1.3120201322557e-27	16	SH3BP5
1.81908019395092e-30	-0.708537594860072	0.294	0.567	5.45724058185276e-27	16	MATK
4.13935252069306e-30	-0.302139070326876	0.232	0.542	1.24180575620792e-26	16	CECR1
1.28009539402085e-29	-0.324550499703699	0.436	0.613	3.84028618206254e-26	16	BCL2A1
1.14159664351753e-28	-0.820367378411868	0.943	0.936	3.42478993055258e-25	16	CRIP1
4.84651739608699e-28	0.308436263642188	0.607	0.677	1.4539552188261e-24	16	CRADD
6.66697903787587e-28	-0.333808293441737	1	0.999	2.00009371136276e-24	16	COX2
1.70043591694123e-27	-0.275402368127373	0.239	0.537	5.10130775082369e-24	16	BACH2
1.08998894339353e-26	-0.790231612412854	0.691	0.709	3.26996683018058e-23	16	LYAR
1.38315869043911e-24	-0.484031739927549	0.618	0.727	4.14947607131732e-21	16	FAM65B
2.85059551873611e-24	-0.762142426272173	0.569	0.653	8.55178655620832e-21	16	KLF2
2.391972391926e-23	-0.254978174694718	0.467	0.61	7.175917175778e-20	16	KLF3
3.5892829718148e-23	-0.77413184039592	0.987	0.984	1.07678489154444e-19	16	ZFP36
3.75431312624121e-23	-0.480008124083834	0.717	0.806	1.12629393787236e-19	16	CCR7
4.98502509684487e-23	-0.418190608704324	0.209	0.531	1.49550752905346e-19	16	LINC00892
2.90308758529635e-22	-0.536976532990603	0.681	0.764	8.70926275588906e-19	16	RGS2
4.85910375271483e-22	-0.376346007762076	0.527	0.609	1.45773112581445e-18	16	LOC101929065
1.41751801080494e-21	-0.747457212459215	0.722	0.785	4.25255403241482e-18	16	ID2
3.06808545512013e-20	-0.895353826373397	0.825	0.838	9.20425636536038e-17	16	TUBA4A
5.44848929412738e-20	-1.16592208020313	0.496	0.587	1.63454678823821e-16	16	XCL1
7.90028199348794e-20	-0.582623705901129	1	0.998	2.37008459804638e-16	16	COX3
2.43703229024166e-19	-0.295445070685696	0.521	0.626	7.31109687072498e-16	16	LAIR1
2.89961210923238e-19	-0.704919832606019	0.326	0.55	8.69883632769714e-16	16	KLRK1
8.93253247799168e-18	-0.678752924500434	0.691	0.737	2.67975974339751e-14	16	NR3C1
9.98712719286108e-18	-0.26453359306353	0.859	0.79	2.99613815785832e-14	16	TUBB4B
6.07873068553402e-17	-0.506909968559176	0.615	0.681	1.82361920566021e-13	16	METTL12
6.37791185629351e-17	-0.510511421924737	0.635	0.711	1.91337355688805e-13	16	AMICA1
2.04450936911909e-16	-0.370804924038974	0.7	0.744	6.13352810735728e-13	16	PNP
1.50099528037544e-15	-0.399494262671431	0.5	0.606	4.50298584112631e-12	16	CDC25B
3.31359458558051e-15	-0.882530134608665	0.932	0.93	9.94078375674152e-12	16	S100A11
7.58212292189528e-15	-0.655287044444492	0.771	0.795	2.27463687656858e-11	16	TOB1
1.35629257993626e-14	-0.320523426017513	0.816	0.75	4.06887773980878e-11	16	CD63
2.3556950700786e-14	-0.442500860148058	0.996	0.983	7.0670852102358e-11	16	JUNB
3.06708811973595e-14	-0.268495300329393	0.585	0.665	9.20126435920786e-11	16	KIR2DL4
3.29426738744593e-14	-0.320208843137794	0.844	0.782	9.88280216233779e-11	16	LGALS1
1.00456107598729e-13	-0.697696355582012	0.776	0.789	3.01368322796186e-10	16	CD97
5.06940606506882e-13	-0.37591114311159	0.483	0.589	1.52082181952065e-09	16	SESN1
1.21188449897243e-12	-0.266736854431509	0.54	0.491	3.63565349691729e-09	16	SNORA78
1.3686697834685e-12	-0.268227582678767	0.431	0.57	4.1060093504055e-09	16	FASLG
1.47616349562819e-12	0.399235359315943	0.625	0.711	4.42849048688456e-09	16	CD70
1.79303954239161e-12	-0.842897784424751	0.918	0.912	5.37911862717482e-09	16	BTG2
2.68296714220825e-12	-0.56774185857126	0.719	0.794	8.04890142662475e-09	16	NOSIP
4.06629771540462e-12	-0.589454688443505	0.892	0.915	1.21988931462139e-08	16	HIST1H4C
4.66083281095479e-12	-0.321662742237992	0.318	0.541	1.39824984328644e-08	16	FGFBP2
8.34228566887461e-12	-0.325807514905403	0.544	0.574	2.50268570066238e-08	16	CRTAM
1.57884971586237e-11	-0.431595492398663	0.994	0.983	4.73654914758712e-08	16	TSC22D3
2.30150253988653e-11	-0.7196367469797	0.486	0.576	6.9045076196596e-08	16	CD40LG
5.91894904443659e-11	-0.429534487736767	0.484	0.588	1.77568471333098e-07	16	PAG1
7.58931301246125e-11	-0.872457429498065	0.999	1	2.27679390373837e-07	16	RNR1
1.15837823552549e-10	-0.329250444067395	0.653	0.687	3.47513470657648e-07	16	LPAR6
7.54830306680516e-10	-0.397600360825099	0.764	0.672	2.26449092004155e-06	16	CMC1
9.83515774180487e-10	-0.320563576975027	0.692	0.719	2.95054732254146e-06	16	CDC14A
2.19078275995606e-09	-0.4841958512919	0.697	0.758	6.57234827986817e-06	16	STMN1
3.332437828843e-09	-0.710371275410469	0.977	0.961	9.99731348652901e-06	16	KLF6
6.39890641216561e-09	-0.251550404281953	0.706	0.618	1.91967192364968e-05	16	IFNGR1
9.21804827274149e-09	-0.947928920044415	0.362	0.527	2.76541448182245e-05	16	XCL2
2.26197876156295e-08	-0.467878698343288	0.633	0.641	6.78593628468884e-05	16	BHLHE40
2.47651543521759e-08	-0.368605491383499	0.891	0.818	7.42954630565278e-05	16	TUBA1A
3.87420569740944e-08	-0.702301665117251	0.599	0.603	0.000116226170922283	16	ANKRD28
4.98186397681692e-08	-0.252244374738845	0.872	0.849	0.000149455919304508	16	ANXA2
6.27579720993341e-08	-0.805869415077129	0.671	0.681	0.000188273916298002	16	TNF
7.30289303014529e-08	-0.587713095782223	0.991	0.986	0.000219086790904359	16	PABPC1
2.29000582414221e-07	-0.265315680933758	0.985	0.972	0.000687001747242662	16	NFKBIA
2.33609607559035e-07	-0.281013098351621	0.579	0.59	0.000700828822677106	16	FXYD7
4.08865463159331e-06	-0.634439469839153	0.709	0.726	0.0122659638947799	16	C12orf75
5.37931167689471e-06	-0.299352640278	0.996	0.982	0.0161379350306841	16	HSPA8
7.08176321828657e-06	-0.351296738708299	0.747	0.708	0.0212452896548597	16	FLT3LG
1.16430156732897e-05	-0.505228201328594	0.993	0.977	0.0349290470198691	16	JUN
1.30135083364942e-05	-0.790339551686488	0.322	0.417	0.0390405250094827	16	CCL4L1
1.63554473456529e-05	-1.3828379692357	0.731	0.633	0.0490663420369587	16	GNLY
