p_val	avg_log2FC	pct.1	pct.2	p_val_adj	cluster	gene
0	2.69650875414408	0.988	0.669	0	12	CCL4
0	2.5224046367144	1	0.772	0	12	NKG7
0	2.45787904804877	0.977	0.615	0	12	GZMH
0	2.10056283245449	0.923	0.421	0	12	FCGR3A
0	2.05366392638138	0.902	0.505	0	12	FGFBP2
0	1.98692981413133	0.998	0.855	0	12	CST7
0	1.96260720414409	0.989	0.773	0	12	CTSW
0	1.92677066370289	0.985	0.62	0	12	AOAH
0	1.86914292764933	0.98	0.756	0	12	PRF1
0	1.86705921849282	0.863	0.45	0	12	PTGDS
0	1.83701327354809	0.952	0.592	0	12	TPST2
0	1.61204470711974	0.996	0.719	0	12	GZMB
0	1.50879001169492	1	0.998	0	12	ACTB
0	1.50326216355761	0.84	0.594	0	12	SPON2
0	1.49414844150018	0.969	0.867	0	12	LITAF
0	1.46886154819199	0.994	0.781	0	12	RTN4
0	1.46118255063704	0.887	0.353	0	12	CX3CR1
0	1.45629164677711	0.976	0.642	0	12	MAP3K8
0	1.45343499528124	0.931	0.602	0	12	CCL3
0	1.44568394241195	0.857	0.424	0	12	KLRF1
0	1.42541052161858	0.751	0.434	0	12	S1PR5
0	1.34764182304452	0.962	0.774	0	12	ID2
0	1.33100592479845	0.968	0.747	0	12	NR4A2
0	1.32867845238046	0.8	0.544	0	12	ZEB2
0	1.31878306746584	0.906	0.539	0	12	MATK
0	1.29255164799527	0.982	0.776	0	12	TNFRSF1B
0	1.22706831605507	0.85	0.629	0	12	KLRG1
0	1.22213929778885	0.982	0.845	0	12	CLEC2B
0	1.19193078352413	0.999	0.985	0	12	PPIA
0	1.19152682343959	0.997	0.801	0	12	CCL5
0	1.15127103922979	0.996	0.796	0	12	ATOX1
0	1.10231922607921	0.911	0.706	0	12	C12orf75
0	1.08570471202799	0.796	0.431	0	12	ADRB2
0	1.08167886284247	0.869	0.635	0	12	NCR3
0	1.06538595654007	0.982	0.678	0	12	CCND2
0	1.0540555818516	0.948	0.754	0	12	LAIR2
0	1.01467736471787	0.986	0.831	0	12	CARD16
0	1.00940325060204	1	0.985	0	12	PFN1
0	0.997851980170741	0.854	0.705	0	12	FLNA
0	0.983878059297578	1	0.989	0	12	ACTG1
0	0.969432097788531	0.987	0.799	0	12	ATP6V0D1
0	0.961568803163597	0.758	0.56	0	12	EFHD2
0	0.935707072445914	0.81	0.692	0	12	CLIC3
0	0.921908285607043	0.893	0.71	0	12	FAM65B
0	0.919674101144502	0.988	0.83	0	12	CCT6A
0	0.916510142896413	0.85	0.441	0	12	CCL4L2
0	0.893124584460229	0.794	0.519	0	12	KLRK1
0	0.846825357664253	0.983	0.742	0	12	H2AFY
0	0.841486170833085	0.947	0.777	0	12	CDK2AP2
0	0.840718370362968	0.903	0.744	0	12	KLRB1
0	0.837082939592428	0.978	0.775	0	12	CPNE3
0	0.828608281088448	0.965	0.91	0	12	UCP2
0	0.824097480509314	0.946	0.787	0	12	LGALS1
0	0.813001772971002	0.891	0.643	0	12	HSH2D
0	0.785167105564763	0.787	0.412	0	12	SH2D1B
0	0.778779623270762	0.984	0.743	0	12	IKZF2
0	0.776403945633389	0.997	0.982	0	12	CFL1
0	0.773857420911685	0.965	0.776	0	12	TAGAP
0	0.757767186079033	0.989	0.688	0	12	GTF2I
0	0.743319177664604	0.738	0.218	0	12	LOC101060789
0	0.736175085472116	0.998	0.67	0	12	SPAG16
0	0.731275236763692	0.997	0.961	0	12	S100A4
0	0.731204444113704	0.929	0.46	0	12	CD160
0	0.7223461090793	0.974	0.72	0	12	SH2D1A
0	0.695215711204115	0.97	0.771	0	12	SMS
0	0.691523032646934	0.96	0.84	0	12	EMP3
0	0.688949285434958	1	0.995	0	12	GAPDH
0	0.688761516500921	0.89	0.427	0	12	LILRB1
0	0.668233009397387	0.986	0.763	0	12	TMPO
0	0.66635644826976	0.796	0.521	0	12	MTSS1
0	0.659960884793474	0.981	0.745	0	12	RNASEH2B
0	0.658696861808219	0.892	0.668	0	12	AGTRAP
0	0.653440067171713	0.846	0.323	0	12	IGFBP7
0	0.651302137859294	0.863	0.52	0	12	CDKN2D
0	0.6448159677536	0.99	0.907	0	12	HIST1H4C
0	0.636948300086793	0.883	0.617	0	12	LAIR1
0	0.633308105356783	0.935	0.661	0	12	SRRT
0	0.62654507224115	0.983	0.658	0	12	CARS
0	0.625427905828893	0.997	0.72	0	12	BZW2
0	0.622312876822133	0.975	0.552	0	12	CRTAM
0	0.620598940741296	0.977	0.823	0	12	KDELR2
0	0.618708951625083	0.998	0.744	0	12	EIF4EBP1
0	0.612345627990766	0.967	0.588	0	12	HIST2H2BC
0	0.593480002886658	0.955	0.708	0	12	RNH1
0	0.592380128745407	0.949	0.759	0	12	APOBEC3G
0	0.590277903574665	0.848	0.563	0	12	ASCL2
0	0.584233848975579	0.971	0.741	0	12	BCAS2
0	0.575448113482487	0.972	0.75	0	12	APOBEC3C
0	0.563203259747675	0.926	0.735	0	12	ATP1B3
0	0.561639817711307	0.926	0.669	0	12	SNHG15
0	0.558088319268346	0.84	0.556	0	12	FCER1G
0	0.551643177109246	0.99	0.588	0	12	FBXO25
0	0.551063818255712	0.976	0.479	0	12	ERRFI1
0	0.547046468004718	0.995	0.674	0	12	CD70
0	0.543113932197413	0.924	0.686	0	12	USP11
0	0.543017778235886	0.998	0.98	0	12	SH3BGRL3
0	0.535524290587874	0.999	0.676	0	12	EZH2
0	0.532932653714534	0.975	0.641	0	12	TMIGD2
0	0.505221716711912	0.979	0.645	0	12	ALAS1
0	0.504027314770628	0.984	0.638	0	12	RNASEH2A
0	0.500889316642561	0.943	0.731	0	12	DDIT3
0	0.494125486396911	0.953	0.698	0	12	DNAJB9
0	0.489441831603287	0.94	0.657	0	12	FNDC3B
0	0.48862262919995	0.964	0.768	0	12	CTSS
0	0.470622596526042	0.987	0.764	0	12	HDLBP
0	0.467132809435243	0.97	0.768	0	12	COMT
0	0.466899387521408	0.976	0.643	0	12	SCPEP1
0	0.46472814830644	0.991	0.735	0	12	HIST1H2AM
0	0.459689383821841	0.949	0.604	0	12	ABHD2
0	0.455688601471087	0.985	0.808	0	12	PIM2
0	0.433825331230429	0.797	0.329	0	12	SIGLEC7
0	0.430840611377875	0.974	0.795	0	12	GSTO1
0	0.430294576594583	0.979	0.628	0	12	HIST1H4F
0	0.413225230683279	0.964	0.667	0	12	CDK6
0	0.405304879838194	0.986	0.783	0	12	ITGAE
0	0.399224438646486	0.977	0.628	0	12	SPTBN1
0	0.398424765803193	0.995	0.573	0	12	CDHR3
0	0.383661418161633	0.878	0.61	0	12	APLP2
0	0.380713710427541	0.897	0.674	0	12	RIN3
0	0.380042299733751	0.923	0.68	0	12	SKAP2
0	0.376839039378161	0.871	0.589	0	12	DPEP2
0	0.368428465070364	0.941	0.604	0	12	HIST3H2A
0	0.366211298434459	0.989	0.765	0	12	PLSCR1
0	0.36357058344126	0.846	0.523	0	12	FAM46A
0	0.362740337116883	0.951	0.611	0	12	GNLY
0	0.360876642741685	0.985	0.475	0	12	PDGFRB
0	0.359882507683825	0.999	0.791	0	12	HIST1H1B
0	0.359869557472325	0.977	0.587	0	12	LOC102723797
0	0.356801292257283	0.878	0.553	0	12	RP9
0	0.352748704229445	0.972	0.654	0	12	KLRC2
0	0.352617507217798	0.962	0.546	0	12	DDAH2
0	0.351797864480156	0.912	0.588	0	12	NUAK2
0	0.3499813454917	0.954	0.499	0	12	GNAO1
0	0.349159728908217	0.982	0.587	0	12	DUS4L
0	0.348439236470427	0.907	0.688	0	12	SUPT16H
0	0.344529215864251	0.921	0.556	0	12	C8orf33
0	0.337388733552784	0.978	0.611	0	12	GAA
0	0.334203125737438	0.966	0.79	0	12	GZMA
0	0.33132679006136	0.924	0.553	0	12	HDHD2
0	0.329917704350839	0.971	0.603	0	12	ATP2A2
0	0.327647433133186	0.889	0.489	0	12	PIM3
0	0.327467368274836	0.754	0.654	0	12	RAMP1
0	0.326805619807366	0.959	0.551	0	12	CMSS1
0	0.325296381172224	0.967	0.597	0	12	GFOD1
0	0.318007129090947	0.898	0.628	0	12	RMDN3
0	0.316238760275387	0.995	0.42	0	12	EMR2
0	0.313955363827717	0.964	0.654	0	12	MCM6
0	0.311109802560481	0.814	0.682	0	12	LOC100288798
0	0.309652655305083	0.901	0.432	0	12	DBN1
0	0.307959958316036	0.898	0.626	0	12	TMEM106C
0	0.306932378882496	0.895	0.62	0	12	MSMO1
0	0.302521596084918	0.959	0.8	0	12	CADM1
0	0.300650161568736	0.954	0.589	0	12	SLC1A4
0	0.296624274983622	0.798	0.57	0	12	CXXC5
0	0.292849985541966	0.938	0.704	0	12	KPNA2
0	0.291034819424376	0.885	0.622	0	12	NSRP1
0	0.28963426978619	0.932	0.491	0	12	TNFSF14
0	0.287033311120776	1	0.519	0	12	SERPINF1
0	0.285052613462912	0.949	0.775	0	12	GBP1
0	0.282116983564101	0.894	0.502	0	12	DPYSL2
0	0.275584884196487	0.92	0.615	0	12	GLA
0	0.270847688307965	0.861	0.588	0	12	LOC101929065
0	0.270392081401995	0.98	0.637	0	12	NAGA
0	0.264485991095047	0.961	0.619	0	12	RFC4
0	0.257785056981646	0.739	0.46	0	12	NCAM1
0	0.257035885236576	0.996	0.6	0	12	KIAA1524
0	0.256461190323018	0.927	0.583	0	12	OGFRL1
0	0.255093011067306	0.955	0.572	0	12	AVPI1
0	0.254385755300276	0.998	0.669	0	12	HMMR
0	0.250550384837123	0.927	0.707	0	12	LIMA1
0	0.250404074981156	0.981	0.57	0	12	UNC93B1
0	-0.252856448979022	0.102	0.558	0	12	LOC101927789
0	-0.253048678528066	0.923	0.435	0	12	C1QC
0	-0.256807965792977	0.416	0.716	0	12	LMNB1
0	-0.258022432181308	0.749	0.615	0	12	LINC01272
0	-0.259735954121822	0.185	0.611	0	12	PHLDA2
0	-0.26149811593855	0.006	0.46	0	12	KIF11
0	-0.262594615901907	0.04	0.659	0	12	GRASP
0	-0.264145714577175	0.503	0.703	0	12	CCL20
0	-0.265069836514832	0.911	0.613	0	12	DERL3
0	-0.265161934995326	0.153	0.67	0	12	RDX
0	-0.265205178704294	0.145	0.516	0	12	TFDP1
0	-0.265524535245973	0.173	0.573	0	12	VAT1
0	-0.266695663910813	0.24	0.764	0	12	MYL6B
0	-0.275027511936292	0.322	0.625	0	12	LOC102724850
0	-0.275156788307212	0.291	0.643	0	12	NCOA7
0	-0.275173594016423	0.124	0.522	0	12	PLK2
0	-0.277954480043694	0.128	0.57	0	12	BTLA
0	-0.280829139710834	0.094	0.439	0	12	ENC1
0	-0.282890289666013	0.271	0.587	0	12	RUNX2
0	-0.285158016544783	0.479	0.854	0	12	IL1R2
0	-0.285946847149665	0.275	0.675	0	12	HIST1H2AC
0	-0.28925629274816	0.174	0.639	0	12	MAST4
0	-0.290419807648672	0.095	0.688	0	12	TIAM1
0	-0.29066239085703	0.126	0.616	0	12	BACH1
0	-0.294555263329475	0.261	0.626	0	12	PECAM1
0	-0.2956700167217	0.21	0.438	0	12	FGL2
0	-0.299758113884084	0.571	0.795	0	12	STAM
0	-0.300550765242886	0.191	0.566	0	12	WDR54
0	-0.301053601526992	0.133	0.64	0	12	CTNNA1
0	-0.305176752593506	0.093	0.608	0	12	SPATS2L
0	-0.308154318453626	0.038	0.433	0	12	KLF4
0	-0.311723990844911	0.516	0.782	0	12	IFI44L
0	-0.318001587590659	0.218	0.609	0	12	BAG3
0	-0.321714885880641	0.311	0.746	0	12	HERC5
0	-0.322221109863572	0.154	0.584	0	12	MX2
0	-0.327667315954376	0.135	0.456	0	12	EDARADD
0	-0.334350778532201	0.007	0.475	0	12	BBS12
0	-0.343292022300959	0.082	0.589	0	12	ARHGAP5
0	-0.348958481043594	0.508	0.763	0	12	ADK
0	-0.356459106075806	0.126	0.604	0	12	NIF3L1
0	-0.360091584828027	0.211	0.458	0	12	MYBL1
0	-0.361343522040118	0.225	0.644	0	12	FCGRT
0	-0.362265403704515	0.299	0.642	0	12	HEXA
0	-0.363256244230991	0.185	0.645	0	12	RAB11FIP1
0	-0.367130031200571	0.19	0.603	0	12	DNASE2
0	-0.372166158739296	0.317	0.658	0	12	ERN1
0	-0.375893241090071	0.352	0.721	0	12	ADI1
0	-0.377176552243985	0.365	0.704	0	12	ATP2B1
0	-0.382937161890374	0.163	0.643	0	12	MS4A6A
0	-0.383784040625967	0.265	0.669	0	12	MFSD1
0	-0.391515795282452	0.312	0.74	0	12	SMCO4
0	-0.39155136958093	0.181	0.665	0	12	TCTN3
0	-0.397710143450013	0.217	0.683	0	12	CD59
0	-0.399792504227753	0.184	0.551	0	12	PTPRE
0	-0.404139828261282	0.244	0.719	0	12	IFI44
0	-0.406208500720639	0.031	0.194	0	12	FCN1
0	-0.426582900135803	0.11	0.435	0	12	KLRAP1
0	-0.432934992021746	0.263	0.688	0	12	SESN3
0	-0.441254459923353	0.098	0.519	0	12	RFWD2
0	-0.451510907719774	0.116	0.58	0	12	LRPPRC
0	-0.462001133576069	0.117	0.626	0	12	BLVRB
0	-0.466140662366421	0.318	0.646	0	12	PFKFB3
0	-0.475326026457512	0.743	0.873	0	12	RTKN2
0	-0.48745323707343	0.558	0.763	0	12	MAGEH1
0	-0.497035514600095	0.098	0.56	0	12	SYVN1
0	-0.515936002618248	0.331	0.669	0	12	REL
0	-0.518849606444718	0.027	0.417	0	12	TCF7L2
0	-0.521379216999085	0.047	0.692	0	12	PPP1R14B
0	-0.521751429925469	0.253	0.608	0	12	RANBP2
0	-0.524519947531639	0.459	0.723	0	12	CD68
0	-0.530555488619076	0.247	0.649	0	12	TUBA1C
0	-0.557785742739098	0.15	0.57	0	12	MXD1
0	-0.558316115861802	0.188	0.648	0	12	NINJ1
0	-0.559893691615074	0.137	0.628	0	12	PTTG1IP
0	-0.560349517217724	0.459	0.791	0	12	RILPL2
0	-0.571134880289966	0.121	0.532	0	12	SLC7A5
0	-0.575204521905496	0.602	0.737	0	12	CH25H
0	-0.577442864934055	0.18	0.73	0	12	NUDT1
0	-0.586185211836417	0.077	0.642	0	12	MCM5
0	-0.594136749161895	0.223	0.577	0	12	RAPGEF6
0	-0.594684998086799	0.193	0.667	0	12	CNIH4
0	-0.599796657980587	0.255	0.756	0	12	RNF13
0	-0.600176043144266	0.159	0.71	0	12	TNFRSF25
0	-0.603322012201001	0.149	0.669	0	12	THEMIS2
0	-0.612896133148737	0.221	0.689	0	12	GRN
0	-0.613080927785525	0.29	0.776	0	12	MX1
0	-0.62713472983159	0.527	0.736	0	12	LEF1
0	-0.627519943443159	0.122	0.63	0	12	LOC100130476
0	-0.634631472741896	0.341	0.689	0	12	NELL2
0	-0.642852376527483	0.136	0.631	0	12	PER1
0	-0.651595009408941	0.242	0.789	0	12	RALA
0	-0.663226804223542	0.315	0.827	0	12	CTSH
0	-0.66832096408248	0.16	0.786	0	12	XAF1
0	-0.674838880728325	0.223	0.741	0	12	MANF
0	-0.676549049374305	0.274	0.697	0	12	LOC101928173
0	-0.678511098444445	0.531	0.839	0	12	IFI6
0	-0.686447636143959	0.208	0.728	0	12	CD28
0	-0.695243083567013	0.388	0.764	0	12	SNRPD1
0	-0.706051018639523	0.219	0.753	0	12	IFI35
0	-0.707238286626938	0.174	0.738	0	12	MAN2B1
0	-0.708780851123586	0.198	0.767	0	12	PTRHD1
0	-0.711359402692918	0.187	0.649	0	12	CARHSP1
0	-0.71222340887835	0.681	0.89	0	12	PPA1
0	-0.71634551863378	0.075	0.563	0	12	LST1
0	-0.729119647382322	0.02	0.763	0	12	MGST2
0	-0.732006398490471	0.609	0.749	0	12	SGK1
0	-0.733322026335985	0.07	0.469	0	12	LOC101929734
0	-0.751132910874163	0.836	0.855	0	12	MAL
0	-0.756871372769547	0.18	0.709	0	12	TARSL2
0	-0.765971628777089	0.726	0.811	0	12	TMEM14C
0	-0.769846363373078	0.828	0.932	0	12	TNFSF13B
0	-0.770832704049522	0.279	0.718	0	12	HLA-DMA
0	-0.783722464184363	0.038	0.695	0	12	GPATCH4
0	-0.79295169849603	0	0.699	0	12	POU2AF1
0	-0.80476444304032	0.455	0.841	0	12	STAT1
0	-0.80505485527361	0.357	0.762	0	12	G3BP2
0	-0.815688401171112	0.338	0.905	0	12	ENTPD1
0	-0.818506975438206	0.162	0.384	0	12	PTGDR
0	-0.842945286173882	0.056	0.611	0	12	QSOX1
0	-0.848854657404907	0.02	0.514	0	12	DAPK2
0	-0.849647656393162	0.364	0.773	0	12	GBP5
0	-0.850931944824412	0.049	0.576	0	12	FXYD1
0	-0.864677012155965	0.048	0.676	0	12	ARL3
0	-0.874355593974857	0.404	0.802	0	12	TOB1
0	-0.899578696256192	0.393	0.736	0	12	BAX
0	-0.906256319456391	0.098	0.641	0	12	JARID2
0	-0.943788816547704	0.375	0.806	0	12	CCR7
0	-0.952222235039441	0.067	0.652	0	12	TNFSF8
0	-0.953129232121065	0.946	0.419	0	12	S100A8
0	-0.977688321406368	0.285	0.698	0	12	PIM1
0	-0.982596545531725	0.253	0.768	0	12	HIF1A
0	-0.993369836565332	0.105	0.676	0	12	CFAP97
0	-1.00273173533021	0.204	0.711	0	12	LYST
0	-1.03574543025966	0.486	0.823	0	12	CTSB
0	-1.06414589885021	0.148	0.772	0	12	CCT5
0	-1.08459272057974	0.086	0.604	0	12	PAG1
0	-1.09527987313187	0.193	0.472	0	12	S100A9
0	-1.09815065973147	0.909	0.862	0	12	CTLA4
0	-1.0993908847567	0.519	0.826	0	12	TNFRSF4
0	-1.10465234406736	0.415	0.85	0	12	NAP1L1
0	-1.12093539307452	0.663	0.899	0	12	HERPUD1
0	-1.18282329111513	0.265	0.756	0	12	NFKBIZ
0	-1.22114212673695	0.005	0.299	0	12	LOC102723407
0	-1.22926566094527	0.987	0.994	0	12	RPLP0
0	-1.24410363454626	0.206	0.793	0	12	BIRC3
0	-1.30546148724211	0.959	0.575	0	12	LOC102725018
0	-1.38725031103445	0.494	0.843	0	12	H2AFZ
0	-1.40068122282337	0.668	0.909	0	12	PPP1R15A
0	-1.42643165230873	0.643	0.86	0	12	HSPA1B
0	-1.4266179578778	0.772	0.902	0	12	DUSP1
0	-1.50008161755262	0.456	0.83	0	12	GPX4
0	-1.50930888331823	0.653	0.85	0	12	HSPA1A
0	-1.52010409616439	0.365	0.763	0	12	FOSB
0	-1.55986870653255	0.99	0.554	0	12	LYZ
0	-1.68960828344053	0.261	0.811	0	12	LINC00152
0	-1.85661571017114	0.616	0.958	0	12	LDHA
0	-1.9903983376622	0.882	0.976	0	12	NFKBIA
0	-2.18153565634758	0.1	0.763	0	12	LOC100293211
0	-2.21603181985101	0.561	0.897	0	12	IL7R
0	-2.36271795362757	0.637	0.903	0	12	LTB
0	-2.44579584664971	0.103	0.857	0	12	IGJ
6.70091529256949e-306	0.35569190530915	0.841	0.609	2.01027458777085e-302	12	CAPNS1
1.83678010032214e-305	0.79743964586864	0.988	0.925	5.51034030096643e-302	12	ATP5G3
6.5663886756496e-302	-0.299390417888814	0.466	0.682	1.96991660269488e-298	12	PAFAH1B3
1.70063617044846e-298	-0.353028246452767	0.52	0.722	5.10190851134539e-295	12	GALNT2
4.14431483920906e-298	0.556666136025039	0.981	0.938	1.24329445176272e-294	12	IFITM2
1.82754063010119e-296	-1.42564348894989	0.898	0.941	5.48262189030358e-293	12	DNAJB1
3.6698253292552e-295	0.784355372995942	0.858	0.661	1.10094759877656e-291	12	CMC1
4.37062517005258e-295	0.549390934955271	0.965	0.837	1.31118755101577e-291	12	C1QBP
8.20811176574639e-295	0.805730971214264	0.959	0.854	2.46243352972392e-291	12	PRDM1
3.41364759371712e-294	1.0755472177831	0.782	0.691	1.02409427811514e-290	12	PLAC8
2.21793199280468e-291	-0.330034126397354	0.673	0.828	6.65379597841403e-288	12	NGFRAP1
6.30174519667385e-291	-0.576051624280027	0.442	0.777	1.89052355900215e-287	12	IDH2
4.31112963850356e-290	-0.379809776907644	0.511	0.803	1.29333889155107e-286	12	PRDX3
2.99010108013994e-289	-0.297540739270264	0.534	0.744	8.97030324041982e-286	12	SHMT2
3.05293421516156e-288	0.647205058841581	0.895	0.809	9.15880264548469e-285	12	ITGB2
3.31376445806611e-288	-0.544418933258907	0.37	0.678	9.94129337419834e-285	12	METTL12
5.51290819529942e-286	0.67460784873971	0.964	0.77	1.65387245858983e-282	12	LRRFIP1
1.03728684614542e-285	-0.435876052260387	0.416	0.728	3.11186053843627e-282	12	PLIN2
1.62435187940843e-284	-0.902067912908429	0.436	0.661	4.87305563822529e-281	12	CDKN1A
7.98515789075493e-284	-0.347247566542625	0.399	0.701	2.39554736722648e-280	12	TXNDC17
5.59070772802329e-283	-1.25484161135803	0.779	0.934	1.67721231840699e-279	12	SSR4
4.29767374646257e-282	-0.80461527474623	0.594	0.818	1.28930212393877e-278	12	ISG15
1.93500423046393e-280	-0.723979779264318	0.536	0.76	5.80501269139178e-277	12	TRAT1
3.98905083077095e-275	-0.403042114828533	0.35	0.636	1.19671524923128e-271	12	TRAF1
1.15009678690685e-273	0.536541240799598	0.999	0.983	3.45029036072055e-270	12	MYL6
7.51616361579406e-273	-1.30935911983933	0.782	0.853	2.25484908473822e-269	12	GPX1
1.1838902452522e-272	0.508848943779673	0.872	0.626	3.55167073575659e-269	12	ILF3-AS1
5.11734440013954e-272	-0.771226048004465	0.999	0.998	1.53520332004186e-268	12	RPS8
6.17642888100851e-272	0.399981659547858	0.951	0.846	1.85292866430255e-268	12	MT1E
6.1800577992188e-272	-0.731474066095312	0.503	0.78	1.85401733976564e-268	12	IGFLR1
3.53822048600108e-271	0.811945068380813	0.972	0.883	1.06146614580032e-267	12	DBI
1.3998525133009e-270	-0.319129929359465	0.36	0.656	4.1995575399027e-267	12	MAF
1.63897627474102e-268	-0.931766303266925	0.582	0.823	4.91692882422306e-265	12	LOC100996809
1.66147263709457e-266	0.560944379766631	0.889	0.678	4.9844179112837e-263	12	RUNX3
7.91115692623443e-266	-0.847698604163235	0.966	0.886	2.37334707787033e-262	12	DNPH1
2.21568065891684e-263	-0.33376282233087	0.707	0.749	6.64704197675051e-260	12	GK
5.02652613201066e-262	-1.07141620563847	0.914	0.966	1.5079578396032e-258	12	LDHB
6.54741617834845e-262	-0.2629492716296	0.129	0.444	1.96422485350454e-258	12	NCF1C
8.24553760540518e-259	-0.301678557395211	0.397	0.681	2.47366128162155e-255	12	ANP32E
1.17839541315615e-257	-0.319529510145157	0.473	0.681	3.53518623946846e-254	12	SERINC5
2.47049132712841e-256	0.586472850244404	0.959	0.78	7.41147398138523e-253	12	DEK
1.00902803188121e-251	0.813021146774148	0.942	0.865	3.02708409564364e-248	12	HSP90B1
8.70974696948535e-251	-0.277857909381918	0.703	0.747	2.61292409084561e-247	12	LOC102724246
6.3506625242489e-250	-1.2610255542503	0.689	0.852	1.90519875727467e-246	12	ALOX5AP
1.39407252845523e-249	-0.888304369669136	0.377	0.612	4.18221758536569e-246	12	LOC101060038
4.88103082004117e-246	-0.486564820231482	0.9	0.802	1.46430924601235e-242	12	SNX9
1.09807954384681e-244	-1.08766136130248	0.892	0.944	3.29423863154043e-241	12	TNFAIP3
3.1567593261287e-244	-0.359981024385869	0.427	0.728	9.47027797838609e-241	12	MGAT1
7.245355826177e-243	0.760471386184787	0.932	0.831	2.1736067478531e-239	12	SH2D2A
5.19729252893203e-241	-0.773612521114075	0.685	0.805	1.55918775867961e-237	12	RBPJ
1.40105449390677e-239	1.12326608167122	0.699	0.475	4.20316348172031e-236	12	GPR56
4.76428830931125e-239	-0.697606235665616	0.231	0.617	1.42928649279338e-235	12	SERPINA1
2.46866089384253e-238	-0.251401764574801	0.657	0.719	7.40598268152759e-235	12	CENPM
4.04516423928289e-236	0.820742765220269	0.763	0.64	1.21354927178487e-232	12	SH3BP5
1.84010212141426e-233	0.469822411896192	0.762	0.507	5.52030636424279e-230	12	LAMP1
2.55636589778162e-233	-0.731757876071141	0.492	0.763	7.66909769334487e-230	12	IRF1
1.31602708731182e-231	0.536079530840489	0.849	0.609	3.94808126193547e-228	12	RNA45S5
2.92808924344443e-229	-0.324533268308796	0.45	0.705	8.78426773033328e-226	12	TESPA1
6.82942658047655e-226	-0.663498437023263	0.744	0.774	2.04882797414296e-222	12	MZB1
5.07560268871486e-225	0.527640602264334	0.952	0.799	1.52268080661446e-221	12	SDCBP
2.64515547608805e-224	-0.284299015333981	0.574	0.686	7.93546642826416e-221	12	CYSTM1
5.76067784960083e-224	0.532492011347228	0.804	0.645	1.72820335488025e-220	12	KLF2
8.23841364696123e-222	-0.472336458550746	0.165	0.533	2.47152409408837e-218	12	NCF1
7.14555688223101e-220	1.00214319493333	0.718	0.607	2.1436670646693e-216	12	PLEK
7.25230012810434e-220	-0.435979033014253	0.441	0.725	2.1756900384313e-216	12	IFRD1
8.19710265797105e-218	0.632756126452833	0.947	0.86	2.45913079739131e-214	12	GSTP1
1.44689010131563e-217	0.347192649983641	0.82	0.605	4.34067030394689e-214	12	PLA2G16
1.69444577345398e-215	-0.34718910488146	0.332	0.52	5.08333732036194e-212	12	LINC00892
2.76875652670221e-215	0.666556825253295	0.941	0.838	8.30626958010663e-212	12	HSPA5
7.58887583328845e-213	0.681935879143651	0.792	0.666	2.27666274998654e-209	12	P2RY8
2.23037465745716e-206	-0.991990925261124	0.849	0.783	6.69112397237149e-203	12	GPR183
3.25981514224203e-205	0.460446820734658	0.976	0.8	9.7794454267261e-202	12	ITM2A
3.75463767549422e-205	-0.321643279432697	0.382	0.642	1.12639130264827e-201	12	NABP1
3.62252254336668e-203	-0.91099028011504	0.744	0.877	1.08675676301e-199	12	PKM
5.26322391781131e-201	0.433355039730653	0.83	0.626	1.57896717534339e-197	12	B4GALT1
1.35456279944817e-200	0.631742713631108	0.766	0.595	4.0636883983445e-197	12	CDC25B
9.77286887153621e-200	0.269384627892426	0.916	0.833	2.93186066146086e-196	12	IFITM3
7.31518055313012e-198	-0.486870734376476	0.619	0.771	2.19455416593904e-194	12	IRF7
1.02762642843844e-197	0.272035082431372	0.762	0.482	3.08287928531532e-194	12	MTRNR2L8
1.79884045695746e-197	-0.311142664078967	0.971	0.613	5.39652137087239e-194	12	ITM2C
1.80094193167575e-196	0.518087877676308	0.934	0.807	5.40282579502726e-193	12	AP2S1
2.38156740349837e-196	0.651155811979957	0.992	0.928	7.14470221049512e-193	12	DDIT4
7.23813679679188e-196	0.756275115087992	0.778	0.657	2.17144103903756e-192	12	STARD3NL
4.42915694150617e-192	0.655333820781503	0.934	0.842	1.32874708245185e-188	12	SAMHD1
1.19679467952032e-190	0.321801551194649	0.662	0.476	3.59038403856095e-187	12	RASSF4
5.09859572957566e-189	-0.287017084135218	0.338	0.614	1.5295787188727e-185	12	VOPP1
1.08852730546334e-188	-0.367923460717257	0.864	0.746	3.26558191639001e-185	12	GPR25
3.12763690667038e-188	0.528481380460166	0.858	0.669	9.38291072001114e-185	12	PTPN22
1.57360585570747e-187	-0.328204488634669	0.455	0.681	4.7208175671224e-184	12	SMIM3
1.03146453975892e-185	-0.712320381653825	0.723	0.878	3.09439361927675e-182	12	TXN
9.55016928397971e-184	-0.258124118647981	0.472	0.67	2.86505078519391e-180	12	APOBEC3H
4.54985449209027e-183	0.724178984816439	0.81	0.699	1.36495634762708e-179	12	LYAR
2.00252646082983e-182	0.2715991114273	0.985	0.883	6.0075793824895e-179	12	PMAIP1
2.58072428851106e-179	-0.366011245413827	0.442	0.66	7.74217286553317e-176	12	MARCKSL1
1.02087062781658e-178	-0.307340619081641	0.752	0.668	3.06261188344973e-175	12	SPI1
2.35623915242685e-178	-0.321595435060255	0.84	0.561	7.06871745728054e-175	12	KLRC1
9.26223127079193e-178	-0.301104733475724	0.522	0.752	2.77866938123758e-174	12	TOX
4.70803079920409e-176	0.339724684953327	0.97	0.869	1.41240923976123e-172	12	TALDO1
1.75662290251325e-175	-0.7923363811861	0.591	0.779	5.26986870753975e-172	12	TIMP1
3.27864056436544e-175	-0.771522877765927	0.817	0.828	9.83592169309631e-172	12	TNFRSF18
4.90028558759764e-174	-0.580186130468417	0.468	0.707	1.47008567627929e-170	12	FLT3LG
5.574010831541e-174	-0.69247367514671	0.484	0.665	1.6722032494623e-170	12	ICOS
5.63047114576847e-169	-0.310386904890956	0.88	0.756	1.68914134373054e-165	12	FAAH2
6.83844602537223e-169	-0.89570858313721	0.678	0.858	2.05153380761167e-165	12	HMGN2
1.93008931596661e-168	-0.398972924097684	1	0.999	5.79026794789984e-165	12	RPS12
4.8804579993608e-168	-1.50930223375216	0.972	0.982	1.46413739980824e-164	12	CD74
7.76211217946909e-168	-0.371232716293139	0.574	0.766	2.32863365384073e-164	12	RPA3
1.52690617405914e-167	-0.600174294163648	0.534	0.677	4.58071852217742e-164	12	ZNF331
2.34075797443208e-167	0.284206730234698	0.873	0.702	7.02227392329623e-164	12	SMC1A
1.12039568265716e-166	-0.392524487236388	0.616	0.839	3.36118704797149e-163	12	VAMP5
3.75887627235124e-166	-0.992113271958418	0.983	0.983	1.12766288170537e-162	12	VIM
6.83883312005127e-164	-0.335440051093962	0.472	0.712	2.05164993601538e-160	12	MRPL18
4.04116865160832e-163	-1.14081050267342	0.857	0.936	1.2123505954825e-159	12	S100A11
3.0106174633344e-162	0.666929451587293	0.843	0.745	9.03185239000321e-159	12	HMGN3
4.64530705493321e-162	0.368924476803809	0.993	0.958	1.39359211647996e-158	12	CORO1A
1.48715854444276e-160	0.27710744524011	0.945	0.801	4.46147563332829e-157	12	SNRPE
6.47143424967065e-158	0.753194836536618	0.674	0.507	1.9414302749012e-154	12	TTC38
7.86967534038398e-156	-0.521616696054578	0.99	0.839	2.36090260211519e-152	12	FOXP3
8.82409285837777e-156	0.445408068668651	0.928	0.814	2.64722785751333e-152	12	C19orf10
1.78605598196891e-154	-0.736173736637429	0.667	0.833	5.35816794590674e-151	12	CYCS
4.59736616523312e-154	-0.67587204986201	0.808	0.767	1.37920984956994e-150	12	AQP3
8.27100627311477e-153	-0.275685785613639	0.684	0.809	2.48130188193443e-149	12	IMPDH2
9.9111337781846e-150	0.320463599661323	0.964	0.804	2.97334013345538e-146	12	TPM4
1.17442574209623e-149	-0.279661277518579	0.461	0.626	3.52327722628868e-146	12	CHN1
5.39841118704125e-148	0.530310889655688	0.863	0.721	1.61952335611238e-144	12	TMEM2
9.74997307521522e-145	-0.353961675209539	0.488	0.73	2.92499192256457e-141	12	GLIPR2
1.00035762799147e-141	-0.395636806839542	0.466	0.636	3.00107288397441e-138	12	ARL4A
9.7216047416224e-138	-0.959005304190475	0.714	0.823	2.91648142248672e-134	12	CLDND1
1.81619483415906e-137	-0.374933563140863	0.938	0.891	5.44858450247719e-134	12	EPSTI1
4.82884868575623e-137	-0.487489684927064	0.715	0.762	1.44865460572687e-133	12	CD4
1.37996624605758e-135	-0.439288196414335	0.357	0.57	4.13989873817274e-132	12	DNAJB4
1.71997256822453e-135	-0.256715212929411	0.477	0.691	5.15991770467358e-132	12	PPP1R10
9.83947403173325e-135	-0.758505721875907	0.746	0.864	2.95184220951998e-131	12	TSPO
2.02085813641925e-131	0.537727548596495	0.946	0.826	6.06257440925776e-128	12	SQSTM1
3.68298746407397e-130	0.398958919622024	0.675	0.521	1.10489623922219e-126	12	SYNGR1
4.74540679335228e-129	0.549736485078208	0.748	0.637	1.42362203800568e-125	12	HOPX
6.41338826878704e-129	-1.02505250084193	0.953	0.951	1.92401648063611e-125	12	CD69
2.34734974282078e-127	0.310741475506067	0.971	0.873	7.04204922846235e-124	12	VDAC1
9.62772281461566e-126	-0.292513239956126	0.976	0.776	2.8883168443847e-122	12	PASK
6.13664017312254e-125	-0.974222546289268	0.579	0.663	1.84099205193676e-121	12	PHLDA1
9.91634622978825e-125	0.408696419815108	0.974	0.897	2.97490386893647e-121	12	IER2
2.98382944951258e-124	-0.504995355882533	0.517	0.699	8.95148834853774e-121	12	PTGER4
1.6256582143356e-122	-0.552788594487302	0.647	0.771	4.8769746430068e-119	12	TSPYL2
1.20630531432432e-121	-0.446003683399903	0.565	0.768	3.61891594297296e-118	12	CMTM6
3.44658794914392e-121	0.483092866057387	0.934	0.775	1.03397638474318e-117	12	SLC2A3
3.8468966005025e-121	0.490653775346566	0.65	0.62	1.15406898015075e-117	12	AKR1C3
1.72664104390122e-119	0.250972884371571	0.9	0.748	5.17992313170366e-116	12	PTPN6
1.32446302109821e-117	-0.524035110244272	0.518	0.628	3.97338906329462e-114	12	PELO
2.98044466249677e-117	0.507112852318046	0.996	0.926	8.94133398749031e-114	12	CD7
1.42580281640647e-116	0.45109534529431	0.942	0.867	4.2774084492194e-113	12	TUBB
2.76867825322029e-116	-0.613228554034457	0.767	0.909	8.30603475966088e-113	12	PGAM1
4.97887201527535e-116	0.268554736921743	0.944	0.788	1.4936616045826e-112	12	NHP2
2.01876630639747e-115	-0.335693308348627	0.498	0.583	6.0562989191924e-112	12	LOC102725101
3.80064658251309e-115	-0.670737628482665	0.824	0.927	1.14019397475393e-111	12	ENO1
3.38132387984137e-114	-0.501756982140573	0.748	0.818	1.01439716395241e-110	12	CKS2
2.3447048184681e-113	-0.391812160173761	0.803	0.829	7.03411445540429e-110	12	MTHFD2
4.30094987660212e-112	0.506814438785998	0.823	0.731	1.29028496298064e-108	12	ICAM2
1.73422575622558e-111	-0.742804566844188	0.826	0.705	5.20267726867675e-108	12	AMICA1
2.26287725196782e-111	0.33701566000625	0.996	0.982	6.78863175590345e-108	12	TSC22D3
3.75645543673806e-110	-0.321678078082335	0.928	0.801	1.12693663102142e-106	12	HLA-DRB4
1.37694357692993e-109	-0.349722624646027	0.612	0.664	4.13083073078978e-106	12	AHR
1.15514514412882e-104	-0.771667876028852	0.96	0.971	3.46543543238646e-101	12	UBC
2.89111668833221e-104	-0.377685664738256	0.627	0.849	8.67335006499663e-101	12	P4HB
1.09616311264172e-102	-0.401099217253302	0.178	0.414	3.28848933792517e-99	12	C15orf48
1.75054052856156e-102	0.293126867964875	0.807	0.684	5.25162158568467e-99	12	LIPA
3.40533402311417e-101	0.557232020885815	0.759	0.633	1.02160020693425e-97	12	MAPRE2
2.70757120405413e-100	-0.465721184477761	0.884	0.738	8.12271361216238e-97	12	ID3
5.88734167986307e-100	0.282951945179962	0.661	0.459	1.76620250395892e-96	12	ITGB2-AS1
1.0705775047887e-99	-0.815554696464611	0.556	0.713	3.21173251436611e-96	12	RHOB
3.32131201226025e-99	-0.297747484231184	0.364	0.529	9.96393603678074e-96	12	GRINA
1.06564332928168e-98	0.266159368426079	0.731	0.58	3.19692998784505e-95	12	MIDN
4.25881574550643e-98	-0.690163019079301	0.887	0.896	1.27764472365193e-94	12	PRDX1
9.79607403411143e-96	-0.50816666679653	0.998	0.994	2.93882221023343e-92	12	PTMA
1.42571890285982e-95	-0.477027441783956	0.925	0.63	4.27715670857947e-92	12	EGR1
1.06201246137576e-94	-0.871448895663911	0.681	0.793	3.18603738412727e-91	12	BATF
1.84657774383498e-94	-0.280166442067709	0.775	0.65	5.53973323150495e-91	12	ADAM19
1.42308371126795e-92	-0.487070686961509	0.8	0.559	4.26925113380385e-89	12	XCL1
1.67624608003032e-92	-0.651139333472044	0.947	0.825	5.02873824009095e-89	12	ACP5
1.4390806504935e-91	0.342026559900746	0.884	0.852	4.31724195148051e-88	12	CTSC
3.11429774735208e-91	-1.17744137696094	0.87	0.929	9.34289324205625e-88	12	MT2A
6.65845844417678e-91	-0.554085721021683	0.769	0.862	1.99753753325304e-87	12	DYNLL1
9.75867144385215e-91	-0.497135074695639	0.624	0.669	2.92760143315565e-87	12	LOC284454
1.76364487121485e-90	-0.569196116363407	0.837	0.799	5.29093461364454e-87	12	GCHFR
5.65021581671053e-90	-0.699901240137513	0.825	0.92	1.69506474501316e-86	12	CALM2
2.98349972091522e-88	-0.428429109427486	0.595	0.619	8.95049916274565e-85	12	SLAMF1
8.5500378881736e-88	0.572753343531144	0.608	0.41	2.56501136645208e-84	12	TBX21
4.6285472016844e-87	-0.463025571165392	0.667	0.823	1.38856416050532e-83	12	HMGB2
1.22089184206447e-85	-0.3248130785976	0.623	0.741	3.66267552619341e-82	12	EIF4A3
1.44327260155634e-85	0.417274023356875	0.974	0.927	4.32981780466903e-82	12	SLC25A5
2.37329847317616e-85	-0.358191644188952	0.671	0.806	7.11989541952847e-82	12	DUT
5.80886670115975e-85	0.446165417501705	0.97	0.951	1.74266001034792e-81	12	ARPC1B
1.54082203337388e-84	-0.350970308937761	1	1	4.62246610012163e-81	12	EEF1A1
3.95525142854201e-83	-0.347834167108508	0.726	0.866	1.1865754285626e-79	12	ATP6V1F
4.63292538226182e-82	0.347934601647549	0.97	0.908	1.38987761467855e-78	12	COX5A
2.73226084492888e-81	0.259568294220145	0.961	0.87	8.19678253478664e-78	12	ARID5B
1.7868326242834e-80	0.471367067801414	0.646	0.561	5.36049787285019e-77	12	CEP78
1.80858592493742e-80	-0.37186177835174	0.53	0.692	5.42575777481225e-77	12	AHNAK
3.34542403571823e-79	-1.05399617484751	0.961	0.824	1.00362721071547e-75	12	LGALS3
8.00724982796141e-78	-0.283599652945747	0.346	0.553	2.40217494838842e-74	12	PLAUR
8.670010734217e-78	-0.318112445383385	0.903	0.64	2.6010032202651e-74	12	APOE
2.89182546324338e-76	-0.263936186993942	0.684	0.783	8.67547638973014e-73	12	YWHAE
5.86666462204677e-75	-0.374639428515407	0.657	0.723	1.75999938661403e-71	12	SOD2
1.15421642049969e-74	0.287718361216963	0.823	0.716	3.46264926149908e-71	12	RAB27A
2.38168209223655e-74	0.302321965170269	0.754	0.664	7.14504627670964e-71	12	S1PR4
1.92100652881332e-71	0.294156549937094	0.888	0.795	5.76301958643995e-68	12	BANF1
3.02428227456386e-70	-0.310171800719199	0.72	0.843	9.07284682369157e-67	12	SEC11C
8.8543817839783e-70	-0.558409074381429	0.557	0.593	2.65631453519349e-66	12	LMNA
7.81674254086318e-67	-0.399650868135174	0.579	0.725	2.34502276225895e-63	12	NME2
1.28668545161927e-65	-0.927752078138756	0.594	0.717	3.86005635485781e-62	12	CD8A
4.01374416950587e-64	-0.596743480805112	0.992	0.985	1.20412325085176e-60	12	ZFP36
7.89251884917383e-64	-0.448924114727827	0.498	0.603	2.36775565475215e-60	12	ANKRD28
8.20142465866804e-63	-0.496200456657353	0.688	0.795	2.46042739760041e-59	12	TUBB4B
1.84025141017481e-62	-0.652480566354037	0.906	0.957	5.52075423052442e-59	12	HMGB1
5.77729615122774e-61	-1.09139097770206	0.968	0.872	1.73318884536832e-57	12	CD27
8.15529110143176e-61	-0.302754254301149	0.622	0.592	2.44658733042953e-57	12	CPNE7
8.34531423132432e-61	-0.34191996231917	0.667	0.828	2.5035942693973e-57	12	ARL6IP1
1.04340902926847e-59	0.377979623119514	0.885	0.776	3.13022708780541e-56	12	NEAT1
3.46674352701019e-59	0.620519820974864	0.611	0.462	1.04002305810306e-55	12	FGR
5.58379105048122e-58	-2.67434816743491	0.727	0.708	1.67513731514437e-54	12	CXCL13
1.0596959768116e-57	-0.2900194805173	0.693	0.812	3.17908793043481e-54	12	SLA
6.39494412738203e-57	-1.45559672186279	0.458	0.577	1.91848323821461e-53	12	CST3
6.86039822952311e-57	-0.489746477199106	0.739	0.727	2.05811946885693e-53	12	SOCS3
9.15983544052772e-55	-0.305360053783894	0.777	0.809	2.74795063215832e-51	12	UGP2
2.2642892767614e-52	0.442944085214569	0.649	0.615	6.7928678302842e-49	12	UBE2F
1.51022952629804e-51	-0.460582904882871	0.715	0.806	4.53068857889413e-48	12	NPC2
3.04126430447633e-51	-0.47465198168936	0.835	0.846	9.12379291342898e-48	12	RNASET2
1.03910884481809e-50	-0.298459607480191	0.81	0.734	3.11732653445427e-47	12	LY96
6.08634042326525e-48	-0.298142749414016	0.532	0.626	1.82590212697958e-44	12	BCL2A1
6.70845416916836e-47	0.338625282212592	0.866	0.838	2.01253625075051e-43	12	SERPINB1
1.05065449781168e-45	-0.414827658986841	0.909	0.723	3.15196349343503e-42	12	CCR6
2.09342365647419e-45	-0.440609524411824	0.672	0.825	6.28027096942258e-42	12	PSAP
9.93726211378867e-45	-0.45702606785241	0.847	0.843	2.9811786341366e-41	12	ANXA5
7.06151805617208e-44	-0.289556210553393	0.836	0.53	2.11845541685162e-40	12	CD9
2.16968228976399e-42	-0.768230814365529	0.938	0.908	6.50904686929198e-39	12	BTG2
2.69343035963603e-42	0.353597790452774	0.885	0.86	8.0802910789081e-39	12	EIF5A
1.95448285012176e-41	-0.317315047262302	0.995	0.984	5.86344855036529e-38	12	JUNB
4.8938890979999e-41	0.324574477608353	0.916	0.873	1.46816672939997e-37	12	PDIA6
1.07903387363116e-40	-0.711941361075564	0.725	0.71	3.23710162089348e-37	12	CKLF
1.43165308282733e-40	-0.585410759473409	0.882	0.948	4.29495924848197e-37	12	SUB1
1.98241097465569e-40	-0.502103422117825	0.496	0.562	5.94723292396708e-37	12	CD40LG
1.46669047823441e-39	-1.54953119108769	0.694	0.71	4.40007143470324e-36	12	GZMK
1.73306108916423e-39	-0.366028622415877	0.742	0.665	5.19918326749269e-36	12	MYC
1.12564169833058e-38	-0.550417524322575	0.96	0.969	3.37692509499175e-35	12	MIF
4.33175678476616e-38	-0.338498702427986	0.786	0.737	1.29952703542985e-34	12	HNRNPLL
3.2032454590948e-35	-0.282268370266064	0.297	0.501	9.60973637728439e-32	12	GADD45G
2.793142566609e-34	-0.393999423571168	0.846	0.79	8.379427699827e-31	12	IL6ST
5.06763731392937e-34	0.313767474101981	0.736	0.665	1.52029119417881e-30	12	SYTL2
5.10092274830626e-33	0.411534526444875	0.562	0.187	1.53027682449188e-29	12	SLC1A7
1.49495609475259e-32	0.250993889648729	0.852	0.798	4.48486828425776e-29	12	DECR1
7.90952274845678e-32	-0.26715176021585	0.9	0.72	2.37285682453703e-28	12	TBC1D4
7.96563507712956e-32	-0.271575652570212	0.669	0.791	2.38969052313887e-28	12	CD97
1.88702398331675e-31	-0.344088042644026	0.683	0.734	5.66107194995026e-28	12	NR3C1
1.54664323642509e-30	0.268118872890696	0.495	0.657	4.63992970927526e-27	12	PXN
4.99791121842515e-30	-0.266965781527948	1	0.998	1.49937336552754e-26	12	RPS18
9.52789523743855e-29	-0.26420063526269	0.64	0.718	2.85836857123157e-25	12	H2AFV
5.66707941055267e-28	0.350919120339476	0.461	0.565	1.7001238231658e-24	12	C1orf21
9.88522926287352e-28	-0.261723767453714	0.668	0.651	2.96556877886206e-24	12	P2RY10
5.01036913539215e-27	-0.270755593919309	0.891	0.697	1.50311074061765e-23	12	NAMPT
1.71082165002858e-26	-0.416771211960171	0.83	0.534	5.13246495008573e-23	12	SPRY1
5.26264798689717e-26	-0.314161059732627	0.984	0.78	1.57879439606915e-22	12	LDLRAD4
6.90521121526958e-26	-0.84818727692873	0.988	0.978	2.07156336458087e-22	12	FTL
3.9604260367367e-24	-0.509457195675404	0.793	0.663	1.18812781102101e-20	12	HLA-DQB1
4.76442668454002e-24	-0.521732620595027	0.829	0.813	1.42932800536201e-20	12	TUBA1A
7.54294378851778e-24	-0.298978133787149	0.766	0.804	2.26288313655533e-20	12	YPEL5
9.46302985052471e-24	-0.344631259897346	0.628	0.654	2.83890895515741e-20	12	MYADM
3.54310189253931e-23	-0.578406389953645	0.622	0.593	1.06293056776179e-19	12	COTL1
5.32759950599796e-23	-0.753338010220436	0.985	0.745	1.59827985179939e-19	12	AIF1
7.61246045150422e-23	-0.29591464668692	0.779	0.814	2.28373813545126e-19	12	TMEM173
1.97210916979723e-22	-0.458370717347577	0.882	0.717	5.91632750939168e-19	12	LAG3
2.60064012354411e-19	-0.389998178123845	0.972	0.968	7.80192037063232e-16	12	HSP90AA1
2.16658945309186e-18	-0.713224743148659	0.738	0.655	6.49976835927558e-15	12	CAPG
2.97251970464002e-18	0.580820103919275	0.647	0.697	8.91755911392006e-15	12	S1PR1
3.85816690758516e-17	-0.26884295755501	0.83	0.866	1.15745007227555e-13	12	SNRPG
1.53952444129837e-15	-0.42576689884475	0.799	0.832	4.61857332389512e-12	12	TUBA4A
1.20465570988437e-14	-0.369347143698567	0.801	0.761	3.6139671296531e-11	12	CSRNP1
3.19001111195761e-14	0.291885403401535	0.647	0.67	9.57003333587282e-11	12	ANXA4
2.68203984306492e-13	-0.464898906746444	0.957	0.799	8.04611952919476e-10	12	GPR171
2.81668717608323e-13	-0.665981519021307	0.603	0.573	8.4500615282497e-10	12	RGCC
3.21704717015038e-13	-0.767585511696197	0.93	0.803	9.65114151045114e-10	12	ATF3
4.56695368656349e-13	-0.657036962976156	0.935	0.736	1.37008610596905e-09	12	TYMP
7.11226742521158e-13	0.418055717464397	0.527	0.426	2.13368022756347e-09	12	SIGLEC17P
2.56606142830259e-12	-0.334643906801931	0.901	0.737	7.69818428490776e-09	12	FBLN7
8.15089528015441e-12	0.267635251869018	0.72	0.711	2.44526858404632e-08	12	IL2RB
9.16211566799894e-12	-0.320995380367896	0.903	0.804	2.74863470039968e-08	12	HSPH1
9.22167039714127e-12	-0.619464895026641	0.916	0.735	2.76650111914238e-08	12	CXCR3
1.73726639665663e-11	0.596738348788818	0.549	0.459	5.21179918996988e-08	12	TARP
2.24697311568115e-11	-0.583601090606978	0.85	0.849	6.74091934704346e-08	12	IGLL5
4.94965777788262e-10	-0.338497007384663	0.748	0.617	1.48489733336479e-06	12	HLA-DRB1
1.84510635024425e-09	-0.329955448827448	0.74	0.71	5.53531905073274e-06	12	H2AFX
1.25870113670095e-08	0.258544597510641	0.515	0.5	3.77610341010286e-05	12	NSG1
1.27998425593937e-08	-0.494952059420327	0.844	0.663	3.83995276781812e-05	12	AREG
2.57138533395045e-08	-0.347674828428591	0.973	0.96	7.71415600185135e-05	12	CXCR4
5.42586350562853e-08	-0.315241109204365	0.933	0.852	0.000162775905168856	12	LIMS1
2.67474253443927e-07	-0.818330402446764	0.537	0.57	0.000802422760331782	12	BMS1P20
1.2633999632803e-06	0.310481970084183	0.589	0.571	0.00379019988984091	12	GNPTAB
1.39275455396847e-06	-0.298968292364461	0.938	0.844	0.0041782636619054	12	CORO1B
7.76202494283653e-06	-0.480002172190183	0.929	0.938	0.0232860748285096	12	S100A10
1.27028243279893e-05	0.303913105054498	0.594	0.567	0.038108472983968	12	GTF3C1
