p_val	avg_log2FC	pct.1	pct.2	p_val_adj	cluster	gene
0	1.91849423092632	0.491	0.177	0	c6	CD40LG
0	2.31131861774629	0.308	0.073	0	c6	LINC00892
0	1.05415405531325	0.972	0.857	0	c6	S100A4
1.54810130813504e-302	0.911467516446883	0.948	0.846	4.75685088950655e-298	c6	VIM
5.36642081454196e-287	1.21046917939679	0.919	0.775	1.64894012368431e-282	c6	CRIP1
1.86881441506987e-278	1.10693274267071	0.791	0.563	5.74230605318519e-274	c6	S100A11
8.84159923200809e-273	0.659298508534151	0.982	0.924	2.71675819601913e-268	c6	SH3BGRL3
1.32204001560573e-269	0.898732239871211	0.925	0.814	4.06223235595174e-265	c6	S100A6
3.44137924033973e-225	1.77153444274631	0.327	0.118	1.05743259917919e-220	c6	CAPG
3.58097302951735e-208	2.00781875574893	0.221	0.063	1.1003255827798e-203	c6	CLU
5.33731714858453e-206	0.477573790170001	1	0.995	1.63999744024557e-201	c6	ACTB
1.66759252702073e-204	0.894544095637599	0.77	0.534	5.1240115577766e-200	c6	ALOX5AP
2.29871493302559e-185	1.42925571485659	0.454	0.229	7.06326137470773e-181	c6	LGALS3
8.98821431248085e-167	1.20139738659967	0.604	0.382	2.76180861179599e-162	c6	LGALS1
5.98547752118689e-160	1.49979518473799	0.314	0.131	1.8391576779351e-155	c6	ANKRD28
1.42074992504368e-159	0.758338531818934	0.886	0.78	4.36553829468173e-155	c6	CD52
5.23048837942944e-154	0.774917648193252	0.849	0.711	1.60717216434729e-149	c6	S100A10
1.52649163965941e-150	0.712172485279615	0.769	0.572	4.69045086118146e-146	c6	COTL1
1.30663292204748e-144	1.32931957684944	0.395	0.202	4.0148909795753e-140	c6	RBPJ
1.58933875931277e-135	1.21688676419679	0.462	0.266	4.88356120574036e-131	c6	PHLDA1
3.04065055247394e-126	0.41105091864567	0.979	0.93	9.34300695258669e-122	c6	PFN1
7.98009802283926e-118	0.240948961267688	1	0.998	2.45204471947782e-113	c6	TMSB4X
1.18375754516666e-109	0.993173442239267	0.499	0.327	3.63733180903359e-105	c6	ANXA2
6.97380299904448e-109	0.46843274193509	0.901	0.835	2.1428404475164e-104	c6	MYL12A
7.91199006563454e-107	0.869433445680085	0.585	0.417	2.43111718746753e-102	c6	PLP2
7.64293918097856e-106	0.769524521772829	0.628	0.436	2.34844592213928e-101	c6	RGS1
1.24738933377955e-102	0.671582985111815	0.73	0.571	3.83285320590442e-98	c6	ANXA1
2.810746540344e-101	0.436562686943959	0.957	0.918	8.636580894515e-97	c6	ZFP36L2
2.09296595999642e-99	3.35410399388034	0.046	0.007	6.43105650528101e-95	c6	PPARG
5.62792832500627e-94	0.615678522852881	0.879	0.805	1.72929353642468e-89	c6	KLF6
3.04648193144626e-90	0.828430756467305	0.532	0.378	9.36092503075492e-86	c6	CKLF
2.57156968617738e-89	0.45457558424899	0.938	0.862	7.90166217471725e-85	c6	CD69
3.257724276165e-89	0.445090030960649	0.876	0.802	1.00100093833722e-84	c6	MYL6
1.31584597595491e-84	1.17218570339629	0.279	0.143	4.04319993031664e-80	c6	CXCR6
1.60611779066969e-84	0.372182456750074	0.939	0.882	4.93511813539077e-80	c6	CFL1
3.64702718847855e-83	0.66767502660434	0.756	0.657	1.1206220442038e-78	c6	TAGLN2
8.69056332674712e-82	0.533105013289672	0.781	0.686	2.67034939340959e-77	c6	CLIC1
9.45197967787745e-80	1.03119310069972	0.332	0.192	2.9043097956214e-75	c6	CTSB
1.82220459236706e-79	0.851996494859075	0.456	0.299	5.59908805096625e-75	c6	BATF
3.68446152593745e-79	0.270678249848143	0.946	0.894	1.1321244930748e-74	c6	GAPDH
9.00530150885932e-78	1.05506868741646	0.47	0.333	2.7670589946272e-73	c6	TXN
3.82061860751215e-77	0.526269681045432	0.75	0.649	1.17396147953026e-72	c6	CD2
1.56167274627274e-76	0.800115370204354	0.536	0.39	4.79855184747225e-72	c6	AHNAK
6.46015278274369e-74	0.443108385385838	0.828	0.753	1.98501114555365e-69	c6	CORO1A
1.18447106952322e-73	0.610296700785356	0.711	0.603	3.639524255324e-69	c6	EMP3
1.24542882534864e-72	1.0849637205006	0.266	0.143	3.82682915164876e-68	c6	CD4
2.80134846628869e-72	0.47329895250144	0.821	0.744	8.60770343236527e-68	c6	CD99
1.73448622689684e-71	0.567123083178023	0.724	0.628	5.32955582938592e-67	c6	CD44
3.23721397703189e-71	0.962865874156705	0.373	0.236	9.9469873872259e-67	c6	TMEM173
7.97418655200896e-70	1.73957174588195	0.136	0.055	2.45022830183579e-65	c6	CTSH
3.28771710783543e-68	0.359851856514672	0.951	0.902	1.01021683572459e-63	c6	IL32
3.06423892219244e-67	1.78261999553037	0.112	0.041	9.41548693622072e-63	c6	CRIP2
9.21826566968937e-67	0.483764509431394	0.867	0.798	2.83249649232545e-62	c6	CXCR4
1.26181389186698e-66	1.18333886837259	0.238	0.126	3.87717554553966e-62	c6	SLAMF1
2.14084517720946e-66	0.327523684495346	0.948	0.918	6.57817497601152e-62	c6	ACTG1
4.86401451261018e-65	1.48433728668189	0.146	0.062	1.49456573928973e-60	c6	SEPT11
5.93245695007931e-64	0.907549607277899	0.354	0.224	1.82286604705087e-59	c6	CD82
1.52445782234389e-62	0.933661794993076	0.367	0.241	4.68420155071608e-58	c6	TPM4
6.28729285862087e-62	1.28179791340962	0.18	0.086	1.93189647666843e-57	c6	MIR155HG
9.39733476171687e-62	0.435636895232571	0.948	0.918	2.88751905223274e-57	c6	TSC22D3
4.44293295482477e-61	1.3485712239934	0.164	0.076	1.36518000902901e-56	c6	GPR25
5.38208473227563e-59	2.60184272125379	0.04	0.008	1.65375317568633e-54	c6	LOXL1
4.04488766552665e-56	0.940781057938113	0.289	0.175	1.24287263298637e-51	c6	TIMP1
6.18467704279325e-56	1.59757714643078	0.142	0.065	1.90036571493908e-51	c6	TESC
3.38298026034721e-54	1.48371357204133	0.13	0.057	1.03948834459689e-49	c6	FRMD4B
1.04584384760572e-52	1.17565844472198	0.211	0.116	3.2135643905381e-48	c6	ANXA2P2
1.84393580327291e-52	0.176851097015006	1	0.997	5.66586154271667e-48	c6	RPLP1
8.67568324911854e-52	0.364291969314394	0.809	0.753	2.66577719195665e-47	c6	LAPTM5
2.51703408467885e-51	0.680340659362007	0.579	0.456	7.7340906319927e-47	c6	RGCC
3.19217706384592e-51	1.52804935454463	0.129	0.058	9.80860246407935e-47	c6	ADAM19
3.84336401051251e-50	2.36760434495605	0.049	0.013	1.18095045951018e-45	c6	CSF2
5.38296964788038e-50	1.66516716761054	0.073	0.025	1.65402508370421e-45	c6	DSE
3.61524370240364e-49	0.635251153261334	0.533	0.431	1.11085593243757e-44	c6	TSPO
1.62155666294532e-48	1.419408425913	0.108	0.045	4.98255715823208e-44	c6	TSPAN2
6.88006036088818e-48	1.99283531661504	0.05	0.014	2.11403614709011e-43	c6	C15orf53
1.81680395750603e-47	0.704260490039915	0.511	0.415	5.58249352022877e-43	c6	YWHAQ
2.18083535896227e-46	1.73443745938794	0.07	0.024	6.70105280748337e-42	c6	IL9R
3.60187772609136e-46	1.17992599710566	0.206	0.118	1.10674896889609e-41	c6	KDSR
1.15301859875764e-45	0.662276749755936	0.432	0.313	3.5428802484026e-41	c6	TNF
1.5079532512468e-45	0.937384505896468	0.297	0.195	4.63348795510603e-41	c6	GLUL
2.41083320162014e-45	0.550789099205291	0.542	0.431	7.4077671786182e-41	c6	SAMSN1
7.01748449192966e-45	0.596976599910728	0.516	0.407	2.15626245983523e-40	c6	NR3C1
1.11869050646713e-44	1.46373304586893	0.095	0.039	3.43740031922156e-40	c6	ATP1B1
9.02293570098946e-44	0.412026606638798	0.732	0.666	2.77247745284303e-39	c6	MYL12B
9.87373348685156e-44	1.36625641089715	0.15	0.076	3.03390208850488e-39	c6	GADD45G
1.07635963061658e-43	1.30688926691038	0.127	0.06	3.30733023699557e-39	c6	APOBEC3H
3.49548806874677e-43	0.630362640531195	0.482	0.381	1.07405861888382e-38	c6	CD6
1.49811353552148e-42	1.43157309675963	0.081	0.031	4.60325346059686e-38	c6	TMEM200A
3.67136397301897e-42	0.758431718644698	0.329	0.225	1.12810000798954e-37	c6	GLIPR2
5.50468643413406e-41	0.774610056171549	0.447	0.348	1.69142500061637e-36	c6	CD97
9.04496769259612e-39	0.398305737959419	0.685	0.602	2.77924722290401e-34	c6	ARPC1B
1.5844260487177e-38	0.264457108273669	0.968	0.959	4.86846591989488e-34	c6	BTG1
5.90266863888944e-38	0.262501845886047	0.922	0.881	1.81371299267156e-33	c6	ATP5E
1.37822715691112e-37	1.16562328264461	0.166	0.093	4.23487858504081e-33	c6	C1orf162
1.46392295301949e-37	0.26486761814186	0.864	0.828	4.49819605774298e-33	c6	ARHGDIB
3.50714844670788e-37	0.863584547821713	0.285	0.194	1.07764150321993e-32	c6	BHLHE40
6.54152646308126e-37	0.799025756605839	0.297	0.202	2.01001483631098e-32	c6	LMNA
8.20952300520602e-37	1.37407114161182	0.105	0.05	2.52254013380965e-32	c6	DPP4
1.04398793492344e-36	0.328065758015183	0.78	0.729	3.20786172763925e-32	c6	RHOA
5.07437554915048e-36	0.605921783918187	0.463	0.37	1.55920337498747e-31	c6	ANXA6
8.24963783223329e-36	0.662918258663746	0.374	0.279	2.53486621671032e-31	c6	CCDC107
3.2491635142832e-35	0.381049658515619	0.71	0.647	9.98370473033798e-31	c6	LSP1
7.04990766155121e-35	0.806020773644891	0.27	0.183	2.16622512716484e-30	c6	ACTN4
1.42889015192928e-34	0.839453067158929	0.273	0.186	4.39055076983311e-30	c6	CCDC167
1.71735847685629e-34	1.74164288385308	0.062	0.024	5.27692739183633e-30	c6	C4orf32
7.90523350549045e-33	1.2827548483394	0.066	0.026	2.42904109923205e-28	c6	CCR2
1.25491241682107e-32	0.331578979718599	0.763	0.715	3.85596938316611e-28	c6	HMGB1
1.26115719899565e-32	0.823442143183898	0.253	0.17	3.87515772535393e-28	c6	TYMP
1.27054690853188e-32	0.689404227435611	0.328	0.237	3.90400948584592e-28	c6	CXCR3
9.14463295754993e-32	0.208891593998005	0.994	0.987	2.80987136886637e-27	c6	TMSB10
2.07956125760519e-31	0.406526559157641	0.609	0.535	6.38986787624348e-27	c6	LCP1
2.6613683427662e-31	0.454087685865859	0.777	0.731	8.1775865068177e-27	c6	TXNIP
3.40734628068646e-31	1.44344289837776	0.064	0.026	1.04697529166653e-26	c6	LTC4S
5.27623396477939e-31	0.428194989904038	0.588	0.504	1.62122841035776e-26	c6	LY6E
8.11878902722352e-31	1.05760139136182	0.113	0.058	2.49466030439497e-26	c6	DUSP6
1.1500301881929e-30	2.86855050090938	0.019	0.003	3.53369775926031e-26	c6	GAS2L1
9.20312631774366e-30	1.2819723816334	0.083	0.038	2.82784462365309e-25	c6	GALNT6
1.16389567395677e-29	0.855291801826233	0.202	0.129	3.57630223736698e-25	c6	PBX4
2.34664429006436e-29	0.765730396764057	0.225	0.148	7.21053391008076e-25	c6	FAM129A
3.13198606832806e-29	0.691853422997555	0.236	0.157	9.62365359215164e-25	c6	AMICA1
8.53239897581152e-29	0.58532476637295	0.361	0.275	2.6217502332976e-24	c6	CORO1B
9.78946808541448e-29	2.07856170056706	0.027	0.007	3.00800985860531e-24	c6	AIM1L
1.72091188930759e-28	1.18176623705987	0.11	0.058	5.28784596227543e-24	c6	RUNX2
3.06500201428829e-28	0.455677129159368	0.493	0.413	9.41783168930362e-24	c6	ZYX
5.42217176868435e-28	0.596282906686953	0.393	0.31	1.66607071936364e-23	c6	PTGER4
6.5329524089753e-28	1.28355934202656	0.112	0.06	2.00738028670584e-23	c6	RGS16
1.02173566501896e-27	1.06251275940837	0.129	0.073	3.13948717790375e-23	c6	NUDT14
2.3685904322332e-27	0.450931397838368	0.553	0.483	7.27796782112295e-23	c6	ACTR3
2.69769001334494e-27	0.597518912075211	0.401	0.314	8.28919210400499e-23	c6	KLRB1
4.37191022730555e-27	0.583354995231142	0.414	0.337	1.34335685554418e-22	c6	OSTF1
5.4414688149835e-27	1.36998818368995	0.07	0.031	1.67200012277998e-22	c6	TBXAS1
7.69003457822261e-27	0.308617930375974	0.703	0.639	2.36291692485046e-22	c6	TNFAIP3
1.29520978105851e-26	0.9343050614137	0.171	0.107	3.97979109425849e-22	c6	PLEC
4.61528880996658e-26	0.765596999809728	0.205	0.135	1.41813979263843e-21	c6	PERP
4.86228912146178e-26	2.6278938037747	0.019	0.004	1.49403557835156e-21	c6	BCAR3
7.24750008244322e-26	0.843792206128897	0.306	0.234	2.22693935033233e-21	c6	YWHAH
2.05912084531469e-25	1.21318265140658	0.064	0.028	6.32706062139843e-21	c6	PGLYRP2
2.56439929156302e-25	0.909263373040557	0.158	0.097	7.87962970318569e-21	c6	COMTD1
2.59960575162873e-25	1.42501792676249	0.065	0.029	7.98780859302959e-21	c6	CDCA7
2.85129109844967e-25	0.670086387024497	0.239	0.166	8.7611621582063e-21	c6	THEMIS
2.98079214848448e-25	1.45899012911646	0.069	0.032	9.15908003464825e-21	c6	MFHAS1
8.20187945197845e-25	0.909746643361219	0.212	0.145	2.52019149920942e-20	c6	PLIN2
9.11381129809042e-25	1.86387312934573	0.027	0.008	2.80040079756424e-20	c6	TGFBI
9.59133485275468e-25	0.691709679112036	0.201	0.133	2.94712946020593e-20	c6	XCL1
1.13147618229423e-24	0.280538972773377	0.81	0.767	3.47668686533547e-20	c6	YWHAZ
1.66681770039443e-24	0.396442563123352	0.603	0.555	5.12163074800197e-20	c6	CAPZB
3.04670591570768e-24	0.393935259535606	0.498	0.43	9.36161326719498e-20	c6	PKM
4.28076764080286e-24	0.823313236844828	0.131	0.077	1.31535147298949e-19	c6	ANTXR2
4.51441857242127e-24	0.320527119518227	0.712	0.67	1.38714539474789e-19	c6	EVL
5.50889482562787e-24	0.870431810928345	0.164	0.104	1.69271811307067e-19	c6	AHR
6.96124114189691e-24	0.569158853847457	0.271	0.194	2.13898056567066e-19	c6	DUSP4
1.5105269844596e-23	0.41480653068158	0.533	0.463	4.64139626514902e-19	c6	TUBA4A
5.47718068545617e-23	1.6845691102725	0.067	0.032	1.68297330922012e-18	c6	LDLR
6.90148803682498e-23	0.607498348627388	0.36	0.289	2.12062022907521e-18	c6	LRRFIP1
7.26960821173317e-23	0.834708034121818	0.156	0.098	2.23373251521925e-18	c6	ANKRD32
7.76889847280545e-23	0.566844596586738	0.413	0.345	2.38714943373893e-18	c6	CCNH
1.15694911315049e-22	0.56562424600425	0.437	0.368	3.55495753997752e-18	c6	ITGB1
1.18126888961771e-22	0.880898549412878	0.167	0.108	3.62968491712833e-18	c6	LMO4
1.44468560849767e-22	0.400407929304875	0.474	0.404	4.43908546923078e-18	c6	PRDX1
2.07826044516104e-22	0.860497173190836	0.119	0.069	6.38587086984634e-18	c6	DHRS3
2.74214898183332e-22	0.492202723282182	0.422	0.352	8.42580117647925e-18	c6	EMB
3.3831699740531e-22	0.487511529825234	0.464	0.403	1.03954663792729e-17	c6	MYH9
3.40047413676643e-22	0.546586710236912	0.362	0.288	1.04486368800422e-17	c6	FLT3LG
5.27106708535751e-22	0.669094193736816	0.219	0.153	1.6196407833178e-17	c6	TMEM14C
1.04565646848766e-21	0.943042519558648	0.089	0.048	3.21298863072204e-17	c6	CD9
1.45872128833286e-21	0.530245982955517	0.373	0.301	4.48221290266037e-17	c6	TBCB
1.67558306459169e-21	0.712371290190335	0.303	0.238	5.14856408257089e-17	c6	AKIRIN2
1.93392401582726e-21	0.293434292055062	0.651	0.594	5.94236832343242e-17	c6	YWHAB
2.24749120110223e-21	0.554298639103436	0.371	0.301	6.90586621362682e-17	c6	PBXIP1
2.51580737336191e-21	0.799536988409731	0.179	0.12	7.73032131612914e-17	c6	MBNL2
3.04601967608411e-21	0.438992050979213	0.542	0.482	9.35950465870365e-17	c6	FYB
3.78098925488605e-21	2.05052037461459	0.026	0.008	1.16178456834884e-16	c6	HLF
4.27848161546475e-21	0.580979399292405	0.341	0.274	1.31464904598385e-16	c6	ANXA5
6.27389895135862e-21	0.333507901330532	0.645	0.599	1.92778093078396e-16	c6	GSTK1
6.90483358019758e-21	0.491813537822742	0.375	0.303	2.12164821418731e-16	c6	FKBP5
9.64874744331044e-21	1.5359703819321	0.035	0.013	2.964770626906e-16	c6	CYP4F22
1.70726330814277e-20	0.77135426350926	0.169	0.113	5.24590796693029e-16	c6	NCF4
1.73266940317619e-20	0.559941769081474	0.34	0.271	5.32397327513948e-16	c6	PRNP
2.41973239138143e-20	0.955440787399901	0.107	0.062	7.43511171899773e-16	c6	CD200R1
2.79236426418869e-20	0.509064917363956	0.341	0.27	8.58009767457259e-16	c6	RHOC
3.30059255167749e-20	0.814762354957466	0.194	0.136	1.01417307335394e-15	c6	CALHM2
3.34270982066296e-20	0.619808086324676	0.32	0.252	1.02711444659511e-15	c6	TRAT1
4.31634844355897e-20	0.361864088435856	0.506	0.442	1.32628438625237e-15	c6	RABAC1
7.16403188933333e-20	0.356204830457745	0.614	0.574	2.20129207863545e-15	c6	TPM3
1.42732162208911e-19	1.97072944471954	0.019	0.005	4.38573114819321e-15	c6	IL26
1.50794081196574e-19	0.366659492823283	0.579	0.524	4.63344973292713e-15	c6	ZFP36L1
1.96267435649839e-19	1.20659733587839	0.089	0.05	6.03070949521259e-15	c6	NR1D1
2.31001132866398e-19	0.386426784659179	0.516	0.459	7.09797180958582e-15	c6	GNB2
3.2705508135944e-19	0.486634671662214	0.388	0.322	1.00494214849315e-14	c6	RASAL3
3.67710238817783e-19	1.25770876068187	0.05	0.023	1.1298632508154e-14	c6	HTRA1
4.12758314105878e-19	0.703913518235224	0.21	0.151	1.26828247175313e-14	c6	ATP2B4
5.18879356217922e-19	0.711881209138623	0.244	0.184	1.59436059785081e-14	c6	ARL6IP6
9.26414114305695e-19	1.97262437987178	0.023	0.007	2.84659264902711e-14	c6	TPPP
1.2212900467497e-18	0.469686588159715	0.407	0.345	3.75265792664781e-14	c6	EML4
1.29549274732934e-18	0.817235992558011	0.129	0.082	3.98066056471888e-14	c6	AGPAT2
2.29250441292742e-18	0.33297926435843	0.592	0.548	7.04417830960208e-14	c6	ARL6IP5
2.46032229164601e-18	0.670770921845224	0.198	0.14	7.55983230554069e-14	c6	SSBP4
3.8464773975078e-18	1.07754744935464	0.132	0.086	1.18190710993222e-13	c6	CBFB
4.68255105576614e-18	0.655706417529344	0.212	0.153	1.43880746290526e-13	c6	PNP
6.66187841099163e-18	0.933592689848805	0.058	0.029	2.0469953793454e-13	c6	CCL20
6.92995414525592e-18	0.26943344365273	0.699	0.661	2.12936701021279e-13	c6	IL2RG
7.04229982204367e-18	0.938250106210478	0.138	0.09	2.16388746631936e-13	c6	BCL2L1
7.84466112656952e-18	0.324515765717047	0.526	0.465	2.41042902436102e-13	c6	SPOCK2
1.02918934197703e-17	1.49380462506511	0.037	0.015	3.16239009109283e-13	c6	FAR2
1.09990172777364e-17	0.422125134249201	0.469	0.416	3.37966803893007e-13	c6	DAD1
1.614920254471e-17	0.989154574358824	0.102	0.062	4.96216546591303e-13	c6	WDR86-AS1
2.24640333547185e-17	0.53580570576692	0.329	0.266	6.90252352890436e-13	c6	PRDM1
2.83094588656252e-17	0.527548365923421	0.314	0.253	8.69864742564065e-13	c6	C4orf48
3.14879333118339e-17	0.280791350219283	0.491	0.424	9.67529726872721e-13	c6	CTSD
3.48749791304325e-17	2.22539067260974	0.017	0.005	1.0716034837408e-12	c6	NTRK2
3.84632502749702e-17	0.784021956026546	0.207	0.152	1.18186029119901e-12	c6	ATP2B1
4.32746760732156e-17	1.26445196719002	0.02	0.006	1.3297009717017e-12	c6	RGS18
5.4767320093377e-17	0.343461219456214	0.468	0.403	1.68283544450919e-12	c6	CD96
5.84223962265923e-17	0.905728678325021	0.087	0.05	1.7951449688545e-12	c6	CYSLTR1
6.78750777376873e-17	0.748604780674216	0.188	0.135	2.08559751364592e-12	c6	PHTF2
8.88769725573826e-17	0.687231683471811	0.12	0.076	2.7309227357707e-12	c6	NCF1B
1.10527284509689e-16	1.2941895343849	0.055	0.028	3.39617187112921e-12	c6	ROGDI
1.18976305920596e-16	0.165905575198839	0.813	0.782	3.65578495202214e-12	c6	MIF
1.56609987065817e-16	0.415405345142506	0.445	0.395	4.81215507257135e-12	c6	CAP1
2.90881297348169e-16	0.46961257630922	0.382	0.324	8.93790962361718e-12	c6	CD5
3.71431284363802e-16	0.397509021270843	0.456	0.406	1.14129690746465e-11	c6	LCP2
5.09085952519926e-16	0.872952204666876	0.123	0.08	1.56426840630798e-11	c6	ELK3
8.71377520111341e-16	0.732721817084005	0.14	0.094	2.67748170604612e-11	c6	SLC1A5
1.18857083922535e-15	0.517867451815276	0.291	0.234	3.65212161768774e-11	c6	GLUD1
1.81697635033203e-15	0.459787634648232	0.306	0.242	5.58302323166521e-11	c6	ICOS
2.39196557404098e-15	0.916319059844027	0.08	0.046	7.34979261935573e-11	c6	ZBTB7B
2.80001914883423e-15	1.41197641100816	0.039	0.018	8.60361883862293e-11	c6	RORC
2.87079734842673e-15	0.730084986898834	0.21	0.159	8.82109901251081e-11	c6	DIAPH1
2.95145828111452e-15	0.228551577773354	0.702	0.646	9.06894586038059e-11	c6	NFKBIA
2.96099631603689e-15	0.256642470332714	0.619	0.587	9.09825338028654e-11	c6	COX6A1
3.54088115152107e-15	0.177244407936387	0.815	0.799	1.08800655142788e-10	c6	ITM2B
4.05277592981675e-15	0.832519320212599	0.145	0.1	1.24529645995479e-10	c6	PFKP
4.18169969734685e-15	1.70230859295853	0.023	0.008	1.28491086600377e-10	c6	RFX2
4.45379344145114e-15	2.00325210963586	0.017	0.005	1.36851711075469e-10	c6	CA2
4.53565595538385e-15	0.24143727753835	0.668	0.636	1.3936710054108e-10	c6	ARPC3
6.41736544398077e-15	1.25823859238276	0.062	0.033	1.97186387997197e-10	c6	ACOT7
6.83322120288015e-15	0.586442553846893	0.23	0.176	2.09964387900898e-10	c6	GYG1
6.89433709086436e-15	0.817469914607211	0.155	0.109	2.11842295790989e-10	c6	NEDD9
7.31526694833127e-15	0.222032274409018	0.703	0.668	2.24776207521375e-10	c6	ARPC2
7.94765017596515e-15	0.531475694431099	0.291	0.235	2.44207446956881e-10	c6	FERMT3
1.03052962197661e-14	1.19481298876202	0.051	0.026	3.16650836944754e-10	c6	LOC146880
1.08229364314865e-14	0.524093662527933	0.308	0.257	3.32556367730287e-10	c6	METTL9
1.15634265971598e-14	0.463261158519211	0.373	0.321	3.55309409050929e-10	c6	TMED2
1.16865726021408e-14	0.817402292564005	0.083	0.049	3.59093316345981e-10	c6	NCF1C
1.59933160391505e-14	0.529258031916455	0.252	0.197	4.91426621934976e-10	c6	FKBP11
3.05177962813866e-14	1.15538283027709	0.059	0.032	9.37720326338165e-10	c6	CASS4
3.3132530681714e-14	1.74440246496687	0.024	0.009	1.01806327025703e-09	c6	GPR35
3.43337914807435e-14	0.337378297802556	0.462	0.41	1.0549744108288e-09	c6	DRAP1
4.02892703033427e-14	0.698370857862493	0.134	0.091	1.23796840861081e-09	c6	CCR6
4.63651655369182e-14	0.28721270174181	0.573	0.546	1.42466244145288e-09	c6	ANAPC16
7.0375162039841e-14	0.381296188993571	0.5	0.459	2.16241760399819e-09	c6	ARF6
1.28244031394218e-13	0.476871330958712	0.295	0.241	3.94055435265013e-09	c6	CDC42EP3
1.34928272400076e-13	1.73757080122143	0.024	0.009	4.14594102603713e-09	c6	SOGA3
1.62647014855637e-13	1.28150059396709	0.043	0.021	4.99765482546915e-09	c6	BHLHE40-AS1
1.90050699059358e-13	1.10907825396793	0.066	0.038	5.83968782999691e-09	c6	LTB4R2
1.9432112352539e-13	0.79750418111023	0.115	0.077	5.97090516256464e-09	c6	PPP3CA
2.86155782038261e-13	0.341260925962244	0.506	0.455	8.79270871468965e-09	c6	LIME1
3.11966822167483e-13	1.1246297016689	0.045	0.023	9.58580454474025e-09	c6	CTSL
3.21322262722168e-13	0.913677795773826	0.117	0.079	9.87326916666405e-09	c6	SORBS3
3.83768852459183e-13	0.561032528151656	0.219	0.17	1.17920655295133e-08	c6	TGFBR2
4.85163971488381e-13	1.24795978065878	0.042	0.021	1.49076333519235e-08	c6	PLAUR
4.94879202478953e-13	0.792115891330939	0.121	0.083	1.52061532545708e-08	c6	CD226
5.40827935706407e-13	0.393910276629533	0.408	0.363	1.66180199804508e-08	c6	ARPC5
6.3799942112262e-13	0.2952504820374	0.554	0.524	1.96038082128347e-08	c6	USMG5
7.05466730466735e-13	0.396569853804485	0.357	0.304	2.16768762270514e-08	c6	TNFRSF1B
7.88713881371671e-13	1.25485684067747	0.043	0.022	2.42348114329073e-08	c6	STX1A
7.92880522162345e-13	0.837349698671439	0.079	0.048	2.43628398044824e-08	c6	RASSF2
8.60077119622662e-13	0.657918796221076	0.182	0.137	2.64275896546455e-08	c6	STRA13
1.16678829693359e-12	0.417902956054102	0.533	0.496	3.58519039998785e-08	c6	CITED2
1.19148347612195e-12	0.249735680038745	0.573	0.537	3.6610712770799e-08	c6	NDUFA13
1.22417598529937e-12	0.30054015269726	0.528	0.487	3.76152555002938e-08	c6	PSMA7
1.31041933543305e-12	0.329804830249716	0.48	0.437	4.02652549198514e-08	c6	ENO1
1.4923701400598e-12	0.376414185539392	0.444	0.404	4.58560572936175e-08	c6	ABRACL
1.51509050184209e-12	0.50653260766412	0.302	0.254	4.6554185850102e-08	c6	VDAC1
1.64430704845163e-12	0.180317265260173	0.781	0.75	5.05246226777732e-08	c6	CALM1
1.80010393623919e-12	0.596437838926315	0.126	0.087	5.53117936488217e-08	c6	NCF1
1.97772474621502e-12	0.589402300198	0.229	0.181	6.0769548276949e-08	c6	TANK
1.99017781542592e-12	0.962265409379972	0.061	0.034	6.11521937345923e-08	c6	PCBP4
2.65977698887793e-12	0.339210353228928	0.486	0.449	8.17269675372521e-08	c6	GPX4
3.26401169057516e-12	0.612395431654612	0.169	0.126	1.00293287216303e-07	c6	LPCAT4
3.40801530289258e-12	0.216692451176383	0.679	0.657	1.0471808621198e-07	c6	UQCR11
4.06184467057625e-12	0.912758269611602	0.047	0.025	1.24808301192796e-07	c6	STX3
4.8546512286856e-12	0.263492267352082	0.627	0.599	1.49168868303822e-07	c6	CALM2
5.18410536912198e-12	0.400494363213335	0.429	0.387	1.59292005677011e-07	c6	PPP1R18
5.31334319965356e-12	0.19364653992582	0.672	0.645	1.63263096495755e-07	c6	UBL5
6.78790895492799e-12	0.356657138468381	0.397	0.348	2.08572078458072e-07	c6	OXNAD1
7.62355183378139e-12	0.723075487654834	0.147	0.107	2.34248877196601e-07	c6	RARA
1.2827580650739e-11	0.823135181424663	0.061	0.036	3.94153070655258e-07	c6	PTPRN2
1.33490559918402e-11	0.843698857297342	0.099	0.066	4.10176443461275e-07	c6	STK24
1.33868259167402e-11	1.84066390285236	0.011	0.003	4.11336999943675e-07	c6	SEPT10
1.48014510149227e-11	0.535183770977896	0.238	0.192	4.54804185335531e-07	c6	PAG1
1.48349409797277e-11	1.19344737811291	0.056	0.032	4.55833231484093e-07	c6	GNA15
1.61726221152101e-11	0.431827629791083	0.286	0.237	4.9693615973406e-07	c6	HNRNPLL
1.6302886075124e-11	0.820163904555871	0.088	0.057	5.00938780430334e-07	c6	CIDEB
1.90309413124174e-11	0.342473089031949	0.464	0.434	5.84763733706649e-07	c6	FKBP8
2.14897315074756e-11	0.678090074673178	0.096	0.063	6.60314980030204e-07	c6	TNFSF14
2.34242466971672e-11	0.58075612141472	0.182	0.14	7.19756828263857e-07	c6	MAP2K1
2.39610855932781e-11	0.410579490008748	0.228	0.178	7.36252277024655e-07	c6	PDCD1
2.98355749821405e-11	0.655535346383912	0.139	0.101	9.16757712476232e-07	c6	UBASH3A
3.05507705676201e-11	0.359708404012851	0.46	0.422	9.38733527231262e-07	c6	NDUFB2
3.15310690805852e-11	0.639350949905281	0.171	0.131	9.6885515963914e-07	c6	MAF
3.37740033196493e-11	0.464836626425155	0.307	0.263	1.03777380000286e-06	c6	RORA
3.78485596661517e-11	0.406036212546244	0.368	0.322	1.16297269286184e-06	c6	DEF6
4.74696828390294e-11	0.370779490925722	0.366	0.321	1.45860094459486e-06	c6	MZT2A
5.38045366935521e-11	0.493827721726123	0.22	0.175	1.65325199898278e-06	c6	DYNLT3
5.68548265667134e-11	0.675211651685863	0.126	0.09	1.7469782559154e-06	c6	GNA13
5.90364994996454e-11	0.427143964083944	0.319	0.275	1.8140145201256e-06	c6	CMTM3
6.19276070790894e-11	0.74169354370569	0.156	0.119	1.90284958271918e-06	c6	AP1S2
6.49024660560638e-11	0.241765029161329	0.566	0.536	1.99425807450467e-06	c6	CIB1
7.38655943000578e-11	0.856436474452178	0.038	0.019	2.26966811605788e-06	c6	RAB27B
8.17724200678968e-11	0.686816901454885	0.141	0.104	2.51262115142626e-06	c6	MOSPD3
8.36902369039298e-11	0.401076865950694	0.355	0.307	2.57154990934705e-06	c6	MYADM
8.75475339473285e-11	1.23101217377718	0.038	0.019	2.69007307559956e-06	c6	MYO1C
9.27113172283779e-11	0.271504135884481	0.545	0.515	2.84874064447637e-06	c6	STK17B
9.37391918439469e-11	0.668272382081049	0.115	0.081	2.88032414778896e-06	c6	ELL
1.09625427971848e-10	0.620443659330673	0.146	0.108	3.36846052529097e-06	c6	MICAL1
1.11155187794495e-10	0.561474100351213	0.187	0.146	3.41546545536146e-06	c6	RASSF7
1.11926590465713e-10	0.495439809608856	0.248	0.204	3.43916834523997e-06	c6	ADAM8
1.15799646067913e-10	0.310077276768164	0.498	0.467	3.55817572472876e-06	c6	UBE2D2
1.22923074072568e-10	1.56675230080716	0.018	0.007	3.7770572970278e-06	c6	IL23R
1.23315853541914e-10	0.284058834668728	0.531	0.501	3.7891262317824e-06	c6	KRTCAP2
1.29802023315195e-10	0.238945829346815	0.595	0.566	3.98842677040601e-06	c6	HMGN1
1.33747058365371e-10	0.254756926649585	0.582	0.553	4.10964586239275e-06	c6	GMFG
1.72343034578043e-10	1.73485993642533	0.018	0.007	5.29558442347952e-06	c6	PHLDA3
1.98495022148953e-10	1.62155236855666	0.019	0.008	6.09915654557088e-06	c6	ADAM12
1.99486970228084e-10	0.171261310161647	0.672	0.652	6.12963613419834e-06	c6	ALDOA
2.07801355135531e-10	0.350538702156037	0.426	0.388	6.38511223924945e-06	c6	KIAA1551
2.55333189738774e-10	0.249756445382244	0.511	0.479	7.8456229211033e-06	c6	SEPT1
2.69362741456175e-10	0.485958213143319	0.255	0.212	8.2767089567239e-06	c6	CAPZA2
2.95084011273791e-10	1.3475475030734	0.055	0.033	9.06704641440977e-06	c6	SQLE
3.34278158019942e-10	1.10997319291672	0.051	0.029	1.02713649614788e-05	c6	LOXL1-AS1
3.38973647168485e-10	0.243936370622383	0.543	0.517	1.0415643256546e-05	c6	PGK1
3.66529902722266e-10	1.076880977368	0.048	0.028	1.12623643209471e-05	c6	UNC93B1
3.99591638163811e-10	0.434344574891001	0.249	0.205	1.22782522658594e-05	c6	AQP3
4.12509151063329e-10	0.438882962594523	0.271	0.226	1.26751686847229e-05	c6	HN1
4.62417277306235e-10	0.776570162092262	0.183	0.144	1.42086956797887e-05	c6	CISH
5.13884555336e-10	0.453774686699918	0.213	0.171	1.57901307318093e-05	c6	CD58
5.91801427471864e-10	0.691152978557216	0.078	0.051	1.8184282461928e-05	c6	IGFBP4
6.13125476897735e-10	0.846953217987434	0.055	0.033	1.88395065286367e-05	c6	RGS9
6.41621690962799e-10	0.160086878088945	0.753	0.717	1.97151096982139e-05	c6	HINT1
6.77264406937671e-10	0.732987178594021	0.087	0.059	2.08103034319738e-05	c6	TLE3
7.47816447181076e-10	0.16888587578999	0.562	0.526	2.29781559725329e-05	c6	TPI1
7.80059741870225e-10	0.263542540053256	0.608	0.584	2.39688956884464e-05	c6	GPSM3
7.91598877590894e-10	1.00176216445133	0.056	0.033	2.43234587117354e-05	c6	KATNAL1
8.26553642010512e-10	0.510154203497621	0.226	0.186	2.5397513758057e-05	c6	PDLIM2
8.49331958852017e-10	0.640215092273463	0.181	0.142	2.60974230996459e-05	c6	PDCL3
8.78635129986109e-10	2.00859127854117	0.011	0.003	2.69978216390832e-05	c6	RAC3
9.21115341542116e-10	0.556095328427626	0.32	0.283	2.83031110995646e-05	c6	CMTM6
9.54201519719517e-10	0.476953849402188	0.271	0.229	2.93197500964216e-05	c6	TALDO1
1.01445126225669e-09	0.47729606363002	0.22	0.179	3.11710439353614e-05	c6	ATP6V0E2
1.07876379109754e-09	0.459871730073578	0.281	0.241	3.3147175009054e-05	c6	PDE4B
1.21740817673216e-09	1.45790878014148	0.027	0.013	3.7407301046449e-05	c6	ELOVL6
1.27197731513293e-09	0.132117413870926	0.761	0.753	3.90840469620895e-05	c6	RAC2
1.2964933281982e-09	1.17857959620253	0.038	0.02	3.98373504955462e-05	c6	GRAMD1B
1.35891684688711e-09	0.616223137432146	0.15	0.114	4.17554379543003e-05	c6	JAZF1
1.62187128224953e-09	0.753205026185526	0.1	0.07	4.98352388896814e-05	c6	DDAH2
1.64240560893546e-09	0.322964774368655	0.424	0.388	5.04661971457599e-05	c6	WDR1
1.70559197729831e-09	0.281377851981359	0.466	0.43	5.24077246864452e-05	c6	ACAP1
1.88434299705536e-09	0.458351510903981	0.306	0.269	5.79002072705201e-05	c6	M6PR
1.92956651877807e-09	0.87635146169817	0.081	0.054	5.92897904224938e-05	c6	PLOD3
2.06659299526813e-09	0.666760839068496	0.13	0.097	6.35002029656037e-05	c6	MAPKAPK3
2.27005684887349e-09	0.160902911323996	0.722	0.699	6.97520367953356e-05	c6	PSME1
2.33710861660459e-09	0.554383568665485	0.169	0.131	7.18123364624091e-05	c6	TNFRSF25
2.35444695267758e-09	0.448820933744988	0.318	0.279	7.23450915149241e-05	c6	IQGAP1
2.47835735105102e-09	0.200551120054688	0.581	0.557	7.61524863257446e-05	c6	COX6C
2.54640646372154e-09	0.329498873959527	0.373	0.333	7.82434314107718e-05	c6	MINOS1
2.74105458868502e-09	0.344615016303133	0.409	0.375	8.42243843465245e-05	c6	CMPK1
2.9097961943763e-09	0.435474045002286	0.306	0.268	8.94093076646006e-05	c6	MGST3
3.25766633856682e-09	1.4316625977705	0.02	0.008	0.000100098313585143	c6	L1CAM
3.5775644120658e-09	0.362106646352235	0.365	0.325	0.000109927821689546	c6	REEP5
3.79463612163706e-09	0.620026664546579	0.136	0.102	0.000116597784109542	c6	CLSTN3
4.13646046107293e-09	0.774910149312729	0.076	0.051	0.000127101020587388	c6	PLEKHO1
4.64535757322828e-09	0.979407578306986	0.032	0.017	0.000142737902152586	c6	KIAA0825
4.73385587924097e-09	1.06630652808848	0.024	0.011	0.000145457189601437	c6	SFTPC
5.05763333614301e-09	0.236118608484318	0.495	0.461	0.000155405899519666	c6	TBC1D10C
5.48172633404612e-09	0.9614566300169	0.056	0.034	0.000168437005066235	c6	ACP6
6.71300985837298e-09	0.293469617185438	0.346	0.303	0.000206270653918226	c6	STOM
7.09016080314504e-09	0.318938878770213	0.377	0.34	0.000217859370998237	c6	DYNLL1
7.14939068752471e-09	0.52635753879139	0.143	0.109	0.000219679327655572	c6	C9orf89
7.38504810473642e-09	0.255873300122307	0.394	0.354	0.000226920373114236	c6	FKBP1A
7.87096191763892e-09	0.348333878635696	0.322	0.28	0.000241851046843291	c6	APOBEC3G
7.9921418586181e-09	0.91435418771173	0.069	0.045	0.000245574542889758	c6	MTM1
8.16497698387907e-09	0.372059034277183	0.376	0.337	0.000250885247783652	c6	XBP1
8.81209124932487e-09	0.574048106612934	0.186	0.15	0.000270769127818005	c6	TBC1D10A
9.01438387651291e-09	0.218803137918715	0.59	0.566	0.000276984973373612	c6	RNASEK
9.03873755158048e-09	0.682553505700197	0.076	0.051	0.000277733288747414	c6	LOC729732
9.24502899840519e-09	1.28722978459619	0.01	0.003	0.000284072006033996	c6	RAPGEF5
9.73082917146023e-09	0.434665734769201	0.241	0.202	0.000298999187951459	c6	SYPL1
1.06622856679265e-08	0.195746966216205	0.65	0.633	0.000327620051718377	c6	PPIB
1.14579042038386e-08	0.65457152810643	0.096	0.068	0.000352067022471349	c6	EDARADD
1.1761557608653e-08	0.686106989124109	0.137	0.105	0.000361397380641081	c6	RUNX1
1.53837556159243e-08	1.009518465916	0.024	0.012	0.000472696658810505	c6	EMP1
1.5790339398256e-08	0.231312666671895	0.644	0.619	0.000485189758690213	c6	LEPROTL1
1.63160387056727e-08	0.297651741035428	0.463	0.436	0.000501342921309206	c6	LAT
1.756995837197e-08	0.377925688297365	0.317	0.277	0.000539872110895521	c6	SIT1
2.11848497494789e-08	1.14603794295082	0.025	0.012	0.000650946878252237	c6	QPCT
2.16065567763898e-08	0.199747154445014	0.57	0.538	0.000663904670068131	c6	ITGB2
2.38914433688421e-08	0.668272326366147	0.112	0.083	0.000734112380394412	c6	SLC25A24
2.45024339456477e-08	0.636077126402077	0.102	0.073	0.000752886287847917	c6	ZFYVE28
2.45182996568286e-08	0.479625912631079	0.244	0.208	0.000753373793555371	c6	RAB11A
2.63528581397645e-08	0.693727488953243	0.077	0.053	0.000809744272060545	c6	FHOD1
2.77325164823491e-08	0.533869733155183	0.174	0.139	0.00085213703395314	c6	ELOVL1
2.99435750517303e-08	0.360097489019554	0.293	0.255	0.000920076230614517	c6	MRPS6
3.27718688429379e-08	0.234878486844081	0.514	0.482	0.00100698121393695	c6	CNN2
3.43432985401623e-08	0.334833843266656	0.377	0.34	0.00105526653424357	c6	GLIPR1
3.62319306564833e-08	0.539844541010122	0.154	0.121	0.00111329853328176	c6	STX10
3.64808133680306e-08	0.885184042863515	0.064	0.042	0.00112094595235948	c6	EIF4E3
3.66339926156448e-08	0.516336878759102	0.175	0.141	0.00112565269110092	c6	PFKFB3
3.71039984674106e-08	0.375916279016187	0.362	0.326	0.00114009456090813	c6	ITK
3.95013735507994e-08	0.797770161857909	0.051	0.031	0.00121375870509541	c6	CCR5
5.01861927042061e-08	0.354099815357563	0.409	0.381	0.00154207114322214	c6	SKAP1
5.11271631015486e-08	0.543109427592863	0.152	0.12	0.00157098434062128	c6	PMVK
5.39425564920584e-08	0.750641670569551	0.053	0.033	0.00165749293333148	c6	FMNL3
5.60209054520289e-08	0.304705554681438	0.441	0.414	0.00172135436182449	c6	TMEM50A
5.84396142636244e-08	0.804469601846155	0.075	0.051	0.00179567402747839	c6	ARHGAP18
6.02934219730623e-08	0.438352805554362	0.181	0.146	0.00185263597696628	c6	MPC1
6.29570445071315e-08	0.489131763412889	0.185	0.15	0.00193448110657063	c6	SUSD3
6.4425865346185e-08	0.404525883290232	0.308	0.272	0.00197961356449223	c6	LPXN
6.50928976524536e-08	0.542018379725309	0.16	0.127	0.00200010946616694	c6	COMMD8
7.70915921936003e-08	0.886333198781043	0.049	0.031	0.00236879335333276	c6	TRIB1
8.50465877140001e-08	0.373316936483999	0.062	0.04	0.00261322650068808	c6	IL2
8.60129232575136e-08	1.13186211505783	0.031	0.017	0.00264291909293362	c6	LOC100132891
8.88000173718874e-08	1.0293404190159	0.056	0.036	0.00272855813378599	c6	ADAM15
9.25938817752522e-08	0.787204003781243	0.082	0.058	0.00284513220530818	c6	KIF20B
1.04539913515374e-07	0.726456974543618	0.09	0.065	0.00321219792258689	c6	SFXN3
1.08272179878651e-07	0.53974322787392	0.139	0.108	0.0033268792711313	c6	ADI1
1.11757077646504e-07	0.632563641725909	0.08	0.056	0.00343395972484412	c6	SLC6A6
1.22272919743697e-07	1.30508956984157	0.021	0.01	0.00375708000496458	c6	PQLC1
1.22659975586919e-07	0.972393361642685	0.022	0.011	0.00376897306985927	c6	PLEKHN1
1.24753206066464e-07	0.743593313244288	0.103	0.076	0.00383329176280423	c6	RAB11FIP1
1.51884772799285e-07	0.401921723932591	0.281	0.246	0.00466696341380364	c6	FMNL1
1.70017429092096e-07	0.625080403204671	0.09	0.065	0.00522412554371282	c6	PDE7A
1.72023091655935e-07	0.427610997164836	0.183	0.149	0.00528575353731192	c6	OSBPL8
1.74960180624183e-07	0.708280042014536	0.1	0.074	0.00537600147003927	c6	REEP3
1.81400973133684e-07	0.735227914170709	0.075	0.052	0.00557390770147872	c6	SMIM3
1.87553025836904e-07	0.790827400622931	0.058	0.038	0.00576294182489055	c6	CTNNA1
1.8966041772734e-07	0.877443591913252	0.037	0.022	0.00582769565550797	c6	ADARB1
1.92428846277862e-07	0.300597394496252	0.434	0.405	0.00591276115957988	c6	MSN
1.95163654040262e-07	0.571003177301655	0.093	0.067	0.00599679359769514	c6	CAPNS1
2.00010337472333e-07	0.704901216078616	0.066	0.045	0.00614571763951236	c6	SKI
2.28569714255883e-07	0.359764578691454	0.327	0.294	0.00702326160994051	c6	KTN1
2.30639059328526e-07	1.13489478979006	0.021	0.01	0.00708684637598763	c6	C2CD4D
2.32619985336615e-07	0.978974117704537	0.018	0.008	0.00714771428943818	c6	ARHGEF40
2.45057101104592e-07	0.198543159640485	0.382	0.339	0.00752986954564081	c6	LINC00152
2.58080725895996e-07	0.418866714628294	0.254	0.219	0.00793004646460626	c6	CMTM7
2.58491795488734e-07	0.29811069036955	0.458	0.434	0.00794267739998232	c6	SEC61G
2.5905606763549e-07	1.38631384324402	0.013	0.005	0.0079600157902357	c6	LRP12
2.62046882662807e-07	0.843023004206349	0.038	0.022	0.00805191456358009	c6	KLF4
2.77748406601577e-07	0.933289041092033	0.049	0.031	0.00853437528964665	c6	NRM
2.79322329092715e-07	0.546860684219101	0.139	0.11	0.00858273720603187	c6	TPD52
3.02486393223191e-07	0.231789741249285	0.473	0.445	0.00929449940456898	c6	ITM2A
3.06315880065044e-07	0.44068627952006	0.207	0.174	0.00941216804675861	c6	LIX1L
3.14936990903462e-07	0.310196087543417	0.382	0.353	0.00967706891949066	c6	CSTB
3.16438991271173e-07	0.200419741703204	0.588	0.568	0.00972322088478934	c6	MCL1
3.37497771274922e-07	0.588990152420239	0.129	0.101	0.0103702940179645	c6	MAP4
3.64261170002255e-07	0.414912400373348	0.233	0.199	0.0111926529706593	c6	MAP4K1
3.73236348364866e-07	0.394517673326178	0.338	0.31	0.0114684332762072	c6	CAST
3.73355668750971e-07	0.345573627269493	0.298	0.265	0.0114720996337111	c6	AKAP13
3.83161648030657e-07	0.392758920998402	0.322	0.286	0.011773407959038	c6	IFNG
3.91337541714808e-07	0.676047964349121	0.059	0.039	0.0120246286442709	c6	ITPRIPL1
4.22399530227575e-07	0.533210055996723	0.121	0.093	0.0129790703653027	c6	TACC1
4.33574002055954e-07	1.52613782990913	0.016	0.007	0.0133224283611733	c6	H2AFY2
4.40971804248702e-07	0.222002183865991	0.514	0.497	0.0135497406291499	c6	COX8A
4.652686980618e-07	1.18867275180489	0.024	0.013	0.0142963112853449	c6	ARHGAP31
4.95358149181266e-07	0.448734328761037	0.305	0.275	0.0152208698498928	c6	G3BP2
5.10979700984478e-07	0.277238738697829	0.365	0.333	0.0157008732721501	c6	TNFAIP8
5.84431282799643e-07	0.638673736818166	0.084	0.06	0.0179578200265846	c6	RPS6KA5
6.08495167146963e-07	0.331509894692844	0.386	0.36	0.0186972310009247	c6	CD48
6.44791365726683e-07	0.955364802911616	0.088	0.065	0.0198125042946838	c6	MSMO1
6.45923059677707e-07	0.32046756695423	0.384	0.36	0.0198472778547169	c6	SNX3
6.46068486884674e-07	0.822377217366409	0.053	0.035	0.0198517463965054	c6	SNTB2
6.47479557442303e-07	0.479834947895946	0.104	0.078	0.0198951043615297	c6	FBLN7
6.65198992012773e-07	0.330567902007193	0.379	0.351	0.0204395694275765	c6	SP100
6.99231464295599e-07	0.309968980619452	0.214	0.181	0.0214852852034109	c6	LOC100996809
7.27851691479527e-07	0.39491183187614	0.326	0.296	0.0223646989240914	c6	LINC-PINT
7.32733142838277e-07	0.169002215146685	0.708	0.698	0.0225146912799917	c6	DAZAP2
7.87723440408338e-07	0.177174728494348	0.652	0.64	0.024204378153427	c6	CYTIP
8.43326236571063e-07	0.699721313500687	0.055	0.036	0.025912885271119	c6	PDE4A
8.50404411528483e-07	1.43501741902495	0.018	0.009	0.0261303763530357	c6	GPR150
8.56730592695984e-07	0.567199734029264	0.174	0.145	0.0263247609217695	c6	SQRDL
8.94735720562233e-07	0.793041725078175	0.05	0.033	0.0274925444857157	c6	CLIC5
9.89825182481869e-07	0.574249195391298	0.12	0.093	0.0304143583821204	c6	NOTCH2NL
1.08247571640734e-06	0.664277651735167	0.073	0.052	0.0332612313380484	c6	KCNN4
1.08640208765795e-06	0.966225127106877	0.041	0.026	0.0333818769474658	c6	HIPK2
1.11779198369741e-06	0.383398057120723	0.279	0.247	0.0343463942830703	c6	RNH1
1.16275064826388e-06	0.504938470851149	0.153	0.123	0.0357278391692042	c6	PRRC2B
1.17503462776294e-06	0.82668420659353	0.044	0.028	0.0361052890072719	c6	PKIA
1.21421104300323e-06	0.991958927642841	0.048	0.031	0.0373090627183602	c6	MSC
1.23290958316645e-06	0.264200382213445	0.382	0.353	0.0378836127619554	c6	DPP7
1.30083581968192e-06	0.295903205526609	0.394	0.368	0.0399707822313665	c6	IDS
1.30293877579377e-06	0.789964399194701	0.03	0.017	0.0400353997638153	c6	LOC101927202
1.37234494432643e-06	0.444896729878497	0.217	0.187	0.0421680431043182	c6	CYB5R3
1.42211594154574e-06	0.349404185445636	0.265	0.231	0.0436973565358758	c6	PTPN7
1.52784074588219e-06	0.628334689183812	0.061	0.042	0.0469459625987221	c6	ATP10D
1.54238140684636e-06	0.480166494987774	0.104	0.078	0.0473927534881681	c6	NDFIP2
1.55024530416026e-06	0.382361222292624	0.161	0.13	0.0476343874609324	c6	A1BG
1.61967572753708e-06	0.220505046417443	0.433	0.408	0.0497677760800317	c6	TUBA1B
