p_val	avg_log2FC	pct.1	pct.2	p_val_adj	cluster	gene
0	3.60863682822844	0.99	0.753	0	15	STMN1
0	2.67373223887681	0.983	0.823	0	15	TUBA1B
0	2.45040771954667	0.95	0.7	0	15	TYMS
0	2.42375593566939	0.987	0.868	0	15	TUBB
0	2.26784186200258	0.88	0.47	0	15	RRM2
0	2.23076137827712	0.928	0.695	0	15	KIAA0101
0	2.19371450928712	0.986	0.816	0	15	HMGB2
0	2.16961179106137	0.995	0.847	0	15	HMGN2
0	2.0651228648824	0.995	0.823	0	15	H2AFZ
0	1.94635461375031	0.834	0.473	0	15	UBE2C
0	1.70743904886389	0.972	0.804	0	15	DUT
0	1.67574352333005	0.836	0.553	0	15	NUSAP1
0	1.6413204295081	0.842	0.77	0	15	BIRC5
0	1.51836390289451	0.894	0.689	0	15	PCNA
0	1.47123163126225	0.847	0.596	0	15	CDK1
0	1.45961412957273	0.844	0.559	0	15	MKI67
0	1.45950735681307	0.871	0.561	0	15	CKS1B
0	1.45412728427011	0.908	0.776	0	15	FABP5
0	1.45122868643947	0.889	0.521	0	15	ASF1B
0	1.44301720610296	0.876	0.588	0	15	MCM7
0	1.42658118035441	0.876	0.703	0	15	TK1
0	1.40353706291052	0.961	0.75	0	15	RANBP1
0	1.39912372286532	0.818	0.585	0	15	TOP2A
0	1.39489010943271	0.915	0.733	0	15	PTTG1
0	1.38085341428792	0.921	0.64	0	15	TMEM106C
0	1.36077315204901	0.911	0.693	0	15	CENPU
0	1.31688313144474	0.897	0.569	0	15	MAD2L1
0	1.30732478337169	0.921	0.632	0	15	CARHSP1
0	1.30205253183509	0.957	0.784	0	15	DEK
0	1.27281742753427	0.956	0.813	0	15	CKS2
0	1.2711101349817	0.775	0.558	0	15	CCNA2
0	1.25357049539134	0.853	0.624	0	15	MCM5
0	1.24657813551519	0.878	0.79	0	15	SMC4
0	1.22946057980509	0.893	0.729	0	15	CENPM
0	1.18634163379317	1	0.955	0	15	HMGB1
0	1.17474155098577	0.84	0.75	0	15	GINS2
0	1.17323264939176	0.876	0.706	0	15	SMC2
0	1.15232994274937	0.844	0.724	0	15	UBE2T
0	1.14183364371973	0.75	0.303	0	15	PLK1
0	1.13802903458724	0.802	0.552	0	15	CCNB2
0	1.13569672312321	0.929	0.775	0	15	NASP
0	1.13290241204477	0.837	0.558	0	15	ZWINT
0	1.10261560339962	0.948	0.762	0	15	RPA3
0	1.09705961302867	0.914	0.715	0	15	NUDT1
0	1.08698360392733	0.976	0.867	0	15	PKM
0	1.08480530730767	0.875	0.638	0	15	FEN1
0	1.08307614424743	0.808	0.487	0	15	UHRF1
0	1.06589771067185	0.87	0.582	0	15	RRM1
0	1.0449436659642	0.963	0.834	0	15	ANXA5
0	1.04355387692391	0.943	0.707	0	15	H2AFV
0	1.04290444237519	0.805	0.498	0	15	CDKN3
0	1.04046433426644	0.84	0.523	0	15	CLSPN
0	1.03646639779899	0.88	0.534	0	15	CENPW
0	1.02251781805034	0.823	0.433	0	15	DHFR
0	1.01472020670586	0.991	0.926	0	15	SLC25A5
0	1.00800122702935	0.915	0.744	0	15	H2AFY
0	1.00372864018799	0.93	0.791	0	15	PRDX3
0	1.00148308492301	0.955	0.747	0	15	SNRPD1
0	0.98965908688639	0.979	0.85	0	15	CALM3
0	0.988187244091334	0.964	0.822	0	15	HN1
0	0.973363618584408	0.835	0.555	0	15	CDCA8
0	0.968008242590935	0.91	0.678	0	15	ANP32E
0	0.967681375526736	0.867	0.637	0	15	RFC4
0	0.960727784208017	0.864	0.669	0	15	CDK4
0	0.943981740992043	0.994	0.935	0	15	TPI1
0	0.94098198041096	0.926	0.899	0	15	ENTPD1
0	0.891873053988837	0.895	0.715	0	15	DNMT1
0	0.889580769558146	0.992	0.943	0	15	RAN
0	0.885448136037291	0.812	0.603	0	15	AURKB
0	0.874347963547632	0.803	0.659	0	15	CENPN
0	0.873715698897872	0.816	0.598	0	15	KIFC1
0	0.867723734061365	0.872	0.634	0	15	GMNN
0	0.856751710123478	0.944	0.795	0	15	BANF1
0	0.853991488809975	0.765	0.569	0	15	TROAP
0	0.853200558262435	0.85	0.651	0	15	DTYMK
0	0.848653860407504	0.974	0.861	0	15	SNRPG
0	0.834968754737631	0.786	0.482	0	15	PKMYT1
0	0.83053102260514	0.856	0.703	0	15	EZH2
0	0.808387075474747	1	0.998	0	15	ACTB
0	0.802370228932407	0.808	0.475	0	15	NUF2
0	0.776617421063563	0.795	0.553	0	15	CENPK
0	0.765142619569261	1	0.985	0	15	PFN1
0	0.727859301176965	1	0.995	0	15	GAPDH
0	0.710405814502034	0.758	0.511	0	15	DTL
0	0.702781575802843	0.779	0.511	0	15	WDR34
0	0.673388751698728	0.771	0.457	0	15	KIF11
0	0.667374897785481	1	0.993	0	15	PTMA
0	0.652505439356251	0.779	0.353	0	15	FAM111B
0	0.650395478030147	0.917	0.741	0	15	HSBP1
0	0.642910024245464	0.81	0.563	0	15	HIRIP3
0	0.632221437368314	0.755	0.427	0	15	RAD51AP1
0	0.620548177922632	0.754	0.427	0	15	HJURP
0	0.615672898011232	0.752	0.348	0	15	SGOL1
0	0.608208901131232	0.81	0.656	0	15	ATAD5
0	0.601680844195342	0.763	0.567	0	15	SPC25
0	0.588828290904237	0.798	0.551	0	15	CDK2
0	0.582639844925293	0.805	0.623	0	15	RBBP8
0	0.563837419621196	0.802	0.461	0	15	CENPA
0	0.553899581469344	0.769	0.564	0	15	MND1
0	0.547110811716304	0.761	0.47	0	15	CEP55
0	0.529168917473137	0.717	0.365	0	15	CKAP2L
0	0.502687933692473	0.782	0.406	0	15	KIF2C
0	0.460023354488652	0.758	0.575	0	15	MCM10
0	0.380243135550104	0.686	0.242	0	15	KIF15
0	-0.916743844927053	1	1	0	15	EEF1A1
0	-1.0325731114775	0.999	0.999	0	15	RPS12
0	-1.94914606986658	0.97	0.984	0	15	JUNB
1.24139941750827e-307	0.947471645725316	0.983	0.902	3.72419825252481e-304	15	PGAM1
5.23942960278414e-306	1.18652581149495	0.781	0.579	1.57182888083524e-302	15	ASPM
3.56738424085639e-304	0.805454255805357	0.877	0.698	1.07021527225692e-300	15	HMGA1
6.37511049493684e-304	0.8051941965276	0.966	0.832	1.91253314848105e-300	15	NAP1L1
2.83838907054532e-303	-2.06484695433777	0.968	0.985	8.51516721163595e-300	15	ZFP36
4.06901047880691e-302	0.564174217651306	0.827	0.647	1.22070314364207e-298	15	SNRNP25
1.57063585369432e-301	0.80588499539588	0.883	0.734	4.71190756108295e-298	15	SAE1
1.25479274096049e-300	0.714780059334186	0.875	0.713	3.76437822288147e-297	15	SKA2
1.92780120758793e-299	0.702899208577779	0.748	0.526	5.78340362276378e-296	15	KIF23
6.23151045274905e-299	0.77206644596552	0.981	0.906	1.86945313582472e-295	15	COX5A
1.41219018749481e-297	0.53740801617947	0.768	0.574	4.23657056248443e-294	15	HIST1H3B
3.89668572846919e-296	0.915466924112663	0.939	0.804	1.16900571854076e-292	15	TPM4
6.66612298725479e-296	0.782844794018416	0.822	0.666	1.99983689617644e-292	15	PHF19
3.56078924190786e-294	0.85618290170514	0.96	0.836	1.06823677257236e-290	15	CACYBP
1.34112761244831e-293	0.697985559256902	0.82	0.591	4.02338283734493e-290	15	RFC2
1.72818513289438e-293	0.830122788234878	0.87	0.685	5.18455539868313e-290	15	DNAJC9
2.83521790846704e-293	0.784508513212759	0.91	0.723	8.50565372540112e-290	15	LSM4
1.2213037716598e-292	0.72397266069482	0.988	0.914	3.6639113149794e-289	15	GNG5
5.03116368858768e-292	1.54689873142255	0.804	0.698	1.5093491065763e-288	15	CENPF
3.27818787711968e-290	0.585151317011149	0.78	0.518	9.83456363135904e-287	15	BCL2L12
3.5552253395729e-290	0.709559008740373	0.883	0.737	1.06656760187187e-286	15	SHMT2
1.81710802635953e-288	0.792673729130161	0.845	0.714	5.45132407907859e-285	15	LMNB1
8.89041046273041e-288	0.616889745040733	0.755	0.503	2.66712313881912e-284	15	MCM4
1.9035106645874e-287	0.278964288842681	0.763	0.679	5.7105319937622e-284	15	MYBL2
4.04093280914199e-287	0.79023643654921	0.954	0.895	1.2122798427426e-283	15	DNPH1
8.65250056557145e-286	0.60237381988491	0.765	0.505	2.59575016967143e-282	15	FBXO5
1.55285548876498e-285	0.771399107754135	0.789	0.655	4.65856646629495e-282	15	HELLS
2.61498662019873e-285	0.975613776509782	0.752	0.503	7.84495986059619e-282	15	CCNB1
4.22193659230482e-285	0.655883293503283	0.745	0.552	1.26658097769145e-281	15	CDC45
9.65800517956177e-285	0.479785317250867	0.772	0.663	2.89740155386853e-281	15	DEPDC1B
7.75147609299085e-284	0.43848859645549	0.769	0.589	2.32544282789726e-280	15	RCC1
2.9487642627676e-281	0.812890639387647	0.984	0.921	8.8462927883028e-278	15	ENO1
4.05002024119214e-280	0.53021345702571	0.761	0.531	1.21500607235764e-276	15	NCAPH
1.36366778636592e-279	0.457132789438532	0.749	0.619	4.09100335909776e-276	15	DIAPH3
3.23373368659024e-279	0.767499640995752	0.962	0.869	9.70120105977074e-276	15	TALDO1
1.93056935928589e-278	0.524160073500939	0.758	0.564	5.79170807785766e-275	15	ESCO2
1.56498136471664e-274	0.304704289199709	0.721	0.477	4.69494409414993e-271	15	OIP5
2.30355426958817e-274	0.724159116929	0.883	0.68	6.91066280876452e-271	15	TXNDC17
2.60337406301317e-274	0.611819405851372	0.73	0.467	7.8101221890395e-271	15	FANCI
3.64227326959403e-272	0.605996084627005	0.758	0.546	1.09268198087821e-268	15	PRC1
5.37983662815082e-272	0.406231948899191	0.736	0.55	1.61395098844525e-268	15	SHCBP1
2.88281537108505e-271	0.543172446063834	0.744	0.617	8.64844611325514e-268	15	RAD51
8.8389140405395e-271	0.73072982951742	0.882	0.675	2.65167421216185e-267	15	STRA13
1.17013445998888e-266	1.15681350814179	0.735	0.51	3.51040337996664e-263	15	CDC20
2.33776617934911e-265	0.715718388205174	0.86	0.712	7.01329853804733e-262	15	SMC1A
4.19864614422831e-265	0.709467370093168	0.921	0.792	1.25959384326849e-261	15	PSMA4
6.73134669194244e-265	0.608613885416431	0.766	0.574	2.01940400758273e-261	15	CDCA3
3.43829276104054e-264	0.445846042603847	1	0.985	1.03148782831216e-260	15	PPIA
1.07838467301859e-263	0.750877169778014	0.969	0.87	3.23515401905577e-260	15	TXN
9.06634993835664e-262	0.7999950670935	0.931	0.775	2.71990498150699e-258	15	NUCKS1
2.69810486442775e-261	1.04845219070885	0.827	0.672	8.09431459328326e-258	15	MCM3
2.84149962605596e-261	0.752115503453212	0.816	0.655	8.52449887816788e-258	15	RNASEH2A
3.06475385484634e-261	0.549609363851067	0.751	0.657	9.19426156453902e-258	15	CDC6
1.25337898182057e-260	0.817234712611349	0.734	0.494	3.76013694546172e-257	15	GGH
7.72650160236701e-260	0.859866977639717	0.872	0.648	2.3179504807101e-256	15	SLBP
1.05850696263879e-259	1.07735891599242	0.802	0.696	3.17552088791638e-256	15	CDCA7
1.92678273730658e-259	0.359536158854529	0.721	0.504	5.78034821191974e-256	15	LOC102723602
7.04336284912636e-257	0.475516533115226	0.776	0.725	2.11300885473791e-253	15	LMCD1
8.10772407954049e-257	0.714119218479831	0.789	0.65	2.43231722386215e-253	15	CENPE
2.32068427896666e-256	0.61722465323506	0.972	0.927	6.96205283689998e-253	15	MT2A
3.09215154400696e-256	0.638551092148588	0.985	0.927	9.27645463202088e-253	15	ATP5G3
4.91202843995278e-254	0.705125069436201	0.93	0.759	1.47360853198584e-250	15	IDH2
7.52950945093369e-253	0.601161385217462	0.784	0.648	2.25885283528011e-249	15	ACOT7
9.95484245197599e-252	0.447840466493746	0.736	0.608	2.9864527355928e-248	15	NEIL3
4.2640938955191e-251	0.908786046130432	0.89	0.778	1.27922816865573e-247	15	TMPO
1.86136179013651e-250	0.788339118665123	0.814	0.66	5.58408537040954e-247	15	ATAD2
1.87932760948667e-249	0.744350363352055	0.753	0.6	5.63798282846001e-246	15	MCM2
4.10105413771132e-248	0.77666012214634	0.913	0.83	1.2303162413134e-244	15	MTHFD2
5.48523298108546e-248	-1.3732979547416	0.984	0.983	1.64556989432564e-244	15	TSC22D3
7.75937755153525e-248	0.340771952424322	0.694	0.464	2.32781326546057e-244	15	SPAG5
1.58828363750595e-246	0.7753210093187	0.822	0.646	4.76485091251785e-243	15	KIF20B
2.16879888022102e-244	0.751048916698213	0.729	0.507	6.50639664066305e-241	15	TCF19
9.86434477228546e-244	0.700523884546069	0.977	0.872	2.95930343168564e-240	15	YWHAQ
4.95345304726515e-243	0.262591907016584	0.684	0.447	1.48603591417954e-239	15	CENPO
6.37705234533148e-243	0.515015804596398	0.731	0.593	1.91311570359944e-239	15	BRCA1
7.35610266614716e-242	-0.947506495151416	1	0.999	2.20683079984415e-238	15	MALAT1
1.08398723919092e-240	0.586812736201147	0.782	0.661	3.25196171757277e-237	15	NRM
2.14859981482703e-240	0.591679238379082	0.987	0.923	6.44579944448109e-237	15	PSME2
5.07312823552659e-239	0.676032928481777	0.916	0.773	1.52193847065798e-235	15	YWHAE
7.49281891517626e-238	0.386803544797273	0.72	0.545	2.24784567455288e-234	15	DSCC1
5.1605787611227e-237	0.588305497102623	0.833	0.644	1.54817362833681e-233	15	ACYP1
2.80856191822249e-236	0.583712637358823	0.823	0.807	8.42568575466746e-233	15	CD38
4.98672416073472e-236	0.356054701999569	0.704	0.537	1.49601724822042e-232	15	KIF4A
3.18356004224838e-234	0.421955634145267	0.71	0.519	9.55068012674515e-231	15	MELK
3.7715664547372e-234	0.547801707809719	0.782	0.67	1.13146993642116e-230	15	BARD1
2.0070264411292e-233	0.616996767932291	0.967	0.885	6.02107932338761e-230	15	FKBP1A
1.49573333922286e-232	0.612229722933296	0.789	0.64	4.48720001766858e-229	15	C19orf48
1.65209272420017e-232	0.654641098701462	0.74	0.503	4.9562781726005e-229	15	LIG1
1.72094077723213e-231	0.529209248139458	0.742	0.55	5.16282233169638e-228	15	TUBG1
2.82201739722865e-229	0.4272142390761	0.646	0.292	8.46605219168596e-226	15	CDCA2
1.18407161219935e-228	0.719310893507109	0.722	0.538	3.55221483659805e-225	15	DLGAP5
4.22778322353136e-228	0.389911090223399	0.999	0.982	1.26833496705941e-224	15	CFL1
5.35291911696453e-227	0.713820030263063	0.844	0.701	1.60587573508936e-223	15	USP1
6.36071055123219e-227	0.348040036606128	0.733	0.622	1.90821316536966e-223	15	POC1A
7.9305883940287e-227	0.451240110585644	0.715	0.545	2.37917651820861e-223	15	NCAPG2
6.89115185366485e-224	1.50870575449564	0.815	0.72	2.06734555609945e-220	15	CXCL13
2.37951433579296e-223	0.294706870687008	0.68	0.457	7.13854300737889e-220	15	STIL
4.21392646691172e-223	0.569689969061502	0.885	0.737	1.26417794007352e-219	15	MIR4435-1HG
5.39857652397011e-223	0.715558470428499	0.734	0.594	1.61957295719103e-219	15	NCAPG
4.23365915210928e-222	0.510191658614537	0.813	0.688	1.27009774563278e-218	15	HIST1H3D
1.94175023748179e-220	0.534400689873684	0.992	0.944	5.82525071244537e-217	15	YBX1
4.67950125346757e-219	0.648929742694193	0.992	0.944	1.40385037604027e-215	15	LDHA
2.47350706617212e-218	0.630870707319129	0.884	0.716	7.42052119851635e-215	15	DDX39A
6.88137605081843e-215	0.571540893580365	0.702	0.479	2.06441281524553e-211	15	CDCA5
2.24902733259061e-214	-2.30538385875061	0.797	0.903	6.74708199777182e-211	15	IL7R
1.4109654124266e-213	0.330880117314591	0.743	0.629	4.23289623727979e-210	15	KIAA1524
3.98556004695023e-213	0.820791862838222	0.799	0.676	1.19566801408507e-209	15	MCM6
1.62244145652461e-212	0.575331170747797	0.982	0.882	4.86732436957383e-209	15	DBI
1.72580634690935e-212	-1.83966382185233	0.963	0.979	5.17741904072804e-209	15	FOS
3.43828117485297e-212	-1.82237069451391	0.934	0.965	1.03148435245589e-208	15	CD69
1.89595485778343e-211	0.561095447945889	0.936	0.824	5.68786457335028e-208	15	TPR
5.38111413732344e-211	0.531546130771858	0.911	0.803	1.61433424119703e-207	15	AP2S1
2.90050300418371e-210	0.503985437510949	0.796	0.634	8.70150901255114e-207	15	IFI30
4.98963630973719e-205	0.537466676258251	0.727	0.649	1.49689089292116e-201	15	ORC6
1.94921649314074e-203	-0.296792325989132	0.403	0.785	5.84764947942223e-200	15	LOC102724246
6.16045644458675e-203	0.369206073613046	0.69	0.508	1.84813693337603e-199	15	PBK
1.08962933595019e-202	0.513510283945173	0.893	0.784	3.26888800785056e-199	15	SMS
1.61983671999357e-201	0.568490156220009	0.895	0.812	4.8595101599807e-198	15	SNRPE
1.61863336201175e-200	0.457907514975522	0.969	0.882	4.85590008603524e-197	15	POMP
7.48638840951652e-200	0.659744776532923	0.854	0.63	2.24591652285496e-196	15	TUBA1C
1.85639935517926e-199	0.5580470980446	0.835	0.697	5.56919806553779e-196	15	SUPT16H
2.63471666431398e-196	0.862652546447295	0.804	0.65	7.90414999294193e-193	15	KIF22
3.75096834137484e-196	0.894241728006069	0.748	0.712	1.12529050241245e-192	15	HMMR
1.50469223481291e-195	0.529685793301517	0.897	0.796	4.51407670443873e-192	15	GSTO1
1.81517943275344e-195	0.710421712754072	0.944	0.863	5.44553829826033e-192	15	HSPD1
3.60442240006083e-195	0.902361982031311	0.869	0.714	1.08132672001825e-191	15	H2AFX
2.15192291633906e-194	0.549848190949147	0.73	0.57	6.45576874901719e-191	15	CENPH
5.4581545611231e-194	0.555436981107936	0.82	0.666	1.63744636833693e-190	15	CD59
9.78655843640156e-194	0.562956276348551	0.772	0.679	2.93596753092047e-190	15	PAICS
1.71345161583572e-192	0.617384828246839	0.762	0.655	5.14035484750715e-189	15	MTHFD1
7.82478561500388e-192	0.812326001483206	0.834	0.864	2.34743568450116e-188	15	MT1E
6.27774518287635e-190	0.422535612144255	0.823	0.648	1.88332355486291e-186	15	CD151
1.68229359387469e-189	0.380004536647884	0.716	0.635	5.04688078162408e-186	15	ANLN
1.51641987677605e-188	0.493843472161293	0.693	0.541	4.54925963032816e-185	15	CHEK1
5.97494427236254e-188	0.479123421014659	0.96	0.87	1.79248328170876e-184	15	BST2
2.30439746266234e-187	0.368165750465776	0.701	0.535	6.91319238798701e-184	15	CHAF1B
1.54233789914811e-186	0.683472661266183	0.744	0.623	4.62701369744434e-183	15	RACGAP1
1.85123873436957e-186	2.30962757816591	0.962	0.914	5.5537162031087e-183	15	HIST1H4C
4.07139007497062e-186	0.528434370691451	1	0.981	1.22141702249119e-182	15	CD74
4.47135376803631e-185	0.423384352078402	0.775	0.589	1.34140613041089e-181	15	POLD2
3.87879932797574e-182	0.501904689664262	0.862	0.798	1.16363979839272e-178	15	LAP3
7.49056254924072e-182	0.870129745022115	0.838	0.717	2.24716876477222e-178	15	KPNA2
8.22308538178276e-181	0.551136876052114	0.947	0.873	2.46692561453483e-177	15	PDIA6
3.93953825648571e-180	0.73470216373127	0.897	0.78	1.18186147694571e-176	15	RAD21
5.00054829962515e-179	0.330027318138852	0.687	0.551	1.50016448988754e-175	15	HIST1H2AH
5.54586491511462e-179	1.17613901262843	0.725	0.68	1.66375947453439e-175	15	TPX2
8.72976115831117e-179	0.575784167548429	0.84	0.754	2.61892834749335e-175	15	MIS18BP1
1.0734677978665e-178	0.468355963715922	0.985	0.944	3.2204033935995e-175	15	SUB1
2.27326207571058e-178	0.450424481738661	0.78	0.66	6.81978622713174e-175	15	ARL3
7.40868547867579e-178	0.471699022199065	0.934	0.876	2.22260564360274e-174	15	VDAC1
2.36976273683074e-177	0.514099682936728	0.683	0.566	7.10928821049221e-174	15	HIST1H3C
4.57210335825143e-177	-0.725860781398357	0.999	0.997	1.37163100747543e-173	15	RPS18
1.06263965606555e-176	0.339200202666134	0.812	0.677	3.18791896819666e-173	15	PAFAH1B3
1.20096842107795e-174	0.371552772676115	1	0.989	3.60290526323384e-171	15	ACTG1
1.48805705346082e-173	0.385389791824041	0.779	0.615	4.46417116038247e-170	15	PPIF
1.75710815794615e-173	0.400777159420108	0.894	0.804	5.27132447383846e-170	15	DECR1
2.52096248084624e-173	0.493925882686593	0.773	0.709	7.56288744253873e-170	15	SCCPDH
1.44409124193128e-172	0.296139850197908	0.71	0.634	4.33227372579385e-169	15	CDCA7L
4.18368742459544e-172	0.976837938402505	0.937	0.82	1.25510622737863e-168	15	ARL6IP1
1.06203098367981e-170	0.488906678027504	0.819	0.688	3.18609295103944e-167	15	HLA-DMA
2.3280970174333e-170	0.555044751280902	0.823	0.669	6.98429105229991e-167	15	PRKDC
2.78893058708306e-170	0.626067748995774	0.668	0.499	8.36679176124918e-167	15	KIF14
4.0762723166892e-170	0.465416548322654	0.777	0.802	1.22288169500676e-166	15	LAYN
5.29803218558179e-170	0.709756394276622	0.739	0.731	1.58940965567454e-166	15	HMGB3
1.87854322344532e-168	0.730644309669702	0.642	0.393	5.63562967033595e-165	15	GTSE1
3.5920712287542e-168	0.319410530539288	0.746	0.722	1.07762136862626e-164	15	SOX4
5.71132969020865e-168	0.534546946630348	0.636	0.43	1.71339890706259e-164	15	MXD3
2.18521110778292e-167	0.447012739796229	0.739	0.678	6.55563332334876e-164	15	AURKA
2.28044941109806e-166	0.625372083215048	0.773	0.711	6.84134823329419e-163	15	NDC80
3.91262581218047e-166	0.425998422853618	0.963	0.854	1.17378774365414e-162	15	EIF5A
5.66332110852637e-166	0.408297142816656	0.723	0.601	1.69899633255791e-162	15	CTNNAL1
2.46147847552984e-165	0.368776897409288	0.706	0.628	7.38443542658951e-162	15	KNSTRN
1.44751486932287e-163	0.363225765283838	0.921	0.801	4.3425446079686e-160	15	BTG3
2.69830178638514e-163	0.459261111846224	0.998	0.967	8.09490535915543e-160	15	HSP90AA1
6.52040083131235e-163	0.453407344441428	0.702	0.605	1.9561202493937e-159	15	CCDC34
7.26831683908448e-163	0.453100160497109	0.993	0.936	2.18049505172534e-159	15	CRIP1
5.68365006392097e-162	0.517919014453621	0.826	0.818	1.70509501917629e-158	15	GGCT
9.11068329240718e-162	0.567173582443914	0.789	0.762	2.73320498772215e-158	15	TNFRSF9
1.86503074089751e-161	0.568155016459343	0.863	0.81	5.59509222269253e-158	15	LOC100996809
2.12590829716795e-160	0.378224547560457	0.929	0.791	6.37772489150384e-157	15	LINC00152
1.43025242658519e-158	0.41184815400497	0.96	0.892	4.29075727975557e-155	15	PRDX1
4.74952139753883e-158	0.546938768749479	0.867	0.8	1.42485641926165e-154	15	HLA-DRB4
4.16038297914346e-156	-1.39631075256412	0.975	0.977	1.24811489374304e-152	15	JUN
2.26273098400685e-154	0.383772400741605	0.901	0.798	6.78819295202055e-151	15	DUSP4
2.35018793880752e-154	0.448892738369299	0.799	0.685	7.05056381642256e-151	15	LOC101928173
2.78464516540193e-154	0.387508476038211	0.924	0.783	8.35393549620579e-151	15	CDK2AP2
4.3816864800468e-154	0.362751834771568	0.778	0.655	1.31450594401404e-150	15	MPST
4.47923412747771e-154	0.256068538800331	0.604	0.341	1.34377023824331e-150	15	RAD54L
1.12069106754911e-153	0.395455712438027	0.931	0.833	3.36207320264732e-150	15	PRDX5
3.77985112661876e-153	0.335251213812193	0.958	0.856	1.13395533798563e-149	15	DYNLL1
4.22482271146435e-153	0.609832724540117	0.944	0.855	1.26744681343931e-149	15	GSTP1
9.11143788565542e-153	-1.53577681648779	0.955	0.962	2.73343136569663e-149	15	CXCR4
1.25085594208665e-151	0.476329216699892	0.888	0.809	3.75256782625994e-148	15	TMEM14C
1.76549137525089e-151	0.445999483427479	0.775	0.588	5.29647412575267e-148	15	HNRNPAB
6.52763121606407e-151	0.490718456527854	0.802	0.784	1.95828936481922e-147	15	AHCY
1.34127157192634e-150	-0.459809074682108	1	1	4.02381471577901e-147	15	RPLP1
2.08435885683293e-149	0.762812961134648	0.485	0.286	6.2530765704988e-146	15	LOC102723407
3.3631845827674e-148	0.463125806907609	0.889	0.867	1.00895537483022e-144	15	SIRPG
1.09984392930973e-147	0.443112648661767	0.983	0.913	3.29953178792919e-144	15	CALM2
4.92194903497983e-147	0.304220907498289	0.673	0.613	1.47658471049395e-143	15	PHGDH
5.0251243929335e-147	0.416592639113057	0.826	0.738	1.50753731788005e-143	15	ATP1B3
1.3606921286429e-146	0.990142166751204	0.884	0.857	4.0820763859287e-143	15	HIST1H1E
2.14814806877272e-145	-1.57951741818135	0.858	0.913	6.44444420631815e-142	15	BTG2
2.29239593182346e-145	0.332583487427747	0.805	0.728	6.87718779547038e-142	15	PGD
2.91775195958873e-145	0.316124612218341	0.836	0.858	8.75325587876618e-142	15	LGALS9
5.53752488348902e-145	-1.79136503586296	0.655	0.831	1.66125746504671e-141	15	ANXA1
4.33502282983507e-143	0.422612788184375	0.775	0.756	1.30050684895052e-139	15	MYL6B
1.32526091998201e-142	0.313921049585487	0.64	0.491	3.97578275994603e-139	15	HIST1H3G
4.71846418459747e-142	0.507246787533289	0.883	0.883	1.41553925537924e-138	15	CTLA4
1.59609154341266e-140	0.277565786920417	0.758	0.647	4.78827463023798e-137	15	TSPAN3
1.99427732123911e-140	0.401989711748344	0.836	0.751	5.98283196371734e-137	15	TOX
8.59009193892294e-139	0.329942304052148	0.639	0.537	2.57702758167688e-135	15	CCNE2
1.07787317300034e-138	0.467501590065566	0.861	0.725	3.23361951900101e-135	15	RAB27A
2.67143106068389e-137	0.480612948071288	0.836	0.752	8.01429318205167e-134	15	CCT5
6.16413011599705e-137	-0.75517003376796	0.556	0.753	1.84923903479911e-133	15	PTGER2
7.71746362612849e-136	0.339480540933013	0.762	0.747	2.31523908783855e-132	15	ETV7
1.17904209114182e-135	0.388237312325473	0.716	0.543	3.53712627342547e-132	15	MIR155HG
2.70390584144898e-132	0.435486592570307	0.942	0.881	8.11171752434694e-129	15	PPA1
8.64327472962256e-132	0.3012195794533	0.751	0.713	2.59298241888677e-128	15	LYRM4
3.15710661275684e-131	0.40608911444509	0.897	0.838	9.47131983827053e-128	15	CCT6A
7.1541022282769e-131	-0.815507788946233	0.999	0.998	2.14623066848307e-127	15	RPS8
8.36396402088663e-131	0.349783023959073	0.883	0.856	2.50918920626599e-127	15	LIMS1
1.33375409130824e-130	0.327438916675205	0.724	0.554	4.00126227392472e-127	15	WDR54
2.84386044891643e-130	0.416361364241086	0.924	0.83	8.53158134674929e-127	15	RPS27L
2.85707432152371e-130	0.444852886040629	0.877	0.801	8.57122296457114e-127	15	RBPJ
3.08112323511062e-130	0.460801814819399	0.796	0.756	9.24336970533184e-127	15	DCTPP1
3.54249485211844e-130	0.301612057249044	0.615	0.411	1.06274845563553e-126	15	DEPDC1
5.00231016408804e-130	0.276844558319828	0.63	0.52	1.50069304922641e-126	15	C21orf58
1.71225124494204e-129	0.319623483166907	0.841	0.756	5.13675373482613e-126	15	RNASEH2B
2.71901423735931e-129	0.37231606570556	0.887	0.743	8.15704271207794e-126	15	HMGN3
2.86106069244724e-129	0.287025009092564	0.878	0.781	8.58318207734171e-126	15	PHPT1
3.01259749817705e-128	0.430340193173723	0.936	0.814	9.03779249453116e-125	15	ITM2A
5.99310472528057e-128	0.986331634752561	0.799	0.754	1.79793141758417e-124	15	HIST1H2AM
6.49848545591587e-126	0.390743254914115	0.679	0.585	1.94954563677476e-122	15	BUB1
2.98239395250934e-125	0.432189452991274	0.694	0.66	8.94718185752802e-122	15	BRCA2
2.3214991002322e-124	0.272029674755437	0.873	0.799	6.96449730069659e-121	15	ATOX1
4.48203003853705e-124	0.358645866743889	0.752	0.735	1.34460901156112e-120	15	CCDC50
2.76172136213125e-122	0.561343760187481	0.815	0.779	8.28516408639374e-119	15	CKAP2
5.61052846063698e-122	0.618789087971145	0.685	0.637	1.68315853819109e-118	15	DERL3
9.87717007806159e-122	0.25691855555541	0.769	0.653	2.96315102341848e-118	15	SPTBN1
3.46108741635545e-121	0.312073025243008	0.938	0.853	1.03832622490664e-117	15	CTSC
1.99708756055229e-120	0.370539973642841	0.814	0.771	5.99126268165687e-117	15	APOBEC3C
2.30682180230413e-120	0.330697282586743	0.73	0.6	6.92046540691239e-117	15	SLC1A5
2.32910481218319e-120	0.339995533191006	0.706	0.722	6.98731443654958e-117	15	IL21
6.3896610696898e-120	0.398795415689391	0.861	0.765	1.91689832090694e-116	15	SDF2L1
1.11723582228585e-119	0.494563739141934	0.816	0.751	3.35170746685754e-116	15	NUCB2
2.14743323705714e-119	0.263853060424249	0.819	0.706	6.44229971117143e-116	15	ADI1
1.07306466960987e-117	0.273793551412464	0.931	0.838	3.2191940088296e-114	15	P4HB
1.09726527869739e-117	0.299866862130581	0.687	0.604	3.29179583609216e-114	15	FANCL
1.54614305608647e-117	-0.351665976301526	0.623	0.866	4.63842916825941e-114	15	TXK
3.6925275152338e-117	0.454217884566076	0.911	0.789	1.10775825457014e-113	15	TUBB4B
4.73775039620626e-117	0.383225172479721	0.711	0.663	1.42132511886188e-113	15	NCAPD2
4.81681975123235e-117	0.356757207988304	0.859	0.811	1.4450459253697e-113	15	IMPDH2
2.08145151391147e-116	0.263784158747177	0.853	0.723	6.2443545417344e-113	15	C12orf75
4.1804183165455e-116	0.290406095057728	0.781	0.597	1.25412549496365e-112	15	VOPP1
5.017251596328e-114	0.339736910658405	0.765	0.711	1.5051754788984e-110	15	RUVBL2
3.09094612627906e-113	0.518025899285418	0.781	0.792	9.27283837883718e-110	15	HAVCR2
6.92291323421324e-113	0.369365645775993	0.7	0.758	2.07687397026397e-109	15	ZBED2
8.98359368922501e-113	0.324265487724287	0.684	0.595	2.6950781067675e-109	15	SLC43A3
2.3665465265778e-112	0.324668242943442	0.718	0.792	7.09963957973341e-109	15	C3orf14
2.01342759598597e-110	0.346429880517056	0.663	0.676	6.0402827879579e-107	15	TRIP13
3.41497564007221e-109	0.344814534676622	0.877	0.793	1.02449269202166e-105	15	NHP2
6.23162415477175e-109	0.253059130343124	0.846	0.729	1.86948724643153e-105	15	TYMP
1.29989133509877e-107	0.362463316481132	0.728	0.721	3.89967400529632e-104	15	SMCO4
4.5944724373866e-107	0.278514218543518	0.75	0.613	1.37834173121598e-103	15	UBE2S
6.20278441037268e-107	0.302779491902407	0.908	0.826	1.8608353231118e-103	15	KDELR2
5.87398097154458e-105	0.260112182871075	0.667	0.589	1.76219429146337e-101	15	SPATS2L
3.79159808351674e-104	0.398710710729468	0.806	0.744	1.13747942505502e-100	15	PRDX4
1.39812962168821e-103	0.271981325585266	0.573	0.41	4.19438886506463e-100	15	ECT2
1.07892232077876e-101	0.4244087353701	0.863	0.825	3.23676696233629e-98	15	IFI6
2.12605914576928e-101	0.341898457346388	0.655	0.629	6.37817743730785e-98	15	NEK2
2.66490844502259e-100	0.32091557134201	0.691	0.636	7.99472533506778e-97	15	LOC100506100
2.7490447646467e-100	0.272305096940627	0.89	0.759	8.24713429394009e-97	15	HSPB1
7.1174884461747e-100	0.856959769473349	0.803	0.811	2.13524653385241e-96	15	HIST1H1B
1.00867322910579e-97	0.353768598668336	0.762	0.769	3.02601968731737e-94	15	GPR25
2.42502100565223e-97	0.26200664957361	0.72	0.656	7.27506301695668e-94	15	TESC
2.84124192649496e-95	0.323954969990199	0.694	0.789	8.52372577948487e-92	15	FOXM1
3.28217026520472e-95	0.376622547549413	0.949	0.888	9.84651079561416e-92	15	CALR
3.03301014484385e-93	0.307403207469423	0.706	0.686	9.09903043453156e-90	15	POU2AF1
1.66558151336735e-92	0.409008689995323	0.886	0.839	4.99674454010205e-89	15	SEC11C
2.636493719736e-92	0.254473960136778	0.879	0.798	7.909481159208e-89	15	ITGAE
7.75948405371354e-92	0.293491128255179	0.623	0.618	2.32784521611406e-88	15	BUB1B
1.99613784045025e-91	0.331159951226448	0.61	0.577	5.98841352135075e-88	15	MTFR2
1.58000219909904e-90	-0.961000679945702	0.644	0.798	4.74000659729712e-87	15	TOB1
3.53144151198822e-90	0.433501609455686	0.758	0.799	1.05943245359647e-86	15	IL2RA
6.37753938563965e-90	0.252034717691695	0.802	0.852	1.9132618156919e-86	15	OAS1
1.53105592131107e-89	0.305581586071422	0.897	0.844	4.59316776393322e-86	15	C1QBP
1.53214841688544e-89	-0.95938459429291	0.873	0.893	4.59644525065632e-86	15	DUSP1
3.02075472381956e-89	0.288277954824965	0.682	0.629	9.06226417145867e-86	15	LOC100506844
1.15863076887692e-87	0.504350968346358	0.657	0.616	3.47589230663075e-84	15	HIST1H2BH
3.44230590223055e-85	0.281017540366986	0.675	0.674	1.03269177066916e-81	15	GEM
4.35429328433879e-85	0.300649890127669	0.792	0.763	1.30628798530164e-81	15	MX1
7.69890931410882e-84	0.293938655672747	0.796	0.719	2.30967279423265e-80	15	MANF
1.21254744314482e-81	-1.32929689981236	0.817	0.908	3.63764232943445e-78	15	LTB
7.01122652330352e-81	0.331540713271701	1	0.995	2.10336795699105e-77	15	TMSB10
2.45217961047258e-80	0.252311587588265	0.708	0.68	7.35653883141775e-77	15	INPP1
1.79091634825991e-76	0.289456094693334	0.704	0.774	5.37274904477972e-73	15	HMOX1
2.62260016305701e-76	0.49082252101891	0.646	0.631	7.86780048917102e-73	15	HIST1H2AL
1.81300723676371e-75	0.310992913713758	0.733	0.603	5.43902171029112e-72	15	CDC25B
4.35791077452293e-75	0.532147921690852	0.638	0.591	1.30737323235688e-71	15	ARHGAP11A
1.88622609984238e-74	0.302199473044734	0.524	0.432	5.65867829952713e-71	15	HIST1H2AI
3.80216265084299e-73	0.261573388234463	0.785	0.789	1.1406487952529e-69	15	GBP1
3.28714739266538e-72	-1.43369611195471	0.897	0.896	9.86144217799614e-69	15	IER2
8.06408651782169e-72	0.282513435902366	0.863	0.899	2.41922595534651e-68	15	EPSTI1
5.88518795042521e-71	0.489377263137607	0.831	0.816	1.76555638512756e-67	15	HIST1H1C
4.2491259842428e-69	0.526656516636641	0.748	0.724	1.27473779527284e-65	15	UNG
1.02246698321104e-68	-0.431587995228548	0.5	0.698	3.06740094963311e-65	15	PLAC8
2.84943868285656e-67	0.59656582487273	0.652	0.766	8.54831604856967e-64	15	CASC5
1.57603526136796e-65	0.286004044058473	0.677	0.606	4.72810578410388e-62	15	HLA-DRB1
3.21860637420531e-62	0.386432231742632	0.666	0.711	9.65581912261594e-59	15	CDKN2A
8.87134792713252e-62	0.298045056167394	0.742	0.722	2.66140437813976e-58	15	GALNT2
1.28596847534962e-60	0.420984390078357	0.759	0.801	3.85790542604884e-57	15	CTSH
1.60443477678823e-58	-0.665604371626834	0.656	0.807	4.81330433036468e-55	15	CCR7
1.97511314600929e-58	0.362176632090346	0.786	0.839	5.92533943802788e-55	15	TNFRSF18
1.99568279379104e-57	2.75112976990753	0.796	0.836	5.98704838137312e-54	15	IGJ
4.12539261252141e-57	0.425682243786552	0.913	0.865	1.23761778375642e-53	15	HSP90B1
1.8349838793993e-56	0.323665954842249	0.877	0.781	5.50495163819791e-53	15	LGALS1
1.60707430780403e-55	-1.14352469199296	0.929	0.947	4.8212229234121e-52	15	TNFAIP3
2.01642564633337e-55	0.330237358454257	0.698	0.657	6.04927693900011e-52	15	HLA-DQB1
2.40642226713379e-55	0.585753904352042	0.878	0.879	7.21926680140137e-52	15	HIST1H1D
1.10505924176016e-54	0.328238920970383	0.607	0.582	3.31517772528047e-51	15	CDKN2C
1.11447333741027e-54	0.256866767735895	0.596	0.605	3.34342001223081e-51	15	CAMK1
5.0163844853362e-54	0.298940096898735	0.606	0.74	1.50491534560086e-50	15	SKA3
3.3791821915745e-53	0.316195386599842	0.585	0.597	1.01375465747235e-49	15	PRR11
6.00247698615121e-51	0.466433891133559	0.751	0.633	1.80074309584536e-47	15	GNLY
1.27651016352763e-47	-0.472393781639925	0.394	0.629	3.82953049058289e-44	15	TCF7
2.66135447426871e-47	0.386487231469565	0.69	0.691	7.98406342280612e-44	15	HIST1H2BF
2.81280642089948e-47	0.409139071196539	0.581	0.577	8.43841926269845e-44	15	SGOL2
2.07062638277667e-46	-0.376907658215406	0.604	0.738	6.21187914833e-43	15	SATB1
2.87608213691474e-46	0.924062494686808	0.715	0.783	8.62824641074422e-43	15	MZB1
4.69788695080834e-46	-0.44250981826657	0.691	0.809	1.4093660852425e-42	15	PASK
6.60433428031803e-46	-0.441598206557757	0.396	0.611	1.98130028409541e-42	15	LOC101929065
4.16105495088249e-44	-0.999180184403946	0.944	0.941	1.24831648526475e-40	15	DNAJB1
2.9733043039533e-43	0.264571486595538	0.516	0.444	8.91991291185989e-40	15	SKA1
1.21045407130233e-39	-0.315949486119457	0.786	0.693	3.63136221390699e-36	15	MT1X
4.15779442923282e-39	-1.00408307008101	0.978	0.961	1.24733832876985e-35	15	KLF6
5.95671666329876e-39	-0.949656278082304	0.752	0.786	1.78701499898963e-35	15	SLC2A3
1.24348971726976e-37	0.250869398648784	0.785	0.864	3.73046915180927e-34	15	FOXP3
2.12004379136307e-36	-0.535996346033625	0.775	0.848	6.3601313740892e-33	15	SAMHD1
7.21807682450393e-36	-0.9494157706093	0.923	0.898	2.16542304735118e-32	15	PPP1R15A
8.34499722161045e-36	-1.25855092950263	0.811	0.823	2.50349916648313e-32	15	CCL5
7.2405538165595e-35	-0.364836207339976	0.573	0.721	2.17216614496785e-31	15	CDC14A
2.07631856068951e-33	-0.563639952951295	0.809	0.868	6.22895568206853e-30	15	CD55
3.42774782378699e-33	-0.437786669874386	0.691	0.83	1.0283243471361e-29	15	GPR171
9.25253667481669e-33	0.559302862925638	0.698	0.76	2.77576100244501e-29	15	CD79A
2.20690137493377e-32	-1.14491800964781	0.986	0.972	6.6207041248013e-29	15	NFKBIA
6.99749968792226e-32	-1.26764604585212	0.799	0.815	2.09924990637668e-28	15	GADD45B
7.54736365536682e-32	-0.610264186462676	0.493	0.655	2.26420909661005e-28	15	KLRG1
1.07769951492912e-31	0.288357878880689	0.623	0.609	3.23309854478735e-28	15	HIST1H2AB
2.50945060117175e-31	0.704728961269021	0.827	0.811	7.52835180351525e-28	15	GZMA
3.1785786359109e-31	-0.289454774563628	0.982	0.937	9.5357359077327e-28	15	RGS1
1.21307067446146e-30	-1.10669688340996	0.699	0.739	3.63921202338438e-27	15	FOSB
1.12311243901754e-29	-0.982400142422634	0.75	0.786	3.36933731705263e-26	15	TAGAP
2.19766063446141e-29	-0.437466381136024	0.444	0.657	6.59298190338423e-26	15	CAPG
1.26800823299909e-28	-0.287227773723596	0.465	0.637	3.80402469899728e-25	15	BEX2
2.70895715155619e-28	0.374226404420099	0.644	0.683	8.12687145466857e-25	15	HIST1H2AG
2.94494993348576e-27	-0.268280218173564	0.563	0.695	8.83484980045728e-24	15	LIPA
1.15017473925619e-26	-0.389653132813766	0.636	0.718	3.45052421776856e-23	15	S1PR1
5.32994854936647e-26	-0.855654993364226	0.58	0.653	1.59898456480994e-22	15	KLF2
6.9202037099366e-26	-0.841698607085605	0.934	0.937	2.07606111298098e-22	15	S100A10
9.24765065281806e-26	-0.439129781710774	0.642	0.766	2.77429519584542e-22	15	TIMP1
2.142690895375e-25	-0.273082237723826	0.511	0.68	6.42807268612499e-22	15	P2RY8
1.43929681395096e-24	-1.04560985811542	0.944	0.932	4.31789044185288e-21	15	DDIT4
2.5313359410444e-24	0.268320259758134	0.625	0.66	7.59400782313319e-21	15	HIST1H3H
2.54826161881095e-23	-0.567345109532451	0.988	0.977	7.64478485643284e-20	15	FTL
4.11195756574171e-23	-0.883929802229599	0.846	0.843	1.23358726972251e-19	15	SERTAD1
5.80361687306807e-23	-0.316991026687265	0.561	0.688	1.74108506192042e-19	15	SYTL2
1.20837645066155e-22	-0.627649686543977	0.667	0.724	3.62512935198464e-19	15	SOCS3
1.73653966731133e-22	-0.788266461629953	0.531	0.635	5.209619001934e-19	15	AOAH
4.37888572498592e-22	-1.0605646953478	0.708	0.8	1.31366571749578e-18	15	CTSW
5.89727298963652e-22	0.38707303908723	0.649	0.657	1.76918189689096e-18	15	HIST1H4F
2.22311020266862e-21	-0.786154415286859	0.992	0.986	6.66933060800586e-18	15	PABPC1
1.30250163376565e-20	-0.738151298260298	0.612	0.683	3.90750490129695e-17	15	AHNAK
3.16505351935525e-20	-0.6530783997462	0.85	0.878	9.49516055806575e-17	15	FAIM3
3.21809289089951e-20	0.258181505743726	0.502	0.537	9.65427867269853e-17	15	TTK
4.63655263478022e-20	3.23555704909146	0.73	0.747	1.39096579043407e-16	15	LOC100293211
1.06168737420785e-19	-0.475899180396786	0.984	0.97	3.18506212262356e-16	15	IFITM1
6.57813446481523e-19	-0.661128806586799	0.692	0.731	1.97344033944457e-15	15	PIK3R1
3.26988776259989e-18	-0.513373903316725	0.61	0.654	9.80966328779968e-15	15	ERN1
4.32323339494423e-18	-0.545189691807012	0.514	0.656	1.29697001848327e-14	15	HOPX
1.00099696347425e-17	-0.332433923852959	0.558	0.718	3.00299089042274e-14	15	CLIC3
1.08584219090635e-17	0.964838885438159	0.775	0.855	3.25752657271906e-14	15	IGLL5
1.23672544112601e-17	-0.25048253008295	0.39	0.564	3.71017632337802e-14	15	WDR86-AS1
6.63212392711958e-17	-0.66872659038528	0.755	0.784	1.98963717813588e-13	15	GPR183
9.22228117032957e-17	0.339069039270296	0.602	0.698	2.76668435109887e-13	15	HIST2H2AB
1.01040546109565e-16	-0.337871164854712	0.951	0.873	3.03121638328696e-13	15	DNAJA1
1.18024924169359e-16	-0.2521145688411	0.663	0.795	3.54074772508078e-13	15	NPC2
1.25284268054864e-15	-0.289759388377117	0.466	0.415	3.75852804164592e-12	15	CCL4L1
1.43083759539305e-15	-1.12329444507026	0.627	0.727	4.29251278617916e-12	15	GZMK
1.79081573051949e-15	-0.830238239564888	0.615	0.665	5.37244719155848e-12	15	DUSP2
1.98379181333024e-15	-0.934864645418464	0.582	0.637	5.95137543999071e-12	15	EGR1
5.15665054905964e-15	-0.314641200084312	0.516	0.457	1.54699516471789e-11	15	ODC1
5.80074944940552e-15	-0.286271243016246	0.86	0.896	1.74022483482166e-11	15	SELL
1.0396287763507e-14	-0.301157068617604	0.639	0.622	3.11888632905209e-11	15	LOC101060038
1.50450215459081e-14	-0.476493729104414	0.628	0.727	4.51350646377243e-11	15	FAM65B
4.86570551151464e-14	-0.708035411819668	0.597	0.662	1.45971165345439e-10	15	AREG
2.53087048678322e-13	-0.318247291283443	0.658	0.74	7.59261146034966e-10	15	CH25H
3.00830742761439e-13	-0.269390816668696	0.688	0.64	9.02492228284315e-10	15	CDKN1A
3.23982759729833e-13	-0.265223243732271	0.423	0.428	9.719482791895e-10	15	FCGR3A
5.91333308750845e-13	0.266005828371484	0.522	0.625	1.77399992625254e-09	15	KIF20A
7.42546777296201e-13	-0.389986296905553	0.566	0.49	2.2276403318886e-09	15	SNORA78
1.01138146107334e-12	-0.449626386790532	0.683	0.774	3.03414438322003e-09	15	TRAT1
1.32414570809825e-12	-0.251404302027217	0.51	0.612	3.97243712429475e-09	15	BCL2A1
1.3812564981926e-12	-0.586966029589651	0.59	0.652	4.14376949457779e-09	15	MYADM
1.67790191432737e-11	-0.301582119205644	0.468	0.571	5.03370574298211e-08	15	FXYD1
3.08854130303039e-11	-0.407162814512179	0.48	0.604	9.26562390909117e-08	15	TUBB2A
4.35944679538742e-11	-0.531473936221352	0.644	0.738	1.30783403861623e-07	15	UPP1
1.24606107743572e-10	-0.282683228834383	0.377	0.426	3.73818323230715e-07	15	BCL3
1.79088393881325e-10	-0.527789550956765	0.999	0.989	5.37265181643976e-07	15	FTH1
5.31775146982425e-10	-0.665307189234242	0.718	0.738	1.59532544094727e-06	15	DDIT3
5.69058385663715e-10	-0.481140477853094	1	1	1.70717515699115e-06	15	RNR2
8.26198564406151e-10	-0.56144967927775	0.457	0.444	2.47859569321845e-06	15	SOCS1
1.79252699638594e-09	-0.710474404006475	0.765	0.749	5.37758098915782e-06	15	NR4A2
2.24811106223105e-09	-0.300892069451471	0.837	0.733	6.74433318669316e-06	15	NFKBIZ
2.45264790881779e-09	-1.08640867405365	0.907	0.871	7.35794372645338e-06	15	CST7
4.25207365179829e-09	-0.263676719590289	0.571	0.673	1.27562209553949e-05	15	SMIM3
8.38680937981206e-09	-0.294218646848511	0.368	0.541	2.51604281394362e-05	15	FGFBP2
1.0266002965936e-08	-0.348096523105297	0.91	0.837	3.07980088978079e-05	15	EMP3
2.25933957307522e-08	-0.256480314883445	0.435	0.445	6.77801871922566e-05	15	ADRB2
2.74975271317319e-08	-0.415100872900201	0.953	0.93	8.24925813951957e-05	15	S100A11
2.85026177474119e-08	-0.31453710097382	0.661	0.606	8.55078532422358e-05	15	TPST2
8.4090948518275e-08	-0.412802223416825	0.711	0.629	0.000252272845554825	15	JUND
2.4990834752359e-07	-0.267652775241613	0.558	0.514	0.000749725042570771	15	NCF1
5.2311347848879e-07	-0.35480111701932	0.889	0.807	0.00156934043546637	15	ITGB2
8.32669065038361e-07	-0.386090557398448	0.518	0.578	0.00249800719511508	15	PPP1R2P9
1.0027793539041e-06	-0.258135370703117	0.627	0.604	0.0030083380617123	15	ZFAND2A
1.27551788133946e-06	-0.266702352330406	0.534	0.611	0.00382655364401838	15	PER1
1.28434851955051e-06	-0.418318257815395	0.705	0.604	0.00385304555865154	15	PRKCQ-AS1
1.43406153406612e-06	-0.892457060421209	0.717	0.772	0.00430218460219836	15	KLRB1
1.85379843910356e-06	-0.281850016302772	0.546	0.591	0.00556139531731068	15	FXYD7
2.33768234035982e-06	-0.616400406522937	0.779	0.761	0.00701304702107947	15	CSRNP1
2.73458972370064e-06	-0.410658871483939	0.752	0.664	0.00820376917110192	15	LOC284454
4.45643475711348e-06	-0.830102580233562	0.495	0.582	0.0133693042713404	15	RGCC
5.51278144534195e-06	-0.443433844861939	0.827	0.781	0.0165383443360258	15	PRF1
6.81655401782368e-06	-0.261530854728663	0.789	0.762	0.020449662053471	15	RGS2
9.26674415400845e-06	-0.290308525686187	0.556	0.547	0.0278002324620253	15	KLRK1
9.75394826525206e-06	-0.265007852706095	0.58	0.637	0.0292618447957562	15	NABP1
1.01340811938538e-05	-0.735562009220102	0.849	0.85	0.0304022435815615	15	CLEC2B
1.05753690984295e-05	-0.522164290552707	0.745	0.774	0.0317261072952884	15	TSPYL2
1.08324268526225e-05	-0.332461031113879	0.748	0.87	0.0324972805578674	15	MAL
1.11804674599839e-05	-0.535882949135635	0.715	0.804	0.0335414023799516	15	ATF3
