p_val	avg_log2FC	pct.1	pct.2	p_val_adj	cluster	gene
0	3.66991298467901	0.963	0.543	0	15	MS4A1
0	3.01741382692775	0.933	0.751	0	15	CD79A
0	2.57836694164579	1	0.982	0	15	CD74
0	2.47576131799201	0.96	0.641	0	15	CD19
0	2.42929438514914	0.878	0.635	0	15	BANK1
0	2.42404882225332	0.957	0.668	0	15	HLA-DQB1
0	2.20289206984779	0.798	0.555	0	15	SMIM14
0	2.13519657898859	0.778	0.535	0	15	NAPSB
0	2.10016065120901	0.831	0.695	0	15	CD24
0	1.97717078530628	0.868	0.553	0	15	FCRLA
0	1.96081451957347	0.717	0.543	0	15	LINC00926
0	1.75178467670703	0.735	0.575	0	15	IRF8
0	1.71821239810771	0.727	0.599	0	15	ARHGAP24
0	1.71445972800435	0.97	0.815	0	15	LOC100996809
0	1.65857139155342	0.925	0.823	0	15	SYNGR2
0	1.60746238212738	0.882	0.65	0	15	TSPAN3
0	1.60105432642162	0.884	0.808	0	15	CTSH
0	1.51712691911347	0.822	0.703	0	15	HLA-DMA
0	1.48717851568772	0.952	0.806	0	15	HLA-DRB4
0	1.46542391928309	0.735	0.673	0	15	POU2AF1
0	1.45724034552134	0.936	0.659	0	15	CAPG
0	1.39026489192105	0.81	0.601	0	15	CD40
0	1.37237351334344	0.776	0.656	0	15	SCIMP
0	1.36517749972016	0.783	0.628	0	15	SYK
0	1.31601338365115	0.708	0.494	0	15	HLA-DOB
0	1.30519257270123	0.866	0.743	0	15	ID3
0	1.29198685603709	0.835	0.622	0	15	HLA-DRB1
0	1.1880796318682	0.734	0.499	0	15	CYBB
0	1.1743159844019	0.862	0.591	0	15	BTK
0	1.16343572654773	0.776	0.484	0	15	PDLIM1
0	1.14936457524278	0.874	0.706	0	15	CXCR5
0	1.12183875314025	0.842	0.731	0	15	CCDC50
0	1.10169737310527	0.761	0.586	0	15	TFEB
0	1.07907247949739	0.843	0.673	0	15	GRN
0	0.884466785921531	0.74	0.598	0	15	CD86
0	0.797431570628107	0.866	0.605	0	15	VOPP1
0	0.701203989518516	0.85	0.671	0	15	SPI1
0	0.700433211808634	0.761	0.599	0	15	FAM49A
0	0.63133920668447	0.871	0.426	0	15	RAB31
0	0.613545721894225	0.75	0.579	0	15	FCRL5
0	0.575313959787802	0.769	0.536	0	15	FAM26F
0	0.540442307148513	0.751	0.623	0	15	LOC102724608
0	0.510461101032585	0.792	0.719	0	15	CXorf21
0	0.435395874875834	1	0.998	0	15	RPS8
0	0.414481267549517	0.805	0.483	0	15	SLC2A6
0	0.356090136085729	0.788	0.722	0	15	ZBTB32
0	0.341238384914766	0.777	0.64	0	15	PPAP2B
0	-0.251223842983717	0.115	0.717	0	15	NPDC1
0	-0.258059640185469	0.143	0.838	0	15	IL1R2
0	-0.261746059358304	0.264	0.747	0	15	GK
0	-0.263823242425259	0.008	0.618	0	15	LINC01272
0	-0.272954954901461	0.242	0.748	0	15	GPR25
0	-0.288152431628078	0.111	0.749	0	15	TNFRSF9
0	-0.305546633717917	0.124	0.792	0	15	CTSL
0	-0.307312226947791	0.084	0.76	0	15	FAAH2
0	-0.310088084129388	0.06	0.743	0	15	LOC102724246
0	-0.311876011782678	0.071	0.648	0	15	APOE
0	-0.324523607733261	0.139	0.68	0	15	LAMP2
0	-0.333726210679008	0.258	0.783	0	15	HAVCR2
0	-0.334819806929885	0.061	0.76	0	15	LAIR2
0	-0.334986870355574	0.237	0.751	0	15	IKZF2
0	-0.337699199976658	0.241	0.818	0	15	APOC1
0	-0.354508931309351	0.107	0.822	0	15	NGFRAP1
0	-0.361194671609576	0.28	0.787	0	15	STAM
0	-0.361700131538704	0.058	0.743	0	15	FBLN7
0	-0.375433928343921	0.136	0.854	0	15	ICA1
0	-0.397995046330306	0.213	0.729	0	15	NDFIP2
0	-0.437588358328573	0.179	0.836	0	15	TXK
0	-0.446820152186096	0.279	0.756	0	15	JAKMIP1
0	-0.453047422961529	0.028	0.733	0	15	NMB
0	-0.492601391130942	0.342	0.868	0	15	RTKN2
0	-0.493174259209461	0.292	0.755	0	15	MAGEH1
0	-0.518466992801342	0.208	0.768	0	15	HOXB2
0	-0.523013278081069	0.361	0.782	0	15	PASK
0	-0.604759904592273	0.18	0.848	0	15	MT1E
0	-0.623981623628691	0.346	0.767	0	15	SDF2L1
0	-0.644353052715584	0.195	0.844	0	15	FOXP3
0	-0.695700734444162	0.086	0.761	0	15	CD4
0	-0.707112200926098	0.152	0.728	0	15	LEF1
0	-0.714409850124969	0.37	0.928	0	15	TNFSF13B
0	-0.731127581106684	0.206	0.792	0	15	IL6ST
0	-0.766145355067715	0.343	0.79	0	15	ITGAE
0	-0.775865653073473	0.128	0.854	0	15	MAL
0	-0.814091834582436	0.188	0.736	0	15	PTGER2
0	-0.828812498345594	0.34	0.738	0	15	HNRNPLL
0	-0.852777392658	0.21	0.747	0	15	GATA3
0	-0.857565567391301	0.263	0.768	0	15	AQP3
0	-0.94897968398657	0.259	0.74	0	15	UPP1
0	-0.959011451303366	0.228	0.8	0	15	GCHFR
0	-0.967633433979813	0.436	0.803	0	15	GPR171
0	-0.972878175669029	0.373	0.75	0	15	TRAT1
0	-0.978578190998418	0.271	0.845	0	15	SAMHD1
0	-0.982708844399285	0.346	0.828	0	15	TNFRSF18
0	-0.986633246670494	0.465	0.787	0	15	TOB1
0	-1.02860546398547	0.16	0.775	0	15	CXCR6
0	-1.03353897688155	0.289	0.728	0	15	SH2D1A
0	-1.07468824935245	0.22	0.805	0	15	PDCD1
0	-1.07600082505864	0.342	0.783	0	15	FKBP11
0	-1.11274591862693	0.279	0.815	0	15	TNFRSF4
0	-1.1189595881614	0.193	0.848	0	15	SIRPG
0	-1.21345354804327	0.241	0.863	0	15	CTLA4
0	-1.27126008533236	0.474	0.857	0	15	PRDM1
0	-1.30566898509881	0.347	0.78	0	15	ID2
0	-1.31819440049391	0.196	0.812	0	15	TMEM173
0	-1.3305129681664	0.369	0.828	0	15	LGALS3
0	-1.4057958796075	0.739	0.834	0	15	SH2D2A
0	-1.48208219316774	0.534	0.854	0	15	TIGIT
0	-1.49532332425916	0.275	0.805	0	15	ITM2A
0	-1.50090971431594	0.711	0.849	0	15	CLEC2B
0	-1.58010717697398	0.861	0.943	0	15	S100A6
0	-1.77189109340587	0.655	0.937	0	15	S100A10
0	-1.93098767045665	0.103	0.749	0	15	KLRB1
0	-2.01182431526881	0.898	0.991	0	15	SRGN
0	-2.02117501555594	0.124	0.763	0	15	PRF1
0	-2.04142489490961	0.147	0.708	0	15	GZMK
0	-2.12741233902894	0.77	0.926	0	15	MT2A
0	-2.35773017993646	0.505	0.942	0	15	TNFAIP3
0	-2.37190728797634	0.752	0.962	0	15	S100A4
0	-2.4560873208253	0.253	0.828	0	15	ANXA1
0	-2.67090544131708	0.149	0.729	0	15	GZMB
0	-2.71451607103734	0.315	0.884	0	15	IL7R
0	-2.81025996881287	0.205	0.795	0	15	GZMA
0	-2.8807518298805	0.358	0.859	0	15	CST7
0	-2.99300627489219	0.354	0.78	0	15	NKG7
0	-3.06735024740279	0.522	0.927	0	15	CD7
0	-3.31618702237024	0.355	0.807	0	15	CCL5
0	-3.59842084279586	0.494	0.957	0	15	IL32
2.96032009477041e-303	-0.761798241816598	0.248	0.753	8.88096028431124e-300	15	AIF1
4.54358066432491e-302	-0.884438623653852	0.549	0.841	1.36307419929747e-298	15	P4HB
1.48570241924129e-299	-1.22282704087182	0.11	0.723	4.45710725772388e-296	15	LAG3
2.02010648879817e-294	-1.43676000319493	0.869	0.983	6.06031946639451e-291	15	VIM
5.08047345670237e-292	-0.425883487197005	0.215	0.694	1.52414203701071e-288	15	TESPA1
5.96238222793455e-291	0.640943210759777	0.726	0.798	1.78871466838037e-287	15	FCRL4
4.54988132278584e-288	-0.650352579161681	0.383	0.82	1.36496439683575e-284	15	RNF19A
6.96938853171277e-288	-1.61291391322212	0.255	0.728	2.09081655951383e-284	15	CD8B
9.73925439093333e-288	-1.41452558388533	0.492	0.818	2.92177631728e-284	15	CLDND1
1.51346836468349e-286	0.406902821221636	0.849	0.607	4.54040509405048e-283	15	FUOM
2.02254169521323e-286	-1.38190429078452	0.732	0.964	6.0676250856397e-283	15	LDHB
1.6977754252986e-285	-0.552214007385079	0.354	0.732	5.0933262758958e-282	15	CH25H
9.77183927077425e-285	-0.420050331173732	0.226	0.727	2.93155178123228e-281	15	SATB1
1.41491576631239e-284	1.78408713847052	0.737	0.67	4.24474729893717e-281	15	CD79B
1.85115283608424e-280	0.714989832552663	0.754	0.709	5.55345850825273e-277	15	GPR34
3.28770573897044e-280	-0.414532440191603	0.24	0.676	9.86311721691131e-277	15	CDK6
8.72575875785959e-280	0.415375532842794	0.846	0.639	2.61772762735788e-276	15	DNAAF2
9.04588325359897e-280	0.964951990131894	0.713	0.486	2.71376497607969e-276	15	FCGR2B
5.54856545519921e-278	-2.14141761328831	0.273	0.708	1.66456963655976e-274	15	CXCL13
7.16343873789876e-277	0.547942616383471	0.785	0.565	2.14903162136963e-273	15	HLA-DRB3
1.03613848137325e-276	-1.13470365530574	0.867	0.946	3.10841544411976e-273	15	LDHA
1.18128130907493e-275	-1.92314555806189	0.575	0.78	3.54384392722478e-272	15	CTSW
2.69814656868283e-275	-0.595629090347185	0.335	0.787	8.09443970604849e-272	15	GBP2
1.83004762119349e-274	-0.379829353801237	0.116	0.702	5.49014286358048e-271	15	FBXO32
3.35061341375003e-272	-1.3558679289507	0.87	0.976	1.00518402412501e-268	15	JUN
6.3601708231817e-270	0.961016088986759	0.678	0.512	1.90805124695451e-266	15	CD22
5.7489768471013e-268	-0.264447739564946	0.25	0.664	1.72469305413039e-264	15	MCM6
8.20910464422874e-268	-0.573144720923472	0.124	0.709	2.46273139326862e-264	15	CD28
1.71266658103922e-267	-1.1110945456186	0.639	0.875	5.13799974311766e-264	15	CTSD
9.18042839977496e-267	-0.899129238392468	0.528	0.842	2.75412851993249e-263	15	ANXA5
7.49281808460775e-266	-0.517809385203755	0.339	0.746	2.24784542538233e-262	15	NUCB2
5.98719559436854e-263	-1.41151563192662	0.859	0.933	1.79615867831056e-259	15	S100A11
1.20361648387751e-262	-0.766971871746268	0.436	0.8	3.61084945163253e-259	15	RBPJ
5.61010453555956e-259	1.7537371642824	0.748	0.634	1.68303136066787e-255	15	CD83
1.41803277936699e-255	-1.57645892389736	0.949	0.973	4.25409833810097e-252	15	NFKBIA
1.62811282827288e-252	-0.38251380670678	0.281	0.742	4.88433848481864e-249	15	PDE4D
1.68693455833265e-251	-0.867684682360977	0.347	0.766	5.06080367499796e-248	15	APOBEC3G
1.39069534538657e-250	-0.566546510232185	0.185	0.69	4.1720860361597e-247	15	TNFRSF25
7.55580443262194e-249	-1.01087776545908	0.956	0.981	2.26674132978658e-245	15	SH3BGRL3
1.39236987714361e-246	-0.403636807960372	0.466	0.827	4.17710963143082e-243	15	MTHFD2
5.72794618898858e-245	-0.958814314634095	0.488	0.783	1.71838385669657e-241	15	TNFRSF1B
1.63356402551072e-241	-0.299986554765115	0.066	0.672	4.90069207653216e-238	15	SERINC5
7.35170474190452e-240	0.652096246066423	0.857	0.773	2.20551142257136e-236	15	IFI44L
7.36072811989202e-238	-0.278444384902758	0.362	0.725	2.20821843596761e-234	15	TBC1D4
1.608573402792e-236	-1.40192941436372	0.119	0.614	4.82572020837601e-233	15	CCL3
2.23266987983445e-236	-1.89133017626538	0.279	0.711	6.69800963950334e-233	15	CD8A
2.75038997446201e-236	-0.924852240884946	0.784	0.831	8.25116992338602e-233	15	IGJ
1.71329805030632e-235	-0.848769180049474	0.219	0.709	5.13989415091895e-232	15	AMICA1
6.4707575082888e-234	0.440149803670926	0.788	0.554	1.94122725248664e-230	15	ZEB2
4.58488771115285e-232	1.30941077336172	0.687	0.57	1.37546631334585e-228	15	SPIB
5.28889776790167e-232	-0.727602311362633	0.063	0.664	1.5866693303705e-228	15	KLRC2
2.23743258196734e-231	-0.266270566367363	0.173	0.619	6.71229774590202e-228	15	APLP2
1.10928792438517e-226	-0.561505654587406	0.249	0.587	3.3278637731555e-223	15	LOC102725018
1.95093929266907e-226	1.11632551656986	0.676	0.539	5.8528178780072e-223	15	BLNK
3.02538375372541e-226	0.253332957707797	0.241	0.642	9.07615126117623e-223	15	LINC01480
6.36113965747139e-225	-0.691370206997834	0.603	0.793	1.90834189724142e-221	15	BTG3
5.45839872693694e-224	0.25869099404772	1	0.999	1.63751961808108e-220	15	COX2
4.21625191175236e-222	-0.784313710303524	0.248	0.709	1.26487557352571e-218	15	IL2RB
5.40341305341193e-221	-0.52531244410747	0.046	0.676	1.62102391602358e-217	15	LPAR6
9.30217804503113e-221	1.59962734549262	0.693	0.665	2.79065341350934e-217	15	TNFRSF13B
6.77174890307322e-219	-0.443768296308092	0.159	0.702	2.03152467092197e-215	15	CDC14A
8.01574711369171e-219	-1.10531570484068	0.654	0.808	2.40472413410751e-215	15	ATF3
1.63510306167539e-217	-0.303595929349265	0.275	0.664	4.90530918502617e-214	15	NUDT16
3.60028607959357e-217	-0.395373497361999	0.078	0.661	1.08008582387807e-213	15	APOBEC3H
1.8536022612692e-216	-0.263691003166804	0.263	0.707	5.5608067838076e-213	15	SKA2
1.14815374812324e-214	-3.2576032686527	0.174	0.68	3.44446124436971e-211	15	CCL4
1.31242581054816e-214	-0.28568289986248	0.055	0.639	3.93727743164448e-211	15	KIR2DL4
1.53789067673517e-213	0.754714319615144	0.65	0.514	4.61367203020551e-210	15	COBLL1
6.94356794470843e-213	0.503450148080079	0.704	0.657	2.08307038341253e-209	15	HDAC9
2.04505193004638e-211	0.44807547709037	0.859	0.663	6.13515579013915e-208	15	MAT2A
1.87072578439693e-210	-0.539619739326956	0.165	0.676	5.6121773531908e-207	15	AGTRAP
3.22290706900938e-210	-0.974267558502927	0.534	0.786	9.66872120702813e-207	15	DUSP4
3.5093003499209e-210	-0.61607378583079	0.093	0.675	1.05279010497627e-206	15	NELL2
3.66122667530204e-210	-0.478889167498611	0.024	0.673	1.09836800259061e-206	15	SMIM3
3.05830601477137e-209	-0.526941857892226	0.399	0.751	9.17491804431412e-206	15	H2AFY
6.15583160596308e-207	-0.268440303056707	0.046	0.653	1.84674948178893e-203	15	TMIGD2
1.6135330383597e-206	-0.452560915112512	0.435	0.789	4.8405991150791e-203	15	RTN4
5.4861824206279e-206	-0.843271103149511	0.374	0.715	1.64585472618837e-202	15	H2AFV
8.11999930483626e-206	0.57332932805323	0.651	0.474	2.43599979145088e-202	15	UBE2E2
1.88771703723164e-205	-1.48752706908142	0.167	0.574	5.66315111169492e-202	15	CST3
1.19852322863294e-204	1.11902182865387	0.886	0.83	3.59556968589882e-201	15	CD82
1.63141881461859e-203	-0.449336596853407	0.098	0.664	4.89425644385578e-200	15	DUSP16
1.10332593935883e-202	0.871349181506721	0.776	0.688	3.3099778180765e-199	15	SKAP2
2.04270859327241e-202	-0.881055012623515	0.545	0.438	6.12812577981723e-199	15	S100A8
1.37331985023203e-201	-0.540889887338821	0.249	0.623	4.11995955069609e-198	15	PELO
1.55083612798105e-200	-1.17856495075127	0.996	0.985	4.65250838394315e-197	15	ZFP36
7.04735311403333e-200	-0.463184366442359	0.139	0.614	2.11420593421e-196	15	TCF7
1.29901814580659e-199	-0.359696350312554	0.219	0.693	3.89705443741976e-196	15	IL21R
7.15286244378302e-199	0.75398562559029	0.904	0.829	2.1458587331349e-195	15	ACP5
1.13809542390872e-198	-1.03780501351383	0.916	0.967	3.41428627172616e-195	15	IFITM1
1.33494242690661e-198	0.600807199910122	0.627	0.39	4.00482728071984e-195	15	WDFY4
1.62350334850867e-198	-1.25475723419978	0.672	0.789	4.87051004552601e-195	15	BATF
6.98041777499052e-198	-0.351368049099995	0.159	0.551	2.09412533249716e-194	15	C1orf162
8.77998622605716e-198	-0.793569130290984	0.488	0.783	2.63399586781715e-194	15	CDK2AP2
2.80501402059258e-197	0.339103897634663	1	0.998	8.41504206177775e-194	15	RPS18
3.666933059605e-196	-0.758053584147495	0.626	0.807	1.1000799178815e-192	15	SLA
3.67041922574287e-192	-0.595392320546544	0.488	0.723	1.10112576772286e-188	15	PTTG1
1.34876587634897e-191	0.977301360543645	0.762	0.622	4.0462976290469e-188	15	BCL2A1
1.81654542558481e-190	1.03071662465803	0.653	0.578	5.44963627675442e-187	15	GNG7
2.1284007635409e-190	0.697075150854648	0.861	0.759	6.3852022906227e-187	15	MX1
5.19314126998339e-189	-0.265436243338927	0.331	0.714	1.55794238099502e-185	15	GALNT2
2.48547712762682e-188	-0.52861945722091	0.396	0.72	7.45643138288046e-185	15	SOD2
1.54938232885442e-187	1.0283380952412	0.747	0.666	4.64814698656327e-184	15	MYC
7.57603993065345e-187	0.94772627939513	0.686	0.707	2.27281197919603e-183	15	HLA-DOA
4.20482181720972e-186	0.772102318494585	0.728	0.651	1.26144654516292e-182	15	THEMIS2
1.02057144691917e-184	-0.419521875119511	0.319	0.728	3.06171434075752e-181	15	PDCL3
1.4404646116188e-180	-0.324312690677653	0.079	0.654	4.32139383485639e-177	15	TNIP3
5.72687675129107e-176	-0.458594047216264	0.355	0.689	1.71806302538732e-172	15	TMEM107
6.94871237894674e-176	-0.28846380926953	0.174	0.666	2.08461371368402e-172	15	CD59
1.79860071197394e-175	-0.531319356770368	0.146	0.666	5.39580213592182e-172	15	SYTL2
1.40051859590228e-174	-0.330955508825612	0.369	0.725	4.20155578770683e-171	15	TMEM2
1.89582025548629e-174	-0.250837717216744	0.062	0.549	5.68746076645888e-171	15	TRERF1
2.82950419110984e-173	-0.286903162242396	0.042	0.614	8.48851257332951e-170	15	LOC100996286
2.21757797529723e-171	-0.690615997203244	0.661	0.813	6.65273392589168e-168	15	C10orf54
2.71932193567563e-171	-0.580401051905376	0.049	0.646	8.15796580702688e-168	15	MAF
6.84948779965673e-171	0.311956493073266	0.249	0.547	2.05484633989702e-167	15	TSPAN13
6.91903884936207e-171	-1.74938964253745	0.087	0.568	2.07571165480862e-167	15	LYZ
7.34528213064577e-171	-1.09437150074542	0.957	0.984	2.20358463919373e-167	15	MYL6
6.69555807799006e-168	0.520533699163856	0.748	0.611	2.00866742339702e-164	15	PLEK
1.9646108971095e-165	0.903117360498928	0.815	0.754	5.89383269132849e-162	15	PTPN6
2.03626314185581e-165	-0.724340936777295	0.547	0.72	6.10878942556744e-162	15	RAB27A
9.90510143805433e-165	1.03961365848835	0.636	0.585	2.9715304314163e-161	15	LOC101929219
1.71122197195801e-163	1.3236841242265	0.661	0.622	5.13366591587404e-160	15	MARCH1
8.21681414346964e-163	-0.673178649752564	0.477	0.786	2.46504424304089e-159	15	CD97
1.19942457840531e-162	-0.872193328608032	0.495	0.702	3.59827373521592e-159	15	LYAR
1.74822529043711e-162	-0.809200344407174	0.63	0.89	5.24467587131132e-159	15	FKBP1A
6.09613991692203e-160	-1.10920534133121	0.44	0.71	1.82884197507661e-156	15	CKLF
1.38384497580875e-158	0.505614698882422	0.811	0.681	4.15153492742626e-155	15	PEA15
1.96412239490703e-158	-0.551559198944671	0.483	0.745	5.89236718472108e-155	15	STMN1
3.47643303512377e-158	-0.281131478069162	0.072	0.639	1.04292991053713e-154	15	FRMD4B
2.13730863458678e-157	1.2616718402632	0.699	0.667	6.41192590376033e-154	15	IFT57
3.23942118630591e-156	0.323671431886113	0.751	0.768	9.71826355891774e-153	15	HMOX1
3.61667419832729e-156	-0.884965577366382	0.665	0.859	1.08500225949819e-152	15	TSPO
7.73241181397292e-156	-0.894970833296591	0.372	0.698	2.31972354419188e-152	15	FLT3LG
7.95525169691442e-153	-0.289852045752639	0.527	0.771	2.38657550907432e-149	15	HDLBP
9.08495349940306e-153	-1.30472043477115	0.068	0.602	2.72548604982092e-149	15	LOC101060038
1.54892498108525e-152	-0.305086241426964	0.536	0.774	4.64677494325576e-149	15	PPT1
9.63361327079461e-151	0.782108466562514	0.854	0.749	2.89008398123838e-147	15	HMGN3
1.98605146032208e-150	-0.264801910941207	0.463	0.777	5.95815438096625e-147	15	SMS
5.86499724395409e-150	0.64960059582402	0.591	0.399	1.75949917318623e-146	15	CPNE5
6.90480022381925e-150	-0.479594473960321	0.478	0.777	2.07144006714577e-146	15	LRRFIP1
3.82765881011997e-149	0.35809626630596	0.587	0.409	1.14829764303599e-145	15	SEMA7A
1.00781292803748e-146	-1.59756951468564	0.113	0.644	3.02343878411245e-143	15	IFNG
1.57021342875545e-146	0.840989927709141	0.658	0.654	4.71064028626636e-143	15	ALOX5
4.29895434465613e-146	-0.991655596955967	0.973	0.981	1.28968630339684e-142	15	HSPA8
8.40744971685475e-145	-1.43707701896258	0.218	0.658	2.52223491505643e-141	15	LOC101929531
1.21135864318792e-144	-0.797734420836453	0.732	0.85	3.63407592956376e-141	15	CALM3
6.59911697958542e-144	-0.933317968503153	0.286	0.658	1.97973509387563e-140	15	ICOS
4.55123625224798e-143	-0.349866713929353	0.034	0.626	1.36537087567439e-139	15	MS4A6A
5.59250937060137e-143	0.869042295231508	0.619	0.459	1.67775281118041e-139	15	GAPT
1.49594393213294e-142	-0.454254549109468	0.615	0.808	4.48783179639882e-139	15	UGP2
3.46953392508107e-141	0.486735153669886	0.962	0.925	1.04086017752432e-137	15	GABARAP
4.35522070823056e-141	-0.516443588327424	0.539	0.804	1.30656621246917e-137	15	SDCBP
5.46416783328226e-141	-0.822719772121218	0.793	0.854	1.63925034998468e-137	15	CTSC
8.38751302108303e-141	-0.42169014971613	0.227	0.65	2.51625390632491e-137	15	PXN
7.76575565521298e-140	-0.634090033141159	0.252	0.681	2.32972669656389e-136	15	LOC101928173
1.21422514070445e-137	-1.08554182474079	0.888	0.91	3.64267542211335e-134	15	BTG2
3.25019660124499e-137	-0.602328488257814	0.998	0.995	9.75058980373497e-134	15	TMSB10
1.13904267925084e-135	-0.6908720151173	0.493	0.731	3.41712803775253e-132	15	MIR4435-1HG
3.69903737857848e-135	-0.707819354460106	0.672	0.814	1.10971121357354e-131	15	PIM2
4.05977815724584e-135	1.3716493812593	0.646	0.507	1.21793344717375e-131	15	MEF2C
1.28868084441538e-133	-0.256796426945227	0.156	0.51	3.86604253324613e-130	15	DFNB31
4.71430752840857e-133	-0.284429499999526	0.16	0.645	1.41429225852257e-129	15	GADD45A
1.44379600021835e-132	-0.386802152896809	0.195	0.611	4.33138800065506e-129	15	LOC100130476
2.12322087365662e-132	-0.679466147626899	0.596	0.788	6.36966262096985e-129	15	NOSIP
1.12786722460307e-131	-0.593005695021382	0.179	0.646	3.38360167380921e-128	15	ERN1
1.32064434667441e-131	0.310105123266919	0.623	0.615	3.96193304002324e-128	15	CD1D
2.6764784400083e-131	-0.318185771695229	0.062	0.571	8.0294353200249e-128	15	C1QB
8.02842430708685e-131	-0.535596617694538	0.475	0.765	2.40852729212605e-127	15	HSPB1
4.19077456639696e-130	-0.780154566438648	0.97	0.986	1.25723236991909e-126	15	PFN1
1.59718335995347e-129	-0.615965983286604	0.377	0.685	4.79155007986041e-126	15	AHNAK
3.80485860335166e-128	-1.76278365258907	0.145	0.627	1.1414575810055e-124	15	GZMH
4.499577596397e-128	-0.701594604805211	0.519	0.719	1.3498732789191e-124	15	DSTN
7.01628488635709e-128	-0.657161746697553	0.032	0.601	2.10488546590713e-124	15	SERPINA1
7.38540065656002e-128	-0.720522584936637	0.188	0.652	2.215620196968e-124	15	GABARAPL1
1.31848277955502e-127	-0.807206752555502	0.651	0.812	3.95544833866507e-124	15	ITGB2
7.19932724113502e-127	-0.439813192825077	0.123	0.63	2.15979817234051e-123	15	KLRC4
1.27953773420726e-126	-0.32022322408455	0.5	0.771	3.83861320262178e-123	15	GLRX
4.54664964950138e-126	-1.11945164845083	0.879	0.96	1.36399489485041e-122	15	KLF6
9.22338921702926e-126	-0.251173073098089	0.557	0.835	2.76701676510878e-122	15	CCT6A
9.77529630155583e-126	-0.296801841153318	0.575	0.787	2.93258889046675e-122	15	LDLRAD4
2.91089207976251e-125	-0.675183996073095	0.675	0.757	8.73267623928753e-122	15	GBP5
4.45691426424719e-125	0.443561566167196	0.627	0.619	1.33707427927416e-121	15	CDCA7L
5.22462965564725e-125	-1.01233463067318	0.783	0.791	1.56738889669417e-121	15	LINC00152
2.01257951510863e-122	-0.93344045719879	0.982	0.98	6.0377385453259e-119	15	FOS
6.79569132708555e-122	-0.301217123562401	0.276	0.65	2.03870739812567e-118	15	CNIH4
8.79057149136734e-122	-0.634174698002051	0.437	0.732	2.6371714474102e-118	15	NR3C1
1.00210863856283e-121	-0.753253340500617	0.25	0.637	3.00632591568849e-118	15	KLRG1
2.78689182917991e-121	0.630392025861515	0.719	0.722	8.36067548753973e-118	15	FCRL3
6.58960529276497e-121	-0.583386849315139	0.516	0.689	1.97688158782949e-117	15	CCND2
5.5347983457347e-120	-0.66401717934571	0.684	0.836	1.66043950372041e-116	15	CARD16
5.78198332054186e-119	0.559959347143937	0.902	0.789	1.73459499616256e-115	15	SNX3
2.58082079496018e-118	-0.935588505201147	0.189	0.632	7.74246238488054e-115	15	AOAH
7.47422532292217e-118	-0.298570242334394	0.684	0.835	2.24226759687665e-114	15	TKT
1.10911546644751e-117	0.556164208461584	0.645	0.639	3.32734639934252e-114	15	SIGLEC10
1.28775841928117e-117	0.258275667695498	0.699	0.565	3.86327525784352e-114	15	IER5
1.60323845728425e-117	-1.05921994454512	0.853	0.931	4.80971537185276e-114	15	DDIT4
1.77018988775627e-117	1.14671408450137	0.664	0.603	5.31056966326881e-114	15	HLA-DMB
2.0057604730308e-117	-0.736865641422554	0.622	0.817	6.01728141909241e-114	15	HMGB2
4.52871184756443e-117	-0.852648660471995	0.59	0.813	1.35861355426933e-113	15	TUBA1A
1.14011302723271e-116	-0.775231248938862	0.813	0.854	3.42033908169812e-113	15	ANXA2
5.51409799237982e-115	0.434182590219626	0.914	0.816	1.65422939771395e-111	15	CKS2
6.74614659649527e-115	-1.03509481809815	0.633	0.772	2.02384397894858e-111	15	TIMP1
7.64350808808219e-115	-0.501727866527141	0.058	0.597	2.29305242642466e-111	15	KLRC3
2.96772204561365e-114	0.491462361355981	0.981	0.861	8.90316613684094e-111	15	ATP6V0C
1.40175542443204e-113	-0.751867501063124	0.52	0.692	4.20526627329612e-110	15	PTGER4
2.75810286905179e-113	-0.628082739530421	0.46	0.707	8.27430860715538e-110	15	H2AFJ
1.2590853845778e-112	-0.405055845472028	0.055	0.61	3.7772561537334e-109	15	OASL
2.01246549384475e-112	0.288238699612898	0.35	0.666	6.03739648153425e-109	15	TP53INP1
7.09271485295823e-110	-0.267256971555337	0.417	0.713	2.12781445588747e-106	15	KPNA2
2.46986914952641e-109	0.34673784217171	0.283	0.53	7.40960744857924e-106	15	NT5E
7.40676603150012e-109	-0.307629246497358	0.466	0.774	2.22202980945004e-105	15	RAD21
2.67134957185728e-108	-0.260325956696802	0.088	0.619	8.01404871557185e-105	15	CHN1
4.7530000601069e-108	-0.624367682067334	0.681	0.87	1.42590001803207e-104	15	YWHAQ
5.52007109125314e-108	-2.13664371000757	0.197	0.623	1.65602132737594e-104	15	GNLY
1.91224285948254e-107	-0.269885413073832	0.115	0.612	5.73672857844763e-104	15	LOC102724850
2.36771418653917e-107	1.29214498252912	0.646	0.59	7.1031425596175e-104	15	POU2F2
3.72346003696449e-107	-0.888725672023902	0.727	0.791	1.11703801108935e-103	15	TUBB4B
1.70243227340561e-106	-0.36646253265777	0.003	0.188	5.10729682021683e-103	15	FCN1
2.95228005910987e-105	-0.251304521592934	0.237	0.574	8.85684017732961e-102	15	PPP6R2
6.50963635901738e-104	-0.469699920611884	0.545	0.733	1.95289090770521e-100	15	ICAM2
1.30958752399413e-103	-0.285544962336523	0.243	0.642	3.92876257198238e-100	15	BCL2L1
1.37675650027327e-103	-0.272887628786487	0.585	0.747	4.13026950081982e-100	15	TNFSF10
4.22298262388921e-103	1.19112803400936	0.604	0.562	1.26689478716676e-99	15	LOC100507616
3.95551267226292e-101	0.460860270962324	0.9	0.894	1.18665380167888e-97	15	LTB
9.97971409650491e-101	-0.392838529020229	0.602	0.717	2.99391422895147e-97	15	MGAT1
1.07560075719228e-100	-0.269621525614298	0.089	0.612	3.22680227157684e-97	15	PECAM1
1.83616180241542e-100	0.255754575522657	0.652	0.709	5.50848540724626e-97	15	MNDA
2.37033830118006e-100	-1.10592337339904	0.381	0.66	7.11101490354019e-97	15	PHLDA1
2.65613612161624e-100	-0.287144976685227	0.656	0.882	7.96840836484871e-97	15	PPA1
2.79716498579793e-99	-0.841949645122568	0.997	0.995	8.3914949573938e-96	15	GAPDH
3.80422637409644e-99	-0.295713974106016	0.746	0.854	1.14126791222893e-95	15	LIMS1
5.40261616651269e-99	-0.597425364339748	0.698	0.847	1.62078484995381e-95	15	CORO1B
1.71982505176984e-98	-0.406725101422626	0.65	0.818	5.15947515530952e-95	15	C19orf10
1.678837444475e-97	-0.29468996412454	0.04	0.592	5.03651233342499e-94	15	CPNE7
5.96480693135986e-96	-0.570350515883573	0.238	0.627	1.78944207940796e-92	15	IER3
1.07486291028124e-95	-0.359567992398332	0.483	0.667	3.22458873084371e-92	15	S1PR4
1.20901545929935e-95	-0.826985947718626	0.592	0.761	3.62704637789805e-92	15	CD63
1.19293623050762e-94	-0.820310991873487	0.697	0.683	3.57880869152286e-91	15	PIM1
6.13806227381578e-94	0.47667952195455	0.797	0.654	1.84141868214473e-90	15	MAP3K8
1.10406832907766e-91	-0.454630765553815	0.325	0.601	3.31220498723299e-88	15	CDC25B
4.11661449008635e-91	-0.358906504090396	0.46	0.725	1.2349843470259e-87	15	VIMP
1.52121433573237e-90	-0.853061055479889	0.61	0.793	4.56364300719712e-87	15	LGALS1
4.4968204269019e-90	-0.892607671360368	0.316	0.636	1.34904612807057e-86	15	GLUL
1.4274343067152e-89	-0.312635401173746	0.294	0.628	4.28230292014559e-86	15	FAM105A
1.6022429856746e-89	0.408616658540444	0.385	0.233	4.8067289570238e-86	15	BHLHE41
9.00775313429824e-89	0.276527572817436	1	1	2.70232594028947e-85	15	RNR2
9.29749082778432e-89	0.662404764220175	0.487	0.344	2.7892472483353e-85	15	FCER2
1.46133584824563e-87	0.464864564628697	0.635	0.63	4.38400754473689e-84	15	SNX8
3.73742825972854e-87	-1.02925675681788	0.593	0.694	1.12122847791856e-83	15	MT1X
4.27318906390909e-87	0.565677845403661	0.572	0.409	1.28195671917273e-83	15	DOK3
1.46951107099485e-86	-0.31542487676843	0.008	0.518	4.40853321298454e-83	15	FGFBP2
3.27967547774834e-86	0.306329019932593	0.595	0.561	9.83902643324502e-83	15	GSN
9.12966222697442e-86	-0.301517510083262	0.526	0.694	2.73889866809233e-82	15	PLD3
2.64368470009314e-83	0.254579049884424	0.331	0.582	7.93105410027942e-80	15	CDK14
5.25968318472465e-83	-0.35903840998989	0.555	0.722	1.57790495541739e-79	15	MANF
2.45317102257256e-82	0.282333717186371	0.133	0.628	7.35951306771769e-79	15	ACY3
4.90487128884449e-82	-0.628325215717795	0.654	0.844	1.47146138665335e-78	15	CSTB
1.17154130222885e-81	1.16010666008476	0.598	0.583	3.51462390668654e-78	15	LY86
2.0896528328023e-81	1.18874120329965	0.606	0.639	6.26895849840691e-78	15	TCF4
3.00700476057803e-81	0.583184826301566	0.848	0.845	9.0210142817341e-78	15	RNASET2
1.40750880853958e-80	-0.563265132677675	0.509	0.742	4.22252642561873e-77	15	CXCR3
5.68493946828304e-80	-0.300282534792701	0.026	0.54	1.70548184048491e-76	15	CD9
1.01388951968445e-79	0.729053317813967	0.598	0.665	3.04166855905335e-76	15	TLR10
2.08208137749862e-79	0.308809327313487	0.339	0.719	6.24624413249586e-76	15	CD200
5.94512877731369e-78	-0.339288664794672	0.512	0.766	1.78353863319411e-74	15	TSPYL2
4.49293771070532e-77	-0.378357725844354	0.269	0.632	1.34788131321159e-73	15	NINJ1
1.18991990117558e-76	-0.74919303541787	0.819	0.938	3.56975970352674e-73	15	TPI1
1.68996989271659e-76	-0.4585948641709	0.634	0.859	5.06990967814977e-73	15	DYNLL1
6.6929663714168e-76	0.478422183955863	0.788	0.705	2.00788991142504e-72	15	HMGA1
2.73400947940513e-74	-0.486775707135175	0.642	0.865	8.2020284382154e-71	15	SNRPG
3.62096112467559e-73	-0.794214884577465	0.463	0.67	1.08628833740268e-69	15	AREG
9.54812475582709e-73	-0.877962581527971	0.379	0.617	2.86443742674813e-69	15	LINC00861
2.79731118348581e-72	-0.286186685296913	0.647	0.741	8.39193355045744e-69	15	ATP1B3
1.49800250671139e-71	-0.302129808618354	0.528	0.728	4.49400752013418e-68	15	LSM4
2.53226988358021e-71	-0.482857841080107	0.422	0.675	7.59680965074064e-68	15	PTPN22
3.90089499790244e-71	0.456256033099387	0.656	0.655	1.17026849937073e-67	15	IFI30
4.27392124161867e-71	0.747358454772895	0.551	0.411	1.2821763724856e-67	15	STAP1
5.42213087842277e-71	-0.405204200576526	0.768	0.813	1.62663926352683e-67	15	HM13
6.80811657343636e-71	-0.476343649534324	0.418	0.635	2.04243497203091e-67	15	FAM46C
8.27760773839371e-70	-0.544586790238989	0.773	0.923	2.48328232151811e-66	15	ENO1
2.38397497289507e-69	0.400327657708317	0.561	0.573	7.15192491868521e-66	15	HHEX
4.57187684014659e-69	-0.328733299084154	0.019	0.565	1.37156305204398e-65	15	CRTAM
5.98374011032645e-69	-0.427108481477022	0.79	0.81	1.79512203309793e-65	15	ISG15
1.11576043597489e-68	0.266574696008069	0.321	0.487	3.34728130792468e-65	15	TNFRSF17
3.68946865651034e-68	-0.28685455975523	0.29	0.637	1.1068405969531e-64	15	C1QA
8.8380243465323e-68	-0.36201165988245	0.669	0.768	2.65140730395969e-64	15	FKBP2
1.95430444747787e-67	-0.723822820238487	0.806	0.939	5.86291334243361e-64	15	DNAJB1
3.37098281308667e-67	-0.695253924847873	0.532	0.668	1.011294843926e-63	15	CMC1
9.05569648208127e-67	0.362815895151362	0.553	0.376	2.71670894462438e-63	15	LRRK2
1.26104540987164e-66	-0.344891721880328	0.509	0.704	3.78313622961491e-63	15	TGIF1
1.65658113295745e-66	-0.528937517576427	0.785	0.781	4.96974339887234e-63	15	CREM
1.77083570828859e-66	0.745933286781534	0.816	0.856	5.31250712486577e-63	15	FAIM3
2.68085640107425e-66	-0.497358000858213	0.564	0.743	8.04256920322274e-63	15	MGST3
2.92786767297874e-66	-0.593755976262421	0.813	0.872	8.78360301893622e-63	15	TXN
3.09188504171977e-66	-0.673713221250761	0.746	0.728	9.2756551251593e-63	15	SOCS3
5.40480942895742e-66	-0.554336182221721	0.773	0.928	1.62144282868723e-62	15	ATP5G3
7.42531384315447e-66	-0.904835695233248	0.91	0.961	2.22759415294634e-62	15	CXCR4
1.83836360039229e-65	0.668878158230304	0.62	0.539	5.51509080117687e-62	15	MIR155HG
1.20709348103903e-64	-0.40949432137173	0.518	0.773	3.62128044311709e-61	15	MZB1
1.23821236244987e-64	-0.353787292329368	0.573	0.747	3.7146370873496e-61	15	G3BP2
1.80874163484447e-64	0.361666109880343	0.239	0.491	5.42622490453341e-61	15	MTRNR2L8
4.3013808668714e-64	-0.339925095621198	0.608	0.742	1.29041426006142e-60	15	THEM4
3.03998431598829e-63	0.35703218457582	0.617	0.542	9.11995294796487e-60	15	SNX10
1.32619093765038e-62	0.295120684976779	0.652	0.687	3.97857281295115e-59	15	LOC100288798
1.43804024383756e-62	0.276327490011698	0.709	0.636	4.31412073151268e-59	15	BCL2
3.339924624313e-62	0.34078599583183	0.353	0.554	1.0019773872939e-58	15	BTLA
9.5373347489842e-62	0.921179431228835	0.623	0.635	2.86120042469526e-58	15	LAT2
3.77881539695286e-61	-0.882567522675479	0.835	0.847	1.13364461908586e-57	15	ALOX5AP
1.0061667847012e-60	-0.705851085106807	0.363	0.595	3.01850035410359e-57	15	PRKCQ-AS1
1.87258141771834e-60	-0.599005149215192	0.767	0.906	5.61774425315503e-57	15	LY6E
5.09613889737368e-60	0.353344369331727	0.663	0.622	1.5288416692121e-56	15	MCM5
6.59848970656227e-60	0.894426153961017	0.662	0.658	1.97954691196868e-56	15	REL
1.10828702633198e-59	-0.348599312401001	0.289	0.612	3.32486107899595e-56	15	PER1
2.00339094263845e-59	-0.435758474185781	0.445	0.613	6.01017282791536e-56	15	PLA2G16
4.78369765843723e-59	-0.760827507257417	0.717	0.835	1.43510929753117e-55	15	IFITM3
7.81579553091883e-59	0.296022711889507	0.847	0.764	2.34473865927565e-55	15	XAF1
1.31184576555028e-58	-0.405611423555692	1	0.999	3.93553729665085e-55	15	ACTB
3.06269646739432e-58	-0.297324962077424	0.013	0.55	9.18808940218295e-55	15	FASLG
4.01324388390745e-58	0.449345125007157	0.364	0.63	1.20397316517224e-54	15	GM2A
5.53594947890689e-58	-0.345307088899936	0.56	0.753	1.66078484367207e-54	15	IRF1
7.67239997623758e-58	0.40443906076199	0.936	0.912	2.30171999287127e-54	15	UCP2
4.48764596306429e-57	-0.617622133202552	0.167	0.598	1.34629378891929e-53	15	ANKRD28
8.93399055281042e-57	-0.293024620280039	0.184	0.488	2.68019716584313e-53	15	SNORA78
4.56545242646956e-56	-0.516006575858523	0.828	0.898	1.36963572794087e-52	15	DUSP1
7.41218965799078e-56	-0.613942591974724	0.624	0.852	2.22365689739723e-52	15	HSPA1B
1.4284916148048e-55	0.495957244757981	0.376	0.613	4.2854748444144e-52	15	DAPP1
1.78865006061918e-55	0.289283583650127	0.53	0.496	5.36595018185754e-52	15	MPEG1
2.48157076797286e-55	-0.37712622015983	0.797	0.886	7.44471230391857e-52	15	POMP
7.71887923188498e-55	-0.417558888253458	0.422	0.638	2.31566376956549e-51	15	JUND
1.54914565835585e-54	-0.311860459759513	0.759	0.91	4.64743697506755e-51	15	HIST1H4C
2.2443518930823e-54	0.439317955285245	0.66	0.643	6.7330556792469e-51	15	NCR3
4.65601965449502e-54	0.539024287397257	0.828	0.827	1.39680589634851e-50	15	STAT1
6.88193856374786e-53	-0.306336914950776	0.039	0.546	2.06458156912436e-49	15	PLAUR
7.99661892034642e-53	-0.545289983523415	0.602	0.71	2.39898567610393e-49	15	FLNA
8.13977169242722e-53	-0.502996212531279	0.545	0.724	2.44193150772817e-49	15	BAX
8.9327095394366e-53	-0.29407904342571	0.448	0.625	2.67981286183098e-49	15	TRAF1
2.94879043553291e-51	-1.03686217611282	0.102	0.572	8.84637130659873e-48	15	KLRD1
1.48564184103016e-50	0.291252861526401	0.645	0.617	4.45692552309049e-47	15	BEX2
3.07907519825114e-50	1.05323744350746	0.55	0.445	9.23722559475341e-47	15	RALGPS2
9.40031383902307e-50	-0.523382233802433	0.915	0.935	2.82009415170692e-46	15	CRIP1
1.90365838571593e-49	0.640792066419016	0.541	0.489	5.71097515714778e-46	15	KIAA0125
2.72420250505004e-49	-0.610528039637375	0.716	0.725	8.17260751515013e-46	15	PIK3R1
2.43120160198747e-48	0.276433923996763	0.944	0.926	7.29360480596241e-45	15	TAGLN2
2.77656310808095e-48	-1.16380695461158	0.665	0.605	8.32968932424286e-45	15	TYROBP
1.62759463112262e-47	-0.362871296425463	0.627	0.739	4.88278389336787e-44	15	NFKBIZ
2.35323655336466e-47	0.391408163021487	0.83	0.769	7.05970966009397e-44	15	RGS2
2.4413611022281e-47	0.457182747041353	0.618	0.602	7.32408330668431e-44	15	ITPR1
3.122689250186e-47	0.43032635761426	0.829	0.87	9.368067750558e-44	15	ZFP36L1
6.20294821983593e-47	-0.6647552584964	0.694	0.82	1.86088446595078e-43	15	GADD45B
7.98511920940023e-46	-0.500833632940247	0.785	0.864	2.39553576282007e-42	15	GSTP1
1.03385242789663e-45	-0.352753203279152	0.475	0.644	3.1015572836899e-42	15	BHLHE40
1.2054088387805e-45	0.672231802289267	0.365	0.373	3.61622651634151e-42	15	PLD4
1.09388272202083e-44	0.791591022083278	0.542	0.497	3.2816481660625e-41	15	FAM177B
1.47070573991936e-44	-0.261503401256138	0.256	0.616	4.41211721975809e-41	15	UBE2S
5.05175508323011e-43	-0.315418342543121	0.388	0.585	1.51552652496903e-39	15	PAG1
5.13571963129977e-43	0.567140547463269	0.539	0.512	1.54071588938993e-39	15	KYNU
3.15142412538035e-42	-0.257023471989062	0.02	0.546	9.45427237614104e-39	15	WDR86-AS1
2.41830587278445e-41	0.323085834624082	0.506	0.55	7.25491761835334e-38	15	CNFN
4.37197700440919e-41	-1.18515288961379	0.21	0.567	1.31159310132276e-37	15	XCL1
2.50326646360971e-40	0.393599843009067	0.612	0.65	7.50979939082914e-37	15	CYSLTR1
4.50262132562703e-40	-0.529202635961789	0.584	0.782	1.35078639768811e-36	15	TAGAP
1.38696332929818e-39	-0.372691022275898	0.421	0.635	4.16088998789455e-36	15	PFKFB3
4.37439897332887e-39	-0.394810373403959	0.694	0.765	1.31231969199866e-35	15	IDH2
5.61070943921801e-39	0.335670628390867	0.961	0.901	1.6832128317654e-35	15	PPP1R15A
6.39159969050516e-39	0.605158850837906	0.761	0.786	1.91747990715155e-35	15	GPR183
6.59996913645171e-39	0.814526837278088	0.543	0.48	1.97999074093551e-35	15	CD1C
1.25389712370921e-38	-0.852601160042471	0.227	0.571	3.76169137112762e-35	15	KLRC1
1.61750824672649e-38	0.331910703069715	0.715	0.695	4.85252474017947e-35	15	PLAC8
1.8163897327655e-38	0.654328723250094	0.171	0.281	5.44916919829651e-35	15	TCL1A
2.97501300830318e-37	0.358783637921652	0.857	0.801	8.92503902490955e-34	15	DUT
3.89372034529975e-37	0.650232560815446	0.761	0.881	1.16811610358992e-33	15	SELL
6.34353781082898e-37	-0.765540823216072	0.735	0.721	1.90306134324869e-33	15	XBP1
1.33279593815719e-36	0.370379448553713	0.498	0.42	3.99838781447158e-33	15	NEK6
3.94441243278353e-36	0.551948993135312	0.723	0.716	1.18332372983506e-32	15	FAM65B
1.05856397587014e-35	-0.636875365511131	0.772	0.831	3.17569192761043e-32	15	TUBA4A
2.95719683507329e-35	0.749183152962463	0.566	0.551	8.87159050521987e-32	15	ORAI2
6.25573471405801e-35	-0.717435901937749	0.941	0.931	1.8767204142174e-31	15	RGS1
7.98167581666488e-35	-0.347804756583597	0.359	0.423	2.39450274499946e-31	15	BCL3
1.50666613406574e-34	-0.260517390797903	0.531	0.655	4.51999840219722e-31	15	CD151
3.616137961917e-34	-0.2864518305676	0.847	0.821	1.0848413885751e-30	15	HN1
4.17043783896069e-34	0.399396865407802	0.803	0.761	1.25113135168821e-30	15	CMTM6
1.02870873469307e-33	1.50160655198071	0.531	0.58	3.08612620407921e-30	15	LOC101927412
2.04452119601874e-33	-0.466551713536532	0.061	0.551	6.13356358805621e-30	15	CISH
4.27363087484116e-33	0.359659144670003	0.642	0.624	1.28208926245235e-29	15	APPL1
5.47196980927561e-33	0.279219960300511	0.933	0.861	1.64159094278268e-29	15	EIF5A
5.51774533153451e-33	-0.714627571028758	0.539	0.641	1.65532359946035e-29	15	EGR1
4.45319262676648e-32	0.346081069943827	0.788	0.867	1.33595778802994e-28	15	EZR
8.10639228383012e-32	-0.549538079426112	0.575	0.66	2.43191768514904e-28	15	AES
8.54514246683237e-32	-0.557810271866192	0.849	0.876	2.56354274004971e-28	15	DNAJA1
9.85575522896331e-32	0.390743830940089	0.608	0.645	2.95672656868899e-28	15	GPR18
1.09515804260134e-31	0.309079224718652	0.623	0.562	3.28547412780403e-28	15	DDAH2
1.01805317194108e-30	-0.269767525833065	0.589	0.78	3.05415951582323e-27	15	NEAT1
1.10647829159992e-30	0.465433016178107	0.361	0.418	3.31943487479975e-27	15	BCL11A
1.87428770846889e-30	-0.352255139376064	0.476	0.65	5.62286312540667e-27	15	KLF2
2.38376024168658e-30	-0.569737993028245	0.904	0.969	7.15128072505974e-27	15	HSP90AA1
8.9112630621714e-30	0.559857186926322	0.632	0.644	2.67337891865142e-26	15	SH3BP5
9.06666760911502e-30	-0.345675564337485	0.845	0.911	2.72000028273451e-26	15	COX5A
1.05345740556843e-29	0.671372930492654	0.635	0.651	3.1603722167053e-26	15	HSH2D
1.12775853069959e-29	0.251931460228984	0.57	0.568	3.38327559209877e-26	15	BMS1P20
2.01162783257963e-29	-0.338677333389326	0.556	0.672	6.03488349773888e-26	15	ZNF331
2.47135222384604e-29	-0.329030305263437	0.833	0.827	7.41405667153811e-26	15	IFI6
4.19135944008678e-29	-0.437933405241538	0.196	0.543	1.25740783202603e-25	15	TRG-AS1
5.49189436406652e-29	-0.425209749190794	0.981	0.983	1.64756830921995e-25	15	TSC22D3
1.07671289892773e-28	-0.338354285296977	0.323	0.598	3.2301386967832e-25	15	TUBB2A
1.08013247267708e-28	0.413902686862091	0.364	0.386	3.24039741803123e-25	15	KIAA0226L
1.26967754712661e-28	0.577680597965269	0.541	0.578	3.80903264137984e-25	15	CXXC5
2.24452580211629e-28	0.531878985496262	0.525	0.546	6.73357740634887e-25	15	CIITA
4.32536046305786e-28	0.300135445268754	0.517	0.524	1.29760813891736e-24	15	NFKBID
8.96971836393062e-28	-0.478417880321569	0.696	0.721	2.69091550917919e-24	15	GLIPR2
1.205787756947e-27	-0.348504291056163	0.885	0.903	3.617363270841e-24	15	PGAM1
5.42770471620399e-27	-0.250827406453881	0.786	0.798	1.6283114148612e-23	15	CTSA
8.02549531402798e-27	-0.551465409136754	0.805	0.831	2.40764859420839e-23	15	H2AFZ
8.89338468056922e-27	0.25650282628013	0.918	0.861	2.66801540417077e-23	15	ATP6V1F
9.33170268541188e-27	-0.625691993578622	0.202	0.528	2.79951080562356e-23	15	KLRK1
1.28661276452115e-26	-0.290055932548974	0.615	0.717	3.85983829356346e-23	15	RNH1
1.76250938224822e-26	-0.372881667552838	0.838	0.944	5.28752814674467e-23	15	RAN
3.2364776947676e-26	0.328862372276248	0.728	0.736	9.7094330843028e-23	15	SHMT2
9.91569079974796e-26	-0.262140597992094	0.614	0.714	2.97470723992439e-22	15	C12orf75
4.1837618755594e-25	0.754644792392917	0.528	0.519	1.25512856266782e-21	15	NCF1
4.81877070218594e-25	-0.53479796734947	0.379	0.592	1.44563121065578e-21	15	LMNA
5.86288030549831e-25	-0.426272092738413	0.575	0.697	1.75886409164949e-21	15	CLIC3
6.68192149047965e-25	-0.390879059893276	0.04	0.512	2.0045764471439e-21	15	LINC00892
2.87494439089433e-24	0.989072390294775	0.541	0.538	8.62483317268298e-21	15	CLECL1
3.06681120358643e-24	-0.441364305893752	0.64	0.668	9.20043361075928e-21	15	LOC284454
3.11644267013506e-24	0.550112169088237	0.682	0.691	9.34932801040518e-21	15	ATP2B1
1.09320729656902e-23	0.514515694991444	0.55	0.53	3.27962188970705e-20	15	MTSS1
1.78984501479488e-23	-0.646084127435558	0.27	0.558	5.36953504438464e-20	15	CD40LG
2.83046125225961e-23	0.270419375879566	0.514	0.708	8.49138375677882e-20	15	LTA4H
4.02519092626625e-23	-0.293436422328401	0.112	0.545	1.20755727787987e-19	15	SPRY1
5.71791589573541e-23	-0.350750196173006	0.082	0.545	1.71537476872062e-19	15	FOSL2
1.21689053457903e-22	0.399061928303926	0.533	0.482	3.65067160373709e-19	15	PIK3AP1
1.30541366617429e-22	-0.576942521965869	0.656	0.843	3.91624099852286e-19	15	HSPA1A
2.41282940490157e-22	0.531811011849069	0.406	0.543	7.23848821470471e-19	15	BASP1
3.97990251815454e-22	-0.329951688941051	0.052	0.518	1.19397075544636e-18	15	SLC7A5
4.52051289641163e-22	0.697788305493103	0.54	0.588	1.35615386892349e-18	15	CD72
6.47064537504304e-22	-0.426779639633538	0.563	0.666	1.94119361251291e-18	15	PERP
1.29186672298848e-21	0.282071305727145	0.486	0.537	3.87560016896543e-18	15	BACE2
2.09638744331683e-21	-0.980605573619733	0.297	0.567	6.28916232995048e-18	15	FCER1G
7.56209124264695e-21	0.307647094357108	0.81	0.779	2.26862737279408e-17	15	RILPL2
1.14308868955947e-20	-0.260164080881427	0.562	0.546	3.4292660686784e-17	15	LST1
5.65455890135392e-20	0.397436412468307	0.669	0.776	1.69636767040618e-16	15	CTSS
1.04367946058357e-19	-0.355618163235528	0.056	0.404	3.13103838175071e-16	15	C15orf48
2.05381759307593e-19	-0.317172878353623	0.831	0.844	6.16145277922779e-16	15	EMP3
2.78635372728326e-19	0.749213237994371	0.534	0.54	8.35906118184978e-16	15	MTRNR2L2
3.55685781113423e-19	-0.355680010726009	0.832	0.842	1.06705734334027e-15	15	HSPA5
1.17433280367185e-18	0.461516596356675	0.396	0.434	3.52299841101554e-15	15	NCF1C
1.61660782131298e-18	0.685858017542332	0.601	0.654	4.84982346393893e-15	15	SCPEP1
2.03594640234374e-18	-0.625524790504497	0.288	0.553	6.10783920703121e-15	15	MATK
1.63615987448864e-17	-0.297977636162331	0.483	0.604	4.90847962346593e-14	15	ZFAND2A
2.41525810497283e-17	-0.461605447670883	0.571	0.604	7.24577431491849e-14	15	TPST2
4.88612510107891e-17	0.376784633800187	0.415	0.526	1.46583753032367e-13	15	SYNGR1
1.8284241688849e-16	-0.880998114261353	0.561	0.739	5.4852725066547e-13	15	LOC100293211
3.18765855170384e-16	-0.312088691153805	0.839	0.831	9.56297565511152e-13	15	VAMP5
3.85577002351122e-16	-0.251451919792598	0.752	0.752	1.15673100705337e-12	15	RANBP1
5.60498391455583e-16	0.260062228548598	0.44	0.625	1.68149517436675e-12	15	C10orf128
1.10728788940177e-15	-0.660365506860655	0.653	0.674	3.3218636682053e-12	15	TNF
2.03237116075722e-15	-0.254108568845409	0.386	0.572	6.09711348227166e-12	15	FXYD7
2.1311329237985e-15	0.395048276973218	0.79	0.805	6.39339877139551e-12	15	IMPDH2
3.60921400908104e-15	-0.267907970533746	0.874	0.927	1.08276420272431e-11	15	PSME2
6.04982431173653e-15	-0.29984305677931	0.022	0.465	1.81494729352096e-11	15	PTGDS
6.49453384553785e-15	-0.604419563572368	0.939	0.929	1.94836015366136e-11	15	SSR4
1.9097610437129e-14	0.972500680369408	0.493	0.371	5.7292831311387e-11	15	BLK
3.33440461120976e-14	-0.266285338545719	0.651	0.704	1.00032138336293e-10	15	NAMPT
7.29926981469313e-14	-0.943188652692845	0.026	0.502	2.18978094440794e-10	15	XCL2
1.58193220679853e-13	-0.484161191200574	0.992	0.983	4.7457966203956e-10	15	CFL1
1.86381447313503e-13	0.62224995916246	0.5	0.357	5.5914434194051e-10	15	LOC100509457
1.89858978061878e-13	0.984865819106583	0.549	0.71	5.69576934185633e-10	15	HVCN1
7.61646473648875e-13	0.281660082601241	0.766	0.755	2.28493942094662e-09	15	NR4A2
7.75690621266166e-12	-0.406136396415416	0.034	0.438	2.3270718637985e-08	15	FCGR3A
1.37449345275313e-11	-0.579132070830407	0.932	0.959	4.12348035825939e-08	15	CORO1A
2.84390497475331e-11	-0.366259201734085	0.422	0.481	8.53171492425992e-08	15	BRE-AS1
4.67110571060478e-11	0.413358468721358	0.452	0.364	1.40133171318143e-07	15	MARCKS
1.19182985793996e-10	-0.289477306518071	0.591	0.652	3.57548957381987e-07	15	ZC3H12A
1.52797008140581e-10	-0.442280840545669	0.471	0.594	4.58391024421742e-07	15	COTL1
3.68094586391244e-10	-0.336287133400441	0.947	0.94	1.10428375917373e-06	15	IFITM2
4.59774613764406e-10	-0.322314525772215	0.869	0.829	1.37932384129322e-06	15	KDELR2
7.69092326733658e-10	-0.404715855054191	0.996	0.989	2.30727698020097e-06	15	ACTG1
1.90216282830665e-09	0.260752569560292	0.394	0.519	5.70648848491994e-06	15	BACH2
2.06393994744377e-09	0.382658333591348	0.692	0.74	6.19181984233132e-06	15	ASAH1
2.95600305347275e-09	-0.299399703885447	0.849	0.833	8.86800916041826e-06	15	RPS27L
3.66425374555797e-09	-0.477779414731694	0.306	0.516	1.09927612366739e-05	15	LAMP1
3.90666128418421e-09	0.275437099602	0.486	0.643	1.17199838525526e-05	15	LRMP
3.96285891712336e-09	0.392072846563614	0.725	0.749	1.18885767513701e-05	15	PDE4B
8.64235280530793e-09	-0.838195393210942	0.021	0.409	2.59270584159238e-05	15	CCL4L1
1.63987199212997e-08	-0.682147420944655	0.206	0.443	4.91961597638992e-05	15	SOCS1
2.49884987622035e-08	1.07028578737761	0.511	0.466	7.49654962866105e-05	15	PKIG
3.05966240666338e-08	-0.309805152096891	0.658	0.659	9.17898721999014e-05	15	MT1F
4.18537741175585e-08	-0.266507904526029	0.503	0.557	0.000125561322352675	15	IVNS1ABP
6.19693142277608e-08	0.251634079777189	0.833	0.842	0.000185907942683282	15	C1QBP
7.73361720638857e-08	-0.271377041204197	0.675	0.749	0.000232008516191657	15	FOSB
3.44557023060911e-07	-0.709581477965416	0.825	0.665	0.00103367106918273	15	DUSP2
7.2558878148197e-07	-0.311828966921701	0.014	0.482	0.00217676634444591	15	GPR56
1.23005897534055e-06	0.277023757301279	0.459	0.684	0.00369017692602166	15	METTL7A
1.38292464983614e-06	-0.331083252901163	0.799	0.654	0.00414877394950841	15	MYADM
2.21351846485308e-06	-0.315196697085133	0.042	0.494	0.00664055539455923	15	GADD45G
2.35084054961695e-06	0.266079105909945	0.567	0.656	0.00705252164885084	15	CTSZ
2.43932078044914e-06	-0.416049627992977	0.094	0.501	0.00731796234134742	15	SAMD3
7.82895722807579e-06	1.00525753676028	0.493	0.583	0.0234868716842274	15	ADAM28
