p_val	avg_log2FC	pct.1	pct.2	p_val_adj	cluster	gene
0	1.54833663363096	0.592	0.275	0	c9	TIGIT
0	3.05026898019879	0.346	0.045	0	c9	FOXP3
0	1.94681383325298	0.413	0.114	0	c9	TNFRSF4
0	1.80229053930253	0.378	0.118	0	c9	CTLA4
0	3.29116990634352	0.268	0.038	0	c9	RTKN2
0	2.35930657777624	0.289	0.066	0	c9	FBLN7
0	3.35559961757945	0.244	0.03	0	c9	ICA1
0	2.45810529827789	0.248	0.052	0	c9	TBC1D4
0	3.89549562877833	0.207	0.033	0	c9	NMB
0	3.3445653139389	0.144	0.019	0	c9	LINC01281
6.1183603246039e-301	2.67106691545293	0.199	0.039	1.87998857694104e-296	c9	GK
1.16097100148833e-281	2.61305758097438	0.252	0.065	3.56731559627318e-277	c9	MAGEH1
7.71208967686315e-278	2.07562383962629	0.289	0.082	2.36969379500974e-273	c9	SESN3
5.21191171916723e-273	3.96264461522414	0.074	0.006	1.60146411394851e-268	c9	LOC101928354
3.13520932306944e-269	2.50504335078697	0.182	0.037	9.63355768699546e-265	c9	LY96
9.17821824383867e-269	1.50634348506615	0.452	0.179	2.82019111978431e-264	c9	SELL
2.13453189654527e-263	1.33076913510025	0.609	0.307	6.55877615851466e-259	c9	BATF
6.25127587197013e-263	1.54862885538154	0.415	0.156	1.92082953718026e-258	c9	LEF1
1.35243971850239e-258	3.05996749424336	0.122	0.018	4.15564152304231e-254	c9	CD200
6.09530601805334e-257	5.50799946111888	0.039	0.001	1.87290468016725e-252	c9	PVALB
9.48842775028819e-256	2.5481292207736	0.183	0.039	2.91550919483105e-251	c9	TIAM1
8.11667528726072e-250	2.16103457179752	0.237	0.062	2.4940108155166e-245	c9	TOX2
3.22684780844905e-238	1.52401536449349	0.45	0.194	9.9151352610214e-234	c9	IL6ST
6.90899298468447e-236	1.27464535803806	0.606	0.321	2.122926274404e-231	c9	CD27
1.1927690028338e-234	4.53782293908075	0.05	0.003	3.66502131500741e-230	c9	IGFL2
3.63996315047401e-222	3.19355751385904	0.098	0.013	1.11845147724615e-217	c9	F5
7.00815165700524e-216	2.21711672043289	0.352	0.137	2.153394759648e-211	c9	CXCL13
1.74463167240227e-213	1.06179103010728	0.758	0.478	5.36072973979047e-209	c9	LTB
4.34373659872233e-209	2.09724788671389	0.202	0.053	1.33469994468941e-204	c9	FAAH2
1.76544343024042e-207	2.01915758716922	0.25	0.077	5.42467802809975e-203	c9	STAM
6.48595154861818e-203	3.95737593814466	0.057	0.005	1.99293833234391e-198	c9	CPM
1.5368683009122e-197	1.72545512244432	0.3	0.107	4.7223352282129e-193	c9	MAL
4.40017697870566e-197	2.30176335154855	0.167	0.04	1.35204238024689e-192	c9	BTLA
2.50534076674172e-182	3.29857746860718	0.084	0.012	7.69816057396729e-178	c9	PTPLA
2.08278825211989e-171	4.04778236495353	0.043	0.003	6.3997834622888e-167	c9	DNAH8
6.19942305825002e-163	1.3160907879259	0.33	0.136	1.90489672310848e-158	c9	TNFRSF18
1.4217075436311e-161	2.05697416777703	0.149	0.037	4.36848076931529e-157	c9	CCR4
1.78228295238292e-159	5.16375559347746	0.028	0.001	5.47642082778701e-155	c9	CDO1
1.96711640878718e-159	1.20982602867284	0.473	0.248	6.04435858928036e-155	c9	ARID5B
5.29285646362457e-156	4.25183521078554	0.047	0.004	1.62633600557792e-151	c9	LHFP
1.95232377998436e-153	1.88822799670337	0.166	0.046	5.99890527875795e-149	c9	IL6R
6.80333021975738e-151	2.2701921720656	0.109	0.023	2.09045927662485e-146	c9	REREP3
1.01278544741317e-149	1.18838054125674	0.497	0.284	3.11198584426645e-145	c9	CORO1B
9.64966426318006e-148	0.621313386704239	0.953	0.874	2.96505233814734e-143	c9	DNAJB1
1.33612793553677e-144	1.48069036148674	0.381	0.186	4.10552030752384e-140	c9	MIR4435-1HG
1.33881226917315e-140	1.365448169963	0.324	0.143	4.11376845948834e-136	c9	CCR7
6.34368871422319e-140	1.88851311629383	0.171	0.052	1.94922523121936e-135	c9	THADA
1.35383079501438e-139	1.4976577701855	0.283	0.117	4.15991588384067e-135	c9	NCF4
1.61548920179847e-138	1.91169805072973	0.154	0.044	4.96391367036617e-134	c9	METTL8
6.01492561588877e-137	1.274107537412	0.326	0.146	1.84820619399414e-132	c9	CD28
9.10054811877852e-136	1.21980400788222	0.464	0.261	2.79632542045707e-131	c9	PIM2
3.52486710578669e-133	0.54497304550745	0.871	0.665	1.08308591559508e-128	c9	HSPA1A
3.243965800403e-128	0.643767299977093	0.699	0.462	9.96773371489831e-124	c9	RGS1
3.36812576794562e-126	1.01999943430198	0.419	0.217	1.03492400471665e-121	c9	DUSP4
5.90069676944276e-126	2.50589336136131	0.111	0.027	1.81310709634668e-121	c9	PTPN13
1.51726302819992e-125	2.19307831474612	0.135	0.038	4.66209410674989e-121	c9	IL2RA
3.96633284229142e-125	0.932943114721383	0.556	0.35	1.21873509245088e-120	c9	PIK3IP1
1.66386772814205e-124	2.58921433053396	0.078	0.014	5.11256636826207e-120	c9	ANKRD55
2.56960384292586e-124	1.10910402309221	0.487	0.286	7.89562172815829e-120	c9	GPX1
5.88656512505914e-122	2.1896528032477	0.117	0.03	1.80876486597692e-117	c9	MARCH3
2.22574718361494e-121	1.21274688303291	0.31	0.141	6.83905337109362e-117	c9	CD4
1.27455337505927e-118	2.16905892227719	0.153	0.048	3.91632015554461e-114	c9	LOC101059954
4.59954393017071e-116	3.43837999365439	0.044	0.005	1.41330186342355e-111	c9	FANK1
7.60134605222299e-115	2.76991303572428	0.082	0.017	2.33566560146656e-110	c9	IKZF4
1.91260760324389e-114	1.19984564566252	0.358	0.183	5.8768693824875e-110	c9	DNPH1
3.36302412444302e-114	1.10431759019401	0.365	0.187	1.03335642271761e-109	c9	SIRPG
2.587250503629e-113	1.92933871110344	0.153	0.049	7.94984462250083e-109	c9	IGFBP4
1.36248166344312e-112	0.992759258419238	0.493	0.301	4.18649740726168e-108	c9	FAIM3
6.50479352139735e-112	1.97057470676009	0.145	0.045	1.99872790531976e-107	c9	GEM
2.18511938402025e-111	1.5313249892095	0.23	0.095	6.71421633127904e-107	c9	PELI1
2.31007686767773e-111	1.70927896334365	0.179	0.063	7.09817319131335e-107	c9	IKZF2
1.03284599453693e-108	1.39078266445228	0.186	0.068	3.17362588741361e-104	c9	SLC9A9
1.26051357263307e-108	0.504638134872918	0.857	0.677	3.87318005462965e-104	c9	HSPA1B
1.27582677434221e-108	1.52666524201692	0.233	0.099	3.9202329295213e-104	c9	PASK
1.42109970346978e-107	1.91304378926504	0.137	0.042	4.3666130588516e-103	c9	ETV7
2.19264110149243e-104	0.944674523564995	0.551	0.368	6.73732831255579e-100	c9	SOCS3
2.30004988024435e-104	2.21409345631971	0.089	0.021	7.06736326702682e-100	c9	PDE7B
3.47636724905532e-103	0.853063027773074	0.612	0.424	1.06818336461723e-98	c9	HSPB1
5.63820998104279e-103	1.54548139682134	0.144	0.047	1.73245278087502e-98	c9	CYSLTR1
9.33906340724373e-102	1.03435885579895	0.43	0.243	2.86961401314378e-97	c9	ICOS
7.58049849408237e-101	3.34767365788355	0.036	0.004	2.32925977227669e-96	c9	MEOX1
1.42097860910482e-100	0.72773653839498	0.731	0.571	4.36624097219639e-96	c9	SOD1
1.12265155918587e-96	2.94092444066049	0.05	0.008	3.44957144591042e-92	c9	CPA5
2.37318882697985e-96	2.31576323915666	0.103	0.028	7.29209730866098e-92	c9	LOC101928152
2.53998438934498e-95	0.901646637811292	0.536	0.361	7.80461003314032e-91	c9	CACYBP
2.76134201492233e-95	1.18970106647696	0.342	0.185	8.48477560925184e-91	c9	PMAIP1
8.73755733528954e-95	1.24452375656219	0.263	0.125	2.68478924241442e-90	c9	TNIK
2.21456965149056e-94	1.00548750396714	0.349	0.187	6.80470816813505e-90	c9	DGKA
4.33416942802362e-93	3.58300104612457	0.034	0.004	1.33176024014882e-88	c9	GRIK1-AS2
2.26345771454543e-91	1.06757036177194	0.444	0.276	6.95492651948373e-87	c9	CARD16
1.94416526763985e-89	1.62320663665738	0.144	0.051	5.97383661787695e-85	c9	LRRC8D
6.60914865142923e-89	0.832928767092392	0.477	0.303	2.03079310612466e-84	c9	PBXIP1
4.09730086745824e-87	1.1892911731706	0.264	0.128	1.25897763754389e-82	c9	EPSTI1
5.19680140884475e-87	2.03672032200251	0.116	0.037	1.59682116889573e-82	c9	CHN1
1.91593093718563e-86	1.25891906023599	0.202	0.086	5.88708099069029e-82	c9	CCR6
2.3078924420146e-86	4.06906052216604	0.019	0.001	7.09146110657826e-82	c9	ZCCHC12
5.8721595061819e-85	3.05047930829288	0.035	0.004	1.80433845146451e-80	c9	IL21-AS1
9.92718184165353e-85	1.29054696927158	0.237	0.112	3.05032516448488e-80	c9	SNX9
6.75405368583557e-84	0.78134483842867	0.603	0.439	2.0753180760467e-79	c9	UCP2
1.51745914987356e-83	2.35108298428706	0.069	0.016	4.6626967298165e-79	c9	CARD17
8.52277726123831e-80	0.982570899991828	0.335	0.188	2.61879376906069e-75	c9	BIRC3
1.56324076266851e-79	0.847607761306802	0.572	0.425	4.80336989145154e-75	c9	NR3C1
2.71575508350381e-79	0.437217377667869	0.889	0.874	8.34470064508216e-75	c9	SARAF
2.76638543834991e-77	1.25450385765127	0.337	0.197	8.50027253641776e-73	c9	UGP2
4.28626907660003e-77	0.660696911324808	0.633	0.473	1.31704189916689e-72	c9	SPOCK2
1.61596747222789e-76	3.95166250393668	0.02	0.001	4.96538325191464e-72	c9	TSHR
6.87633417649276e-76	0.241747368145218	0.985	0.97	2.11289120241093e-71	c9	RPL8
6.85095325727248e-74	1.48775434794727	0.127	0.046	2.10509240736211e-69	c9	TP53INP1
4.84046136713716e-73	1.70446336786048	0.094	0.029	1.48732856428023e-68	c9	IL12RB2
5.78047196769735e-73	0.882288379959966	0.463	0.316	1.77616562151436e-68	c9	FKBP5
8.48965348850484e-73	3.5958059443538	0.026	0.003	2.60861582741288e-68	c9	CSF2RB
1.16013345170179e-72	0.424950247403122	0.951	0.906	3.56474205704408e-68	c9	UBC
7.36210748820544e-72	0.638719428927539	0.505	0.338	2.26215476790089e-67	c9	HSPH1
4.92982017097825e-71	0.458026326945545	0.843	0.754	1.51478584393649e-66	c9	CIRBP
5.900103955149e-71	4.19523087700578	0.021	0.002	1.81292494229863e-66	c9	CYP7B1
7.26396621101787e-71	2.11829163747845	0.07	0.018	2.23199889765946e-66	c9	FAM184A
7.88378179543974e-71	0.922922240658458	0.391	0.248	2.42244963228477e-66	c9	USP15
9.2086068910788e-71	1.81117877699816	0.077	0.021	2.82952863942178e-66	c9	CXCR5
4.36059527717759e-68	0.285772436127016	0.937	0.9	1.33988011081836e-63	c9	RPL22
6.92724456065202e-67	0.873781244064734	0.363	0.221	2.12853443615155e-62	c9	CMTM7
7.62089591924295e-67	3.40166612210211	0.033	0.005	2.34167268910578e-62	c9	CH25H
8.92374196941924e-67	1.67667249822073	0.096	0.032	2.74199819494345e-62	c9	DAPP1
3.8776655786601e-66	0.525425205519812	0.721	0.61	1.19149030235489e-61	c9	YWHAB
4.14913200857505e-66	1.99181909386309	0.065	0.017	1.27490379227485e-61	c9	SGPP2
4.37737859206996e-66	0.99352215548459	0.328	0.196	1.34503711998534e-61	c9	CNIH1
2.07401940781607e-64	1.05454917841069	0.258	0.139	6.37283943439645e-60	c9	PHTF2
3.80790468986127e-64	3.1782199555234	0.024	0.003	1.17005487405367e-59	c9	LRRC32
6.05331670382875e-64	1.92944140870339	0.091	0.03	1.86000262358546e-59	c9	NGFRAP1
1.48018921457021e-63	0.202855807626756	0.992	0.982	4.54817739960989e-59	c9	RPS8
1.62730551753931e-63	4.30274019225469	0.017	0.001	5.00022166374302e-59	c9	LOC100131047
1.81973626568469e-63	0.729385269093377	0.485	0.343	5.59150362356933e-59	c9	RNASET2
3.33126485592985e-62	1.66346791479035	0.124	0.049	1.02359775228157e-57	c9	PGM2L1
1.52092775474961e-61	1.29708239434545	0.187	0.089	4.67335471201914e-57	c9	LOC101928173
1.16013659974032e-60	2.76751688030345	0.031	0.005	3.56475173002207e-56	c9	TSHZ2
9.04153534391269e-60	0.770938325743963	0.384	0.246	2.77819256512405e-55	c9	HNRNPLL
1.1366185353004e-59	0.970980436687507	0.241	0.13	3.49248777341753e-55	c9	NABP1
3.93925514131317e-59	0.24164052879634	0.976	0.957	1.2104149272713e-54	c9	FXYD5
2.34704032286291e-58	3.14746284078319	0.023	0.003	7.21175080006086e-54	c9	TMCC2
2.35258842747144e-58	4.84222022273728	0.016	0.001	7.22879846109148e-54	c9	PMCH
4.06576073752897e-58	0.99627599151109	0.262	0.148	1.24928630182053e-53	c9	LIMS1
4.19299391923083e-58	0.343514372277675	0.917	0.863	1.28838124156206e-53	c9	RPS26
1.16386852691995e-57	1.43955781824459	0.109	0.042	3.57621882266693e-53	c9	CHST7
1.45417544294902e-57	0.381613824571407	0.876	0.806	4.46824488354945e-53	c9	HSP90AA1
2.41111365874494e-57	1.0288404278802	0.253	0.141	7.40862893922557e-53	c9	IFNAR2
2.64183966415424e-57	0.155425502698309	0.996	0.993	8.11758073604673e-53	c9	RPL11
2.68585505110653e-57	0.96289008780085	0.241	0.131	8.25282681553504e-53	c9	TNFRSF25
4.50792527474453e-57	1.29254050064547	0.116	0.046	1.38515019917075e-52	c9	SH3TC1
6.26899722105078e-57	0.787169784000644	0.393	0.257	1.92627477611227e-52	c9	IGFLR1
6.62477030311793e-57	0.785543584058557	0.388	0.254	2.03559317103905e-52	c9	SLA
1.77100648661881e-56	0.600191216197279	0.54	0.406	5.44177163143361e-52	c9	SEPT6
2.20773112217603e-56	3.31756244019999	0.016	0.001	6.78369541911029e-52	c9	LOC101928353
3.73189905187803e-56	3.03460686904927	0.025	0.003	1.14670062167056e-51	c9	BFSP2
1.45855541204941e-55	1.19052240659522	0.154	0.071	4.48170321460421e-51	c9	HS3ST3B1
1.56130278423655e-55	0.924516573157512	0.255	0.143	4.79741506512365e-51	c9	TOX
2.47924161993534e-55	2.26495154754004	0.057	0.015	7.61796572557533e-51	c9	ZC2HC1A
2.92759774168398e-55	0.18767094307094	0.984	0.979	8.99562958087236e-51	c9	RPL37
4.91271409023352e-55	1.47404684347359	0.104	0.04	1.50952965850605e-50	c9	MYL6B
5.744279546145e-55	0.730582120633366	0.425	0.296	1.76504477614398e-50	c9	C10orf54
1.20749752646026e-54	0.819117107281219	0.3	0.18	3.71027764955444e-50	c9	SMAP2
1.6025588655909e-54	0.395280892606142	0.826	0.743	4.92418262630116e-50	c9	HSP90AB1
5.52985167261125e-54	0.831583050811521	0.31	0.187	1.69915752344326e-49	c9	DNAJB4
6.51906242983663e-54	0.678056963342064	0.612	0.505	2.0031123128159e-49	c9	HSPE1
1.82772248574393e-53	1.05008354210936	0.222	0.12	5.61604288194536e-49	c9	SESN1
4.3472855149437e-53	2.91376815851701	0.03	0.005	1.33579042017675e-48	c9	CD79A
9.62125018048683e-53	0.612949136018252	0.47	0.332	2.95632154295819e-48	c9	TMEM123
2.96832828459769e-52	0.858894209904414	0.276	0.163	9.12078232008334e-48	c9	FAS
3.6874378654165e-52	0.831913725032374	0.347	0.227	1.13303903290653e-47	c9	RHBDD2
8.05302151725515e-52	1.821101942233	0.075	0.025	2.47445192160699e-47	c9	ADTRP
4.0068489366622e-51	0.961814545526709	0.181	0.091	1.23118447276819e-46	c9	TNFSF8
2.22892096522659e-50	1.1016217003715	0.161	0.078	6.84880544985176e-46	c9	ZNF831
2.84395099852757e-50	3.00028396075836	0.019	0.002	8.73860823317567e-46	c9	SELP
5.80488905701303e-50	3.71855019266855	0.012	0.001	1.78366826054839e-45	c9	RBMS3
6.09523698616492e-50	1.55860902883555	0.084	0.03	1.87288346873889e-45	c9	ZC3H12D
7.82145293266615e-50	0.520849604881356	0.609	0.499	2.40329784262033e-45	c9	FYB
9.45009683330073e-50	2.88369677699785	0.024	0.004	2.90373125396831e-45	c9	PNMA5
3.24798951635349e-49	0.574747887783776	0.57	0.449	9.98009738689937e-45	c9	LAT
4.7906955988219e-49	1.94868890445792	0.052	0.014	1.47203703665e-44	c9	LIMS2
7.39813972930643e-49	0.895462822449019	0.224	0.124	2.27322639462399e-44	c9	TLK1
1.03706496193191e-48	0.173782621275231	0.984	0.979	3.18658950852819e-44	c9	RPL36
1.21071315808459e-48	3.10759314847749	0.028	0.005	3.72015832084651e-44	c9	GNG8
4.15768872366708e-48	0.15154772754565	0.998	0.998	1.27753301412118e-43	c9	RPLP1
2.43496273528019e-47	2.3504106228756	0.04	0.009	7.48190999669545e-43	c9	CCR8
5.12623318848074e-47	0.922321569311969	0.223	0.126	1.57513767182448e-42	c9	CHMP7
5.1985019521114e-47	0.161716192653716	0.951	0.901	1.59734369482527e-42	c9	GAPDH
7.08524053571943e-47	0.92073160633182	0.202	0.11	2.17708185941051e-42	c9	CNST
7.74119033595929e-47	0.916939916718495	0.158	0.077	2.37863555453021e-42	c9	FXYD1
1.49238337953535e-46	1.2353548635358	0.134	0.062	4.58564641029828e-42	c9	ACTA2
1.29206173194584e-45	2.70645604165849	0.033	0.007	3.97011808374999e-41	c9	LGMN
1.33951576616219e-45	0.764512669070026	0.335	0.218	4.11593009468657e-41	c9	STAT1
1.46686493421694e-45	2.33862253946058	0.028	0.005	4.50723588336839e-41	c9	GCNT4
2.95578019209879e-45	3.08417562698576	0.025	0.004	9.08222579626195e-41	c9	XXYLT1-AS2
7.666422213177e-45	3.84857717695622	0.015	0.001	2.3556615534429e-40	c9	LOC101929625
1.37147150562294e-44	2.13825724045038	0.044	0.012	4.2141204953276e-40	c9	CCDC141
1.78291409056252e-44	0.736271467599111	0.406	0.291	5.47836012607146e-40	c9	GBP5
2.47035590391287e-44	0.686336604174653	0.319	0.205	7.59066258595308e-40	c9	CTSB
4.51100964514356e-44	0.89246233832644	0.182	0.097	1.38609793366326e-39	c9	HOXB2
9.57628403668498e-44	3.43472411177151	0.015	0.001	2.94250479595219e-39	c9	HSPA12A
1.68624621573497e-43	0.605264130788216	0.496	0.379	5.18132874708886e-39	c9	HSPD1
1.68746643838923e-43	3.35136397732733	0.018	0.002	5.1850781252386e-39	c9	CHRNA6
6.13827927150473e-43	0.958121366198636	0.196	0.109	1.88610907175526e-38	c9	ADI1
8.95841327749021e-43	0.132983182834389	0.993	0.991	2.75265164777442e-38	c9	RPL19
1.05221004720114e-42	1.55689005418007	0.065	0.022	3.23312581203493e-38	c9	BHLHE40-AS1
1.87542736923655e-42	0.968618364135152	0.207	0.119	5.76262567745316e-38	c9	SNX20
2.26105702364077e-42	2.39702879613437	0.028	0.005	6.94754991654099e-38	c9	LOC102724280
2.48015002484863e-42	1.45816583663775	0.087	0.034	7.62075698135237e-38	c9	TRIB1
2.62326401545665e-42	0.489769232068731	0.935	0.909	8.06050334029364e-38	c9	IL32
4.93189355558569e-42	3.1259916082274	0.02	0.003	1.51542293282481e-37	c9	STAC
1.00274625261232e-41	0.621825550322147	0.429	0.312	3.08113841040188e-37	c9	PPP1CC
2.45072917893353e-41	1.24624335582081	0.108	0.048	7.53035554810904e-37	c9	CENPM
2.80156603336465e-41	0.706726152321092	0.343	0.233	8.60837195071955e-37	c9	RNF19A
3.30050463913767e-41	3.37794544849897	0.013	0.001	1.01414606046783e-36	c9	FAM19A2
3.35631759261321e-41	0.508510248183234	0.573	0.465	1.03129570668226e-36	c9	GYPC
3.77128210655177e-41	1.11903146028369	0.146	0.074	1.15880185288016e-36	c9	NINJ2
4.3381125569108e-41	2.38886882486814	0.032	0.007	1.33297184536198e-36	c9	TRIM16
4.82471373652048e-41	3.52929492077111	0.017	0.002	1.48248978982065e-36	c9	LOC101927811
7.10410268794328e-41	2.0565647859729	0.044	0.012	2.18287763292433e-36	c9	UBXN10-AS1
3.79084565748331e-40	0.712091921151147	0.276	0.174	1.1648131451749e-35	c9	RILPL2
8.11777115192357e-40	2.59453077208085	0.029	0.006	2.49434754185155e-35	c9	G0S2
3.08345275153295e-39	0.645377637854444	0.437	0.323	9.47452526963528e-35	c9	SCAND1
3.60521415510497e-39	3.54418418110269	0.014	0.002	1.10777415343911e-34	c9	C10orf10
6.60821620608505e-39	0.151269374236611	0.976	0.963	2.03050659364375e-34	c9	RPS13
7.09043036081975e-39	0.4730532796076	0.652	0.542	2.17867653696908e-34	c9	ISG20
8.61868781292759e-39	2.61991114458799	0.024	0.005	2.64826420427826e-34	c9	SLC9A7
1.0129028274743e-38	1.18322571149999	0.122	0.059	3.11234651798028e-34	c9	FBLN5
1.04011693784687e-38	4.02590592001632	0.012	0.001	3.19596731492206e-34	c9	CHGB
1.48171421311266e-38	0.21846814850694	0.948	0.923	4.55286326263128e-34	c9	GNB2L1
1.59445632276908e-38	1.55613289481425	0.074	0.028	4.89928594297255e-34	c9	CCNG2
1.93957541649803e-38	0.955558860822516	0.187	0.106	5.9597333822735e-34	c9	MPRIP
3.9215747456649e-38	1.9830736568174	0.041	0.012	1.20498227210045e-33	c9	PLCL1
4.08264221324493e-38	1.17594465796625	0.131	0.066	1.25447347286377e-33	c9	AKIP1
4.81195610829048e-38	2.18673643698678	0.05	0.016	1.47856975339442e-33	c9	LMCD1
5.11049577190345e-38	1.36950076905716	0.085	0.035	1.57030203583277e-33	c9	TMEM55A
5.49628173247071e-38	0.353067649277355	0.716	0.628	1.68884248793628e-33	c9	LEPROTL1
1.46990913004369e-37	1.21756136108535	0.099	0.044	4.51658978388525e-33	c9	CLN5
1.6410352263548e-37	0.685049758502104	0.236	0.143	5.04240894002039e-33	c9	THEM4
2.1888218271182e-37	1.04642067080525	0.158	0.085	6.72559282818609e-33	c9	TIFA
3.31494845782841e-37	1.84181415520796	0.056	0.019	1.01858421263694e-32	c9	TTN
5.93860501561282e-37	1.19532098468003	0.113	0.053	1.82475516314735e-32	c9	CD79B
7.39720853709157e-37	0.323917072994734	0.802	0.736	2.27294026719213e-32	c9	COMMD6
8.03672640360005e-37	0.404956349907245	0.733	0.666	2.46944492203419e-32	c9	LOC101929876
8.58288906789772e-37	2.30260544227471	0.039	0.011	2.63726432389293e-32	c9	METTL7A
9.69247088517721e-37	1.40930549955191	0.074	0.029	2.9782055288884e-32	c9	EPHX2
9.78517684364221e-37	0.214245692994216	1	0.999	3.00669128874594e-32	c9	MALAT1
1.85149339390805e-36	1.09092709530388	0.111	0.053	5.68908375146125e-32	c9	ETV6
2.17697995544052e-36	0.659129427899253	0.322	0.22	6.6892063090821e-32	c9	WHSC1L1
6.20382866742496e-36	1.31361738419154	0.064	0.023	1.90625043463967e-31	c9	CUL9
9.11007210011857e-36	0.559761071969544	0.357	0.247	2.79925185420343e-31	c9	TMEM173
1.07027704651595e-35	0.404110174286984	0.726	0.632	3.28864028082957e-31	c9	C12orf57
1.39430929678284e-35	0.646167681603942	0.337	0.235	4.28429417622464e-31	c9	VOPP1
1.41253832430405e-35	0.922427538751683	0.194	0.114	4.34030650908904e-31	c9	DUSP16
2.1664088590091e-35	1.02927935537767	0.152	0.082	6.65672450107726e-31	c9	GADD45G
2.65982200049667e-35	0.965799799495612	0.164	0.091	8.17283506092611e-31	c9	ZC3H7A
3.07415480101684e-35	1.0925213407492	0.15	0.081	9.44595545708445e-31	c9	C16orf87
3.72655970634716e-35	1.26548636242596	0.094	0.043	1.14506000096929e-30	c9	GPHN
6.36225356093924e-35	1.07540663825935	0.116	0.057	1.9549296516698e-30	c9	ZNRF1
2.1293070816201e-34	0.597539265618974	0.425	0.322	6.54272186969409e-30	c9	NDUFV2
2.57296970412111e-34	0.759651774237926	0.258	0.167	7.90596400985293e-30	c9	MTHFD2
3.93589296493845e-34	2.01988688852394	0.039	0.011	1.20938183133664e-29	c9	COL9A2
4.74133621998672e-34	0.498421367421058	0.527	0.424	1.45687038031532e-29	c9	PRDX1
5.73465118862459e-34	1.48481996461394	0.07	0.028	1.76208627072868e-29	c9	PKIA
8.7942756845317e-34	1.02455176689783	0.124	0.063	2.70221708958606e-29	c9	YPEL2
9.1995804322488e-34	0.413530549629925	0.444	0.329	2.82675507941709e-29	c9	ITK
9.83383530169402e-34	0.264693589470776	0.836	0.783	3.02164257315152e-29	c9	EEF2
1.08003131635861e-33	1.28182521721534	0.037	0.01	3.31861222577509e-29	c9	IL21
1.27907499850042e-33	1.15250432320457	0.098	0.046	3.93021374789223e-29	c9	SMCO4
1.44244531243399e-33	0.179953598672288	0.961	0.941	4.43220171151591e-29	c9	RPL24
2.20165461134322e-33	0.658021440545345	0.322	0.224	6.76502412427431e-29	c9	ZFAND2A
2.48033387483555e-33	0.890232307686143	0.17	0.097	7.62132189720719e-29	c9	TSPAN5
2.87654109661494e-33	0.693267396708025	0.239	0.152	8.83874782756873e-29	c9	LDLRAD4
4.15708906756049e-33	0.794904002689851	0.211	0.13	1.27734875778931e-28	c9	IPCEF1
4.45056592452173e-33	2.4855143770499	0.029	0.007	1.36752539162779e-28	c9	POU2AF1
5.72320206524163e-33	0.33961661888273	0.75	0.667	1.75856829858679e-28	c9	ALDOA
6.79013581351433e-33	1.36721316125659	0.065	0.025	2.08640503141855e-28	c9	KIAA1324
1.67327503255144e-32	0.130228980212337	0.983	0.976	5.14147219252082e-28	c9	RPL29
2.70820350256244e-32	1.3162552828581	0.085	0.038	8.32149690232361e-28	c9	DBNDD2
2.99303862102666e-32	0.361401654672106	0.673	0.579	9.19670977082863e-28	c9	LDHB
3.14795806903491e-32	1.09881103241311	0.13	0.069	9.67273075872356e-28	c9	C1orf228
3.21894976733664e-32	3.84953418277385	0.01	0.001	9.8908669500953e-28	c9	DFNA5
4.88488311324405e-32	0.209905054358158	0.939	0.908	1.5009780342065e-27	c9	EEF1D
4.96581539712859e-32	0.127586954759763	1	0.996	1.5258460970757e-27	c9	ACTB
1.18983392920202e-31	0.482508634211807	0.501	0.397	3.65600271425906e-27	c9	SKAP1
1.27432618771385e-31	0.2905090162166	0.816	0.754	3.91562207698833e-27	c9	ATP5G2
2.25752804222332e-31	0.489552071443171	0.49	0.384	6.93670641533961e-27	c9	MAT2B
2.34512996868146e-31	3.51525900080695	0.013	0.002	7.20588085476752e-27	c9	ZG16B
6.62666531333808e-31	1.10484959644935	0.125	0.066	2.03617545082939e-26	c9	PVT1
6.6900993363509e-31	0.931725769971394	0.123	0.064	2.05566682308054e-26	c9	ENTPD1
7.17902433590131e-31	4.51827412039025	0.007	0	2.20589880769239e-26	c9	RHOXF1
7.8649294005928e-31	0.369148470496894	0.654	0.565	2.41665685692015e-26	c9	GMFG
7.92306101665004e-31	0.514909736370362	0.507	0.407	2.43451895858606e-26	c9	NDUFB1
7.93223644795146e-31	0.137537698725052	0.986	0.984	2.43733829336204e-26	c9	RPL12
1.34799801843393e-30	3.13589749324336	0.016	0.003	4.14199351124194e-26	c9	WBSCR27
1.78770178028054e-30	0.647288095537616	0.297	0.204	5.49307126026801e-26	c9	GBP2
2.044382127181e-30	0.88363650582478	0.146	0.082	6.28177296218907e-26	c9	CCDC66
2.61633426648421e-30	1.2381834082955	0.069	0.028	8.03921030062602e-26	c9	RAB30
2.68140338038453e-30	0.706566038555533	0.31	0.219	8.23914816690755e-26	c9	PIM3
7.06033677326806e-30	0.988901952715694	0.116	0.06	2.16942968032208e-25	c9	ZNF281
9.4240206898892e-30	1.15011862046812	0.057	0.022	2.89571883738226e-25	c9	ST8SIA1
9.79677660742022e-30	2.74796013811987	0.022	0.005	3.01025554816201e-25	c9	LOC100507006
1.0530315760629e-29	0.545377015047976	0.302	0.208	3.23565012376847e-25	c9	AQP3
1.33567061386134e-29	2.0477033743594	0.035	0.01	4.10411509521175e-25	c9	RMI2
1.50107435013152e-29	1.09663290004661	0.104	0.052	4.61235115564912e-25	c9	GRAP
1.5368574001306e-29	0.11337857514387	0.995	0.989	4.7223017333813e-25	c9	RPL18A
2.03763466515939e-29	0.502603260471402	0.386	0.288	6.26104003563526e-25	c9	STAT3
2.54763182143999e-29	0.386418742496478	0.581	0.481	7.82810829773865e-25	c9	CD247
2.56973917248761e-29	0.550961236498495	0.606	0.516	7.89603755530269e-25	c9	H2AFZ
2.88023995170518e-29	2.31390462848878	0.036	0.011	8.8501132996045e-25	c9	GNG4
3.64948147479357e-29	0.629318407075936	0.248	0.165	1.12137617275982e-24	c9	P2RY10
4.41442805506449e-29	2.65710241706147	0.022	0.005	1.35642130847967e-24	c9	CXorf21
4.67813936298776e-29	0.122466364706445	0.998	0.998	1.43745188206525e-24	c9	EEF1A1
6.52773069781921e-29	0.220668187484202	0.966	0.957	2.00577581151891e-24	c9	DUSP1
6.81775681535265e-29	0.605351982199327	0.27	0.184	2.09489213665341e-24	c9	RAPGEF6
8.22298814246482e-29	0.734776709190728	0.207	0.13	2.52667756653516e-24	c9	MAF
1.11250532203348e-28	0.653800853396426	0.234	0.153	3.41839510301229e-24	c9	EPB41
1.28964083728677e-28	1.30563984548065	0.081	0.038	3.96267940073104e-24	c9	NCDN
2.28627664575401e-28	1.97700226239596	0.024	0.006	7.02504224940835e-24	c9	AKAP2
2.41267636354026e-28	1.07891893345987	0.1	0.05	7.41343066225014e-24	c9	RIC3
2.5282375085656e-28	0.511007802402567	0.437	0.339	7.76851539256951e-24	c9	TNFAIP8
3.00185813105538e-28	0.551851789524945	0.37	0.276	9.22380947929387e-24	c9	PAK2
3.97382186060961e-28	2.3734199309795	0.024	0.006	1.22103624310951e-23	c9	HDAC9
6.80726252040169e-28	1.11728758225572	0.106	0.055	2.09166755464383e-23	c9	LGALS9
7.19135591617948e-28	3.24720615795453	0.012	0.002	2.20968793236447e-23	c9	GJB6
1.17231370244401e-27	0.677690407905168	0.28	0.195	3.60216831349969e-23	c9	PCED1B
1.77193371548949e-27	1.62869934035977	0.049	0.018	5.44462072758457e-23	c9	IFNGR2
1.93953828909024e-27	0.652952002645932	0.24	0.159	5.95961930088759e-23	c9	SUSD3
2.62079126794834e-27	0.242662104238727	0.959	0.952	8.05290532902486e-23	c9	JUNB
3.69617387144997e-27	0.569218139471827	0.349	0.26	1.13572334548043e-22	c9	ARID5A
3.80188497176762e-27	1.84591993140874	0.021	0.005	1.16820519527504e-22	c9	CPLX1
3.98613958023179e-27	0.53398535663618	0.313	0.224	1.22482110881782e-22	c9	SELM
5.28573759639638e-27	0.870385887499703	0.147	0.085	1.62414859124472e-22	c9	TOM1
9.06136563603107e-27	0.425334134901252	0.519	0.423	2.78428581898327e-22	c9	CALM3
1.33894806337044e-26	1.087914591349	0.12	0.066	4.11418571431834e-22	c9	NPDC1
1.44639998633482e-26	1.34716898516586	0.065	0.028	4.444353238011e-22	c9	GRAMD3
1.51057968552502e-26	0.979625333336212	0.121	0.067	4.64155819971273e-22	c9	ZNF101
1.66852248328555e-26	0.81882379951531	0.135	0.077	5.12686903439152e-22	c9	CRTC3
1.67479561845551e-26	1.48566567412113	0.067	0.029	5.14614449682823e-22	c9	EPHB6
3.09405965167357e-26	0.678520676905591	0.237	0.161	9.50711709169737e-22	c9	CCM2
4.19735919876475e-26	0.463702324317876	0.669	0.586	1.28972256100445e-21	c9	SAT1
4.67508394939635e-26	0.724968923788376	0.167	0.101	1.43651304513102e-21	c9	MSL3
4.79619262549369e-26	1.72134438996234	0.032	0.01	1.47372610803545e-21	c9	BFSP2-AS1
7.61271059737955e-26	4.13673273031462	0.007	0.001	2.33915758525681e-21	c9	LINC01267
8.1711278553621e-26	0.61914420694226	0.234	0.156	2.51074245611711e-21	c9	PLK3
8.34758894801251e-26	3.24023914954823	0.011	0.001	2.5649636560558e-21	c9	LOC101926931
1.14608979875617e-25	2.87945202616905	0.017	0.004	3.52159012463808e-21	c9	SUOX
1.33122907245993e-25	0.885693427998676	0.139	0.08	4.09046757094764e-21	c9	ID3
1.65314241660542e-25	0.48014272163434	0.427	0.338	5.07961070350347e-21	c9	SYNE2
2.5751622023994e-25	0.6697941744219	0.209	0.137	7.91270089931262e-21	c9	TRAF1
2.71151283894416e-25	5.38298801421703	0.004	0	8.33166550022372e-21	c9	SLCO5A1
3.58129800407511e-25	0.932462397895266	0.102	0.053	1.10042543771216e-20	c9	SAYSD1
6.53284023064939e-25	0.405979859525113	0.472	0.379	2.00734581767164e-20	c9	FKBP1A
6.71633762581796e-25	0.556945638568061	0.329	0.243	2.06372906228508e-20	c9	PPM1G
7.5318287094358e-25	0.325493277848225	0.649	0.569	2.31430500754834e-20	c9	EIF3F
7.64912914419837e-25	3.37548261404078	0.007	0.001	2.35034791213783e-20	c9	SEMA3G
1.00872926815874e-24	2.29212951036665	0.026	0.007	3.09952242227137e-20	c9	SIRPB1
1.09119884895149e-24	0.30500218012797	0.699	0.614	3.35292670317326e-20	c9	GABARAP
1.22289128805611e-24	1.13477414215256	0.096	0.05	3.75757806081e-20	c9	FCRL3
1.25178551030836e-24	0.574879320862764	0.287	0.207	3.84636133752451e-20	c9	NECAP2
1.30462365543087e-24	0.20246349752054	0.71	0.602	4.00871710604244e-20	c9	COTL1
1.91967488865374e-24	2.0259982638585	0.044	0.017	5.89858503036634e-20	c9	HPGD
2.40107513885329e-24	0.770391360330433	0.156	0.095	7.37778357915451e-20	c9	TACC3
3.45423757928129e-24	0.996297273705022	0.085	0.043	1.06138358098576e-19	c9	SPATS2L
3.5450093148703e-24	0.80729096523283	0.137	0.081	1.0892750121802e-19	c9	FBXO32
3.57950823651587e-24	0.871598980349808	0.149	0.09	1.09987549583423e-19	c9	NDFIP2
4.03025669874271e-24	0.265134425805373	0.714	0.647	1.23837697582267e-19	c9	CNBP
5.18252169894617e-24	2.89134855818882	0.015	0.003	1.59243344243519e-19	c9	PTGIR
6.6612976726874e-24	0.614788479334528	0.246	0.171	2.04681693588666e-19	c9	CRTAP
7.5914699166292e-24	1.30166023551846	0.073	0.035	2.33263096128265e-19	c9	FHL3
8.06013662175656e-24	1.3271708935204	0.076	0.037	2.47663817976714e-19	c9	INPP5F
1.32090273891856e-23	0.555351625531277	0.357	0.276	4.05873784587504e-19	c9	NAP1L4
1.35648200685571e-23	0.319881241737975	0.628	0.543	4.16806226246554e-19	c9	ATP6V1G1
1.37748296798641e-23	1.0197664375503	0.102	0.055	4.23259191573183e-19	c9	GLCCI1
1.39559327512389e-23	0.436925433341723	0.279	0.197	4.28823945647317e-19	c9	CCDC167
1.49966915095452e-23	0.235823739181771	0.77	0.715	4.60803340013794e-19	c9	NPM1
1.58484502337935e-23	0.636768580553939	0.232	0.16	4.86975330333773e-19	c9	AHSA1
1.83775534420964e-23	0.188292386843442	0.829	0.778	5.64687084615296e-19	c9	EEF1G
2.26488170751807e-23	0.780157116277999	0.147	0.089	6.95930202269078e-19	c9	FAM110A
3.53034782482153e-23	2.49373800927524	0.024	0.007	1.08476997613291e-18	c9	TBC1D8
3.65432241421393e-23	0.304777131516594	0.73	0.671	1.12286364821551e-18	c9	CD2
4.16005556157441e-23	0.171315265604728	0.954	0.924	1.27826027240497e-18	c9	ACTG1
4.3853807682402e-23	3.07935078081003	0.011	0.002	1.34749594865717e-18	c9	TNFSF11
4.44649278377062e-23	0.604107370065229	0.207	0.138	1.3662738376692e-18	c9	JAK3
4.93401683531082e-23	0.713900386448312	0.144	0.087	1.51607535298596e-18	c9	SGTB
5.43067509862556e-23	2.07582756497795	0.021	0.005	1.66868353755468e-18	c9	H1F0
5.99265191481033e-23	0.431691078646772	0.442	0.353	1.84136215386377e-18	c9	UBE2B
7.62240462916113e-23	0.89367527798563	0.087	0.044	2.34213627040234e-18	c9	ADPRM
7.64644873266471e-23	0.519229178049471	0.379	0.294	2.34952430208589e-18	c9	SH2D1A
8.57943961640666e-23	1.63227051491797	0.016	0.003	2.63620441093327e-18	c9	MYO1B
8.66790371559413e-23	0.358291924716561	0.684	0.614	2.66338677469061e-18	c9	LIMD2
9.17184963353789e-23	4.34779160645667	0.005	0	2.81823423689719e-18	c9	AKR1C6P
1.45048578293239e-22	0.384565566412777	0.867	0.849	4.45690766521634e-18	c9	SRGN
1.50092844037158e-22	1.75675593801671	0.041	0.016	4.61190281872975e-18	c9	MGST2
1.64882999174393e-22	0.89120030805695	0.119	0.069	5.06635991563156e-18	c9	PDCL
1.84098545181377e-22	0.765554543309377	0.189	0.124	5.65679599778817e-18	c9	HTATIP2
2.615799353294e-22	0.362946218417199	0.546	0.462	8.03756667286647e-18	c9	GPX4
2.71437424770833e-22	0.346410790416662	0.556	0.465	8.3404577509334e-18	c9	PPP1R2
3.96401254616409e-22	1.80549207811932	0.028	0.009	1.21802213505984e-17	c9	AKR1C3
4.0864018015658e-22	0.710807833198738	0.118	0.067	1.25562868156712e-17	c9	C14orf64
4.17140435106004e-22	1.82181817191481	0.026	0.008	1.28174741495022e-17	c9	SLC22A17
4.28831556257993e-22	3.28859741205298	0.009	0.001	1.31767072291394e-17	c9	CTTN
5.12108236911382e-22	0.211716964756214	0.819	0.778	1.5735549795576e-17	c9	PABPC1
6.00005415006813e-22	0.585594283887868	0.285	0.21	1.84363663869143e-17	c9	SAMHD1
6.26950994693607e-22	0.34232504012674	0.531	0.444	1.92643232139505e-17	c9	ANP32B
6.47864345308122e-22	0.801603989916756	0.129	0.077	1.99069277382827e-17	c9	TMEM140
7.09127349037471e-22	0.510684791758546	0.194	0.127	2.17893560538744e-17	c9	ITGB2-AS1
7.18362565963581e-22	0.503455709758903	0.248	0.173	2.2073126564363e-17	c9	FAM102A
7.42096647933516e-22	0.560635269957985	0.444	0.365	2.28024037010531e-17	c9	LINC00152
8.70215640024265e-22	0.216044729823233	0.846	0.794	2.67391159710256e-17	c9	COX7C
9.07814242154687e-22	0.444740905232515	0.391	0.304	2.78944082186871e-17	c9	PRDX2
1.21776820522771e-21	1.5221740477351	0.042	0.016	3.7418363642032e-17	c9	PPP1R3F
1.2600702415373e-21	2.07878804689925	0.02	0.005	3.87181783117165e-17	c9	FLVCR2
1.64278840188018e-21	0.889494040070032	0.109	0.062	5.04779592245723e-17	c9	KIAA0319L
1.99020605611292e-21	0.334231548123717	0.424	0.331	6.11530614861817e-17	c9	CD5
2.09143755662267e-21	0.473782656391684	0.335	0.254	6.42636018023449e-17	c9	NDUFC1
2.20517777719618e-21	0.981253218238349	0.092	0.049	6.7758497559907e-17	c9	GCA
2.34885961828249e-21	1.04719072235547	0.083	0.043	7.21734094909661e-17	c9	SARDH
4.2627258778587e-21	1.64111687931407	0.028	0.009	1.30980778048964e-16	c9	LOC389641
4.81429954731146e-21	2.30078529649189	0.015	0.003	1.47928982190239e-16	c9	JSRP1
5.56202746756142e-21	0.421708259839536	0.455	0.373	1.7090441799576e-16	c9	ISCU
5.9084895800511e-21	0.691966926022975	0.17	0.111	1.8155015932623e-16	c9	IL10RB
6.17683400793158e-21	1.01986309019548	0.078	0.04	1.89795578561714e-16	c9	EPOR
6.56786949536228e-21	0.716920616981853	0.106	0.06	2.01810925983997e-16	c9	CMTM8
7.14317984235111e-21	0.481181375953363	0.317	0.236	2.19488487015923e-16	c9	ANKRD10
7.67163219391142e-21	0.127233216114901	0.989	0.979	2.35726242422316e-16	c9	PTMA
8.31636313673345e-21	0.417141206344699	0.384	0.299	2.55536890102409e-16	c9	MRPL57
9.12714539898981e-21	0.895325111366732	0.081	0.042	2.8044979667476e-16	c9	PTP4A3
1.01403006983608e-20	0.497906426980197	0.346	0.269	3.11581019558531e-16	c9	TNFRSF14
1.23235748759186e-20	0.507605432276567	0.328	0.252	3.78666485212351e-16	c9	TSPAN14
1.31697646114436e-20	2.33750228612226	0.021	0.006	4.04667357215828e-16	c9	IL7
1.65153365486244e-20	1.13772561094474	0.089	0.048	5.07466746129583e-16	c9	HAPLN3
1.92538430409549e-20	2.10431272189358	0.019	0.005	5.91612835119421e-16	c9	USP51
2.09655308877027e-20	0.993143828518587	0.081	0.043	6.44207867586442e-16	c9	LINC00239
2.53982976719724e-20	2.83635494787541	0.009	0.001	7.80413492566696e-16	c9	LOC102467146
2.95784506639011e-20	0.856496318974241	0.134	0.083	9.08857053549688e-16	c9	ELK3
2.97131982852573e-20	0.965801488745956	0.074	0.038	9.129974437111e-16	c9	BCAS3
3.14736943738884e-20	1.98072768453838	0.039	0.015	9.67092207026468e-16	c9	MIR181A1HG
3.80451122325386e-20	1.55621089908413	0.049	0.021	1.16901216356921e-15	c9	CPNE2
4.21036857347874e-20	0.901973807162526	0.092	0.05	1.29371995157281e-15	c9	ASB2
4.83772100412569e-20	1.89532776977454	0.02	0.005	1.4864865329377e-15	c9	NHLRC4
5.38625986680814e-20	0.397217523741595	0.439	0.361	1.65503606927414e-15	c9	RHOG
5.87764289375031e-20	2.10467192473636	0.017	0.004	1.80602333196266e-15	c9	LOC101927432
7.2265989065566e-20	0.184794992955702	0.869	0.832	2.22051704601765e-15	c9	HNRNPA1
7.61432927779161e-20	0.473472740445932	0.34	0.263	2.33965495718703e-15	c9	LAPTM4A
8.05756584578037e-20	0.614981340169405	0.213	0.148	2.47584825743293e-15	c9	TPP1
8.97523275233599e-20	1.76699542091744	0.022	0.006	2.75781976781028e-15	c9	EMR1
1.01531311158578e-19	0.515021026529147	0.278	0.206	3.11975259796961e-15	c9	CYLD
1.33810198090898e-19	1.04458067675225	0.07	0.036	4.11158595673902e-15	c9	LGALS3BP
1.39944517699443e-19	0.557816181380551	0.315	0.241	4.30007519535079e-15	c9	MRPL18
1.4400958316931e-19	1.04867776484929	0.077	0.04	4.42498246204339e-15	c9	PHACTR2
1.59071604123324e-19	0.406848982290598	0.534	0.461	4.88779317989738e-15	c9	ITM2A
2.04870996771426e-19	1.16805153977728	0.076	0.039	6.2950711177956e-15	c9	KLHDC7B
2.17080171521585e-19	0.432408311963103	0.254	0.183	6.67022243034373e-15	c9	SFXN1
2.50879746916837e-19	1.42223612729086	0.044	0.018	7.70878198351365e-15	c9	LOC400927
3.24808170230628e-19	0.668927788752955	0.182	0.122	9.98038064667651e-15	c9	DLGAP1-AS1
3.74000615844657e-19	0.403626854970778	0.512	0.433	1.14919169230588e-14	c9	EPC1
3.7685271696101e-19	0.631633980733915	0.211	0.148	1.1579553434061e-14	c9	REXO2
4.36519714098697e-19	1.19144091331253	0.066	0.033	1.34129412551107e-14	c9	GRPEL2
6.35678553214161e-19	5.59289807559066	0.002	0	1.95324949046115e-14	c9	CNKSR3
8.01546815654896e-19	0.782645516545603	0.22	0.158	2.4629129004628e-14	c9	GLRX
8.52275950942595e-19	2.78162905266783	0.01	0.002	2.61878831446131e-14	c9	GTSCR1
9.10017397140734e-19	0.364869885988916	0.531	0.456	2.79621045619433e-14	c9	ATPIF1
1.22012263050913e-18	1.08635755094868	0.054	0.025	3.7490708067654e-14	c9	COX10-AS1
1.29090402339222e-18	0.481978522730104	0.238	0.17	3.96656079267728e-14	c9	GALM
1.39415042047367e-18	1.0816779777826	0.048	0.022	4.28380599698945e-14	c9	GPR15
1.4621144373757e-18	0.321302277310967	0.602	0.522	4.49263903172432e-14	c9	COX5B
1.4706984373959e-18	0.763000123964538	0.144	0.093	4.51901508858637e-14	c9	SGMS1
1.51217375538225e-18	1.37305912524182	0.044	0.019	4.64645629816303e-14	c9	KCNK5
1.63047171215131e-18	0.853470385817832	0.161	0.108	5.00995042992732e-14	c9	SHMT2
1.72116368579009e-18	1.392896953573	0.038	0.015	5.2886196573272e-14	c9	NLRP6
1.76951041523373e-18	0.562986647850764	0.159	0.104	5.43717465288867e-14	c9	KAT6B
1.78396498533281e-18	0.235545464726727	0.768	0.711	5.48158921043212e-14	c9	DAZAP2
1.92838688758769e-18	1.32612693115341	0.045	0.019	5.92535438949071e-14	c9	C12orf79
1.99786828288398e-18	0.351691876781934	0.52	0.436	6.1388498728176e-14	c9	C19orf53
2.03316191205538e-18	0.120745151001916	0.932	0.928	6.24729660717257e-14	c9	RPL9
2.30622615855615e-18	0.355555637380741	0.327	0.25	7.08634111739549e-14	c9	CD82
2.3199489326065e-18	0.531443876844071	0.25	0.183	7.12850708522e-14	c9	LOC100131564
2.44975986191863e-18	0.465194360065105	0.322	0.249	7.52737712771737e-14	c9	NME3
2.49725996692822e-18	1.35316759137391	0.033	0.013	7.67333070038035e-14	c9	LRRC2
2.69869608698299e-18	5.55169967007443	0.003	0	8.29228346647263e-14	c9	LOC101928304
3.15127752229154e-18	0.464993894036689	0.203	0.141	9.68293044274521e-14	c9	MTERF4
3.65039988492031e-18	0.715986092141063	0.144	0.093	1.12165837263946e-13	c9	CFAP20
3.76048218973049e-18	1.62239579955288	0.03	0.011	1.15548336243849e-13	c9	IL1R2
3.99804337300628e-18	1.91493715280569	0.026	0.009	1.22847878722364e-13	c9	NETO2
4.33162923778349e-18	0.319732486656989	0.525	0.451	1.33097971589373e-13	c9	HCLS1
4.47179757659581e-18	0.393963004142968	0.504	0.434	1.37404924136059e-13	c9	C9orf16
4.52064313116058e-18	0.358796427661914	0.207	0.142	1.38905801491171e-13	c9	ACP5
5.31161130610308e-18	1.28719872516004	0.058	0.028	1.63209880602629e-13	c9	LAIR2
6.02824890428264e-18	1.09077997232198	0.067	0.034	1.85230004081893e-13	c9	MAGEF1
6.8731383359515e-18	1.55152125853036	0.042	0.018	2.11190921648782e-13	c9	VDR
7.29928407508396e-18	0.658605747638871	0.113	0.068	2.24285101775105e-13	c9	CEACAM21
7.69323942366316e-18	1.53012005712516	0.028	0.01	2.36390167770898e-13	c9	VWA5A
7.97461178378949e-18	0.938794527792241	0.078	0.043	2.450358962805e-13	c9	NUDT16
8.7448248656411e-18	3.77760047487836	0.007	0.001	2.68702233646554e-13	c9	TWIST1
9.29949105835669e-18	0.338913823179044	0.443	0.361	2.85745461750126e-13	c9	ANKRD12
1.42184001035069e-17	8.30303131757624	0.002	0	4.36888779980455e-13	c9	KCNJ2
1.57918054153932e-17	0.300196062623618	0.534	0.459	4.85234804998787e-13	c9	EIF3H
1.65405044458438e-17	0.285484654067057	0.591	0.516	5.08240080107444e-13	c9	COX8A
1.82075078855812e-17	0.546295741842714	0.231	0.167	5.59462094800253e-13	c9	GCHFR
1.85355098685075e-17	0.684751001959593	0.1	0.059	5.69540611729629e-13	c9	MAP3K1
2.04352553894012e-17	2.38111022895597	0.015	0.004	6.27914092350132e-13	c9	PCBP3
2.77649121829554e-17	0.574754686497021	0.169	0.114	8.5313245664567e-13	c9	BET1L
2.85586025411777e-17	0.6424712478647	0.174	0.12	8.77520180282766e-13	c9	GRINA
3.40945778674061e-17	0.54720629478763	0.165	0.11	1.04762409413179e-12	c9	MAML2
3.99234256219308e-17	0.806537204033448	0.074	0.039	1.22672709908507e-12	c9	FAM115C
4.54751343301503e-17	0.674917980397737	0.183	0.127	1.39731445256253e-12	c9	FABP5
4.88176811707448e-17	0.508486411259778	0.359	0.294	1.50002088933347e-12	c9	BCAS2
5.45171376728411e-17	1.53993563802171	0.022	0.007	1.67514808927339e-12	c9	ALPK1
5.98975383767351e-17	0.404191118201609	0.324	0.252	1.84047166170194e-12	c9	CFLAR
7.11947241877652e-17	0.269327253212308	0.533	0.454	2.18760029011746e-12	c9	PKM
7.15553200145292e-17	1.00473312693923	0.089	0.051	2.19868031808644e-12	c9	DCP1B
7.99622383364019e-17	0.817077380335818	0.104	0.063	2.45699969736262e-12	c9	POR
8.40234358780067e-17	0.424934699597431	0.341	0.27	2.58178811422351e-12	c9	ZNF331
8.66689425563182e-17	0.914679800603122	0.094	0.056	2.66307659792799e-12	c9	KCNN4
1.11338990480829e-16	0.324817976288856	0.452	0.379	3.42111316050442e-12	c9	LBH
1.42126715105339e-16	0.698822195959974	0.131	0.084	4.36712757504176e-12	c9	RAB11FIP1
1.50446001891591e-16	0.849846794665122	0.065	0.034	4.62275430012293e-12	c9	TMEM194B
1.53858097991337e-16	0.306139230973973	0.53	0.457	4.72759777697981e-12	c9	RHOH
1.57736418280003e-16	3.0117592173342	0.008	0.001	4.84676692448964e-12	c9	COCH
1.58605993044843e-16	0.159261374252469	0.733	0.653	4.87348634828889e-12	c9	CD7
1.61850941194231e-16	0.998604687715937	0.061	0.031	4.97319387007515e-12	c9	INF2
1.68309891828524e-16	0.34024131533094	0.469	0.397	5.17165804621505e-12	c9	NDFIP1
1.78015816413068e-16	0.404030045783523	0.353	0.281	5.46989199092435e-12	c9	R3HDM4
2.03906198457458e-16	0.67269257845458	0.106	0.064	6.26542576000232e-12	c9	ABCC1
2.04288939324496e-16	0.120496533658896	0.935	0.912	6.2771862386238e-12	c9	NACA
2.21489204169825e-16	2.3063931770533	0.009	0.002	6.8056987765262e-12	c9	DBNDD1
2.2593809594789e-16	2.8251042213958	0.006	0.001	6.94239987419082e-12	c9	CEACAM4
2.27469080000554e-16	0.686522696505412	0.127	0.081	6.98944242117702e-12	c9	TMEM216
2.30256787098666e-16	0.479251195592486	0.396	0.328	7.07510029718071e-12	c9	RGS2
2.50964175743018e-16	0.514399250714079	0.263	0.2	7.7113762280557e-12	c9	SEC11C
2.82827044126561e-16	0.421262307029442	0.272	0.204	8.69042658487683e-12	c9	GPRIN3
2.87655591523054e-16	0.524033615865459	0.291	0.225	8.83879336072889e-12	c9	TPR
2.9579776836613e-16	0.446306864411714	0.235	0.172	9.08897802858606e-12	c9	ZBTB38
3.3028337886594e-16	0.235487735911676	0.728	0.664	1.01486173824137e-11	c9	EIF3K
4.76282439484816e-16	0.350173153576387	0.439	0.365	1.46347305180499e-11	c9	TRAF3IP3
4.77924750439713e-16	0.481736251968549	0.283	0.218	1.46851938067611e-11	c9	GRSF1
5.24896565754216e-16	0.400228318328136	0.299	0.231	1.61284967759298e-11	c9	CLPP
5.65128546175716e-16	1.16436594436609	0.067	0.036	1.73647048383412e-11	c9	ZNF815P
5.73736109899096e-16	0.431877098933546	0.231	0.169	1.76291894488695e-11	c9	PARP1
5.91933466607288e-16	1.4903578219072	0.026	0.009	1.81883396284421e-11	c9	EBI3
5.95886758262788e-16	0.322004483796001	0.469	0.392	1.83098124211407e-11	c9	SH3BGRL
6.02405125359528e-16	0.179452548659751	0.913	0.887	1.85101022869222e-11	c9	HSPA8
6.76899248743359e-16	0.670587375829208	0.155	0.105	2.07990832161372e-11	c9	ADK
6.95898866419448e-16	0.677067117284313	0.139	0.092	2.13828844684704e-11	c9	STAMBPL1
7.08948937576482e-16	0.852663571856082	0.075	0.042	2.17838740049126e-11	c9	CCDC50
7.60317399828403e-16	0.885481952061865	0.099	0.06	2.33622727445273e-11	c9	LOC101927752
1.06421021494946e-15	0.523834619063585	0.333	0.268	3.2699987274752e-11	c9	C4orf48
1.11520038506466e-15	0.319169866958289	0.48	0.409	3.42667622318819e-11	c9	PEBP1
1.12422431271503e-15	0.429144355032154	0.234	0.173	3.45440404567946e-11	c9	PDE3B
1.20713271349684e-15	0.426377447529657	0.305	0.238	3.70915668876173e-11	c9	CLTA
1.37784382614736e-15	3.17718647554397	0.007	0.001	4.233700724603e-11	c9	LOC100996457
1.40159950649761e-15	0.584599939272907	0.217	0.16	4.30669480361521e-11	c9	GTF3C6
1.42760402501966e-15	1.1813339438831	0.042	0.019	4.38659888767791e-11	c9	ZDBF2
1.56005016336479e-15	1.57171567827315	0.028	0.011	4.79356613697098e-11	c9	NEK3
1.62408673357555e-15	0.787881874184611	0.122	0.079	4.9903313062576e-11	c9	TMEM154
1.67430994195624e-15	1.24986185422214	0.047	0.023	5.14465215864895e-11	c9	IRF5
1.89762808973032e-15	1.25433718880594	0.062	0.033	5.83084183131436e-11	c9	LAYN
2.13043791012023e-15	0.17775842327304	0.867	0.825	6.54619656642642e-11	c9	UBB
2.20679199326302e-15	0.670856270596678	0.123	0.08	6.78080975769929e-11	c9	LAX1
2.26106597918461e-15	0.775267589846522	0.103	0.064	6.94757743424055e-11	c9	GLB1
2.56138713177692e-15	0.740390471762777	0.12	0.077	7.87037423981095e-11	c9	TRIM14
2.62199335036796e-15	2.34785078607823	0.012	0.003	8.05659896767564e-11	c9	PTK2
3.57764157326667e-15	0.854403186134635	0.081	0.047	1.09930192621765e-10	c9	MAP1LC3A
3.82227888795295e-15	1.82015469346462	0.012	0.003	1.1744716339013e-10	c9	MS4A6A
3.83564937962348e-15	0.828409828075078	0.041	0.019	1.17857998487691e-10	c9	SCML1
3.99712608737845e-15	3.13366660106116	0.007	0.001	1.22819693286877e-10	c9	TNFRSF13B
4.00260347923164e-15	0.519265957081462	0.225	0.167	1.22987997106351e-10	c9	SFT2D1
4.34400093387139e-15	1.26033844761404	0.032	0.013	1.33478116695066e-10	c9	NOD2
4.59550454575998e-15	0.332401180249683	0.402	0.328	1.41206068177567e-10	c9	CHURC1
5.01044989517873e-15	1.02534339829013	0.068	0.037	1.53956093929157e-10	c9	DNAJC30
5.73431861069404e-15	0.657487864040206	0.109	0.069	1.76198407950796e-10	c9	ZEB1
5.81192175621216e-15	0.473949692158386	0.156	0.107	1.78582919803131e-10	c9	CTBS
5.84031418793713e-15	0.654956520375286	0.096	0.058	1.79455334052744e-10	c9	INTS8
5.94599214843873e-15	1.87308388910475	0.022	0.008	1.82702500745077e-10	c9	FAM174B
6.03554988333699e-15	0.656755523412368	0.128	0.083	1.85454341265296e-10	c9	PAM
6.18334725304247e-15	6.41902180487975	0.002	0	1.89995711044236e-10	c9	NTRK3
7.02061581675736e-15	2.79606701009581	0.006	0.001	2.15722462201503e-10	c9	LOC102724400
9.41193517483401e-15	0.101006949988938	0.876	0.792	2.89200532117125e-10	c9	CD74
1.02874308912534e-14	1.33176301265378	0.052	0.026	3.16101888995543e-10	c9	CAMK1
1.11627149862705e-14	0.338336218694747	0.381	0.311	3.42996743383135e-10	c9	ZNF706
1.22964497501413e-14	0.19197960284223	0.751	0.701	3.77833011472591e-10	c9	CD37
1.26223473627094e-14	1.23489903474769	0.038	0.017	3.87846867413973e-10	c9	NFE2L3
1.34216550155353e-14	0.324428285699484	0.358	0.288	4.12407193662352e-10	c9	TRIM22
1.3428443429036e-14	0.484258473628961	0.22	0.162	4.12615781243988e-10	c9	UBQLN1
1.5340593334229e-14	0.450199867123242	0.191	0.137	4.71370411380856e-10	c9	PBX4
1.535429137568e-14	0.958556913692919	0.09	0.055	4.71791311100518e-10	c9	CSGALNACT1
1.55459556183172e-14	0.657288069351081	0.087	0.052	4.77680578284033e-10	c9	TAF9B
1.79462052420778e-14	1.07309523475916	0.056	0.029	5.51433048473325e-10	c9	WDR53
2.24815323284835e-14	0.50044492221188	0.167	0.116	6.90790043857311e-10	c9	FOXN2
2.31081274814284e-14	0.273674943714397	0.477	0.404	7.10043433121851e-10	c9	KIAA1551
2.31504275827048e-14	0.881679876314577	0.064	0.035	7.11343188333769e-10	c9	SBNO2
3.08918018619701e-14	0.954682341027506	0.046	0.023	9.49212395812756e-10	c9	ANTXRLP1
3.56727389709373e-14	1.01362898458302	0.055	0.029	1.09611625035999e-09	c9	DEAF1
3.67284591939657e-14	1.6294908852594	0.026	0.01	1.12855536565298e-09	c9	ANKS1B
3.93262128837613e-14	2.62125498702054	0.011	0.002	1.20837654327933e-09	c9	CD177
4.25373970839132e-14	0.336963488874999	0.368	0.299	1.3070466001974e-09	c9	IFI16
4.44077895240097e-14	0.395237831959657	0.25	0.19	1.36451814870425e-09	c9	LOH12CR1
4.81520688555018e-14	0.299482425557858	0.48	0.41	1.479568619723e-09	c9	RGS10
4.83906828479423e-14	0.54030827477281	0.131	0.087	1.48690051186872e-09	c9	SLC39A1
5.16723152170268e-14	5.22385260515871	0.002	0	1.58773522967358e-09	c9	C12orf74
5.55823233726567e-14	0.632217157857925	0.128	0.085	1.70787805027162e-09	c9	PLEKHF2
5.94372367421951e-14	0.543738047553861	0.099	0.062	1.82632797337743e-09	c9	NBPF15
6.0380986555103e-14	0.337371453349083	0.299	0.235	1.85532657387865e-09	c9	RABGAP1L
6.07078958145569e-14	0.390031621682036	0.452	0.389	1.86537151469389e-09	c9	SOCS1
6.3675166797139e-14	0.914535462987457	0.066	0.037	1.95654685017569e-09	c9	APOLD1
6.4497803160699e-14	0.35350201657366	0.367	0.299	1.9818239977188e-09	c9	NAP1L1
6.66293161940061e-14	0.573929981245422	0.159	0.111	2.04731899869323e-09	c9	IL21R
7.11273953237261e-14	1.20306852341284	0.038	0.018	2.18553147611213e-09	c9	ACTN1
7.54495426406979e-14	2.20942702284351	0.022	0.008	2.31833809672072e-09	c9	SERPINE2
8.21287754926116e-14	0.722054629398309	0.1	0.063	2.52357088456148e-09	c9	LIMA1
9.4299509172023e-14	1.21282452673367	0.035	0.016	2.89754101832875e-09	c9	BRCA2
1.01580216771995e-13	0.290080658651792	0.527	0.456	3.12125532075308e-09	c9	CUTA
1.08838960516209e-13	2.13117245593112	0.014	0.004	3.34429473978156e-09	c9	CNKSR2
1.11655710843084e-13	0.353735566875484	0.304	0.241	3.43084502707545e-09	c9	PSIP1
1.25177865176827e-13	1.94341490809246	0.018	0.006	3.84634026328836e-09	c9	ATP6V0A1
1.27259977981759e-13	0.740947275257109	0.091	0.056	3.91031734344552e-09	c9	ITPKB
1.29602080340439e-13	0.190679162863231	0.749	0.685	3.98228312262067e-09	c9	SUMO2
1.31963629575104e-13	0.849418055227092	0.1	0.064	4.05484644595423e-09	c9	SMC4
1.32100888199164e-13	1.09137505256221	0.063	0.035	4.05906399169571e-09	c9	RRS1
1.43570366112192e-13	0.282708996873388	0.511	0.439	4.41148663952934e-09	c9	NHP2L1
1.46830176350899e-13	7.81895218225007	0.001	0	4.51165082873408e-09	c9	CYP1B1-AS1
1.61998219801722e-13	0.820069863216117	0.099	0.063	4.97771929984751e-09	c9	OAS1
1.64996379052158e-13	0.178075706719367	0.745	0.703	5.06984373913567e-09	c9	CCNI
1.71310550868373e-13	0.835783232700082	0.057	0.03	5.26385929653251e-09	c9	GGT7
1.75360717736854e-13	0.294202495994663	0.429	0.363	5.38830877390032e-09	c9	OCIAD2
1.85221132424182e-13	1.40907798475304	0.019	0.007	5.69128973599783e-09	c9	ST6GALNAC3
1.90330286799471e-13	0.33482600803216	0.419	0.354	5.84827872248736e-09	c9	ERH
1.98782483840246e-13	0.46139733942016	0.211	0.156	6.10798938095925e-09	c9	ZNF292
2.07085388939529e-13	0.519894051592833	0.14	0.096	6.36311274594491e-09	c9	JARID2
2.17931142031882e-13	0.931712213861705	0.093	0.058	6.69637020121364e-09	c9	MAST4
2.21493736478548e-13	0.351136529613244	0.304	0.241	6.80583804077636e-09	c9	GCC2
2.28942128586383e-13	0.857448217574143	0.079	0.047	7.03470478507377e-09	c9	LOC100505501
2.62362528910953e-13	0.366564606823308	0.203	0.15	8.06161342584684e-09	c9	PFKFB3
3.43073655212295e-13	0.571297979492729	0.165	0.118	1.05416242037082e-08	c9	OGDH
3.4889125498005e-13	0.363929188581636	0.371	0.309	1.0720381591772e-08	c9	COX14
3.52519974425574e-13	1.01444687027904	0.054	0.029	1.08318812541746e-08	c9	FAM13A
3.62041622625224e-13	0.806757724775645	0.085	0.052	1.11244529384053e-08	c9	TXK
3.6449333663933e-13	3.34552382477974	0.004	0	1.11997867549167e-08	c9	LOC100505592
3.76800674669592e-13	0.979637525715137	0.03	0.013	1.15779543305726e-08	c9	TNFRSF10D
4.07768770483524e-13	1.47706200281209	0.022	0.008	1.25295110106473e-08	c9	HLF
4.07805458586303e-13	0.645541573621349	0.124	0.083	1.25306383259813e-08	c9	LINC00649
4.56778116284513e-13	0.365448804491563	0.39	0.328	1.40354211790742e-08	c9	RAP1A
5.14480707106426e-13	0.230319611687096	0.653	0.595	1.58084486872592e-08	c9	SLC25A6
5.27505901215571e-13	2.14127197379315	0.014	0.004	1.62086738266508e-08	c9	LINC00309
5.4843042508668e-13	1.01655184264684	0.075	0.044	1.68516216716384e-08	c9	OLFM2
5.94853475902054e-13	0.205348493089497	0.619	0.544	1.82780627540424e-08	c9	GLTSCR2
6.41918011625781e-13	0.453206836413573	0.231	0.177	1.97242147432254e-08	c9	PRMT9
6.42027420294471e-13	0.570993210559227	0.096	0.061	1.97275765433882e-08	c9	FAM134B
7.15348475573917e-13	0.342521298143017	0.262	0.204	2.19805126089598e-08	c9	TGIF1
7.3656876046235e-13	0.488829481618709	0.217	0.165	2.26325483027266e-08	c9	DEDD2
7.46990482941332e-13	0.367125846710032	0.253	0.195	2.29527765693383e-08	c9	LMBRD1
8.01847762267921e-13	0.790210093347532	0.066	0.038	2.46383761912064e-08	c9	SLC8B1
8.11518122983878e-13	0.222833371471644	0.702	0.644	2.49355173649256e-08	c9	SKP1
8.38080751245023e-13	1.15966481281855	0.039	0.019	2.57517072435058e-08	c9	TRAF3IP2
8.45010891275026e-13	3.24782787167845	0.005	0.001	2.59646496562077e-08	c9	C19orf38
8.6036348473209e-13	0.175184305374181	0.807	0.769	2.64363887953629e-08	c9	LAPTM5
9.85012332255386e-13	2.66284324610572	0.006	0.001	3.02664739332113e-08	c9	KCNK15
9.87905779588146e-13	0.292896326511401	0.496	0.425	3.03553808894049e-08	c9	SEPW1
1.02441514678583e-12	0.771350045930621	0.072	0.043	3.14772042152883e-08	c9	TULP4
1.0483008068411e-12	0.91544972957598	0.094	0.06	3.22111388918065e-08	c9	RAB33A
1.06617002673488e-12	3.06430323618603	0.004	0	3.27602064114826e-08	c9	FCRL1
1.15455514840433e-12	2.29657027867961	0.014	0.004	3.54760160450199e-08	c9	PDCD1LG2
1.15540554027894e-12	0.225954339655347	0.62	0.551	3.55021460361508e-08	c9	CIB1
1.16443408478019e-12	0.512255096073247	0.113	0.074	3.57795661230409e-08	c9	DGCR2
1.23811882574229e-12	2.74486956000283	0.009	0.002	3.80436771585834e-08	c9	LIF
1.32916086962175e-12	0.431444863433639	0.286	0.23	4.08411260408674e-08	c9	NOP58
1.36280238166434e-12	1.01610447825672	0.063	0.036	4.18748287814003e-08	c9	IRF4
1.37539365116884e-12	1.28040784087443	0.032	0.015	4.22617207194649e-08	c9	RASL11A
1.44426087150616e-12	0.410534504425484	0.157	0.112	4.43778037987698e-08	c9	SGK1
1.52105988498776e-12	0.207011715066018	0.661	0.595	4.67376070860189e-08	c9	EDF1
1.57419635179992e-12	1.16791732800648	0.032	0.015	4.83703313017561e-08	c9	LOC286190
1.57981134106471e-12	0.248514725114503	0.564	0.5	4.85428630768952e-08	c9	PRR13
1.59587932908957e-12	1.67926598491285	0.019	0.007	4.90365841449354e-08	c9	IL1R1
1.72425523099056e-12	0.539469441111045	0.11	0.072	5.29811904826469e-08	c9	LINC01089
1.78143091434029e-12	1.0704200698503	0.056	0.031	5.47380277049339e-08	c9	SLC12A6
1.8102976053133e-12	0.501027903977577	0.302	0.247	5.56250145184619e-08	c9	BTG3
1.95213088854434e-12	0.490739025849312	0.162	0.116	5.99831258123021e-08	c9	NFAT5
2.07362768145314e-12	2.08921221124526	0.013	0.004	6.37163577680107e-08	c9	MYB
2.24171657873558e-12	0.543149063745841	0.239	0.186	6.88812253148082e-08	c9	SOD2
2.24410244182574e-12	0.307022958886084	0.43	0.366	6.89545357299795e-08	c9	DPP7
2.29542919231762e-12	0.881445464162379	0.065	0.038	7.05316527923435e-08	c9	PCK2
2.36620163509523e-12	0.57404417799453	0.108	0.071	7.27062776415713e-08	c9	TSPYL4
2.37886317516837e-12	0.698936905548353	0.119	0.081	7.30953287833984e-08	c9	LMNB1
2.61748147529561e-12	1.79721712458577	0.014	0.004	8.04273532914082e-08	c9	LOC101928617
2.66364462599764e-12	0.296610027934716	0.376	0.314	8.18458084230294e-08	c9	EID1
2.70647215021441e-12	0.569887168145531	0.11	0.073	8.31617697596381e-08	c9	AFF1
2.78387082988587e-12	0.409371738613665	0.306	0.248	8.5539998989903e-08	c9	CLNS1A
2.91539409776466e-12	0.329438312389809	0.363	0.301	8.95813144420147e-08	c9	IL16
3.08905980109934e-12	0.549303933049529	0.185	0.137	9.49175405083794e-08	c9	SLAMF1
3.10159388277802e-12	0.491345086755544	0.174	0.127	9.53026752361203e-08	c9	KDSR
3.13664618526071e-12	0.462622662543185	0.172	0.125	9.63797273345057e-08	c9	BAG3
3.31225945985587e-12	0.558359315030053	0.133	0.092	1.01775796422991e-07	c9	LPAR2
3.64509447235227e-12	1.40476913399872	0.028	0.012	1.12002817851968e-07	c9	AGMAT
3.740741634703e-12	1.7319622045031	0.017	0.006	1.14941768209519e-07	c9	UTS2
3.74628065879972e-12	0.307466812908178	0.375	0.312	1.15111965802939e-07	c9	TTC39C
3.80812647628771e-12	0.842348068150148	0.079	0.049	1.17012302236893e-07	c9	ZBTB7B
3.92671594669006e-12	0.401691831766496	0.237	0.183	1.20656200893945e-07	c9	IGBP1
4.14081016130163e-12	3.77498864609351	0.004	0	1.27234673826315e-07	c9	LOC388780
4.3191521635665e-12	2.59068891761946	0.007	0.001	1.32714588529908e-07	c9	HAVCR1
4.54883052648777e-12	0.724948591029421	0.094	0.06	1.3977191558739e-07	c9	DUSP10
4.65818025535954e-12	1.12198376163446	0.04	0.02	1.43131904706433e-07	c9	ZNF563
4.70232708328687e-12	0.467888807121719	0.257	0.204	1.44488404288156e-07	c9	B3GNT2
5.14026175336365e-12	1.10015476034208	0.046	0.024	1.57944822895605e-07	c9	SMAD1
5.22008715454822e-12	2.22522226074191	0.008	0.002	1.60397617997803e-07	c9	LOC101928101
5.27253403818454e-12	2.16988731546682	0.011	0.003	1.62009153391296e-07	c9	ANK1
7.17595055702718e-12	1.86327924553053	0.014	0.004	2.20495432765774e-07	c9	PLAT
7.75077039990216e-12	0.463514888016036	0.166	0.12	2.38157922077794e-07	c9	MORC3
7.77329531329248e-12	1.29732811509799	0.035	0.017	2.38850045091538e-07	c9	IZUMO4
7.86631129191901e-12	0.183306856530059	0.677	0.626	2.41708147066796e-07	c9	RPL7
8.13789181378143e-12	0.304076148495468	0.339	0.276	2.50053001762062e-07	c9	RAD21
8.26533052095325e-12	0.446035427339286	0.222	0.172	2.53968810917331e-07	c9	HSPA4
8.50862294686631e-12	2.51051860928169	0.007	0.001	2.61444457288361e-07	c9	ANKDD1B
8.64776693773828e-12	0.477040665541019	0.199	0.15	2.65719934695884e-07	c9	CCDC28A
8.71359227805302e-12	0.496831803629376	0.118	0.08	2.67742549927735e-07	c9	LOC154761
9.47059755858201e-12	0.676789331134575	0.078	0.048	2.91003051182549e-07	c9	GPX7
9.58629092171017e-12	0.57828810893283	0.144	0.102	2.94557961151388e-07	c9	WDR74
9.66922924117246e-12	0.379824068264578	0.224	0.173	2.97106406893506e-07	c9	PTPN2
9.81539095048973e-12	3.13711022079164	0.006	0.001	3.01597517735698e-07	c9	ITGB8
1.01586848815851e-11	0.160959976391616	0.772	0.73	3.12145910356466e-07	c9	HINT1
1.0229464592528e-11	0.12400878049709	0.391	0.319	3.14320758534609e-07	c9	KLRB1
1.02533280332391e-11	0.735199999751609	0.131	0.092	3.15054010477337e-07	c9	SDHAF1
1.02544919552133e-11	0.70022383667097	0.119	0.081	3.1508977430784e-07	c9	CKAP2
1.03643673263244e-11	2.77369668553713	0.007	0.002	3.1846591483597e-07	c9	PTHLH
1.07390926482773e-11	0.607354070822614	0.122	0.084	3.29980099803617e-07	c9	GABPB1
1.11153211326159e-11	0.974944354590297	0.061	0.035	3.41540472441887e-07	c9	GNA15
1.20100815044128e-11	1.16482429160277	0.03	0.014	3.69033774386092e-07	c9	LOC389831
1.2261020523866e-11	0.629831644346558	0.117	0.08	3.76744377636831e-07	c9	ZC3H8
1.23246275017355e-11	5.42881078032951	0.002	0	3.78698829245828e-07	c9	KSR2
1.24125915261726e-11	0.695142329664094	0.104	0.069	3.81401699824706e-07	c9	FOXO1
1.42148570359091e-11	0.182989960176232	0.657	0.59	4.36779912142379e-07	c9	HNRNPK
1.46079914422534e-11	0.65125551680532	0.126	0.087	4.48859753046121e-07	c9	HBS1L
1.49893919747446e-11	1.41765562012584	0.041	0.021	4.60579047207977e-07	c9	SDC4
1.57100565546674e-11	0.276964153182649	0.444	0.382	4.82722907755265e-07	c9	ST13
1.61582149860629e-11	2.30855180271302	0.007	0.002	4.96493471876754e-07	c9	NEK10
1.68319595186508e-11	0.628585766719482	0.119	0.082	5.17195620129582e-07	c9	THAP7
1.77572748854415e-11	0.86555523708663	0.054	0.03	5.45627785404962e-07	c9	DIP2B
1.90416654232811e-11	0.403687221745432	0.215	0.165	5.85093253461159e-07	c9	PSMD5-AS1
1.95810844010096e-11	0.258930343538975	0.525	0.466	6.01667980389822e-07	c9	UBXN1
1.96324094834754e-11	0.588005574969076	0.146	0.105	6.03245046198747e-07	c9	FKBP4
2.00475085857706e-11	2.24170129688664	0.011	0.003	6.15999796314974e-07	c9	EVI5
2.20158772329112e-11	0.601620845672465	0.085	0.054	6.76481859735662e-07	c9	GPR155
2.20444584985806e-11	0.816991430580317	0.069	0.042	6.77360076285885e-07	c9	NAB1
2.26847994626232e-11	1.07403293834023	0.039	0.02	6.97035833088023e-07	c9	SETD7
2.36867795073934e-11	0.487381807859307	0.145	0.103	7.27823673923677e-07	c9	ADAM10
2.38731558943883e-11	0.152729502704064	0.918	0.889	7.3355046116687e-07	c9	ATP5E
2.39836757736431e-11	0.834408108575596	0.082	0.052	7.36946405496732e-07	c9	CXorf40A
2.48545839223352e-11	0.869557387969637	0.072	0.044	7.63706800181595e-07	c9	CEP135
2.51310974997599e-11	0.548410550355664	0.137	0.097	7.72203232875122e-07	c9	TRIB2
2.55906858436354e-11	2.7080656417763	0.007	0.001	7.86325003917385e-07	c9	PIK3IP1-AS1
2.66595888836768e-11	0.508978641221036	0.173	0.128	8.19169187628737e-07	c9	GTF2H5
2.6962171653204e-11	1.26275937086534	0.032	0.015	8.28466648388e-07	c9	LINC01480
3.13773290391656e-11	1.07697148322484	0.044	0.023	9.64131189386442e-07	c9	C16orf45
3.16248667794174e-11	0.48235178913994	0.175	0.13	9.71737281531157e-07	c9	FAM104A
3.33884664995746e-11	0.468328081010225	0.122	0.084	1.02592741013243e-06	c9	RNF214
3.3740430325996e-11	0.665173409333024	0.059	0.034	1.03674220262688e-06	c9	APP
3.39526791291714e-11	0.495128435983018	0.157	0.115	1.04326397160205e-06	c9	NINJ1
3.5175257673634e-11	0.924994905413088	0.053	0.03	1.08083014253775e-06	c9	HYI
3.6670558276917e-11	0.489987483253556	0.165	0.122	1.12677624417483e-06	c9	UBL7
3.71763611988661e-11	0.455962413833666	0.165	0.122	1.14231805055756e-06	c9	MRPS31
3.86222155953507e-11	0.32493472409029	0.33	0.271	1.18674481859834e-06	c9	SDF4
4.28599112840401e-11	0.211822734049493	0.578	0.519	1.3169564940247e-06	c9	RAN
4.39335241704776e-11	2.76408372895698	0.005	0.001	1.34994539718627e-06	c9	CDKL4
4.41890744071743e-11	3.15481965182421	0.004	0.001	1.35779768930924e-06	c9	KLHL34
4.70477904230604e-11	2.8048125983853	0.006	0.001	1.44563745632938e-06	c9	DOK5
4.71610655638416e-11	3.73932941908172	0.003	0	1.44911806158016e-06	c9	LIN7A
4.72663766900438e-11	0.348890856941761	0.252	0.2	1.45235395655498e-06	c9	PRDX3
4.74225399905518e-11	0.370379125493077	0.176	0.131	1.45715238628969e-06	c9	ELMO1
4.80671816804913e-11	0.34040315670545	0.292	0.236	1.47696029149646e-06	c9	PGLS
5.05328352976279e-11	0.40789758055136	0.242	0.191	1.55272243019021e-06	c9	AZIN1
5.14874217625778e-11	0.212149578258914	0.621	0.564	1.58205400849873e-06	c9	ANAPC16
5.30768694458931e-11	0.560060256317281	0.094	0.062	1.63089296746396e-06	c9	HERC5
5.7535434237442e-11	0.347623553045612	0.29	0.234	1.76789128781388e-06	c9	SRSF8
6.16346911889922e-11	0.261931053685856	0.461	0.402	1.89384915616416e-06	c9	EIF3L
6.30313361081263e-11	0.343782704970843	0.32	0.264	1.9367638645944e-06	c9	LINC00493
6.3837890658499e-11	0.578423530357593	0.083	0.053	1.9615468662637e-06	c9	ZNF821
6.52858003000521e-11	0.281334402995301	0.402	0.344	2.0060367858197e-06	c9	ELOVL5
6.58546644313680e-11	0.278163243338962	0.54	0.481	2.02351627398265e-06	c9	UQCR10
8.03179030225284e-11	0.388792652176378	0.234	0.184	2.46792820617323e-06	c9	NDUFB5
8.26241297681333e-11	0.628414098537262	0.087	0.056	2.53879163538543e-06	c9	ZBTB24
8.39272909883871e-11	0.701685209923777	0.048	0.027	2.57883387020017e-06	c9	RMND5B
8.8568708099936e-11	2.5545730156028	0.012	0.004	2.72145069378673e-06	c9	CDK14
8.97215747885959e-11	0.434564502771266	0.254	0.203	2.75687482852919e-06	c9	CASP1
9.34292474788212e-11	0.203390913151832	0.254	0.198	2.87080048728174e-06	c9	PDCD1
9.77748233655145e-11	0.404729352507535	0.292	0.242	3.00432699755216e-06	c9	TNIP1
1.00117105296246e-10	0.727718694532572	0.094	0.062	3.07629829443774e-06	c9	TRAF3
1.06164723443294e-10	0.362981493772422	0.284	0.232	3.2621234572421e-06	c9	IRF9
1.0813142774981e-10	0.234068871819526	0.575	0.514	3.3225543804684e-06	c9	TMEM258
1.20520090254218e-10	0.912883523469525	0.012	0.004	3.70322081324137e-06	c9	LOC102725018
1.2200696279652e-10	0.178463629699689	0.57	0.507	3.74890794584868e-06	c9	EIF3E
1.24796108906808e-10	3.72553621682975	0.003	0	3.83461003837949e-06	c9	LINC00881
1.27579293250424e-10	0.670803027147254	0.094	0.063	3.92012894370577e-06	c9	TMEM60
1.30392774357481e-10	2.4128681802172	0.005	0.001	4.00657877768231e-06	c9	LGALS9C
1.33724469039176e-10	0.746551778901079	0.065	0.039	4.10895176016678e-06	c9	CCDC117
1.34497119948892e-10	0.461649971862757	0.198	0.152	4.1326930046696e-06	c9	NUPL1
1.38074478447133e-10	0.580338727629413	0.083	0.053	4.24261449924505e-06	c9	TNFRSF10A
1.3817417981761e-10	0.961758815054614	0.08	0.051	4.24567802325572e-06	c9	SERPINH1
1.4243580586116e-10	2.20210963386537	0.014	0.005	4.37662500669587e-06	c9	BCAT1
1.44584277920911e-10	0.329569368569873	0.294	0.24	4.44264110767583e-06	c9	MRFAP1
1.49883642976906e-10	0.410224553915599	0.192	0.147	4.60547469775139e-06	c9	ALDH9A1
1.50762118081052e-10	0.52720410839944	0.128	0.09	4.6324676022765e-06	c9	WIBG
1.61741099150773e-10	0.126341270257437	0.864	0.845	4.96981875360579e-06	c9	PCBP2
1.61850896108507e-10	0.419024493191535	0.244	0.194	4.97319248472609e-06	c9	ATP6V0E2
1.67651412548161e-10	0.534296598001748	0.121	0.085	5.15142495336734e-06	c9	UGCG
1.73206817298052e-10	0.294018709819902	0.367	0.311	5.32212587511726e-06	c9	SYF2
1.73921067424769e-10	0.279985480406385	0.397	0.337	5.34407263876087e-06	c9	TMBIM4
1.75716332735652e-10	0.296626569798439	0.44	0.382	5.39923575596837e-06	c9	DDX24
1.92927681760807e-10	1.14236783995306	0.043	0.023	5.92808887746431e-06	c9	CTNNAL1
1.93274594395644e-10	0.480012595532097	0.109	0.074	5.93874846199494e-06	c9	ST6GAL1
1.93450918869346e-10	0.356260406409658	0.27	0.218	5.94416638409839e-06	c9	MRPL34
2.0378097123553e-10	0.703501146098366	0.117	0.082	6.26157790315412e-06	c9	GADD45A
2.15761980844151e-10	0.31551579459427	0.268	0.216	6.62971838539822e-06	c9	HIF1A
2.19188801833414e-10	0.479058201945552	0.141	0.101	6.73501431393532e-06	c9	SH3YL1
2.35274650355193e-10	0.765334666957817	0.059	0.035	7.22928418146401e-06	c9	TPK1
2.51582917495438e-10	0.583546609980931	0.13	0.092	7.73038830588232e-06	c9	NFATC1
2.70274592581832e-10	0.639382718648095	0.081	0.052	8.30472740626194e-06	c9	TMEM156
2.71284227262638e-10	0.496357299040382	0.094	0.063	8.33575045109909e-06	c9	ING5
2.7306723607379e-10	1.78307430754131	0.012	0.004	8.39053696283935e-06	c9	CTTNBP2NL
2.7339324069312e-10	0.293484250955827	0.407	0.351	8.4005541067775e-06	c9	MINOS1
2.75328078297705e-10	1.51539559795026	0.015	0.005	8.46000586185358e-06	c9	SPIN3
2.95408081898481e-10	0.118477667087417	0.831	0.815	9.07700413249463e-06	c9	RPL4
3.0352658807679e-10	0.324399958587576	0.309	0.254	9.32646147183553e-06	c9	MPHOSPH8
3.11882323666386e-10	0.508192284140307	0.169	0.127	9.58320815929705e-06	c9	EBPL
3.32236397537767e-10	6.76981339045926	0.001	0	1.0208627787143e-05	c9	C15orf27
3.32433738205801e-10	6.25519409129564	0.001	0	1.02146914738497e-05	c9	CHRNB3
3.45464960983108e-10	2.92420628683807	0.005	0.001	1.0615101856128e-05	c9	IL10RB-AS1
3.56014264672566e-10	0.739136660416172	0.058	0.034	1.09392503105939e-05	c9	PHLDA2
3.90402427461013e-10	0.524305632447305	0.122	0.086	1.19958953885946e-05	c9	COMMD10
3.97234838803029e-10	0.537711666530144	0.147	0.108	1.22058348919007e-05	c9	UNC119
4.15904959211579e-10	0.897623860467446	0.032	0.016	1.27795116816942e-05	c9	C15orf53
4.3302745833935e-10	0.378432450311162	0.259	0.21	1.33056347123932e-05	c9	NGRN
4.38593628583038e-10	0.503685451121478	0.155	0.115	1.3476666425471e-05	c9	ZNF524
4.54831137407021e-10	0.504611237146215	0.143	0.105	1.39755963591055e-05	c9	TXNDC11
4.77858404173145e-10	2.59725652534134	0.006	0.001	1.46831551850282e-05	c9	HSD11B1
4.80029153414404e-10	0.249173329754431	0.608	0.556	1.47498557969644e-05	c9	NDUFA13
5.47772757960502e-10	4.27206622226498	0.003	0	1.68314135338524e-05	c9	ZNF334
5.48234389185034e-10	0.47436716106384	0.11	0.076	1.68455980764885e-05	c9	RFFL
5.66597834551229e-10	2.34259784643355	0.011	0.004	1.74098516622556e-05	c9	CLEC7A
5.71368198602216e-10	0.441494251462384	0.117	0.082	1.75564306384503e-05	c9	AP3M2
5.92977755567094e-10	0.356047278537985	0.368	0.316	1.82204274953101e-05	c9	RPS27L
6.00209619536262e-10	0.469783494895896	0.138	0.1	1.84426409794907e-05	c9	EED
6.15165757075744e-10	0.688722216810234	0.086	0.057	1.89021982176664e-05	c9	CCDC6
6.19313541997498e-10	6.37049866988391	0.002	0	1.90296472049571e-05	c9	HTR1F
6.20958978131432e-10	4.9348459940434	0.002	0	1.90802065210445e-05	c9	DIRAS2
6.54890190475215e-10	1.53157176381115	0.017	0.007	2.01228108827319e-05	c9	GPR19
6.62185220620478e-10	0.973799449250599	0.035	0.018	2.03469652740054e-05	c9	HELLS
6.65759421048164e-10	0.349267194834319	0.247	0.197	2.04567897305469e-05	c9	GRAMD1A
6.66061887300484e-10	0.326008095633041	0.379	0.323	2.0466083611082e-05	c9	NOP10
6.66969561098394e-10	2.35814393841368	0.005	0.001	2.04939737038703e-05	c9	ECEL1
6.8817422722642e-10	0.53487466329789	0.136	0.099	2.11455294799862e-05	c9	U2AF1L4
6.94471566745076e-10	1.41423180140416	0.015	0.005	2.13390278313759e-05	c9	RPS6KA2
7.22331466988755e-10	0.289530681732187	0.306	0.253	2.21950789861635e-05	c9	TSPYL2
7.26252686729408e-10	0.190372117333037	0.437	0.375	2.23155663051345e-05	c9	HMGB2
7.37226003494022e-10	0.157737829452437	0.608	0.549	2.26527434093608e-05	c9	HMGN2
7.56454920968216e-10	0.293259240630809	0.199	0.154	2.32435903565904e-05	c9	ODF2L
7.84019351765039e-10	0.415069956102978	0.171	0.129	2.40905626216844e-05	c9	TSPYL1
8.47535739916979e-10	0.692394230416946	0.065	0.04	2.6042230680429e-05	c9	TNFSF13B
8.7721425218003e-10	0.191495331369026	0.526	0.46	2.69541623267358e-05	c9	PARK7
8.78813876640205e-10	0.768935928555813	0.073	0.047	2.70033139875236e-05	c9	RRN3P2
9.19163484784114e-10	1.41684872412899	0.015	0.006	2.82431363969615e-05	c9	LOC101929216
9.35878420553297e-10	1.01131901999113	0.032	0.016	2.87567362283412e-05	c9	LOC101060498
9.94289246335484e-10	0.709913372547454	0.062	0.038	3.05515256721504e-05	c9	ZDHHC21
1.01089309605111e-09	0.606006395730574	0.167	0.127	3.10617121623625e-05	c9	ATOX1
1.10990581474442e-09	0.408648091399693	0.158	0.118	3.41040759696518e-05	c9	FBXL15
1.12419837951902e-09	2.10287010935525	0.007	0.002	3.45432436074808e-05	c9	LOC101930114
1.14260787946619e-09	0.791571576422905	0.059	0.036	3.51089123123575e-05	c9	LOC100996246
1.16669173579366e-09	2.49640858281064	0.006	0.001	3.58489369657319e-05	c9	LOC101927906
1.17350554294643e-09	0.237332756111971	0.515	0.461	3.60583048181151e-05	c9	SPCS1
1.19579024005727e-09	1.04832411876411	0.038	0.02	3.67430467062396e-05	c9	TRIM32
1.23726260734364e-09	0.595029986533528	0.103	0.071	3.80173681358481e-05	c9	MTMR6
1.25612655654309e-09	0.179099647656333	0.641	0.584	3.85970007028995e-05	c9	HMGN1
1.26147835023066e-09	0.30833876161276	0.285	0.235	3.87614452675376e-05	c9	WBP2
1.26741410658699e-09	0.323926775049053	0.338	0.286	3.89438332530985e-05	c9	ARID4B
1.26922244917049e-09	0.304302612792636	0.369	0.318	3.89993981956617e-05	c9	CSK
1.2721744052618e-09	3.13991629315738	0.005	0.001	3.90901029504794e-05	c9	DLGAP1
1.30693196018631e-09	4.08438806374047	0.002	0	4.01580983406446e-05	c9	NEBL-AS1
1.38533657107079e-09	0.384341834512777	0.225	0.178	4.25672368192923e-05	c9	PTTG1
1.44761775611127e-09	0.379065670390423	0.156	0.116	4.44809507920309e-05	c9	MICAL1
1.45956815878433e-09	0.785023345945769	0.056	0.033	4.48481508149662e-05	c9	TNFAIP8L2
1.50250650727954e-09	0.295766371952039	0.372	0.321	4.61675174491783e-05	c9	SEC11A
1.60123345963179e-09	7.24143109687487	0.001	0	4.92011005141061e-05	c9	CST5
1.60123345963179e-09	7.0009013386938	0.001	0	4.92011005141061e-05	c9	NAT8L
1.62503281583619e-09	0.404886846000583	0.135	0.098	4.99323833321987e-05	c9	ECHDC2
1.67304348065922e-09	0.677439795318083	0.078	0.051	5.14076070302159e-05	c9	MAPK13
1.76156553099709e-09	0.756570978468531	0.077	0.05	5.41276240709477e-05	c9	PHF19
1.77348964629653e-09	1.47153248448629	0.023	0.01	5.44940163617535e-05	c9	ADPRH
1.78218746332937e-09	0.191672876820828	0.684	0.625	5.47612741857215e-05	c9	ARPC1B
1.78530652091204e-09	0.38664708219517	0.222	0.177	5.48571134680642e-05	c9	SLFN5
1.8575058997683e-09	0.633508451111063	0.054	0.032	5.70755837821805e-05	c9	SUFU
1.95949453085216e-09	1.54640197529994	0.028	0.013	6.02093884494943e-05	c9	RENBP
1.97488121900582e-09	0.292977972440784	0.317	0.267	6.06821752163918e-05	c9	CCNDBP1
2.02423592431883e-09	0.20445145377405	0.572	0.516	6.21986972465446e-05	c9	ATP6V0E1
2.24664335589577e-09	0.368541162534214	0.133	0.097	6.90326103966094e-05	c9	UHRF2
2.38631581034795e-09	0.336702177497202	0.22	0.174	7.33243259045615e-05	c9	EVI2A
2.45773554841135e-09	0.282344350724847	0.176	0.133	7.55188401960355e-05	c9	TESPA1
2.6181594043245e-09	2.0236701267824	0.007	0.002	8.04481840166788e-05	c9	HMSD
2.65668027198502e-09	0.293763849409556	0.187	0.143	8.16318147172836e-05	c9	GPCPD1
2.7037376624529e-09	0.534325908026752	0.115	0.081	8.30777471541902e-05	c9	GBP4
2.70628684230748e-09	0.737364893061623	0.064	0.04	8.31560758035818e-05	c9	TRABD2A
2.81395884748253e-09	0.397589846687855	0.187	0.145	8.64645135065957e-05	c9	PFKL
2.87169505090977e-09	0.229051133001777	0.422	0.362	8.82385738293045e-05	c9	DYNLL1
2.89144269942259e-09	1.3141059347874	0.022	0.01	8.88453598251579e-05	c9	LINC00467
2.90037708986586e-09	0.476730209391114	0.178	0.137	8.91198868403083e-05	c9	CFDP1
2.97406858485485e-09	0.155643520333342	0.718	0.672	9.13842054068351e-05	c9	UQCR11
3.09603362268166e-09	0.290292745040795	0.312	0.261	9.51318251241394e-05	c9	ABHD14B
3.11362519709989e-09	0.555073969291032	0.105	0.073	9.56723614312883e-05	c9	PNMA1
3.25923930953517e-09	1.69502024489988	0.015	0.006	0.000100146646264087	c9	LOC101929947
3.27563577918789e-09	0.240172431357842	0.348	0.292	0.000100650460587106	c9	C17orf62
3.35801858866633e-09	2.93513658896069	0.004	0.001	0.00010318183717395	c9	LOC102724463
3.36290113853477e-09	0.67054329104264	0.059	0.036	0.000103331863283758	c9	KLHL5
3.49936344449723e-09	0.400384706469615	0.277	0.23	0.000107524940559066	c9	CKS2
3.59183543120280e-09	0.893793418630428	0.039	0.022	0.000110366327294568	c9	PDIK1L
3.61257455278734e-09	0.567889095762968	0.102	0.071	0.000111003578283497	c9	C1orf50
3.68584420413219e-09	1.92624333891078	0.006	0.001	0.00011325493486037	c9	ACTG2
3.72081519140975e-09	0.306971151246185	0.226	0.179	0.000114329488386448	c9	MVP
3.76875581293336e-09	1.19441877690076	0.043	0.024	0.000115802559864003	c9	ADAT2
4.08670863916787e-09	1.87104709537091	0.012	0.004	0.000125572296355711	c9	LOC102723336
4.09255232979696e-09	0.18968350038306	0.48	0.423	0.000125751855437671	c9	ELF1
4.18170886816755e-09	0.364812280749224	0.196	0.153	0.000128491368392184	c9	SIAH2
4.20524279565389e-09	1.32583420068761	0.017	0.007	0.000129214495382057	c9	HOXB-AS1
4.23731206925653e-09	0.269904942069446	0.416	0.361	0.000130199887952045	c9	TSTD1
4.35618852199431e-09	0.562100999199114	0.102	0.071	0.000133852604715319	c9	ATPAF1
4.38597998811859e-09	3.55862616408802	0.003	0	0.00013476800709492	c9	CACNB2
4.39844564398054e-09	3.24568373374921	0.003	0	0.00013515103930259	c9	RNF175
4.58195954040079e-09	1.36235308171031	0.015	0.006	0.000140789870797895	c9	LOC101928422
4.68507094535873e-09	2.29632564313379	0.006	0.001	0.000143958174938038	c9	CYBRD1
4.68729604228201e-09	0.425761829443111	0.167	0.127	0.000144026545491199	c9	CHD3
4.69879319049123e-09	1.29865959918772	0.023	0.01	0.000144379818364224	c9	ULK2
5.10770079212569e-09	0.905213675605403	0.037	0.02	0.000156944322239646	c9	ZBED5-AS1
5.23546829812132e-09	0.344572106616526	0.171	0.132	0.000160870234396374	c9	RALA
5.23685795707065e-09	0.289816699692087	0.365	0.316	0.00016091293444691	c9	ATP5A1
5.24368527719423e-09	0.95573492117878	0.041	0.023	0.000161122717512347	c9	GRAMD4
5.39642353481113e-09	1.52631952198801	0.011	0.004	0.000165815905954142	c9	TMEM169
5.41771892384074e-09	0.470617336649686	0.163	0.124	0.000166470249372854	c9	HADHB
5.43044647742685e-09	1.00588399272121	0.019	0.008	0.000166861328911895	c9	EVC2
5.45920817618719e-09	0.541531338331488	0.089	0.06	0.000167745089629704	c9	CASP6
5.67184876968992e-09	0.399106988620232	0.163	0.124	0.000174278897146262	c9	CLK4
5.67206460940283e-09	2.17684739305699	0.013	0.005	0.000174285529253121	c9	PIP5K1B
5.75178339696253e-09	0.765580444915059	0.041	0.023	0.000176735048438468	c9	C5orf63
6.08884467708138e-09	3.22115564032107	0.002	0	0.00018709193039268	c9	GRIN1
6.36337312988379e-09	3.46285896572287	0.005	0.001	0.000195527366161939	c9	LOC100996664
6.46529232851585e-09	1.1615408784271	0.02	0.008	0.000198659037378306	c9	FGFR1
6.52883397971903e-09	0.447458740908705	0.172	0.133	0.000200611481694827	c9	GMIP
6.55281307547000e-09	3.13191803611779	0.003	0	0.000201348287369967	c9	C2CD4C
6.78363240724589e-09	0.39386006784274	0.163	0.124	0.000208440672977445	c9	LRRC8C
7.01420924337317e-09	0.601842868925179	0.059	0.037	0.000215525607421127	c9	MAP3K5
7.07689442914399e-09	0.352420028386992	0.298	0.25	0.000217451735124307	c9	NDUFAF3
7.44893536274961e-09	0.117555581117093	0.903	0.884	0.000228883436891207	c9	PFDN5
7.50241185190583e-09	0.409253873519216	0.187	0.147	0.00023052660897351	c9	CDIPT
7.61900882748055e-09	0.763890610396567	0.061	0.038	0.000234109284241995	c9	PCYOX1L
8.18759296520806e-09	0.291293329198337	0.299	0.249	0.000251580169041948	c9	FAM107B
8.34485460465435e-09	0.738663172858138	0.065	0.041	0.000256412347437214	c9	CBX7
8.43161814339175e-09	0.442400718957245	0.183	0.143	0.000259078330691998	c9	TMPO
8.4444681624514e-09	0.695922291702552	0.049	0.029	0.000259473173227644	c9	MBOAT1
9.46243675711123e-09	0.970957098836664	0.031	0.016	0.000290752294235757	c9	PGAP1
1.00275658589828e-08	0.876329545998382	0.059	0.037	0.000308117016148963	c9	C12orf45
1.01911066079943e-08	0.451720382340814	0.178	0.139	0.000313142132743841	c9	PSMB4
1.02987287074321e-08	0.553324299065196	0.137	0.103	0.000316449036993266	c9	MTHFS
1.07659003395021e-08	2.78840633045842	0.005	0.001	0.00033080381973188	c9	TUBA3D
1.0851197521541e-08	0.496562019352652	0.143	0.107	0.000333424746244389	c9	THOC3
1.09725232000732e-08	0.907580138135373	0.031	0.016	0.00033715272036865	c9	EIF4EBP3
1.09784565241155e-08	0.416024139042812	0.127	0.093	0.000337335033616497	c9	RHNO1
1.09800282721424e-08	0.606762860879337	0.072	0.047	0.000337383328718119	c9	DTX3
1.14100290629716e-08	3.38139146468452	0.004	0.001	0.000350595963017927	c9	SCG5
1.16044459985961e-08	0.174422662204092	0.535	0.479	0.000356569812198862	c9	EIF4B
1.20429218548705e-08	0.490421145200735	0.131	0.098	0.000370042859834607	c9	RPS26P11
1.21606014459853e-08	0.617375118859255	0.099	0.07	0.000373658800630789	c9	C1orf85
1.42087300056739e-08	0.271344172908542	0.348	0.295	0.000436591646884341	c9	SIT1
1.48518179288053e-08	0.144351325333636	0.779	0.73	0.000456351809498401	c9	SRP14
1.51569462792534e-08	0.770114387019711	0.048	0.029	0.000465727488322619	c9	HIVEP1
1.55572481964788e-08	0.180830629538707	0.521	0.47	0.000478027565333204	c9	SEPT9
1.57256743449686e-08	1.82923128289676	0.021	0.01	0.000483202795597851	c9	FAIM2
1.5844965613541e-08	1.33424322230813	0.031	0.016	0.000486868258407275	c9	HPSE
1.60046732695563e-08	0.810398991024721	0.031	0.016	0.000491775595553655	c9	MSRB2
1.6196743732724e-08	0.778781238512671	0.072	0.048	0.00049767734467541	c9	HSDL2
1.65239663946784e-08	2.2483272863783	0.006	0.001	0.000507731915409285	c9	LINC00332
1.66955691026322e-08	1.37319447553546	0.019	0.008	0.000513004751816578	c9	ZNF93
1.76293853678605e-08	0.299574932378895	0.265	0.219	0.000541698124198248	c9	CDKN1B
1.8194871142103e-08	0.149364470747264	0.667	0.617	0.000559073805583398	c9	PTGES3
1.90566876541592e-08	3.9354844498196	0.003	0	0.00058555484154935	c9	LOC101928419
1.91116882553812e-08	1.01516778255973	0.028	0.014	0.000587244845023099	c9	RAB3D
2.02458702122395e-08	0.254566591455734	0.338	0.291	0.000622094854011482	c9	EVI2B
2.13065946624945e-08	0.820448574197755	0.04	0.023	0.000654687734194469	c9	LY6G5C
2.15675884515179e-08	0.508808158233497	0.084	0.057	0.000662707290349792	c9	HDHD2
2.20058988425963e-08	0.308932080976509	0.143	0.107	0.000676175253736456	c9	CD84
2.2161909670433e-08	0.744753521843317	0.067	0.044	0.000680968998443395	c9	DGKE
2.29489512278104e-08	0.334791172779392	0.198	0.157	0.000705152424376929	c9	PDCL3
2.31309118117844e-08	0.423187861720854	0.215	0.175	0.000710743527240699	c9	PIH1D1
2.33913265820384e-08	3.8126485049171	0.002	0	0.000718745291886294	c9	HTRA3
2.3461024317696e-08	1.12257665351755	0.028	0.014	0.000720886894209846	c9	NR2F6
2.35552096508599e-08	0.338644084028946	0.284	0.238	0.000723780926941971	c9	CLTB
2.48451249198542e-08	1.173702971935	0.02	0.009	0.000763416153412359	c9	C2CD2
2.54313006691249e-08	0.533930160468512	0.096	0.068	0.0007814275756602	c9	PAPSS1
2.76330634242225e-08	0.796487096973111	0.068	0.044	0.000849081139836084	c9	POU2F2
2.77702103454579e-08	0.609544592721417	0.109	0.079	0.000853295253284884	c9	FAM160B1
2.78107971791418e-08	0.341457069147508	0.205	0.164	0.00085454236492349	c9	OXA1L
2.87972735047307e-08	0.512094972897552	0.172	0.135	0.00088485382297986	c9	NAMPT
2.92260089481154e-08	0.282370564873565	0.261	0.216	0.000898027576948743	c9	RNF145
2.93411351061711e-08	0.940306811028218	0.02	0.009	0.000901565058407321	c9	RDH10
3.01864465933504e-08	0.373119793145713	0.191	0.151	0.000927538944473878	c9	MRPS26
3.04390970942718e-08	0.853790337713294	0.038	0.022	0.000935302136415691	c9	ACVR1
3.13373656258523e-08	0.310810012888306	0.192	0.151	0.000962903233585563	c9	RSBN1
3.253454708643e-08	0.568846809765444	0.115	0.084	0.000999689028324735	c9	MSI2
3.25939819896274e-08	0.854006391158658	0.047	0.028	0.00100151528459528	c9	HIST1H2BN
3.26295703544417e-08	0.462653219822149	0.143	0.108	0.00100260880828093	c9	TMEM261
3.28183628817899e-08	2.23820377575964	0.004	0.001	0.00100840983626876	c9	MANSC1
3.36440177607807e-08	0.747211477678311	0.05	0.031	0.00103377973373551	c9	ODF3B
3.43566988246795e-08	0.160621395385335	0.633	0.594	0.00105567828478593	c9	DNAJA1
3.49458650706155e-08	4.73257503880399	0.001	0	0.0010737815960248	c9	MGAT5B
3.51429980634675e-08	0.401867702126925	0.214	0.172	0.00107983890149617	c9	SMS
3.55787344078998e-08	0.149672924962442	0.794	0.749	0.00109322777215154	c9	PPP1R15A
3.56061890705801e-08	0.375666945095406	0.232	0.188	0.00109407137157172	c9	TYMP
3.65737370849478e-08	0.203498647790976	0.54	0.482	0.00112380121940919	c9	NDUFA11
3.71599033921481e-08	0.319849451786309	0.163	0.126	0.00114181235153054	c9	TNFSF10
3.82542671140192e-08	1.41201053202365	0.019	0.009	0.00117543886561247	c9	LOC100506860
3.96981258973996e-08	0.202880167834303	0.538	0.489	0.0012198043144494	c9	UBE2D2
4.0127458863338e-08	0.1759931006726	0.993	0.988	0.00123299642849379	c9	TMSB10
4.06293254153418e-08	1.60518274329681	0.015	0.006	0.00124841728203721	c9	NTRK2
4.0873905463434e-08	0.548015508770932	0.072	0.048	0.00125593249317494	c9	N4BP2
4.09085240640314e-08	2.93684768828971	0.006	0.002	0.00125699621891549	c9	LINC00884
4.16834468284006e-08	0.26084975335288	0.501	0.456	0.00128080727069627	c9	BRK1
4.2666780590429e-08	0.349016592805793	0.116	0.085	0.00131102216720211	c9	LSR
4.41727694096346e-08	0.242308124467094	0.303	0.254	0.00135729668564984	c9	SLC44A2
4.67336218482564e-08	0.363559373780568	0.241	0.199	0.00143598399853138	c9	VAMP5
4.7016291321551e-08	0.190925695664106	0.447	0.397	0.0014446695834373	c9	EIF5
4.71597946014055e-08	0.491247712141548	0.08	0.054	0.00144907900871739	c9	ZMAT3
4.72347850245306e-08	0.712789877765128	0.042	0.024	0.00145138323944875	c9	SLC11A2
4.85830445397007e-08	0.587277586665125	0.099	0.071	0.00149281120957138	c9	PIGBOS1
5.05599543007241e-08	1.73945943102873	0.015	0.006	0.00155355571579835	c9	NIPAL2
5.09506641889233e-08	0.440924105019284	0.217	0.178	0.00156556105853305	c9	POLR2I
5.16505855694247e-08	0.332476926186532	0.208	0.167	0.00158706754279171	c9	RCAN3
5.31058400826451e-08	0.605923304860592	0.089	0.063	0.00163178314821944	c9	PLIN3
5.42355740316522e-08	0.837002010194221	0.028	0.015	0.00166649648327058	c9	LOC101929447
5.429706485336e-08	0.233248116535287	0.384	0.334	0.00166838591174919	c9	FIS1
5.46386488600688e-08	1.02120278470024	0.026	0.013	0.00167888176352333	c9	LINC00888
5.55326091814358e-08	0.333075834734171	0.18	0.141	0.00170635048231798	c9	CLINT1
5.5538347103416e-08	1.65864447944511	0.011	0.004	0.00170652679144666	c9	PLA2G4C
5.57463385319441e-08	0.726882562773058	0.037	0.021	0.00171291774407105	c9	DCBLD1
5.60074698285341e-08	0.232535940326195	0.335	0.285	0.00172094152542137	c9	CREM
5.70153426011477e-08	3.92851468265753	0.003	0	0.00175191043210547	c9	AKR1C1
5.84462164754537e-08	0.374517155495844	0.373	0.33	0.00179587689364126	c9	BAX
6.12268223503793e-08	1.74453296732587	0.007	0.002	0.00188131657036011	c9	EGOT
6.45162772930702e-08	0.456562941317735	0.115	0.084	0.00198239165238417	c9	PRDM2
6.6763673029134e-08	0.109873768840505	0.833	0.809	0.0020514473811662	c9	PTPRC
6.74629311552329e-08	0.500288583221307	0.086	0.06	0.00207293348560684	c9	ATXN7L1
6.75159637486126e-08	4.00557867439921	0.002	0	0.00207456301810362	c9	MSX2
6.77088117658857e-08	3.50810929984936	0.002	0	0.00208048865913037	c9	SPERT
7.13522126782314e-08	0.284324373578142	0.33	0.285	0.00219243943896402	c9	SYNGR2
7.69225710781954e-08	0.628804960370696	0.059	0.038	0.00236359984151971	c9	TMEM254
8.54830662613247e-08	0.279926749495165	0.27	0.224	0.00262663817701172	c9	ALKBH7
8.56155478014904e-08	0.367437425864775	0.113	0.082	0.0026307089372964	c9	KIAA0922
8.58175145987877e-08	0.458142352114553	0.085	0.059	0.00263691477107695	c9	ZNF280D
8.89465139719369e-08	2.78672237650014	0.004	0.001	0.00273305953481571	c9	CLDN5
8.9037248449108e-08	0.221289002856148	0.485	0.436	0.00273584753309574	c9	JAK1
9.03102131915737e-08	0.238086564636128	0.161	0.124	0.00277496192073748	c9	HSPA6
9.34409631477322e-08	0.966026533058145	0.045	0.027	0.00287116047464037	c9	SPSB1
9.61667607717246e-08	0.667581557540358	0.059	0.038	0.00295491605823278	c9	ERCC6L2
9.63929966183822e-08	1.21841440944024	0.021	0.01	0.00296186760709303	c9	CFP
9.77100107255845e-08	2.96801120524245	0.004	0.001	0.00300233549956503	c9	ENOX1
9.86860824839151e-08	0.693459875526469	0.066	0.044	0.00303232725648326	c9	TOMM34
9.91774971602532e-08	0.258583826935472	0.319	0.272	0.0030474269552431	c9	EIF3I
1.01133109797371e-07	0.644883100087203	0.063	0.041	0.0031075170647438	c9	AGFG1
1.03056313240422e-07	1.33852765223937	0.015	0.006	0.00316661133693844	c9	PDE9A
1.04636039091085e-07	0.719621688072765	0.049	0.03	0.00321515157315177	c9	C12orf4
1.06933510074263e-07	0.589977010967046	0.083	0.058	0.00328574596405189	c9	IFT27
1.09116554220036e-07	1.10140742192007	0.013	0.005	0.00335282436151903	c9	RBM26-AS1
1.10435592208548e-07	0.352060080514694	0.124	0.093	0.00339335444179206	c9	CCDC23
1.12356966105856e-07	1.91756964437958	0.009	0.003	0.00345239249753464	c9	LOC101929733
1.1395771340265e-07	0.506333150945587	0.096	0.068	0.00350157865972322	c9	IKBKE
1.16943712505424e-07	2.59825970684646	0.002	0	0.00359332945415416	c9	SH3RF3-AS1
1.16983112667344e-07	3.31994872572805	0.002	0	0.00359454010292949	c9	LOC101929095
1.1971092377751e-07	0.298538747496341	0.238	0.195	0.00367835755491156	c9	TANK
1.21199459318978e-07	1.90519109444346	0.003	0	0.00372409578649425	c9	LINC00885
1.22001061503549e-07	0.360793622429846	0.152	0.118	0.00374872661681956	c9	AHR
1.23115760560073e-07	0.391131993664086	0.113	0.083	0.00378297797472937	c9	IMPA1
1.2352717314456e-07	0.322658204435375	0.281	0.238	0.00379561944921288	c9	MPC2
1.25969686212103e-07	3.04208304813319	0.003	0	0.00387067054823929	c9	SEPT3
1.27469342479007e-07	0.640432821876439	0.061	0.04	0.00391675048635245	c9	PHLDB3
1.28049668321929e-07	0.204305057469295	0.485	0.432	0.00393458215852792	c9	WDR83OS
1.30058979302669e-07	0.431293530383779	0.082	0.057	0.0039963222570331	c9	IL18R1
1.31345311730579e-07	0.399671022951899	0.09	0.064	0.00403584739354549	c9	FRMD4B
1.33532608928299e-07	0.309189401792121	0.297	0.257	0.00410305647453985	c9	GRB2
1.38263285293906e-07	2.10064936516431	0.007	0.002	0.00424841596722585	c9	LRG1
1.40768459775665e-07	0.830599121416103	0.043	0.025	0.00432539246352687	c9	FAM50B
1.42385365066456e-07	0.314014351261945	0.139	0.105	0.00437507511239698	c9	OIP5-AS1
1.43473305313984e-07	0.991564721363861	0.019	0.008	0.00440850425238279	c9	MICU3
1.44438035223781e-07	0.758071434753099	0.051	0.032	0.0044381475083211	c9	GRK5
1.48362798696474e-07	0.826445783128277	0.047	0.029	0.00455874371554657	c9	C10orf35
1.49044919717583e-07	0.864775175343663	0.025	0.013	0.00457970324816218	c9	SEPN1
1.52926717329624e-07	0.218264696334881	0.467	0.423	0.00469897924338737	c9	ATP5O
1.56972290300443e-07	0.946627830572378	0.039	0.023	0.0048232875640617	c9	EEPD1
1.59357201721314e-07	0.758189022121085	0.051	0.032	0.0048965687372908	c9	SETD1B
1.63267395254708e-07	0.396633582522131	0.089	0.063	0.00501671725399143	c9	C20orf196
1.63915969244421e-07	2.65666825172179	0.005	0.001	0.00503664598697332	c9	LEMD1
1.76166853172394e-07	0.977745977928078	0.037	0.021	0.00541307889742815	c9	PLEKHG2
1.97230004177295e-07	0.239230282582797	0.287	0.243	0.00606028633835576	c9	TMEM243
2.0960299398461e-07	0.112035504901705	0.818	0.794	0.00644047119616511	c9	BTF3
2.09919403382641e-07	0.396415394624718	0.159	0.125	0.00645019350773842	c9	NBR1
2.22342895530455e-07	0.39208620939905	0.129	0.097	0.00683193015096428	c9	GLA
2.25034336075576e-07	0.136393219453872	0.865	0.87	0.00691463004459423	c9	IFITM1
2.31854011863685e-07	1.0585065059442	0.046	0.028	0.00712417822253546	c9	TMEM64
2.35848165936198e-07	0.370336983249555	0.117	0.087	0.00724690659472157	c9	ABCG1
2.36407581732748e-07	0.751202345408319	0.03	0.016	0.00726409576390213	c9	LYL1
2.40634468025708e-07	0.538364938088724	0.126	0.096	0.00739397529902592	c9	MIIP
2.44601132898051e-07	0.27729284412387	0.284	0.241	0.00751585901055842	c9	PSMF1
2.52519538717792e-07	0.27257180241692	0.304	0.26	0.0077591678661816	c9	MAPK1IP1L
2.53259804436247e-07	0.273425935839122	0.202	0.163	0.00778191401091256	c9	TM9SF2
2.5549858365919e-07	0.49910640716004	0.07	0.048	0.00785070498009593	c9	R3HCC1L
2.56022877865003e-07	0.471464113271432	0.089	0.063	0.00786681496815796	c9	ZNF581
2.63418721949557e-07	0.548647490388186	0.089	0.064	0.00809406706934403	c9	PDE4DIP
2.64916355103839e-07	1.54893500973075	0.013	0.005	0.00814008484327568	c9	CD80
2.7242769548682e-07	0.271352375016526	0.232	0.192	0.00837088579922351	c9	DNAJC15
2.75757119448689e-07	0.596909318612012	0.093	0.067	0.00847318900929987	c9	TCEAL4
2.76207952240884e-07	0.406762693217921	0.134	0.103	0.00848704174850565	c9	TATDN1
2.76364257217284e-07	3.94897335707208	0.002	0	0.00849184453151549	c9	TNFAIP6
2.76799834576744e-07	3.62674588422763	0.002	0	0.00850522851703961	c9	ALDH1L2
2.90372749975043e-07	0.855099113399948	0.016	0.007	0.00892228348848314	c9	ZNF223
2.9391192204263e-07	0.255436617823418	0.359	0.314	0.00903103162860389	c9	PSMD8
2.95584355954705e-07	0.30456104935432	0.226	0.186	0.00908242050542022	c9	DAP3
2.96918963578405e-07	0.253754640407557	0.351	0.305	0.00912342899387365	c9	TMEM219
2.97058918741641e-07	0.516975778498307	0.096	0.069	0.0091277293961744	c9	NCK2
2.99853065301045e-07	0.61011893822045	0.092	0.066	0.0092135851375052	c9	KDM5B
3.11289912321397e-07	0.395064912028807	0.082	0.057	0.00956500513589958	c9	TRPS1
3.11889054389736e-07	0.614899875578284	0.036	0.021	0.0095834149742334	c9	MORN3
3.22427156996771e-07	0.324601052476712	0.215	0.176	0.00990721925303979	c9	ARRDC1
3.24144566076203e-07	0.173354637542904	0.469	0.414	0.0099599900818235	c9	C11orf58
3.3908143425637e-07	0.898018760455995	0.045	0.028	0.0104189552303955	c9	IDUA
3.39168709315242e-07	0.723357179016379	0.05	0.032	0.0104216369311294	c9	LOC101927116
3.44332123981128e-07	0.263646702391249	0.265	0.223	0.0105802931735681	c9	NUDC
3.54458346718101e-07	0.837898602717383	0.05	0.031	0.0108914416196071	c9	RHBDD1
3.7097536082841e-07	0.272379909017983	0.23	0.189	0.0113989599121745	c9	TMEM134
3.72947887708852e-07	0.183860666745907	0.498	0.45	0.0114595697456299	c9	LAMTOR4
3.76492289156143e-07	1.12197379129857	0.018	0.008	0.0115684785689008	c9	FAM172BP
3.77342619868143e-07	0.428628711762327	0.102	0.075	0.0115946066806884	c9	KIAA0040
3.9533771650284e-07	0.260006840887823	0.181	0.143	0.0121475420149828	c9	ZMYM2
3.9758155634198e-07	0.788752914183319	0.047	0.03	0.01221648848172	c9	NDUFV2-AS1
4.00836081550503e-07	0.261316647011661	0.347	0.303	0.0123164902778023	c9	NDUFS7
4.04173545225059e-07	0.786920059768676	0.036	0.021	0.0124190405241304	c9	LOC101927898
4.08852690680761e-07	0.681747961693394	0.041	0.025	0.0125628166265477	c9	POLR2J2
4.16320617841181e-07	0.558963891989213	0.102	0.075	0.012792283624406	c9	LINC00963
4.17649575720416e-07	1.89518150086287	0.006	0.002	0.0128331185131612	c9	LCN10
4.22136207570221e-07	0.726907939212391	0.07	0.048	0.0129709792500102	c9	PRR34-AS1
4.26071239177697e-07	0.859253156615999	0.05	0.032	0.0130918909662131	c9	FAM43A
4.34483295119622e-07	0.13703885123536	0.582	0.537	0.0133503682091406	c9	SNHG6
4.40064887104832e-07	0.289214854393928	0.369	0.323	0.0135218737860702	c9	TNFRSF1B
4.45948830992773e-07	0.655409728457694	0.045	0.028	0.0137026697299149	c9	IDE
4.62764245104869e-07	0.62325479043636	0.055	0.036	0.0142193569593373	c9	LOC101927609
4.70115407666432e-07	0.346585591570463	0.161	0.127	0.0144452361313664	c9	ELF2
4.70859470450794e-07	0.333132494325624	0.172	0.137	0.0144680989485416	c9	NFYC
4.75959482717376e-07	0.421222819498568	0.128	0.098	0.0146248070254568	c9	CREBL2
4.95494098204296e-07	0.502683133427134	0.113	0.085	0.0152250471555234	c9	TRAFD1
5.00704364415815e-07	0.378775803190554	0.123	0.093	0.0153851430054048	c9	PSMB5
5.09909759138449e-07	0.213460003062681	0.359	0.312	0.0156679971690471	c9	ECH1
5.30676136826124e-07	1.02599982891169	0.012	0.005	0.0163060856562563	c9	LOC101927708
5.41846610889049e-07	0.287678958007497	0.176	0.141	0.0166493208127878	c9	PTPN1
5.57964451352808e-07	0.127689487113605	0.505	0.454	0.0171445736967177	c9	N4BP2L2
5.63853728161826e-07	0.724343407082728	0.036	0.021	0.0173255335052284	c9	ZNF691
5.67399690316926e-07	0.789934143912018	0.043	0.026	0.0174344902843682	c9	LYPD3
5.86775738229807e-07	1.16922247688201	0.019	0.009	0.0180298581085873	c9	LAMP3
5.90636386600155e-07	0.59791530815016	0.061	0.041	0.018148484251063	c9	CREG1
5.93076084583918e-07	0.819604186538109	0.024	0.012	0.01822344885101	c9	QSOX2
6.18460761193451e-07	0.391192563140817	0.139	0.107	0.0190034438091912	c9	LPAR6
6.1970898063325e-07	2.58578038242682	0.003	0	0.0190417978479179	c9	CASC11
6.95333288829492e-07	0.349309553026185	0.169	0.136	0.0213655059658638	c9	PPHLN1
7.18791837165331e-07	0.251336736633491	0.358	0.313	0.0220863167805791	c9	RAB11B
7.31844433892039e-07	4.14190711125914	0.002	0	0.0224873839202007	c9	ARG1
7.35144168811936e-07	0.366871307135212	0.219	0.182	0.0225887748750843	c9	IRF7
7.50846353417818e-07	1.90869159509662	0.005	0.001	0.0230712559014693	c9	PSD
7.69736805769247e-07	0.427931359027885	0.092	0.066	0.0236517028308716	c9	LOC101927663
7.71009280325768e-07	1.49267576235868	0.01	0.004	0.0236908021565699	c9	LOC102725228
7.85409961228751e-07	0.471133728691404	0.054	0.035	0.0241332918786758	c9	KIAA0355
7.85760639797882e-07	5.27023694530232	0.001	0	0.0241440671790695	c9	INA
7.86671843827193e-07	4.08022291593103	0.001	0	0.0241720657452781	c9	TMEM130
7.87279878543759e-07	3.73800993554161	0.001	0	0.0241907488280141	c9	RIMBP3B
7.89944506448158e-07	0.316177530174886	0.212	0.175	0.0242726248496325	c9	BIRC2
7.90366469116582e-07	0.538165615261011	0.079	0.056	0.0242855904965452	c9	RPAP3
7.92159590580597e-07	0.203124995059952	0.293	0.249	0.02434068773977	c9	RBM4
8.01561861786881e-07	2.12480425870776	0.007	0.002	0.0246295913271255	c9	AFF3
8.07875956686972e-07	0.977625977723009	0.026	0.014	0.0248236045211206	c9	KIF18A
8.11098450379583e-07	0.20878552715554	0.342	0.294	0.0249226220848134	c9	SH3KBP1
8.25147611576045e-07	0.612829342485947	0.033	0.019	0.0253543106608971	c9	LOC101927613
8.2907194424274e-07	0.387639167274818	0.108	0.081	0.0254748936307467	c9	ZFYVE27
8.3202949330201e-07	0.562469875297102	0.044	0.027	0.0255657702406908	c9	CASK
8.45726742563492e-07	2.56530034218359	0.004	0.001	0.0259866456187484	c9	MRC1
8.51190584998249e-07	0.128770845606814	0.871	0.84	0.0261545331052412	c9	ARHGDIB
8.57387619480815e-07	1.45248421431179	0.015	0.007	0.026344949383787	c9	CEACAM1
9.21319638772757e-07	0.566666255645326	0.046	0.029	0.0283093885405705	c9	ZNF200
9.26475104921009e-07	0.678448874379299	0.057	0.038	0.0284678005489078	c9	DPH6
9.38365238566782e-07	3.52707922926206	0.002	0	0.0288331486854415	c9	ATOH8
9.49969038965948e-07	0.684528578153554	0.065	0.045	0.0291896986603067	c9	BACH1
9.50532841549687e-07	0.472987198648851	0.11	0.083	0.0292070226222972	c9	AFTPH
9.91630690827601e-07	0.708275752515199	0.043	0.027	0.0304698362370597	c9	RRN3P3
1.04079787293901e-06	0.489987109113389	0.122	0.094	0.031980596241797	c9	TREX1
1.06646847130785e-06	0.307228657525593	0.141	0.11	0.0327693767178762	c9	MALSU1
1.07109859301608e-06	0.506036045057051	0.093	0.068	0.0329116464676051	c9	CBR1
1.10108341383769e-06	0.305720423253065	0.146	0.114	0.0338329900569907	c9	SS18
1.12108934724647e-06	0.481157272457122	0.079	0.056	0.0344477123728423	c9	HIBCH
1.12864023426634e-06	0.695658854591031	0.059	0.04	0.0346797284783017	c9	HAUS3
1.13146129095507e-06	0.2231478129093	0.333	0.288	0.0347664110871765	c9	CBX3
1.14087729163548e-06	0.300868607388528	0.217	0.179	0.0350557365400834	c9	RPAIN
1.1430639454468e-06	0.200452351623282	0.389	0.342	0.0351229258517438	c9	RAC1
1.15490728469691e-06	0.469472143786692	0.065	0.044	0.035486836136882	c9	TCP11L2
1.15539580219226e-06	0.531504769609154	0.078	0.055	0.0355018468139616	c9	NANS
1.20526568329977e-06	0.534118396758546	0.091	0.067	0.0370341986507519	c9	GOLGA8B
1.22496514267741e-06	0.620027771548685	0.071	0.05	0.0376395039390487	c9	ZNF592
1.23619055335565e-06	0.26583395921444	0.297	0.256	0.037984427132959	c9	MRPL52
1.24371736245258e-06	0.262747619521641	0.156	0.123	0.0382157033960805	c9	SNORA78
1.26413509956721e-06	0.280058364187024	0.143	0.111	0.0388430792044015	c9	PML
1.26826884845169e-06	0.242967153474722	0.203	0.167	0.0389700969063751	c9	MESDC2
1.27420091164767e-06	0.38122231779565	0.138	0.108	0.0391523714121981	c9	NIPSNAP1
1.29442090575294e-06	0.206008865115565	0.299	0.254	0.0397736711710707	c9	PDE4B
1.31504549510666e-06	0.216348363515486	0.446	0.402	0.0404074029281422	c9	ROMO1
1.32739059286876e-06	0.270529258900475	0.169	0.135	0.0407867307470783	c9	DCP2
1.34798210854384e-06	0.409977439859891	0.112	0.084	0.0414194462492267	c9	ACAT2
1.36066793861654e-06	0.643894681098561	0.074	0.052	0.0418092437498703	c9	LYRM4
1.38484276410907e-06	1.00880151054825	0.019	0.009	0.0425520636127793	c9	HRH2
1.42631172223246e-06	1.13300129895444	0.018	0.009	0.0438262802890369	c9	OR2A1-AS1
1.43536338127266e-06	0.431755192370492	0.11	0.083	0.0441044106163649	c9	ZNF580
1.4806008650844e-06	0.283709407773317	0.125	0.096	0.0454944227814483	c9	SFI1
1.48210141566717e-06	0.139469287126376	0.673	0.617	0.0455405301992051	c9	CALM2
1.49590616408175e-06	1.09812296001172	0.015	0.006	0.0459647087037399	c9	MCF2L2
1.49668768188502e-06	3.48216342850269	0.003	0.001	0.0459887224012809	c9	ASCL1
1.50548695981137e-06	2.96335465210668	0.003	0.001	0.0462590978141238	c9	PLA2G2C
1.51434253597772e-06	0.502911031688589	0.083	0.06	0.0465312031029876	c9	NOL8
1.56234358161343e-06	1.4160259681965	0.01	0.004	0.048006131232236	c9	POU3F1
1.56528581934546e-06	0.482355806733435	0.145	0.114	0.0480965373710281	c9	LOC643733
1.57011820228917e-06	0.359594922371889	0.132	0.102	0.0482450220017392	c9	LOC100507412
1.59392624560358e-06	0.298069703978617	0.323	0.283	0.0489765717486613	c9	DOK2
1.60962069209828e-06	1.95425382142235	0.006	0.002	0.0494588150061039	c9	CNTLN
1.62384406830226e-06	0.548984839123907	0.073	0.052	0.0498958566867237	c9	C6orf211
