p_val	avg_log2FC	pct.1	pct.2	p_val_adj	cluster	gene
0	5.08855582049373	0.949	0.441	0	16	S100A9
0	5.06398760159407	0.925	0.429	0	16	S100A8
0	4.69790061502427	0.997	0.546	0	16	LYZ
0	4.20295600621694	0.999	0.598	0	16	TYROBP
0	3.91830951664084	0.997	0.551	0	16	FCER1G
0	3.82964144909798	0.995	0.735	0	16	AIF1
0	3.79852410661135	0.998	0.648	0	16	IFI30
0	3.77542965731605	0.997	0.578	0	16	SERPINA1
0	3.7048564389452	0.998	0.554	0	16	CST3
0	3.64603832840436	0.983	0.165	0	16	FCN1
0	3.6363780471017	0.966	0.537	0	16	LST1
0	3.24921260132339	0.987	0.763	0	16	TIMP1
0	3.14797736032729	0.983	0.701	0	16	RHOB
0	3.1061731933612	0.993	0.768	0	16	CTSS
0	3.08732878046453	0.998	0.829	0	16	IFITM3
0	3.04931570354945	0.92	0.596	0	16	LINC01272
0	3.03830096877052	0.842	0.185	0	16	VCAN
0	2.83365097813847	0.998	0.91	0	16	SAT1
0	2.71437954092224	0.921	0.366	0	16	MS4A7
0	2.71018492793169	0.961	0.704	0	16	CD68
0	2.67884052709733	0.854	0.423	0	16	S100A12
0	2.65802537270638	0.97	0.697	0	16	NAMPT
0	2.62308746827822	0.998	0.813	0	16	PSAP
0	2.62178863866837	0.96	0.669	0	16	SPI1
0	2.58657591861309	0.853	0.33	0	16	IL1B
0	2.50025987719588	0.965	0.532	0	16	C1orf162
0	2.49439579363421	0.924	0.554	0	16	C5AR1
0	2.4862493026217	0.925	0.524	0	16	PLAUR
0	2.47416196252751	0.932	0.693	0	16	SLC11A1
0	2.4155893719633	0.928	0.619	0	16	BCL2A1
0	2.36825846421937	1	0.979	0	16	FTL
0	2.36601343564953	0.882	0.417	0	16	CFD
0	2.34931350742408	0.908	0.417	0	16	FGL2
0	2.29502637524255	0.839	0.234	0	16	LILRB2
0	2.29264527744728	0.957	0.921	0	16	MT2A
0	2.28729291905756	0.982	0.741	0	16	TYMP
0	2.27505851875857	0.919	0.496	0	16	CYBB
0	2.26914153790166	1	0.99	0	16	FTH1
0	2.24517247936746	0.889	0.4	0	16	CD163
0	2.22004651916723	0.922	0.466	0	16	FGR
0	2.20724926929565	0.894	0.361	0	16	FPR1
0	2.18094683286241	0.861	0.464	0	16	CD14
0	2.15712343814722	0.91	0.363	0	16	CSTA
0	2.12526876055322	0.974	0.797	0	16	NPC2
0	2.11703618519584	0.87	0.606	0	16	MS4A6A
0	2.06809244082971	0.846	0.445	0	16	MAFB
0	1.98853213122082	0.924	0.672	0	16	GRN
0	1.96403962470227	0.879	0.428	0	16	RAB31
0	1.9513348291924	0.872	0.556	0	16	SLC7A7
0	1.95101016728706	0.985	0.845	0	16	GPX1
0	1.94119459185524	0.843	0.684	0	16	CFP
0	1.92912216297389	0.862	0.704	0	16	MNDA
0	1.91432744837602	0.881	0.602	0	16	APLP2
0	1.90813893862605	0.866	0.242	0	16	PILRA
0	1.90063836581298	0.894	0.582	0	16	ZFAND5
0	1.86993564184701	0.865	0.399	0	16	KLF4
0	1.86363135110249	0.863	0.661	0	16	AREG
0	1.86271514961931	0.776	0.609	0	16	LILRA5
0	1.84711681240141	0.881	0.176	0	16	CLEC4E
0	1.8438558098204	0.837	0.496	0	16	RNF144B
0	1.83673688357468	0.817	0.535	0	16	FAM26F
0	1.81165490752999	0.867	0.58	0	16	NCF2
0	1.80913890528978	0.926	0.735	0	16	ASAH1
0	1.80692052095672	0.945	0.621	0	16	GLUL
0	1.80595653031333	0.902	0.621	0	16	HLA-DRB1
0	1.80027076225706	0.85	0.65	0	16	WARS
0	1.79437500725407	0.927	0.52	0	16	GRINA
0	1.79247326947452	0.843	0.333	0	16	LRRC25
0	1.7768143995566	0.944	0.583	0	16	COTL1
0	1.76483532471448	0.832	0.411	0	16	CLEC12A
0	1.75233631050663	0.95	0.829	0	16	TKT
0	1.74289528953829	0.867	0.649	0	16	NUDT16
0	1.73070381772795	0.805	0.234	0	16	THBD
0	1.71723852677504	0.997	0.894	0	16	DUSP1
0	1.71372885335834	0.999	0.939	0	16	S100A6
0	1.70101738842914	0.895	0.669	0	16	AP1S2
0	1.67431473241237	0.887	0.527	0	16	RNF130
0	1.67245064788927	0.844	0.677	0	16	CLEC7A
0	1.66915957383385	0.959	0.805	0	16	CTSB
0	1.66015557496744	0.912	0.708	0	16	SOD2
0	1.64886736178373	0.827	0.548	0	16	KCTD12
0	1.64446544677303	0.966	0.806	0	16	C10orf54
0	1.6309330508311	0.811	0.534	0	16	HCK
0	1.6139029076525	0.793	0.435	0	16	LILRB1
0	1.61036529956454	0.947	0.794	0	16	PYCARD
0	1.59957443474967	0.854	0.54	0	16	CXCL16
0	1.59775088982894	0.808	0.419	0	16	FCGR3A
0	1.59429227624722	0.675	0.321	0	16	CXCL2
0	1.59265606291389	0.832	0.504	0	16	ETS2
0	1.56710370869283	0.927	0.767	0	16	RGS2
0	1.56449309452994	0.771	0.644	0	16	IRAK3
0	1.55877243116797	0.878	0.553	0	16	ZEB2
0	1.55432006312338	1	0.93	0	16	S100A11
0	1.53205392496251	0.829	0.434	0	16	CSF1R
0	1.52976206114302	0.988	0.861	0	16	ATP6V0C
0	1.52543019262249	0.907	0.85	0	16	LGALS9
0	1.51980084129324	0.993	0.939	0	16	IFITM2
0	1.50980365568591	0.849	0.596	0	16	IGSF6
0	1.48410204590388	0.813	0.56	0	16	CPVL
0	1.47834500890193	0.767	0.597	0	16	ACSL1
0	1.46964433714252	0.778	0.294	0	16	LILRA2
0	1.46133682561885	0.824	0.531	0	16	FCGR2A
0	1.44382972218141	0.888	0.597	0	16	TMEM176B
0	1.43302788063185	0.788	0.767	0	16	HMOX1
0	1.43285284649324	0.812	0.668	0	16	GCA
0	1.4264143128175	0.846	0.619	0	16	FCGRT
0	1.41253036205288	0.75	0.538	0	16	PHC2
0	1.4112907585096	0.734	0.473	0	16	SLC31A2
0	1.40346052696761	0.875	0.915	0	16	TNFSF13B
0	1.40077696573975	0.911	0.714	0	16	PLIN2
0	1.4007471715655	0.977	0.831	0	16	ANXA5
0	1.39945848977377	0.739	0.492	0	16	MPEG1
0	1.39710754223252	0.824	0.522	0	16	PTPRE
0	1.38684769952229	0.743	0.426	0	16	CEBPD
0	1.3812384910313	0.73	0.072	0	16	CD300E
0	1.38095487602254	0.798	0.579	0	16	TBXAS1
0	1.37066877260823	0.783	0.733	0	16	C19orf38
0	1.37013892882035	0.731	0.086	0	16	FPR2
0	1.36772626720935	0.799	0.581	0	16	FBP1
0	1.36133610408205	0.999	0.924	0	16	GABARAP
0	1.34702190035913	0.758	0.251	0	16	LILRA1
0	1.34651071420697	0.799	0.627	0	16	ARL4A
0	1.32947160496289	0.813	0.489	0	16	CD300A
0	1.32605441144807	0.772	0.65	0	16	CD93
0	1.31032307400457	0.724	0.156	0	16	TREM1
0	1.29965805742428	0.737	0.548	0	16	HBEGF
0	1.29357778740754	0.847	0.386	0	16	MS4A4A
0	1.29281923377889	0.796	0.583	0	16	SLC25A37
0	1.29270505299058	0.827	0.701	0	16	LTA4H
0	1.2748681929787	0.85	0.652	0	16	MFSD1
0	1.26352402488127	0.927	0.832	0	16	SERPINB1
0	1.25980792473274	0.735	0.326	0	16	TLR2
0	1.25844332306678	0.902	0.829	0	16	VAMP5
0	1.25633006419203	0.881	0.74	0	16	HSBP1
0	1.25397586009328	0.975	0.784	0	16	LGALS1
0	1.24579766629071	0.874	0.765	0	16	PPT1
0	1.23790351217277	0.931	0.807	0	16	HLA-DRB4
0	1.21169089702731	0.999	0.982	0	16	CD74
0	1.20906643900473	0.789	0.599	0	16	FAM49A
0	1.20561880337492	0.968	0.85	0	16	ANXA2
0	1.200948311069	0.732	0.422	0	16	EMR2
0	1.1993381100232	0.861	0.636	0	16	CNIH4
0	1.18045354314897	0.89	0.725	0	16	UPP1
0	1.17694553138306	0.949	0.779	0	16	ATP6V0B
0	1.17194393169775	0.904	0.808	0	16	CTSH
0	1.16525070711179	0.776	0.663	0	16	PLXDC2
0	1.16312889995911	0.826	0.084	0	16	LOC100130520
0	1.15567346285904	0.973	0.859	0	16	GSTP1
0	1.14867118775285	0.879	0.778	0	16	RILPL2
0	1.13750713677469	0.735	0.338	0	16	LOC100507639
0	1.13498449051493	0.996	0.928	0	16	S100A10
0	1.12931186645196	0.874	0.702	0	16	HLA-DMA
0	1.12890393792655	0.763	0.422	0	16	LILRA6
0	1.1093018201729	0.979	0.917	0	16	GNG5
0	1.10448541297066	0.763	0.533	0	16	CECR1
0	1.10059217418331	0.903	0.817	0	16	LOC100996809
0	1.09846961136291	0.868	0.632	0	16	CD83
0	1.09714449346235	0.929	0.805	0	16	AP2S1
0	1.08898500746815	0.873	0.658	0	16	AGTRAP
0	1.08408102899462	0.755	0.64	0	16	IFNGR2
0	1.08052045014777	0.792	0.539	0	16	SNX10
0	1.07779874035778	0.722	0.449	0	16	ITGAX
0	1.07485875814666	0.751	0.535	0	16	PLBD1
0	1.06556790521109	0.76	0.657	0	16	SCIMP
0	1.05665724873314	0.969	0.852	0	16	TSPO
0	1.05611459781743	0.925	0.772	0	16	NEAT1
0	1.04106815284313	0.694	0.152	0	16	EREG
0	1.03677415097737	0.755	0.388	0	16	C15orf48
0	1.03276218115656	0.788	0.628	0	16	SYK
0	1.02406410527864	0.767	0.62	0	16	TNFSF13
0	1.0150988916405	0.896	0.773	0	16	TNFRSF1B
0	1.00717358245548	0.757	0.405	0	16	CLEC4A
0	1.00450932883743	0.815	0.633	0	16	GNAI2
0	0.962031501457621	0.736	0.058	0	16	AQP9
0	0.94832623071896	1	0.956	0	16	S100A4
0	0.921631484758332	0.732	0.13	0	16	VNN1
0	0.909537235934014	0.761	0.55	0	16	SLC43A2
0	0.906579721708315	0.742	0.58	0	16	LY86
0	0.905835182191494	0.953	0.805	0	16	ITGB2
0	0.898017970087257	0.926	0.814	0	16	LGALS3
0	0.894754148078201	0.825	0.373	0	16	TMEM176A
0	0.888829869117751	0.779	0.325	0	16	VEGFA
0	0.823210158311065	0.96	0.881	0	16	FKBP1A
0	0.822390825351192	0.743	0.609	0	16	LTBR
0	0.821014656349227	0.642	0.06	0	16	RBP7
0	0.818130739936517	0.981	0.913	0	16	CALM2
0	0.812587902189446	0.858	0.706	0	16	RIPK2
0	0.805234212910546	0.751	0.325	0	16	ASGR1
0	0.777707194695011	0.743	0.425	0	16	PSTPIP2
0	0.777303278313547	0.789	0.294	0	16	BST1
0	0.776005319360453	0.837	0.721	0	16	SMCO4
0	0.769404864740142	0.786	0.593	0	16	IL13RA1
0	0.758538562116588	0.717	0.197	0	16	CD33
0	0.747188269633589	0.727	0.195	0	16	ANPEP
0	0.696686066653827	0.72	0.366	0	16	EPB41L3
0	0.690556957070624	0.697	0.213	0	16	LILRB4
0	0.686566155271126	0.797	0.293	0	16	OLR1
0	0.645856652289373	0.732	0.426	0	16	NCF1C
0	0.634399072132265	0.632	0.063	0	16	SERPINB2
0	0.625017315778008	0.725	0.339	0	16	KCNMA1
0	0.573644906139459	0.693	0.065	0	16	STAB1
0	0.557112466611375	0.799	0.534	0	16	ANKRD22
0	0.521057236850185	0.588	0.248	0	16	NRG1
0	0.517940205513871	0.999	0.98	0	16	SH3BGRL3
0	0.487394919998408	0.651	0.089	0	16	PID1
0	0.465429711293305	1	0.989	0	16	SRGN
0	0.448079064214602	0.707	0.43	0	16	FCHO2
0	0.419317686614001	1	0.998	0	16	COX3
0	0.417167430275151	1	0.999	0	16	COX2
0	0.385513067325801	0.704	0.154	0	16	DSC2
0	0.353464135186056	0.648	0.108	0	16	SORT1
0	0.345830592350444	0.726	0.287	0	16	IL3RA
0	0.32648400530839	0.676	0.275	0	16	DAB2
0	0.312764804196547	0.605	0.105	0	16	RNASE2
0	0.309074639566241	1	0.999	0	16	COX1
0	-0.283966679010054	0.083	0.741	0	16	LOC102724246
0	-0.302313456503472	0.308	0.761	0	16	RIC3
0	-0.31971059781598	0.562	0.809	0	16	NGFRAP1
0	-0.445656828163674	0.264	0.755	0	16	JAKMIP1
0	-0.475848909203071	0.457	0.828	0	16	TXK
0	-0.490891518975026	0.712	0.858	0	16	RTKN2
0	-0.62350579320898	0.378	0.781	0	16	PASK
0	-0.623683756775079	0.555	0.834	0	16	FOXP3
0	-0.70496012527749	0.73	0.838	0	16	MAL
0	-0.855839894989889	1	1	0	16	EEF1A1
0	-0.895656759583621	1	1	0	16	RPLP1
0	-0.904397583455145	0.652	0.819	0	16	TNFRSF18
0	-0.9260977254198	0.522	0.838	0	16	CD82
0	-0.932239141887883	1	0.999	0	16	RPS12
0	-0.977028702199406	0.341	0.804	0	16	GPR171
0	-1.0112247193915	0.247	0.771	0	16	CXCR6
0	-1.01374564219357	0.402	0.749	0	16	TRAT1
0	-1.06886415970181	0.516	0.797	0	16	PDCD1
0	-1.07646675802785	0.382	0.781	0	16	FKBP11
0	-1.08549235096634	0.6	0.837	0	16	SIRPG
0	-1.08744905847435	0.57	0.854	0	16	CTLA4
0	-1.21486656991113	1	0.998	0	16	RPS18
0	-1.21702057595278	0.994	0.994	0	16	RPLP0
0	-1.23245596833639	0.577	0.854	0	16	PRDM1
0	-1.24639949756262	0.442	0.788	0	16	DUSP4
0	-1.25724747606683	0.573	0.816	0	16	PIM2
0	-1.41772773197247	0.419	0.865	0	16	FAIM3
0	-1.43290244832756	0.66	0.85	0	16	TIGIT
0	-1.44649271206254	0.904	0.967	0	16	IFITM1
0	-1.49296358097625	0.535	0.838	0	16	SH2D2A
0	-1.49457764302219	0.919	0.982	0	16	HSPA8
0	-1.61845690770863	0.724	0.877	0	16	CD27
0	-1.89664343770767	0.923	0.974	0	16	JUN
0	-2.03809698357738	0.7	0.964	0	16	LDHB
0	-2.14714915264428	0.691	0.898	0	16	LTB
0	-2.43295449886199	0.602	0.938	0	16	RGS1
0	-2.58500559937201	0.552	0.853	0	16	CST7
0	-2.7604874022215	0.681	0.923	0	16	CD7
0	-2.77510537376646	0.491	0.878	0	16	IL7R
0	-3.27753719036811	0.539	0.802	0	16	CCL5
0	-3.40470878952883	0.723	0.956	0	16	CD69
0	-3.44992363699053	0.607	0.953	0	16	IL32
1.06699427963773e-305	1.04133678393145	0.848	0.726	3.20098283891319e-302	16	RNF13
2.73999454702385e-305	-0.870718319352405	0.667	0.787	8.21998364107154e-302	16	CCR7
6.54984966506555e-305	-1.05246766916145	0.301	0.746	1.96495489951966e-301	16	CXCR3
8.40032269449292e-303	1.58136841367394	0.741	0.551	2.52009680834788e-299	16	CUX1
6.30801038699475e-302	0.893914429730583	0.924	0.733	1.89240311609842e-298	16	NR4A1
8.87726666593591e-302	1.08614912610216	0.763	0.65	2.66317999978077e-298	16	THEMIS2
1.48492398131575e-301	0.767535488897627	0.653	0.215	4.45477194394726e-298	16	PTGS2
2.91908196600004e-301	-0.310587011680657	0.412	0.751	8.75724589800013e-298	16	FAAH2
4.5257696598501e-300	1.00188676750251	0.845	0.664	1.35773089795503e-296	16	MAT2A
2.72690806733033e-298	0.941452435067327	0.894	0.791	8.180724201991e-295	16	GSTO1
2.27390656250469e-296	-1.51288011829505	0.693	0.794	6.82171968751406e-293	16	ITM2A
9.45075085971024e-296	0.675832651850202	0.747	0.614	2.83522525791307e-292	16	MPP1
1.17817653275675e-295	-1.8771217972591	0.437	0.754	3.53452959827026e-292	16	PRF1
1.13456754506044e-294	0.35374951231168	0.677	0.394	3.40370263518131e-291	16	SLC37A2
1.21027722097829e-294	0.712494080997737	0.961	0.841	3.63083166293487e-291	16	EMP3
2.56732264947078e-294	0.571751040954482	0.737	0.575	7.70196794841234e-291	16	IRF8
1.08318935132101e-293	1.06219269890436	0.71	0.464	3.24956805396304e-290	16	TGFBI
1.51117464166082e-293	0.998031401694071	0.78	0.685	4.53352392498246e-290	16	ODF3B
2.09116401217794e-290	0.805442638725363	0.931	0.844	6.27349203653383e-287	16	RNASET2
2.36540090576377e-290	-2.03521888358712	0.477	0.782	7.09620271729132e-287	16	CTSW
2.46708892505468e-290	-0.666764053350839	0.699	0.768	7.40126677516403e-287	16	MZB1
4.97495186782978e-290	0.269337677374016	0.681	0.438	1.49248556034893e-286	16	SERPING1
3.74452411130891e-289	0.920440782627068	0.726	0.555	1.12335723339267e-285	16	CCDC88A
5.80600653310386e-289	-0.360782884785315	0.212	0.709	1.74180195993116e-285	16	UNG
8.11227174054041e-288	0.930680296570839	0.808	0.679	2.43368152216212e-284	16	SLC16A3
9.13110452523292e-288	0.53254967677194	0.927	0.801	2.73933135756988e-284	16	ATF3
9.43581433440704e-287	0.936390170234913	0.803	0.612	2.83074430032211e-283	16	LINC00936
1.76975676613778e-285	1.0754183818927	0.751	0.6	5.30927029841335e-282	16	BLVRB
5.13945074835545e-285	1.17879038815732	0.729	0.525	1.54183522450664e-281	16	DUSP6
3.76529323686913e-284	-2.48202724035277	0.353	0.723	1.12958797106074e-280	16	GZMB
3.55025343916457e-282	1.01805455472734	0.721	0.514	1.06507603174937e-278	16	GNS
1.84585264937851e-281	-0.741231958506391	0.35	0.722	5.53755794813554e-278	16	LEF1
9.47655178640827e-281	0.890573329186226	0.661	0.225	2.84296553592248e-277	16	PRAM1
6.58946901489225e-279	0.978758876816416	0.739	0.652	1.97684070446768e-275	16	ALOX5
7.50441610655044e-279	-0.325337495129191	0.085	0.584	2.25132483196513e-275	16	LOC102725101
7.82655267784419e-279	0.771011867413132	0.688	0.407	2.34796580335326e-275	16	DOK3
9.61794006216122e-279	0.349208197080874	0.721	0.547	2.88538201864837e-275	16	CLEC10A
3.57722882621829e-276	0.285563993133263	0.657	0.393	1.07316864786549e-272	16	TNFAIP6
4.41158308983875e-276	-2.60847884034667	0.638	0.784	1.32347492695163e-272	16	GZMA
1.12939427726272e-275	0.899193765427497	0.691	0.446	3.38818283178817e-272	16	TIMP2
1.16238314248442e-275	0.756084211343822	0.659	0.198	3.48714942745327e-272	16	SLC1A3
1.78047570019581e-275	0.383189879988685	0.638	0.21	5.34142710058744e-272	16	HCAR3
2.92608466465146e-275	0.806767591099725	0.662	0.288	8.77825399395439e-272	16	JDP2
8.25096085895045e-275	-0.827860330783299	0.535	0.76	2.47528825768513e-271	16	AQP3
1.95432931194597e-272	0.41599516085749	0.607	0.107	5.86298793583793e-269	16	RIN2
5.4806411515957e-272	0.838174323346482	0.711	0.479	1.64419234547871e-268	16	ALDH2
1.61361886764718e-271	-0.92399903785098	0.473	0.817	4.84085660294154e-268	16	RNF19A
2.75232704022623e-271	-1.21633585489788	0.413	0.714	8.2569811206787e-268	16	LAG3
1.01337463964097e-269	-0.807954074741963	0.371	0.742	3.0401239189229e-266	16	GATA3
3.77098118245009e-269	0.66489595122535	0.68	0.356	1.13129435473503e-265	16	LPCAT2
1.65582543940813e-268	0.594236407502367	0.709	0.614	4.96747631822439e-265	16	CD1D
2.11710953985988e-268	0.759220273760707	0.73	0.602	6.35132861957963e-265	16	NADK
4.74381043640391e-264	-1.49134100573396	0.667	0.85	1.42314313092117e-260	16	ALOX5AP
3.95153788401225e-263	0.85006609432316	0.723	0.588	1.18546136520367e-259	16	CAMK1
1.02374436126735e-259	0.532885765031138	0.568	0.284	3.07123308380206e-256	16	MMP19
2.01286507973676e-257	-0.328537657910603	0.617	0.782	6.03859523921028e-254	16	IL2RA
9.69641069413565e-257	0.704559823720996	0.942	0.837	2.90892320824069e-253	16	CSTB
6.76170157783955e-256	-1.79185930835019	0.399	0.741	2.02851047335186e-252	16	KLRB1
1.95789479712351e-254	0.606113038725851	0.985	0.946	5.87368439137053e-251	16	YBX1
1.43275795830794e-250	0.751969865220067	0.79	0.619	4.29827387492382e-247	16	NINJ1
3.40836073855091e-250	0.555314255302312	0.65	0.331	1.02250822156527e-246	16	MGST1
3.42767401221596e-250	-0.648449650907808	0.474	0.745	1.02830220366479e-246	16	THEM4
1.84757461577391e-249	1.67407349841535	0.691	0.572	5.54272384732173e-246	16	G0S2
2.3503956456776e-249	0.390438594866377	0.477	0.106	7.05118693703281e-246	16	F13A1
5.93393635224378e-249	1.26693212907077	0.802	0.693	1.78018090567313e-245	16	PLAC8
1.58385797605119e-248	-0.298539674621738	0.691	0.84	4.75157392815358e-245	16	ICA1
2.26230004203496e-247	0.808814273485455	0.689	0.508	6.78690012610487e-244	16	KYNU
3.52363471222361e-247	0.900783514464242	0.779	0.618	1.05709041366708e-243	16	IFNGR1
9.37525902151944e-247	1.29955481698221	0.708	0.627	2.81257770645583e-243	16	C1QA
2.6014183465413e-246	1.05537792640443	0.679	0.401	7.80425503962389e-243	16	LYN
3.23616289518251e-245	-0.324473193632597	0.462	0.781	9.70848868554754e-242	16	STAM
5.32594850722799e-244	-0.32831733941484	0.159	0.693	1.5977845521684e-240	16	CD70
9.71236545441466e-244	1.12251866371269	0.71	0.526	2.9137096363244e-240	16	MTSS1
4.96231408238913e-243	0.576133954813969	0.677	0.448	1.48869422471674e-239	16	SAP30
8.04145977219768e-243	0.444373203732415	0.691	0.57	2.4124379316593e-239	16	HHEX
2.06747228172735e-241	0.912105309752946	0.775	0.679	6.20241684518204e-238	16	RIN3
2.76453505317098e-241	0.565252775786081	0.736	0.572	8.29360515951295e-238	16	UNC93B1
1.08580320353228e-240	0.953836196063435	0.683	0.481	3.25740961059685e-237	16	RAB20
5.92288110078083e-240	0.85924518198877	0.749	0.602	1.77686433023425e-236	16	HLA-DMB
3.29108911955648e-239	0.918896847103492	0.707	0.599	9.87326735866944e-236	16	CD86
4.91680713928228e-239	-0.514600730387681	0.71	0.868	1.47504214178468e-235	16	HIST1H1D
1.12521392199086e-238	0.769680547269684	0.856	0.711	3.37564176597257e-235	16	RNH1
1.66837301221327e-238	0.86328246130259	0.776	0.608	5.00511903663982e-235	16	KDM6B
6.37517626879615e-237	0.646851605561743	0.69	0.568	1.91255288063884e-233	16	ITGAM
1.89782972055464e-236	0.507746178142422	0.999	0.98	5.69348916166392e-233	16	FOS
4.62621542000836e-236	-0.282154663401591	0.263	0.666	1.38786462600251e-232	16	LTA
5.71813631176496e-235	0.400259353238532	0.629	0.262	1.71544089352949e-231	16	SIRPA
7.08199907551412e-235	0.720101596770543	0.684	0.497	2.12459972265424e-231	16	SLC8A1
9.16627750892562e-235	-0.481679461345489	0.485	0.75	2.74988325267768e-231	16	MAGEH1
4.44021725215161e-234	-0.369043021849957	0.468	0.742	1.33206517564548e-230	16	GPR25
1.87309669309109e-233	0.366440666656263	1	0.995	5.61929007927326e-230	16	TMSB10
1.91412762297913e-233	0.782170238484467	0.645	0.386	5.7423828689374e-230	16	TCF7L2
1.14978331373891e-231	0.867189483388892	0.768	0.641	3.44934994121673e-228	16	SH3BP5
1.53686397272887e-231	0.355981401870424	0.687	0.584	4.61059191818662e-228	16	PVRL2
1.64607003502853e-229	0.863344645137454	0.864	0.733	4.9382101050856e-226	16	NFKBIZ
2.43186975976745e-229	-0.739530940873672	0.09	0.662	7.29560927930235e-226	16	KLRC2
7.57614349952426e-228	0.927112097507966	0.707	0.637	2.27284304985728e-224	16	SIGLEC10
1.00688161362491e-226	-0.933899604765733	0.714	0.803	3.02064484087473e-223	16	TNFRSF4
1.86337015437349e-226	-1.05061643174564	0.792	0.909	5.59011046312048e-223	16	HIST1H4C
1.28920092401445e-225	0.775037746569599	0.695	0.662	3.86760277204334e-222	16	PDK4
5.48962003355937e-225	0.8873509946362	0.851	0.797	1.64688601006781e-221	16	LAP3
4.86138181357327e-224	-0.841930087138002	0.424	0.704	1.45841454407198e-220	16	IL2RB
9.27659279386152e-224	0.887162268814022	0.744	0.612	2.78297783815846e-220	16	PLEK
1.94353249823128e-223	0.562788608945397	0.949	0.814	5.83059749469383e-220	16	GPX4
2.63418274141132e-222	0.959248030348091	0.822	0.769	7.90254822423397e-219	16	PLSCR1
1.00682155473289e-220	0.785689068898909	0.744	0.565	3.02046466419866e-217	16	PLEC
4.9448377427191e-219	0.969381607598679	0.857	0.851	1.48345132281573e-215	16	LIMS1
2.30441884688109e-217	-1.53151699690097	0.458	0.722	6.91325654064327e-214	16	CD8B
1.4959513084682e-215	0.662090770870303	0.888	0.831	4.48785392540459e-212	16	CARD16
2.66527825430081e-215	0.985013684506552	0.732	0.566	7.99583476290243e-212	16	NAAA
7.09070992566039e-215	0.296466194968245	0.538	0.422	2.12721297769812e-211	16	FN1
2.23676547334071e-214	0.693180193676924	0.733	0.614	6.71029642002213e-211	16	CTNNA1
7.02053842883023e-214	0.808260640527144	0.698	0.557	2.10616152864907e-210	16	GNAQ
3.55462180167413e-213	1.03963324068099	0.696	0.612	1.06638654050224e-209	16	RGS18
4.94142801833616e-212	0.544256272119021	0.689	0.691	1.48242840550085e-208	16	CEACAM4
7.32945479788914e-212	0.478379866911599	0.735	0.607	2.19883643936674e-208	16	IFIT2
8.33695228418251e-212	0.779705515453428	0.817	0.712	2.50108568525475e-208	16	MGAT1
8.31541535496358e-211	1.22626187414282	0.715	0.597	2.49462460648907e-207	16	PECAM1
1.51924787614255e-209	-1.07062453650767	0.978	0.983	4.55774362842765e-206	16	TSC22D3
1.70897734591736e-209	-0.287906436931038	0.158	0.615	5.12693203775208e-206	16	CHN1
2.57141986550642e-209	0.938658735359944	0.619	0.266	7.71425959651926e-206	16	CYP1B1
3.05349504044232e-209	-0.262236552791556	0.481	0.717	9.16048512132697e-206	16	CENPM
4.4923434734904e-209	-0.537273861105539	0.37	0.708	1.34770304204712e-205	16	ABLIM1
6.65416944885657e-209	0.624979352262964	0.659	0.478	1.99625083465697e-205	16	FCGR1A
1.10452199791541e-208	0.742350915860869	0.877	0.796	3.31356599374624e-205	16	SDCBP
4.65427551975287e-208	1.05103851222288	0.791	0.613	1.39628265592586e-204	16	IER3
3.76187108979962e-206	0.855977331410149	0.707	0.678	1.12856132693989e-202	16	METTL7A
4.4488953406425e-206	0.728021345362036	0.707	0.491	1.33466860219275e-202	16	OSM
9.56904447263368e-206	0.777850003522584	0.774	0.616	2.8707133417901e-202	16	PPIF
2.85115000278989e-205	0.742868283569642	0.836	0.74	8.55345000836966e-202	16	H2AFY
6.52827747547359e-205	0.944882627629964	0.641	0.304	1.95848324264208e-201	16	P2RY13
4.1800328872163e-204	0.933944618370083	0.674	0.506	1.25400986616489e-200	16	MEF2C
1.07518584193536e-203	0.603841710236495	0.619	0.193	3.22555752580608e-200	16	PYGL
5.82831147566263e-203	-1.05294202513651	0.562	0.714	1.74849344269879e-199	16	C12orf75
2.59973464161571e-202	0.682231049514452	0.849	0.753	7.79920392484713e-199	16	PTPN6
3.16325758985578e-202	1.01819714073242	0.647	0.374	9.48977276956735e-199	16	LRRK2
6.50931744240933e-202	-0.374456439508958	0.673	0.717	1.9527952327228e-198	16	NDFIP2
3.13974380634698e-200	1.04812832474602	0.685	0.622	9.41923141904094e-197	16	MARCH1
1.00477063669038e-199	0.476203738653509	0.827	0.645	3.01431191007116e-196	16	MARCKSL1
1.11546174934841e-199	0.414923633691048	0.571	0.167	3.34638524804524e-196	16	CXCL3
1.26782111901652e-198	0.692546210379506	0.895	0.831	3.80346335704956e-195	16	NAP1L1
3.03042091810479e-197	0.852994651001781	0.598	0.069	9.09126275431436e-194	16	CD302
1.30372692557402e-196	-0.95384531961918	0.566	0.72	3.91118077672206e-193	16	SH2D1A
5.99519617958404e-196	0.965817861700542	0.758	0.72	1.79855885387521e-192	16	PGD
1.40123397703084e-195	-1.28660814533441	0.552	0.791	4.20370193109252e-192	16	BATF
3.25652425011933e-195	-0.672056606282106	0.484	0.744	9.76957275035799e-192	16	STMN1
5.24276215437639e-195	0.650257377907047	0.877	0.754	1.57282864631292e-191	16	CD63
2.8107530754469e-194	0.654957364809844	0.784	0.673	8.4322592263407e-191	16	HLA-DQB1
1.39153385466993e-193	0.691988196318685	0.817	0.705	4.1746015640098e-190	16	FLNA
7.33959387126621e-193	0.74598933211091	0.72	0.633	2.20187816137986e-189	16	LAT2
4.66887173456019e-192	-0.771543265282178	0.638	0.792	1.40066152036806e-188	16	BTG3
4.93633270699072e-192	0.571935151614377	0.608	0.179	1.48089981209722e-188	16	MTMR11
6.62314116439583e-192	0.662297176833827	0.937	0.867	1.98694234931875e-188	16	LITAF
8.95944688162621e-192	0.83768445398175	0.796	0.654	2.68783406448786e-188	16	CDKN1A
1.90463751827473e-191	0.427824421868047	0.668	0.522	5.7139125548242e-188	16	IL18
7.95943454527016e-191	-0.714111565207383	0.467	0.723	2.38783036358105e-187	16	PTTG1
2.02007259747735e-190	1.29201827472456	0.734	0.722	6.06021779243206e-187	16	CH25H
3.69792748370709e-190	0.516457702537651	0.726	0.722	1.10937824511213e-186	16	MGST2
3.76140667419715e-190	0.558862521611394	0.944	0.742	1.12842200225915e-186	16	FOSB
5.48836380007387e-190	0.918432052422472	0.687	0.609	1.64650914002216e-186	16	TRIB1
7.36681086775874e-190	0.665217297722205	0.844	0.768	2.21004326032762e-186	16	LRRFIP1
2.74542170012008e-189	0.551452024921631	0.598	0.151	8.23626510036025e-186	16	CD300LF
1.60840829937484e-188	0.590430576857535	0.827	0.628	4.82522489812452e-185	16	JUND
7.62033767963087e-188	-0.279004916101063	0.498	0.748	2.28610130388926e-184	16	DCTPP1
1.52407278184674e-187	0.970616547692385	0.818	0.726	4.57221834554021e-184	16	SOCS3
8.98572091608208e-187	0.833692021284439	0.757	0.655	2.69571627482462e-183	16	MAP3K8
2.34672980273582e-186	-0.816581311110841	0.763	0.867	7.04018940820746e-183	16	ARID5B
6.77461895907574e-186	0.691458976515587	0.647	0.445	2.03238568772272e-182	16	CD300C
4.0370308908233e-185	0.992061804286324	0.62	0.276	1.21110926724699e-181	16	CSF3R
8.27444746375561e-185	0.7360792350002	0.721	0.567	2.48233423912668e-181	16	HLA-DRB3
5.00303235061624e-184	0.907412038556552	0.778	0.738	1.50090970518487e-180	16	ATP1B3
2.50202143981001e-183	-0.441514385864806	0.451	0.724	7.50606431943002e-180	16	CCR6
6.20902518542478e-183	-0.347650925579389	0.612	0.741	1.86270755562743e-179	16	IKZF2
2.81943618876625e-182	0.779683765778515	0.822	0.741	8.45830856629876e-179	16	TNFSF10
5.44998419120033e-182	0.485575935134622	0.716	0.619	1.6349952573601e-178	16	CREG1
1.64589346064269e-181	0.547309161638843	0.607	0.324	4.93768038192808e-178	16	CDC42EP2
1.38329984898588e-180	0.623960721948857	0.833	0.666	4.14989954695764e-177	16	ZNF331
1.55402371550135e-180	0.733391750367602	0.643	0.478	4.66207114650405e-177	16	OTUD1
1.66452485983712e-180	-1.41368789112013	0.916	0.959	4.99357457951137e-177	16	KLF6
3.36899047493215e-180	0.960859492229557	0.666	0.58	1.01069714247965e-176	16	HRH2
3.73381684897902e-179	-1.7952762470156	0.468	0.706	1.12014505469371e-175	16	CD8A
9.27189287894776e-179	0.731537346451282	0.661	0.479	2.78156786368433e-175	16	PIK3AP1
1.59689631985007e-178	0.856383784034373	0.799	0.748	4.7906889595502e-175	16	MIS18BP1
1.83708920227591e-178	0.788877492308816	0.621	0.21	5.51126760682772e-175	16	DAPK1
1.12540195671806e-177	0.655776092939548	0.486	0.194	3.37620587015417e-174	16	MCEMP1
1.55537265082845e-177	-0.593042982533732	0.42	0.7	4.66611795248534e-174	16	CLIC3
2.5967044828938e-177	-0.719412587330939	0.532	0.732	7.79011344868139e-174	16	HNRNPLL
3.03184585676268e-177	-0.502335571174744	0.37	0.66	9.09553757028805e-174	16	SYTL2
6.32894428498955e-177	0.830769211991136	0.727	0.577	1.89868328549687e-173	16	PAG1
9.90557159737422e-177	-0.909687064978097	0.586	0.801	2.97167147921227e-173	16	TMEM173
1.31193716790709e-176	0.606013417562089	0.7	0.609	3.93581150372128e-173	16	GAA
1.32505301985822e-176	1.1798716231282	0.648	0.533	3.97515905957467e-173	16	ADM
3.4409847281727e-176	0.807961953828394	0.821	0.772	1.03229541845181e-172	16	DDX21
2.68336259555238e-175	-0.290030298120457	0.528	0.747	8.05008778665714e-172	16	LAIR2
4.78774048414607e-175	-1.43703963978321	0.651	0.814	1.43632214524382e-171	16	CLDND1
5.13497865593892e-175	0.648563032835924	0.84	0.763	1.54049359678168e-171	16	GLRX
1.00344432867735e-173	0.902313881587534	0.728	0.632	3.01033298603204e-170	16	ATP6V1B2
1.58995046558594e-173	0.712678628253638	0.875	0.826	4.76985139675782e-170	16	IFI6
3.65111358747999e-173	0.812699312299896	0.695	0.653	1.095334076244e-169	16	CTSZ
1.1008691644788e-172	0.664285027643313	0.817	0.674	3.3026074934364e-169	16	AHNAK
9.01651047939791e-172	0.640147566296595	0.886	0.873	2.70495314381937e-168	16	TALDO1
3.02626297688413e-171	0.292681945166836	0.731	0.564	9.0787889306524e-168	16	PDLIM7
3.05725557240919e-169	-0.335324940405437	0.292	0.665	9.17176671722758e-166	16	RGS16
1.02497274723459e-168	0.858345145766082	0.746	0.674	3.07491824170376e-165	16	MAPKAPK3
1.12432530249494e-168	0.665974893174017	0.838	0.76	3.37297590748483e-165	16	CMTM6
2.42487041551294e-168	0.690542691282232	0.697	0.53	7.27461124653882e-165	16	FOSL2
2.95290666732632e-168	0.681078957304256	0.72	0.652	8.85872000197897e-165	16	SCPEP1
3.07064574505326e-168	0.652647021624567	0.665	0.596	9.21193723515977e-165	16	BTK
4.11994213304178e-168	0.42306640733412	0.685	0.501	1.23598263991253e-164	16	UBALD2
4.35687288227727e-168	0.733515300977677	0.671	0.575	1.30706186468318e-164	16	C3AR1
1.44085281244885e-166	0.676199985856274	0.651	0.618	4.32255843734655e-163	16	ALDH3B1
5.36652503630154e-165	-1.17564464373019	0.886	0.965	1.60995751089046e-161	16	HSP90AB1
8.24303707627538e-165	-0.459715854412489	0.197	0.627	2.47291112288261e-161	16	KLRC4
3.55464195649746e-164	0.278735642341643	1	0.999	1.06639258694924e-160	16	ACTB
6.3731777151474e-164	0.913673729364579	0.709	0.712	1.91195331454422e-160	16	RNASE6
9.10737004327759e-164	0.885719387612969	0.621	0.346	2.73221101298328e-160	16	CDA
4.86681877247415e-163	0.795318037997259	0.751	0.694	1.46004563174224e-159	16	UBE2D1
1.10337884535363e-160	0.558769133860927	0.91	0.862	3.31013653606088e-157	16	ATP6V1F
7.56060588407436e-160	-0.524181599876293	0.429	0.683	2.26818176522231e-156	16	TNFRSF25
7.91143901376546e-160	0.707504210966455	0.728	0.602	2.37343170412964e-156	16	PER1
9.31477162600105e-160	0.753992669917964	0.677	0.605	2.79443148780031e-156	16	AGFG1
1.47073612232424e-159	-0.590864029438357	0.707	0.74	4.41220836697271e-156	16	TOX
2.48633894003449e-159	0.498177558397148	0.928	0.883	7.45901682010345e-156	16	POMP
2.64054885973118e-159	0.733674170952772	0.62	0.409	7.92164657919355e-156	16	NAIP
1.51603904474814e-158	0.607219959544076	0.617	0.286	4.54811713424443e-155	16	OSCAR
2.15137784750926e-158	0.769938114114536	0.743	0.723	6.45413354252777e-155	16	BLVRA
2.16311957213351e-158	0.530217453258308	0.64	0.469	6.48935871640052e-155	16	RASSF4
9.43586326407333e-158	-0.65763231318214	0.724	0.891	2.830758979222e-154	16	DNPH1
2.67222360167725e-157	0.958705454811412	0.606	0.253	8.01667080503175e-154	16	CD36
8.8942124634176e-157	1.46436771729344	0.567	0.244	2.66826373902528e-153	16	CXCL8
1.75302360961536e-156	0.652732950853919	0.643	0.484	5.25907082884607e-153	16	BCL6
2.46816916874648e-156	0.982820306564849	0.754	0.734	7.40450750623945e-153	16	GK
3.8316059331871e-156	0.62153000057894	0.715	0.597	1.14948177995613e-152	16	PTTG1IP
1.79798914903327e-154	-1.98736239235134	0.442	0.7	5.39396744709981e-151	16	GZMK
2.1066053713307e-153	0.932586590657709	0.678	0.735	6.31981611399209e-150	16	TBC1D8
9.87232485909177e-152	-0.381383315639124	0.673	0.756	2.96169745772753e-148	16	HOXB2
1.12216424887119e-151	0.678834161221909	0.646	0.601	3.36649274661356e-148	16	PKP2
2.85787023108056e-151	-0.754500840691327	1	0.998	8.57361069324167e-148	16	RPS8
3.32415350131375e-151	-0.603802009987131	0.34	0.668	9.97246050394124e-148	16	NELL2
9.81292750513693e-151	-0.458487838858426	0.489	0.695	2.94387825154108e-147	16	S1PR1
1.42106708658192e-150	0.615180045316674	0.889	0.753	4.26320125974577e-147	16	NR4A2
3.05573088308285e-150	-0.489763751275478	0.529	0.686	9.16719264924855e-147	16	TESPA1
1.02002161702731e-148	0.594293339439376	0.783	0.655	3.06006485108192e-145	16	REL
2.98496421405466e-148	0.751389030611566	0.616	0.473	8.95489264216397e-145	16	DMXL2
4.06246552347417e-148	0.562355797627804	0.877	0.808	1.21873965704225e-144	16	ISG15
7.99296351264307e-148	0.607002171263584	0.625	0.46	2.39788905379292e-144	16	GAPT
1.62977012306409e-147	-0.503896420094654	0.721	0.783	4.88931036919228e-144	16	LDLRAD4
4.17403111287286e-147	0.632001237129813	0.818	0.779	1.25220933386186e-143	16	RTN4
5.23388814197511e-147	0.258724183369534	0.709	0.553	1.57016644259253e-143	16	PLEKHO1
7.28907007365923e-147	-0.378245646674319	0.552	0.691	2.18672102209777e-143	16	FUT8
1.25665850102826e-146	-1.18341175624113	0.929	0.936	3.76997550308479e-143	16	DNAJB1
1.46055691125221e-146	-0.564167167641186	0.639	0.695	4.38167073375664e-143	16	CD28
2.2064972333332e-146	-0.35552144623371	0.726	0.726	6.6194916999996e-143	16	FBLN7
3.5345514952323e-146	0.727487628645877	0.609	0.345	1.06036544856969e-142	16	MCTP1
3.90124967378713e-145	-0.702217882366364	0.632	0.789	1.17037490213614e-141	16	GCHFR
8.04119418686269e-145	0.417306755625263	0.67	0.57	2.41235825605881e-141	16	LACTB
1.01820568535386e-144	0.742795382562728	0.737	0.714	3.05461705606159e-141	16	MYD88
2.818251677831e-144	-2.62917506748383	0.638	0.773	8.454755033493e-141	16	NKG7
6.59608167456793e-144	0.779239870497283	0.582	0.198	1.97882450237038e-140	16	GPBAR1
3.06604487611133e-143	0.812684002092848	0.638	0.477	9.19813462833399e-140	16	RASSF2
6.58383421404482e-143	-0.311110345383139	0.287	0.648	1.97515026421344e-139	16	TNIP3
1.98055799455825e-142	-0.43735475303331	0.52	0.692	5.94167398367474e-139	16	CDC14A
2.53708094031375e-142	0.500534366015296	0.653	0.565	7.61124282094126e-139	16	RENBP
6.17313322420417e-140	0.514989228070802	0.658	0.567	1.85193996726125e-136	16	ASPH
1.06370302602924e-138	0.320662174099787	0.62	0.565	3.19110907808772e-135	16	SMPDL3A
1.09830402910624e-138	0.483197012442438	0.751	0.65	3.29491208731872e-135	16	CD151
1.16380955828044e-138	0.940272979091228	0.635	0.464	3.49142867484131e-135	16	NLRP3
1.81224154749601e-138	0.727588099250522	0.691	0.579	5.43672464248804e-135	16	C20orf27
2.09732069907145e-138	0.516534471340166	0.867	0.825	6.29196209721435e-135	16	SYNGR2
3.15557927178415e-135	0.75426994869576	0.664	0.564	9.46673781535244e-132	16	ABHD5
7.53971326015782e-135	-0.37321310474262	0.346	0.667	2.26191397804735e-131	16	CFAP97
1.00916476169029e-134	0.990131954748238	0.828	0.634	3.02749428507087e-131	16	EGR1
4.82440657736701e-134	0.344984645456725	0.509	0.389	1.4473219732101e-130	16	FAM129B
8.25358801309559e-134	-1.01531422993579	0.611	0.759	2.47607640392868e-130	16	APOBEC3G
1.05147560394482e-133	0.30108074255296	0.712	0.56	3.15442681183445e-130	16	DDAH2
4.46763567416726e-133	-0.498698129732007	0.066	0.595	1.34029070225018e-129	16	KLRC3
4.94288316310366e-133	0.543012223948292	0.748	0.591	1.4828649489311e-129	16	CHMP1B
6.81078114239945e-133	0.60410226240981	0.627	0.414	2.04323434271983e-129	16	CEBPB
1.68224232488724e-132	-0.254975058033946	0.701	0.734	5.04672697466171e-129	16	TNFRSF9
8.51389818931108e-132	-0.377851014642691	0.47	0.686	2.55416945679332e-128	16	IL21R
1.24185116826541e-131	0.481306057958598	0.713	0.65	3.72555350479622e-128	16	FNDC3B
1.74824590417847e-131	-0.583015283971983	0.369	0.674	5.24473771253541e-128	16	METTL12
1.76765624770972e-131	-0.332287440739331	0.374	0.623	5.30296874312917e-128	16	BEX2
2.90338768112126e-131	0.512320020018007	0.645	0.539	8.71016304336378e-128	16	NAPSB
8.32384459204819e-131	0.568752519608617	0.839	0.858	2.49715337761446e-127	16	CD55
1.08274335731546e-130	-0.261859922370616	0.364	0.644	3.24823007194639e-127	16	TMIGD2
2.07144720739896e-130	0.466478731414032	0.779	0.681	6.21434162219687e-127	16	TXNDC17
6.91220683891185e-130	0.815660264324987	0.62	0.452	2.07366205167356e-126	16	ZNF385A
1.63000513004464e-128	0.428378642138809	0.723	0.615	4.89001539013393e-125	16	NR4A3
1.09832326722728e-127	-0.287206208126774	0.112	0.611	3.29496980168185e-124	16	LOC102724850
1.86041848374758e-127	0.838221145738697	0.684	0.652	5.58125545124273e-124	16	STX11
3.16800494849756e-127	-0.281413646118374	0.45	0.674	9.50401484549267e-124	16	AP3M2
4.68698549502818e-126	0.338373143659762	0.708	0.597	1.40609564850845e-122	16	KLF3
5.19946761547313e-126	-0.753049009550684	0.582	0.717	1.55984028464194e-122	16	H2AFX
5.27725815658426e-126	-0.99516681932596	0.953	0.969	1.58317744697528e-122	16	MIF
2.07393010846833e-125	-0.299491014889443	0.534	0.752	6.221790325405e-122	16	APOBEC3C
4.4945029816664e-125	0.608547420739722	0.683	0.704	1.34835089449992e-121	16	SOX4
5.36410385993732e-125	-0.493768154550474	0.564	0.734	1.60923115798119e-121	16	PDE4D
5.17862818847093e-124	-0.262506950619344	0.488	0.658	1.55358845654128e-120	16	MCM6
1.27093676191017e-123	-0.773369084757544	0.43	0.674	3.81281028573051e-120	16	PTPN22
1.66853270710219e-123	0.684429506079189	0.715	0.735	5.00559812130658e-120	16	LY96
3.32042840307736e-123	0.597015869077203	0.763	0.714	9.96128520923208e-120	16	MAN2B1
9.24088923185345e-122	-1.23377055268769	0.2	0.598	2.77226676955603e-118	16	LOC101060038
3.80166415490093e-121	0.522227020562302	0.671	0.566	1.14049924647028e-117	16	IER5
6.78042647681005e-121	0.58432501897616	0.631	0.517	2.03412794304302e-117	16	UBXN11
1.89205505941759e-120	-0.321009789018938	0.467	0.729	5.67616517825277e-117	16	SAE1
2.35831189599648e-120	0.298589819141186	0.687	0.575	7.07493568798944e-117	16	AVPI1
3.97087477882125e-120	-1.20015314955312	0.742	0.831	1.19126243364637e-116	16	TUBA4A
5.21782790307543e-120	1.0048143819736	0.614	0.557	1.56534837092263e-116	16	C1QB
6.89434168138649e-120	0.387346152252791	0.62	0.446	2.06830250441595e-116	16	SPG21
1.03465619967269e-118	0.902252985819119	0.738	0.74	3.10396859901806e-115	16	SGK1
2.41765374016603e-118	0.276857245877667	0.501	0.101	7.2529612204981e-115	16	FPR3
5.70943065038716e-118	-0.748596063957041	0.613	0.782	1.71282919511615e-114	16	ITGAE
9.40219276604231e-118	1.387673328544	0.712	0.824	2.82065782981269e-114	16	IL1R2
2.70048007095841e-117	-0.669841727017874	0.516	0.688	8.10144021287523e-114	16	CCND2
4.95062146812056e-116	0.353804900370525	0.609	0.552	1.48518644043617e-112	16	MERTK
2.07513203297318e-115	0.31893416680985	0.691	0.578	6.22539609891953e-112	16	OAS3
1.26089511139786e-114	-1.374057625415	0.482	0.651	3.78268533419357e-111	16	LOC101929531
1.72849444912009e-114	0.531080255546705	0.765	0.696	5.18548334736028e-111	16	AMICA1
5.23149063151153e-114	0.314604528443966	0.883	0.79	1.56944718945346e-110	16	SNX3
6.02040676883491e-114	-0.281487960202359	0.349	0.63	1.80612203065047e-110	16	KIR2DL4
3.26598717666192e-113	0.462788259586912	0.812	0.719	9.79796152998576e-110	16	GLIPR2
1.42902140153352e-110	0.447197091466103	0.644	0.597	4.28706420460057e-107	16	SEMA4A
5.9908599800222e-110	0.328978130002622	0.495	0.217	1.79725799400666e-106	16	FMNL2
2.00033684256531e-109	0.562789189665317	0.602	0.437	6.00101052769594e-106	16	SERPINB6
4.06972162718327e-108	0.391661809282215	0.658	0.563	1.22091648815498e-104	16	TRMT6
6.37760249760645e-108	0.770361707891575	0.793	0.743	1.91328074928193e-104	16	HIF1A
1.23324723229317e-107	0.468550551805585	0.712	0.689	3.6997416968795e-104	16	NANS
1.8760088990637e-107	0.706545739323154	0.629	0.556	5.6280266971911e-104	16	UBE2R2
5.66830681200291e-107	0.612466541646816	0.625	0.522	1.70049204360087e-103	16	METRNL
5.87676742304735e-107	0.394788470296725	0.672	0.674	1.7630302269142e-103	16	IFIT3
2.39868437777367e-106	0.459077989176698	0.642	0.632	7.19605313332101e-103	16	GRASP
4.23371704677929e-106	0.428822971950896	0.552	0.29	1.27011511403379e-102	16	CDKN1C
7.5183841551168e-106	0.3888394552571	0.581	0.384	2.25551524653504e-102	16	TCN2
8.3841432957863e-106	0.321982281379701	0.6	0.454	2.51524298873589e-102	16	ABCA1
1.39927469251003e-105	0.273732796746034	0.923	0.868	4.1978240775301e-102	16	CTSD
1.98172150076975e-105	0.438030653853498	0.604	0.448	5.94516450230925e-102	16	RASGEF1B
4.24579250745376e-105	-1.52809185027877	0.473	0.634	1.27373775223613e-101	16	IFNG
1.21197814271411e-104	0.85354658933836	0.709	0.719	3.63593442814235e-101	16	SPP1
2.02727837225503e-104	0.688914853586539	0.641	0.658	6.08183511676509e-101	16	CPM
3.99668039920206e-104	0.586261282222308	0.588	0.393	1.19900411976062e-100	16	HNMT
7.41130240893397e-104	0.680454381052523	0.601	0.49	2.22339072268019e-100	16	BRI3
6.34246861352174e-103	-0.349731161536198	0.543	0.74	1.90274058405652e-99	16	NUCB2
2.40011684364685e-102	0.679775479275141	0.657	0.58	7.20035053094056e-99	16	MIDN
7.33358455648228e-102	-0.499155861843353	0.586	0.782	2.20007536694468e-98	16	IL6ST
2.650464710137e-101	0.386366103467942	0.75	0.638	7.95139413041099e-98	16	GABARAPL1
5.83643219931583e-101	0.679349014168304	0.605	0.505	1.75092965979475e-97	16	MEGF9
2.04346893661277e-100	-0.549134986719116	0.691	0.805	6.13040680983832e-97	16	HSPH1
3.30743462622859e-100	0.920194050786749	0.635	0.597	9.92230387868578e-97	16	BACH1
3.53390983566633e-100	0.295627041154888	0.743	0.668	1.0601729506999e-96	16	TIPARP
4.57706987840273e-100	0.665694150952902	0.616	0.578	1.37312096352082e-96	16	VCL
1.37877872494805e-99	-0.692147178132781	0.327	0.633	4.13633617484415e-96	16	ITM2C
2.12278004911433e-99	-0.579750001763072	0.743	0.881	6.36834014734298e-96	16	PMAIP1
1.59321183063253e-98	0.370762410109041	0.595	0.476	4.77963549189759e-95	16	NPL
3.27468457441062e-98	-0.379164843343849	0.693	0.716	9.82405372323186e-95	16	NMB
4.61445657801833e-98	-0.453752420236199	0.27	0.616	1.3843369734055e-94	16	PLA2G16
6.24583424578353e-98	0.528126754079796	0.756	0.744	1.87375027373506e-94	16	CD4
8.05693345564028e-98	0.471011385399283	0.745	0.716	2.41708003669208e-94	16	FAM65B
2.94829204134985e-97	0.646106302937498	0.666	0.617	8.84487612404956e-94	16	FAM45A
3.93205446824771e-97	0.46976576680323	0.744	0.688	1.17961634047431e-93	16	LYST
5.84626437690235e-97	-0.381857429741086	0.562	0.652	1.75387931307071e-93	16	DUSP16
2.51868338900235e-95	-0.460452669550361	0.437	0.648	7.55605016700705e-92	16	NCR3
5.60047447660609e-95	-0.371108338975698	0.633	0.647	1.68014234298183e-91	16	APOBEC3H
3.21187437516097e-94	-2.62890461449731	0.575	0.67	9.63562312548291e-91	16	CCL4
5.91802223614502e-94	0.622459233665523	0.741	0.739	1.77540667084351e-90	16	VASP
1.09745087828776e-93	0.564655323015992	0.601	0.537	3.29235263486329e-90	16	IL1RAP
2.25179848151663e-93	-0.505646141847964	0.639	0.664	6.75539544454989e-90	16	PERP
3.34511821392297e-93	0.503136649771088	0.83	0.831	1.00353546417689e-89	16	SAMHD1
3.4504350886162e-93	-0.409498102732129	0.644	0.749	1.03513052658486e-89	16	ID3
1.68765700647097e-92	0.303286169749699	0.573	0.336	5.0629710194129e-89	16	SIGLEC7
2.2078762696699e-92	-0.404378474314412	0.504	0.754	6.62362880900969e-89	16	PDE4B
3.13626159353727e-92	0.663980120614129	0.743	0.682	9.4087847806118e-89	16	ABI3
8.07290191443579e-92	0.344291789387269	0.572	0.445	2.42187057433074e-88	16	SPATA6
9.3095181507902e-92	0.621339551144771	0.597	0.533	2.79285544523706e-88	16	IL1RN
1.16856715417854e-91	0.34575366193398	0.808	0.739	3.50570146253562e-88	16	EIF4A3
3.5397288550444e-91	0.331636718120716	0.638	0.519	1.06191865651332e-87	16	ARL5B
3.98383690499916e-91	-0.318442773299596	1	0.999	1.19515107149975e-87	16	TMSB4X
9.48981389613611e-91	0.424258652173428	0.58	0.466	2.84694416884083e-87	16	DENND5A
1.94293269650041e-90	0.650831997097264	0.408	0.048	5.82879808950122e-87	16	C21orf128
2.33930086730173e-90	0.897287479498085	0.575	0.301	7.0179026019052e-87	16	LRP1
4.23529033185584e-90	0.380935952456949	0.936	0.929	1.27058709955675e-86	16	SLC25A5
1.00351370191328e-89	0.537220996413616	0.655	0.607	3.01054110573985e-86	16	HOTAIRM1
2.9967834442019e-89	-1.67030646182882	0.368	0.621	8.9903503326057e-86	16	GZMH
4.57369761660803e-89	-1.11617951439893	0.835	0.911	1.37210928498241e-85	16	BTG2
7.02989704113505e-89	0.588752619511461	0.592	0.526	2.10896911234052e-85	16	RHOQ
4.24996278237735e-87	0.35913978579133	0.647	0.579	1.2749888347132e-83	16	SLC43A3
4.46742194783531e-87	0.294635617618142	0.686	0.639	1.34022658435059e-83	16	QPCT
5.32774694471032e-87	-0.35242814931997	0.186	0.628	1.59832408341309e-83	16	DERL3
9.20448631034648e-87	0.84374557365311	0.686	0.778	2.76134589310394e-83	16	CTSL
1.14831526208057e-86	-0.738384502112503	0.446	0.631	3.44494578624172e-83	16	KLRG1
1.92798491865515e-86	-0.801907604710614	0.729	0.868	5.78395475596546e-83	16	YWHAQ
1.68860875489399e-85	-0.648946849027997	0.717	0.837	5.06582626468197e-82	16	CACYBP
3.56895470259714e-85	0.469565762436186	0.547	0.271	1.07068641077914e-81	16	PTAFR
1.45677560508779e-84	0.483487641702222	0.577	0.466	4.37032681526337e-81	16	SLC15A3
4.79543660578326e-84	0.813956643100545	0.604	0.577	1.43863098173498e-80	16	IRS2
4.93643266982412e-83	-0.528352511319427	0.622	0.784	1.48092980094724e-79	16	CREM
5.50406321323642e-83	0.490789762613811	0.626	0.565	1.65121896397093e-79	16	MX2
1.2084835930084e-82	0.633788631780189	0.57	0.411	3.62545077902519e-79	16	NBPF14
2.0604999546169e-82	0.583955225148325	0.604	0.668	6.18149986385069e-79	16	SULF2
8.00018024214251e-82	0.301955555483658	0.665	0.615	2.40005407264275e-78	16	RRP12
7.57862920805871e-81	-0.292113452358761	0.529	0.698	2.27358876241761e-77	16	USP11
1.02571629443914e-80	0.43668455027824	0.719	0.684	3.07714888331741e-77	16	PEA15
1.19075426713661e-80	0.501010229025222	0.633	0.587	3.57226280140982e-77	16	OGFRL1
2.90109320216246e-79	-1.1096613310739	0.727	0.778	8.70327960648738e-76	16	TAGAP
3.256721503611e-78	0.290647170871615	0.503	0.107	9.770164510833e-75	16	SH3PXD2B
7.02173502388497e-78	0.903715185804728	0.61	0.591	2.10652050716549e-74	16	POU2F2
7.17612765750699e-78	0.318544955354097	0.623	0.561	2.1528382972521e-74	16	GSN
1.4362854160412e-77	0.59292294957647	0.529	0.451	4.30885624812361e-74	16	VMO1
1.36228026747736e-76	-0.905347087645454	0.597	0.65	4.08684080243207e-73	16	ICOS
2.10773807809362e-76	0.541819194174204	0.583	0.467	6.32321423428086e-73	16	DSE
3.40159828520961e-76	0.472856447694898	0.653	0.594	1.02047948556288e-72	16	CMIP
5.09694929675322e-76	0.443478508333398	0.622	0.706	1.52908478902597e-72	16	BCAT1
1.78379503268956e-75	0.393589354936985	0.795	0.798	5.35138509806869e-72	16	ATOX1
2.48907895670163e-75	0.284290813594488	0.494	0.099	7.4672368701049e-72	16	ALOX15B
2.54642444176152e-75	0.4699242711843	0.533	0.172	7.63927332528457e-72	16	MSR1
1.68158631754524e-74	0.320925506404516	0.513	0.385	5.04475895263572e-71	16	VSIG4
1.85040829167458e-74	-0.680681660745029	0.65	0.763	5.55122487502375e-71	16	TSPYL2
7.44915509395346e-74	-0.284203517732123	0.209	0.586	2.23474652818604e-70	16	CPNE7
1.06010566365864e-73	-0.739837703023835	0.512	0.668	3.18031699097593e-70	16	CMC1
1.69273061873419e-73	-1.98888162129111	0.4	0.617	5.07819185620257e-70	16	GNLY
1.91417580460938e-73	0.422442143938153	0.813	0.794	5.74252741382813e-70	16	PSMA4
1.93999131276613e-73	0.515149242400507	0.758	0.768	5.81997393829838e-70	16	TMPO
2.20230569330019e-73	0.42998700245506	0.65	0.58	6.60691707990056e-70	16	PHLDA2
1.29610171624003e-72	-0.469132238279309	0.555	0.687	3.8883051487201e-69	16	TARSL2
3.65417302632487e-72	-0.481183420019508	0.567	0.647	1.09625190789746e-68	16	P2RY10
5.11389169143584e-72	-0.27079608725946	0.43	0.648	1.53416750743075e-68	16	DNAAF2
6.43874771496902e-72	-0.282416286517143	0.501	0.657	1.93162431449071e-68	16	CD59
1.89178670908856e-71	-0.362519289956348	0.458	0.671	5.67536012726568e-68	16	ANP32E
2.48766962049373e-71	-0.7057365093063	0.548	0.691	7.46300886148118e-68	16	RUNX3
5.06543508540383e-71	0.257466471549008	0.655	0.549	1.51963052562115e-67	16	MAFF
5.06625662467119e-71	-0.281718818595749	0.484	0.602	1.51987698740136e-67	16	LOC100996286
1.25633598229539e-70	-0.480747893446478	0.412	0.69	3.76900794688617e-67	16	PIM1
1.6385997012484e-70	0.637621872286502	0.661	0.691	4.91579910374521e-67	16	SKAP2
3.29890557351643e-70	0.639098414901074	0.663	0.637	9.89671672054928e-67	16	TFRC
5.73948551670717e-70	-1.9774634384487	0.625	0.699	1.72184565501215e-66	16	CXCL13
6.72547079403253e-70	0.567140241917854	0.585	0.508	2.01764123820976e-66	16	DPYSL2
1.50966806625549e-69	-0.588777517122248	0.42	0.637	4.52900419876648e-66	16	FAM107B
1.99243789806792e-68	0.703337602361648	0.64	0.581	5.97731369420375e-65	16	INSIG1
2.66949603895075e-68	0.586939208663754	0.63	0.624	8.00848811685225e-65	16	SH3TC1
5.11239578239396e-68	-0.296717639130548	0.605	0.69	1.53371873471819e-64	16	FBXO32
9.99733937621035e-68	-0.452993554870744	0.603	0.807	2.9992018128631e-64	16	UGP2
1.95064129461276e-67	0.499532821206664	0.591	0.541	5.85192388383827e-64	16	MCOLN1
1.04717859960035e-66	0.569945904241518	0.613	0.566	3.14153579880104e-63	16	EFHD2
1.84904207015455e-66	0.661593650999915	0.617	0.609	5.54712621046366e-63	16	CAPNS1
8.22914929957184e-66	0.533109393482383	0.844	0.807	2.46874478987155e-62	16	TPM4
1.04620212039594e-65	-0.334207556149483	0.469	0.629	3.13860636118782e-62	16	TMEM106C
1.45165083396428e-65	-0.285374157282707	0.444	0.636	4.35495250189283e-62	16	ACYP1
1.60135937870824e-65	0.474287119020165	0.739	0.745	4.80407813612473e-62	16	EIF4EBP1
1.834099780323e-65	0.584717889906363	0.575	0.534	5.50229934096902e-62	16	PLXNC1
1.96918054293605e-65	0.590526540085046	0.653	0.651	5.90754162880815e-62	16	TESC
3.06144563904427e-65	0.532703925702775	0.572	0.539	9.18433691713281e-62	16	BASP1
5.10008889835976e-65	0.299836585927761	0.692	0.611	1.53002666950793e-61	16	FUOM
5.40620272152094e-65	-1.11266616190201	0.223	0.566	1.62186081645628e-61	16	XCL1
6.15477917765832e-65	0.381843457205809	0.568	0.472	1.8464337532975e-61	16	ZMIZ1
9.05704543449361e-65	-0.662764469764948	0.544	0.632	2.71711363034808e-61	16	FAM46C
1.11204017269289e-64	0.604270289829017	0.662	0.684	3.33612051807867e-61	16	BID
1.29864040565707e-64	0.449751985418564	0.632	0.626	3.89592121697121e-61	16	RRBP1
6.54987457007303e-63	0.285036853549321	0.507	0.247	1.96496237102191e-59	16	FFAR3
6.89892899659647e-63	0.503446222475565	0.57	0.461	2.06967869897894e-59	16	HLA-DRB6
1.73415949338369e-62	0.455584758654531	0.751	0.774	5.20247848015106e-59	16	COMT
3.26765124357634e-62	0.33492817141906	0.832	0.775	9.80295373072901e-59	16	GBP2
8.68589487737575e-62	-0.654472167491305	0.743	0.867	2.60576846321272e-58	16	EZR
1.22563611826894e-61	-0.902807685724436	0.499	0.614	3.67690835480683e-58	16	LINC00861
1.65465722645371e-61	0.256442044814792	0.519	0.231	4.96397167936112e-58	16	FCGR1B
1.74644563345096e-61	-0.463703749854114	0.641	0.762	5.23933690035288e-58	16	RPA3
1.93024151659953e-61	0.390115404685065	0.731	0.722	5.7907245497986e-58	16	PRCP
2.39306289104796e-61	0.39493810956412	0.668	0.619	7.17918867314388e-58	16	LAIR1
4.06567506387847e-61	0.337554250861477	0.609	0.553	1.21970251916354e-57	16	SCARB2
6.04543229659086e-61	-1.18162336995008	0.632	0.674	1.81362968897726e-57	16	TNF
7.28229366585074e-61	-0.369318274620985	0.36	0.626	2.18468809975522e-57	16	TRAF1
1.02769161211927e-60	0.29650226056032	0.615	0.618	3.0830748363578e-57	16	RBBP8
1.41401857046862e-60	-0.401466293709514	0.56	0.639	4.24205571140586e-57	16	BCL2
1.98238846026291e-59	-0.786605534416801	0.631	0.692	5.94716538078873e-56	16	FLT3LG
6.07417786820863e-59	-0.71346401102122	0.417	0.593	1.82225336046259e-55	16	PRKCQ-AS1
6.26028737103134e-59	0.273250094549005	0.744	0.776	1.8780862113094e-55	16	IFI44L
6.60123654300038e-59	0.564577081237417	0.643	0.61	1.98037096290011e-55	16	JARID2
3.73446083267608e-58	-0.522132285546855	0.84	0.846	1.12033824980282e-54	16	HSPA1B
4.53893885884009e-58	-0.418586026066296	0.684	0.845	1.36168165765203e-54	16	C1QBP
4.64957072884384e-58	-0.83103676107912	0.415	0.566	1.39487121865315e-54	16	KLRC1
6.25266611673584e-58	-0.720406723997646	0.999	0.989	1.87579983502075e-54	16	ACTG1
6.3453410764785e-58	0.357236440869	0.517	0.284	1.90360232294355e-54	16	KIAA1598
1.10212431904738e-57	0.583392591682364	0.585	0.577	3.30637295714213e-54	16	IL10
1.93696714918629e-57	0.26379320083305	0.524	0.349	5.81090144755887e-54	16	CLMN
2.04782684647268e-57	0.409058972780134	0.666	0.672	6.14348053941803e-54	16	ANXA4
2.08839521723685e-57	0.282182523147934	0.695	0.683	6.26518565171054e-54	16	CYSTM1
7.52827706166084e-57	-0.345724700179711	0.637	0.681	2.25848311849825e-53	16	DNAJC9
9.48023138363147e-57	0.351289129116918	0.787	0.773	2.84406941508944e-53	16	YWHAE
7.72857824036911e-56	0.300229318970141	0.628	0.723	2.31857347211073e-52	16	CXorf21
1.48571140044603e-55	0.277953252948829	0.804	0.803	4.4571342013381e-52	16	SLA
1.73480502939227e-55	0.793740732789396	0.555	0.442	5.20441508817682e-52	16	TLR4
4.13617724025471e-55	-0.967961210988045	0.31	0.566	1.24085317207641e-51	16	KLRD1
4.89475088942254e-55	0.503149810687914	0.569	0.551	1.46842526682676e-51	16	MYOF
9.21663292289271e-55	-0.497764200180294	0.566	0.711	2.76498987686781e-51	16	DNAJB9
1.2089249410853e-54	0.409606708495434	0.565	0.476	3.6267748232559e-51	16	UBE2E2
3.02278099873371e-54	0.266663841283901	0.813	0.785	9.06834299620114e-51	16	DEK
3.90805112192144e-54	0.529958145945659	0.602	0.578	1.17241533657643e-50	16	QSOX1
4.36453891506285e-54	0.574572716671905	0.505	0.064	1.30936167451886e-50	16	HK3
9.2268715582511e-54	-0.262398987088721	0.589	0.717	2.76806146747533e-50	16	SATB1
1.75835410259164e-53	-0.939096876456706	0.55	0.64	5.27506230777491e-50	16	HOPX
5.03104413297712e-53	-0.381942122202716	0.518	0.72	1.50931323989314e-49	16	TMEM2
1.42885823472311e-52	0.322432914940724	0.589	0.568	4.28657470416933e-49	16	ACER3
1.07226764923484e-51	0.47402145470575	0.683	0.644	3.21680294770451e-48	16	FAM110A
1.17637378693078e-51	0.275642846700437	0.66	0.707	3.52912136079233e-48	16	HVCN1
1.46062916629514e-51	-0.507342026666166	0.758	0.841	4.38188749888541e-48	16	SEC11C
1.46313237165755e-51	0.505537383436654	0.618	0.647	4.38939711497264e-48	16	NAGA
2.69015259481684e-51	0.714248854550526	0.591	0.546	8.07045778445052e-48	16	MXD1
5.96721427231694e-50	0.364940630780335	0.685	0.675	1.79016428169508e-46	16	ATP6AP1
6.24171637262104e-50	-0.317819847746754	0.532	0.67	1.87251491178631e-46	16	MRPS31
7.87790588901237e-49	-0.25262091680826	0.586	0.674	2.36337176670371e-45	16	PAFAH1B3
2.26230308672182e-48	0.405893020971928	0.612	0.701	6.78690926016547e-45	16	H1F0
2.88816057460845e-48	-2.07528036405963	0.799	0.83	8.66448172382535e-45	16	IGJ
3.60695121090036e-48	-0.564835872922523	0.658	0.757	1.08208536327011e-44	16	GBP5
5.48870674297193e-47	-0.346041907665272	0.554	0.661	1.64661202289158e-43	16	MT1F
9.99831296428556e-47	0.341727490978886	0.58	0.595	2.99949388928567e-43	16	CYFIP1
1.49643382356144e-46	-0.536269459110802	0.651	0.671	4.48930147068432e-43	16	LOC101928173
2.57756447176291e-46	0.408258924422762	0.652	0.6	7.73269341528871e-43	16	ICAM1
7.95600054617634e-46	-0.685766266314303	0.805	0.855	2.3868001638529e-42	16	HSPE1
4.42270275554379e-45	0.389456201374228	0.584	0.571	1.32681082666314e-41	16	SVIL
8.68012297921848e-45	0.410034791278227	0.512	0.584	2.60403689376554e-41	16	CYP27A1
1.08843895461022e-44	0.318112032596443	0.839	0.829	3.26531686383066e-41	16	TUBA1B
1.11936108972239e-44	-0.499957702879759	0.498	0.626	3.35808326916718e-41	16	TBCC
1.69159681016256e-44	-0.311100534040329	0.376	0.606	5.07479043048769e-41	16	LOC100130476
2.03181303606323e-44	-0.821479096887118	0.934	0.956	6.09543910818968e-41	16	HMGB1
5.76712175595916e-44	0.399232297316489	0.748	0.803	1.73013652678775e-40	16	ATP6V0D1
1.0042987190188e-43	-0.406918724566786	0.741	0.86	3.01289615705641e-40	16	HSPD1
2.58425851257895e-43	0.345555014731413	0.569	0.659	7.75277553773685e-40	16	CSF2RB
5.20883424669201e-43	-0.375205490804247	0.739	0.598	1.5626502740076e-39	16	CCL3
8.3440521534828e-43	0.306701861258258	0.556	0.49	2.50321564604484e-39	16	FCGR2B
1.71176416892558e-42	0.529311455208603	0.521	0.348	5.13529250677675e-39	16	INSR
2.50932152194271e-42	0.299957801209948	0.665	0.624	7.52796456582813e-39	16	NABP1
3.0321566951801e-42	-0.931125229936111	0.872	0.93	9.09647008554029e-39	16	SSR4
4.27488610907023e-42	0.267316448919895	0.643	0.624	1.28246583272107e-38	16	APPL1
8.14778196372919e-42	-0.407101249386029	0.434	0.558	2.44433458911876e-38	16	PPP1R2P9
9.51473753358872e-42	0.411948576266333	0.564	0.583	2.85442126007662e-38	16	TTYH3
1.0973392529439e-41	-0.896103048932936	0.969	0.959	3.29201775883169e-38	16	CXCR4
1.44238577986619e-41	0.922245171270541	0.559	0.571	4.32715733959858e-38	16	NFIL3
7.37122300268067e-41	-0.294606112284155	0.394	0.628	2.2113669008042e-37	16	TNFSF8
1.34582133639451e-40	-0.591042939144551	0.66	0.778	4.03746400918353e-37	16	CDK2AP2
1.57188427875822e-40	0.60777460880068	0.551	0.593	4.71565283627466e-37	16	FGD4
2.53499794187338e-40	-0.275764997746306	0.562	0.654	7.60499382562014e-37	16	TIFA
2.57216659254567e-40	-0.423666366974918	0.585	0.729	7.71649977763701e-37	16	MIR4435-1HG
4.22891406988512e-40	-0.560382607034979	0.702	0.847	1.26867422096554e-36	16	CORO1B
5.12300687696775e-40	0.397490489611966	0.5	0.25	1.53690206309033e-36	16	NRGN
7.91268216418709e-40	-0.279426910801583	0.561	0.668	2.37380464925613e-36	16	SESN3
8.59428296710585e-40	-0.45010687432396	0.534	0.637	2.57828489013176e-36	16	ERN1
1.8732913496988e-39	0.415988391431511	0.493	0.118	5.6198740490964e-36	16	PAPSS2
3.14772624528605e-39	0.291437976197275	0.564	0.525	9.44317873585816e-36	16	ASAP1
3.42438117940533e-39	0.286040916350049	0.488	0.218	1.0273143538216e-35	16	RAB32
5.09503052171614e-38	-0.270029668349262	0.527	0.672	1.52850915651484e-34	16	MYC
7.8321006080894e-38	-0.659108533688094	0.239	0.553	2.34963018242682e-34	16	MATK
1.09379421433494e-36	0.49138967405371	0.463	0.076	3.28138264300481e-33	16	RETN
1.14199229595992e-36	-0.601316250952213	0.682	0.781	3.42597688787976e-33	16	TOB1
1.42014396659662e-36	-0.720269874889717	0.344	0.556	4.26043189978985e-33	16	CD40LG
6.62595906022888e-36	0.413107440072874	0.649	0.629	1.98778771806867e-32	16	PFKFB3
9.0437567357e-36	-0.294594883115134	0.275	0.574	2.71312702071e-32	16	FXYD7
1.36094183944796e-35	0.438468944264275	0.631	0.651	4.08282551834388e-32	16	PLEKHB2
1.99329472037239e-35	0.412821181069917	0.549	0.519	5.97988416111716e-32	16	CORO1C
1.4641684240383e-34	-0.322007976026819	0.629	0.759	4.39250527211489e-31	16	SDF2L1
1.56187196162761e-34	-0.711658639174253	0.904	0.932	4.68561588488282e-31	16	TNFAIP3
3.96483986670445e-34	0.384290211000697	0.693	0.69	1.18945196001133e-30	16	ATP2B1
4.6576271964375e-34	-0.456508920058269	0.593	0.756	1.39728815893125e-30	16	RANBP1
8.85423326654322e-34	-0.884875857309198	0.69	0.652	2.65626997996297e-30	16	PHLDA1
1.33839778005555e-33	0.35172731205577	0.641	0.667	4.01519334016665e-30	16	LAMP2
3.71176981883548e-32	0.262473139054281	0.534	0.487	1.11353094565064e-28	16	RAC1
8.93149365097224e-32	-0.610401198600647	0.819	0.894	2.67944809529167e-28	16	CALR
1.5018405018508e-31	0.514494868699672	0.544	0.585	4.5055215055524e-28	16	TFEC
4.01213739897867e-31	0.279201162407525	0.604	0.577	1.2036412196936e-27	16	TWISTNB
5.92156433730255e-31	0.553110731610194	0.757	0.824	1.77646930119076e-27	16	HN1
1.95251509801355e-30	-0.444532756737378	0.562	0.603	5.85754529404065e-27	16	TCF7
3.47969650959288e-30	0.483276252984231	0.546	0.529	1.04390895287786e-26	16	FAM46A
6.13754191483988e-30	-0.39107119891936	0.328	0.545	1.84126257445196e-26	16	MIR155HG
8.43319861909839e-30	-0.92716797819908	0.913	0.929	2.52995958572952e-26	16	DDIT4
1.81114905172257e-29	-0.680552405173692	0.9	0.936	5.43344715516771e-26	16	CRIP1
2.72848969675221e-29	-0.870071902673422	0.316	0.585	8.18546909025663e-26	16	RGCC
4.18568346553148e-29	0.334195337189044	0.654	0.651	1.25570503965944e-25	16	SLC20A1
4.8909074434544e-29	-0.387915071136828	0.579	0.652	1.46727223303632e-25	16	ZC3H12A
4.89889134243938e-29	-0.375524927294059	0.681	0.882	1.46966740273181e-25	16	SELL
1.6963926796717e-28	-0.406516724543849	0.611	0.715	5.08917803901509e-25	16	DDX39A
1.87977968203014e-28	-0.481695063044051	0.381	0.557	5.63933904609042e-25	16	MS4A1
2.86831774563162e-28	-0.643245559909992	0.278	0.525	8.60495323689487e-25	16	KLRK1
6.5918452224417e-28	-0.488167915804027	0.468	0.59	1.97755356673251e-24	16	ANKRD28
7.57311440219628e-28	0.379525465600116	0.528	0.531	2.27193432065888e-24	16	FLVCR2
9.30067508205219e-28	-0.251307933194073	0.373	0.537	2.79020252461566e-24	16	SPRY1
1.99827961058824e-27	-0.25339962831067	0.632	0.72	5.99483883176472e-24	16	MANF
4.3928165364669e-27	0.512051705463096	0.512	0.441	1.31784496094007e-23	16	PLXNB2
4.44265392158687e-27	-0.278435710790855	0.555	0.655	1.33279617647606e-23	16	LOC101927902
9.03918732078946e-27	-0.265896323853592	0.52	0.677	2.71175619623684e-23	16	STRA13
1.50999777240148e-26	-0.520506664964175	0.545	0.636	4.52999331720445e-23	16	MAPRE2
2.37528068856538e-26	-0.326471532023319	0.63	0.769	7.12584206569616e-23	16	RAD21
1.68406932153664e-25	-0.903567770724511	0.176	0.497	5.05220796460991e-22	16	XCL2
2.04971339953879e-25	-0.270301290600528	0.411	0.549	6.14914019861638e-22	16	FXYD1
3.30463835043157e-25	0.284424943105656	0.663	0.712	9.91391505129471e-22	16	FURIN
1.96570697953694e-24	0.482736794568145	0.505	0.314	5.89712093861081e-21	16	NFAM1
2.37600821063116e-24	-0.250542461271607	0.27	0.522	7.12802463189349e-21	16	BACH2
2.39350545631027e-24	-0.313215285317502	0.511	0.591	7.18051636893081e-21	16	LOC101929065
5.11347877852542e-24	0.436338693754834	0.526	0.559	1.53404363355762e-20	16	IL6R
1.10602886834808e-23	-0.626851415098618	1	0.995	3.31808660504425e-20	16	GAPDH
2.53050136061436e-23	0.302694566707503	0.56	0.565	7.59150408184307e-20	16	PNPLA6
3.58868848870607e-23	-0.77629067883526	0.636	0.567	1.07660654661182e-19	16	BMS1P20
4.3209666496727e-23	0.303686234983266	0.664	0.665	1.29628999490181e-19	16	PRMT9
7.71510274529949e-23	-0.298300693241901	0.54	0.603	2.31453082358985e-19	16	HIST2H2BC
1.58203729196031e-22	-0.389623862728106	0.606	0.673	4.74611187588094e-19	16	SRRT
2.87408526558042e-22	0.368457822003633	0.464	0.358	8.62225579674126e-19	16	LOC100509457
2.08086774701381e-21	-0.632148577321492	0.566	0.434	6.24260324104143e-18	16	SOCS1
3.98494920407576e-21	-0.381690753216468	0.633	0.717	1.19548476122273e-17	16	RAB27A
5.23116141299517e-21	0.364782324006324	0.493	0.367	1.56934842389855e-17	16	SGMS2
9.24450767708212e-21	-0.390785386208154	0.8	0.877	2.77335230312464e-17	16	PDIA6
9.72270783431195e-21	-0.378955505437264	0.69	0.805	2.91681235029358e-17	16	DUT
1.14226682428218e-20	0.314231967756055	0.478	0.234	3.42680047284654e-17	16	ADAMTSL4
1.20153580576777e-20	0.394777797363914	0.183	0.158	3.60460741730332e-17	16	LYPD2
1.33441926567631e-20	0.965650790956333	0.489	0.334	4.00325779702893e-17	16	LGALS2
1.61844952800158e-20	0.551558032813482	0.484	0.363	4.85534858400475e-17	16	MARCKS
2.22595582317299e-20	-0.515093065921879	0.652	0.689	6.67786746951898e-17	16	PTGER4
3.52681835368955e-20	-0.678103222095261	0.789	0.79	1.05804550610686e-16	16	LINC00152
3.94837198161711e-20	0.305461685324236	0.646	0.678	1.18451159448513e-16	16	GNG10
4.29509590094681e-20	0.318003246017611	0.655	0.691	1.28852877028404e-16	16	LIPA
2.38903862796058e-19	-0.308591322028628	0.759	0.776	7.16711588388175e-16	16	FABP5
3.89950640248765e-19	-0.399357192405656	0.6	0.632	1.1698519207463e-15	16	MAF
1.3745306926973e-18	-0.27311562369901	0.355	0.541	4.1235920780919e-15	16	FASLG
4.66937645289914e-18	0.399456816639808	0.621	0.659	1.40081293586974e-14	16	AHR
7.9229201332863e-18	-0.565127998504662	0.919	0.941	2.37687603998589e-14	16	RAN
1.44009885679081e-17	-0.520645196923819	0.709	0.785	4.32029657037244e-14	16	NOSIP
3.49868893579959e-17	-0.433137725243776	1	1	1.04960668073988e-13	16	RNR1
6.32332604207212e-17	0.561465805899032	0.519	0.552	1.89699781262164e-13	16	CREB5
6.94734908821526e-17	0.365956525908766	0.419	0.069	2.08420472646458e-13	16	PTX3
2.90154451545691e-16	0.629881647323692	0.503	0.498	8.70463354637072e-13	16	YBX3
3.09263693861488e-16	-0.394750385971916	0.631	0.609	9.27791081584463e-13	16	SLAMF1
1.42841336198075e-15	-0.727129369563126	0.938	0.934	4.28524008594224e-12	16	LSP1
4.06911149049505e-15	-0.603026394983798	0.988	0.969	1.22073344714851e-11	16	UBC
1.11789921807002e-14	-0.311787305855651	0.687	0.772	3.35369765421006e-11	16	NUCKS1
1.24257725292905e-14	0.337755426214239	0.542	0.62	3.72773175878714e-11	16	CCRL2
1.84699148714413e-14	-0.452173638381072	0.684	0.726	5.54097446143239e-11	16	PIK3R1
6.40335570822795e-14	0.360347390322633	0.694	0.744	1.92100671246838e-10	16	SERPINB9
2.22404614066223e-13	-0.684044730030319	0.961	0.958	6.6721384219867e-10	16	CORO1A
3.0887592776447e-13	0.353336103975911	0.509	0.556	9.26627783293409e-10	16	LRG1
3.95427830425222e-13	0.272748339259938	0.453	0.155	1.18628349127567e-09	16	CSF2RA
6.85539380761087e-13	-0.368196536930691	0.226	0.506	2.05661814228326e-09	16	LINC00892
1.89611499698479e-12	-0.543418485308683	0.772	0.848	5.68834499095436e-09	16	IGLL5
1.98966102432598e-12	-0.326133061859068	0.781	0.843	5.96898307297795e-09	16	HSPA5
2.07509288861806e-12	1.0280622221178	0.479	0.482	6.22527866585417e-09	16	THBS1
2.85528161220744e-12	0.472845365750542	0.704	0.836	8.56584483662232e-09	16	OAS1
5.17489183576609e-12	-0.454176381878681	0.685	0.757	1.55246755072983e-08	16	CD79A
1.328282192664e-11	-0.35660948929605	0.81	0.831	3.984846577992e-08	16	ACP5
1.37606338455514e-11	0.282943984719312	0.538	0.585	4.12819015366542e-08	16	ATP6V1A
1.43100977540918e-11	-0.318458317351698	0.724	0.749	4.29302932622753e-08	16	BCAS2
2.81796712835965e-11	0.411802649623712	0.626	0.695	8.45390138507895e-08	16	KLF10
9.52854490309147e-11	-0.738265979254897	0.498	0.445	2.85856347092744e-07	16	CCL4L2
1.22039046646905e-10	0.388733455690982	0.633	0.724	3.66117139940716e-07	16	PELI1
3.42245086107134e-10	-0.271943137997027	0.103	0.458	1.0267352583214e-06	16	TNFSF9
3.64272261218418e-10	0.325741616741035	0.38	0.427	1.09281678365525e-06	16	MARCO
3.93357717600744e-10	0.367187544278811	0.482	0.492	1.18007315280223e-06	16	FNIP2
1.11815290207324e-09	0.25513507983798	0.723	0.767	3.35445870621971e-06	16	XAF1
1.1767819688785e-09	0.268468594874529	0.657	0.835	3.5303459066355e-06	16	MT1E
1.75074759916882e-09	-0.399199762741661	0.796	0.822	5.25224279750648e-06	16	ARL6IP1
5.92144970514517e-09	-0.374985216429422	0.999	0.994	1.77643491154355e-05	16	PTMA
1.29046956567216e-08	0.371800964276632	0.539	0.622	3.87140869701647e-05	16	PAK1
1.35007310561821e-08	-0.313070073734338	0.666	0.557	4.05021931685464e-05	16	DNAJB4
5.06594211728991e-08	-0.301389404572773	0.461	0.54	0.000151978263518697	16	CISH
1.97292287520464e-07	-0.400862248593342	0.53	0.605	0.000591876862561393	16	TPST2
3.11836542469572e-07	0.281122691936182	0.535	0.585	0.000935509627408715	16	APP
4.205622316102e-07	-0.457519670032579	0.598	0.659	0.0012616866948306	16	AES
9.71269599490942e-07	-0.369107138817667	0.584	0.614	0.00291380879847283	16	PELO
1.90632677865527e-06	-0.281178206858456	0.702	0.744	0.00571898033596582	16	G3BP2
2.78111984054387e-06	0.604639705819506	0.518	0.717	0.00834335952163162	16	RBM47
2.84685115232731e-06	0.512082155179904	0.445	0.369	0.00854055345698193	16	CCR1
4.31187636509791e-06	-0.263737644297545	0.684	0.789	0.0129356290952937	16	ITGB1
1.07844012751737e-05	-0.315661661125385	0.497	0.48	0.0323532038255211	16	SNORA78
1.16586875182388e-05	-0.69700684187164	0.266	0.403	0.0349760625547165	16	CCL4L1
1.29874534647682e-05	-0.340504212418046	0.96	0.9	0.0389623603943047	16	IER2
1.4065403830359e-05	0.258398519811984	0.405	0.037	0.042196211491077	16	CEACAM3
