gene	p_val	avg_log2FC	pct.1	pct.2	p_val_adj
GZMB	0	0.968816328174489	0.958	0.788	0
NKG7	0	1.4043111822113	0.957	0.825	0
GZMH	0	1.47373500515159	0.877	0.654	0
TNFSF13B	0	-0.315553539807769	0.905	0.971	0
CST7	0	1.12072592989022	0.967	0.886	0
PRF1	1.18518203749334e-278	0.986522777782525	0.909	0.799	3.55554611248003e-275
EIF4EBP1	1.84720520943545e-273	0.337141993261576	0.914	0.804	5.54161562830636e-270
IKZF2	4.55493207192231e-251	0.409189066423954	0.894	0.821	1.36647962157669e-247
CCL5	7.92802762366833e-234	0.752674864508726	0.987	0.851	2.3784082871005e-230
CCL4	2.39763318910737e-221	1.18449343623854	0.898	0.687	7.1928995673221e-218
MAL	2.67661653904323e-207	-0.474352149176973	0.929	0.926	8.0298496171297e-204
CCR7	7.12628544394019e-207	-0.578980010758035	0.707	0.894	2.13788563318206e-203
LITAF	2.08364276939627e-201	0.933093868636172	0.919	0.881	6.25092830818881e-198
SPAG16	1.92358151748261e-200	0.272135340020284	0.828	0.725	5.77074455244782e-197
CTSW	5.82147164579235e-189	0.820357178200752	0.908	0.823	1.74644149373771e-185
GZMA	7.18049516708554e-184	0.528794994383059	0.951	0.845	2.15414855012566e-180
FXYD1	5.55113185112034e-182	-0.316422501087053	0.383	0.637	1.6653395553361e-178
AOAH	2.40918793343358e-176	0.917788998878344	0.785	0.647	7.22756380030073e-173
GTF2I	1.27033064102065e-175	0.31652074992614	0.85	0.768	3.81099192306194e-172
BIRC3	2.51091628428413e-174	-0.572729363741185	0.553	0.801	7.5327488528524e-171
JARID2	1.43802618125422e-173	-0.279785713781248	0.413	0.683	4.31407854376267e-170
FGFBP2	1.38774880406427e-169	1.08889557895247	0.72	0.529	4.16324641219281e-166
LTB	6.1056764552651e-168	-1.0527736811717	0.839	0.936	1.83170293657953e-164
BZW2	8.33171924556446e-168	0.261467694115326	0.873	0.783	2.49951577366934e-164
TNFSF8	6.29729568099608e-162	-0.412861259431008	0.406	0.667	1.88918870429882e-158
CARS	1.29954975290017e-158	0.301891373476292	0.807	0.693	3.89864925870052e-155
MAN2B1	3.05526962630851e-158	-0.269428583754811	0.456	0.759	9.16580887892553e-155
CRTAM	3.24253955750137e-158	0.313998066459587	0.764	0.599	9.72761867250412e-155
CCL3	1.05937262165558e-157	0.774050100523722	0.79	0.631	3.17811786496673e-154
TNFRSF4	7.54234346373669e-146	-0.468376649618396	0.833	0.889	2.26270303912101e-142
ATOX1	9.06326213479197e-144	0.574538621169056	0.893	0.83	2.71897864043759e-140
IL7R	1.29171152391001e-132	-0.934719724692351	0.819	0.92	3.87513457173002e-129
SMS	7.58428381902296e-132	0.382310651077215	0.891	0.807	2.27528514570689e-128
LEF1	1.42864418221626e-131	-0.524542150273942	0.68	0.804	4.28593254664877e-128
SKAP2	6.0839520404208e-119	0.272250327604905	0.802	0.689	1.82518561212624e-115
CFAP97	2.87793772273315e-118	-0.258083263209379	0.462	0.702	8.63381316819946e-115
FCGR3A	4.85221899333472e-117	1.12843062765976	0.613	0.421	1.45566569800042e-113
TNFRSF25	5.06052588827666e-117	-0.322250568780475	0.557	0.771	1.518157766483e-113
CCT5	3.35652188978916e-116	-0.285673535221434	0.536	0.807	1.00695656693675e-112
PPIA	3.3814852817068e-113	0.493772251516145	0.996	0.988	1.01444558451204e-109
ACTB	2.69332797883745e-111	0.523119697071786	1	0.999	8.07998393651236e-108
CCND2	1.49809072398206e-110	0.499358081771814	0.806	0.691	4.49427217194618e-107
AQP3	4.98421029762612e-110	-0.515634300359212	0.763	0.813	1.49526308928784e-106
PAG1	5.49269410225517e-108	-0.407473591275927	0.395	0.594	1.64780823067655e-104
KLRG1	3.89079371872796e-107	0.739781856567753	0.748	0.66	1.16723811561839e-103
GSTO1	5.46922338508379e-106	0.35056107632398	0.895	0.826	1.64076701552514e-102
MAP3K8	1.31627094597412e-104	0.604946663300215	0.747	0.66	3.94881283792237e-101
RTN4	6.114786497172e-103	0.656767741203462	0.849	0.805	1.8344359491516e-99
NFKBIA	1.39119747385671e-102	-0.877502979781464	0.946	0.977	4.17359242157013e-99
TPST2	7.55481916867145e-99	0.77122559633786	0.738	0.622	2.26644575060144e-95
CMC1	1.36477738819443e-98	0.508787559755611	0.788	0.678	4.09433216458329e-95
RPLP0	8.19463481971828e-97	-0.493537806535989	0.997	0.996	2.45839044591548e-93
USP11	1.52268952517863e-95	0.290829952138466	0.827	0.743	4.56806857553589e-92
COMT	6.88216606747112e-93	0.262915721409737	0.871	0.815	2.06464982024134e-89
PFN1	3.3250893973461e-91	0.291654223622324	0.998	0.99	9.97526819203831e-88
TNFRSF1B	4.38926797049628e-91	0.624707573502538	0.841	0.779	1.31678039114888e-87
NELL2	5.3483256084842e-91	-0.330271413612502	0.562	0.751	1.60449768254526e-87
ATP6V0D1	3.52618390321027e-90	0.357250532518347	0.864	0.83	1.05785517096308e-86
STAT1	3.84326671671637e-90	-0.30906210984334	0.7	0.894	1.15298001501491e-86
ATP1B3	8.39200122868725e-90	0.376374826546047	0.808	0.75	2.51760036860618e-86
TARSL2	9.8974425718544e-89	-0.301523185559069	0.508	0.725	2.96923277155632e-85
TMEM14C	2.15214096943123e-88	-0.323770155949317	0.804	0.834	6.45642290829368e-85
SRRT	2.16902938305708e-88	0.316894160875222	0.787	0.694	6.50708814917123e-85
CD28	3.11174507776217e-88	-0.319203434877156	0.575	0.767	9.33523523328652e-85
PPP1R15A	5.27606697650907e-87	-0.700110605411075	0.82	0.923	1.58282009295272e-83
CLEC2B	3.40337564943495e-86	0.470930256820015	0.923	0.89	1.02101269483048e-82
MT1E	3.06485005579507e-85	0.461611083006739	0.904	0.896	9.19455016738522e-82
CTLA4	4.08317227110666e-85	-0.372909204096746	0.933	0.925	1.224951681332e-81
APOBEC3G	5.29750230752858e-85	0.396561676392945	0.893	0.811	1.58925069225857e-81
KDELR2	2.30977815434122e-84	0.314599755749614	0.875	0.834	6.92933446302366e-81
CX3CR1	1.1962577548011e-83	0.625006709510181	0.597	0.394	3.58877326440331e-80
NFKBIZ	4.04192556263211e-83	-0.413533878839031	0.532	0.753	1.21257766878963e-79
TNFRSF18	6.26414859225051e-83	-0.354254318231808	0.883	0.903	1.87924457767515e-79
MATK	3.60420087686395e-82	0.443006030007734	0.703	0.575	1.08126026305919e-78
LGALS1	1.55694303386108e-79	0.490128438956239	0.883	0.781	4.67082910158323e-76
LAIR2	7.46162232623522e-79	0.309004504823649	0.805	0.844	2.23848669787057e-75
FOSB	2.67052912468526e-78	-0.513787585181205	0.6	0.78	8.01158737405577e-75
RPS8	8.17575431524316e-76	-0.456932144406795	1	0.999	2.45272629457295e-72
PTGDS	1.56572921223038e-75	0.790702879574947	0.627	0.497	4.69718763669115e-72
PPA1	4.79909436448802e-72	-0.262772094916689	0.79	0.904	1.4397283093464e-68
CTSB	1.06661571297758e-71	-0.276612777042585	0.694	0.855	3.19984713893273e-68
SGK1	1.47243685062471e-71	-0.387946273532499	0.711	0.767	4.41731055187412e-68
SH2D1A	1.48428597187424e-71	0.434141445710413	0.842	0.767	4.45285791562273e-68
LILRB1	1.52121762631999e-71	0.478655207230431	0.634	0.469	4.56365287895997e-68
APLP2	6.85902610603057e-71	0.275153929798529	0.708	0.609	2.05770783180917e-67
CPNE3	1.7349645329646e-69	0.403803682448599	0.847	0.824	5.2048935988938e-66
PFKFB3	5.76901507529718e-69	-0.30678224783158	0.472	0.663	1.73070452258915e-65
CCL4L2	2.65250828805e-65	0.567095192416661	0.635	0.461	7.95752486414999e-62
C12orf75	6.52588393670485e-65	0.494885996265076	0.797	0.748	1.95776518101145e-61
ID2	1.38510005009779e-62	0.406090909400772	0.856	0.78	4.15530015029338e-59
CDKN1A	2.13394572730752e-62	-0.398289494244551	0.514	0.683	6.40183718192255e-59
TNFAIP3	7.54792431386707e-62	-0.60758805268943	0.927	0.952	2.26437729416012e-58
PIM1	1.46665139116424e-61	-0.386176891696421	0.559	0.732	4.39995417349272e-58
GPX4	2.89476739167473e-61	-0.552784237100925	0.688	0.84	8.68430217502418e-58
LDHA	7.9830276039127e-61	-0.500792296067596	0.843	0.964	2.39490828117381e-57
HSP90B1	1.02762372016367e-60	0.541080232601463	0.906	0.87	3.08287116049101e-57
RAPGEF6	3.3052516600036e-60	-0.314544686632883	0.418	0.589	9.91575498001081e-57
NR4A2	1.58215596144774e-58	0.479218052706688	0.826	0.753	4.74646788434323e-55
ATP5G3	1.60438346613792e-58	0.416487972634665	0.958	0.95	4.81315039841376e-55
RUNX3	1.87464547432767e-58	0.312999287705985	0.793	0.7	5.62393642298301e-55
TIMP1	2.7988114226272e-58	-0.297864443904856	0.627	0.784	8.39643426788159e-55
NAP1L1	1.1114255126377e-57	-0.378085914105629	0.686	0.843	3.33427653791311e-54
CDK2AP2	2.91549820653582e-57	0.407725890384213	0.856	0.804	8.74649461960745e-54
GSTP1	1.56074347049834e-56	0.349340372311789	0.896	0.87	4.68223041149503e-53
CCR6	1.56949496575081e-56	-0.280269149647322	0.774	0.776	4.70848489725244e-53
AGTRAP	1.64785675614413e-56	0.264500168532555	0.759	0.703	4.9435702684324e-53
UCP2	9.9358171608109e-56	0.404694620742359	0.926	0.924	2.98074514824327e-52
CD69	1.09054754533554e-54	-0.552100268536802	0.966	0.976	3.27164263600663e-51
EMP3	1.40078731176385e-54	0.32331402272644	0.918	0.861	4.20236193529155e-51
CARD16	7.92044381596755e-54	0.350524832137861	0.914	0.868	2.37613314479026e-50
DNAJB1	2.77624062627502e-53	-0.67820793395657	0.942	0.959	8.32872187882505e-50
HSPA1B	3.23963450666698e-53	-0.61997404690957	0.803	0.898	9.71890352000093e-50
DUSP1	5.42331040029788e-53	-0.455324480746807	0.904	0.931	1.62699312008936e-49
EEF1A1	1.8504551930687e-52	-0.266488852904504	1	1	5.5513655792061e-49
CCT6A	6.4442681646984e-51	0.401145287286304	0.852	0.85	1.93328044940952e-47
LYAR	6.57315068742793e-51	0.473951931024133	0.762	0.719	1.97194520622838e-47
SH2D2A	9.48960889261399e-51	0.431150857938924	0.886	0.875	2.8468826677842e-47
DNPH1	8.58510935250348e-50	-0.261088520538798	0.971	0.96	2.57553280575104e-46
FLNA	4.08542647620508e-47	0.466773368533716	0.774	0.737	1.22562794286152e-43
PLEK	1.05490009765453e-46	0.684421472250003	0.684	0.651	3.16470029296359e-43
KLRF1	1.3723221638822e-46	0.518626124115808	0.592	0.478	4.11696649164659e-43
TOB1	5.79857889647482e-45	-0.359228715624011	0.651	0.82	1.73957366894245e-41
CH25H	8.8059880117838e-45	-0.333052994231183	0.749	0.768	2.64179640353514e-41
ITGB2	1.23213740688248e-44	0.268808762032337	0.853	0.826	3.69641222064744e-41
CTSS	3.55000984200778e-44	0.359147597825923	0.83	0.772	1.06500295260233e-40
LDHB	5.33806955432087e-44	-0.446470710557811	0.958	0.982	1.60142086629626e-40
CTSC	9.45541450563965e-44	0.303655066094607	0.878	0.879	2.83662435169189e-40
HSPA5	3.98118338718131e-43	0.395957486009977	0.883	0.853	1.19435501615439e-39
RBPJ	2.0094379785223e-42	-0.325029148905256	0.753	0.838	6.0283139355669e-39
S100A4	4.85578890066103e-42	0.263339013061626	0.977	0.975	1.45673667019831e-38
ZFP36	1.19158233999179e-41	-0.45516175461441	0.988	0.989	3.57474701997538e-38
LINC00152	2.45773893647765e-41	-0.448592800017136	0.653	0.846	7.37321680943296e-38
GZMK	5.34475161087684e-41	0.280231626560365	0.839	0.782	1.60342548326305e-37
DBI	2.36646389826931e-40	0.348918100132063	0.902	0.908	7.09939169480793e-37
SPON2	1.9248354978976e-38	0.506179225806892	0.649	0.636	5.7745064936928e-35
GPR183	2.69675738924538e-38	-0.45234984001997	0.791	0.793	8.09027216773613e-35
G3BP2	1.02378735678073e-36	-0.269892924850431	0.605	0.755	3.0713620703422e-33
HSPA1A	1.90976671463876e-35	-0.562523223274957	0.789	0.88	5.72930014391628e-32
ADRB2	3.9111373684132e-35	0.504188010753429	0.561	0.445	1.17334121052396e-31
BAX	9.6033642457682e-35	-0.324925913739735	0.607	0.767	2.88100927373046e-31
ZEB2	2.52618561165837e-34	0.688096697460771	0.608	0.548	7.5785568349751e-31
ACP5	5.47543537335442e-34	-0.257907842574531	0.918	0.898	1.64263061200632e-30
SLAMF1	5.06681022999402e-33	-0.255161337470141	0.569	0.652	1.52004306899821e-29
BCAS2	5.58260709713311e-33	0.272522502435386	0.817	0.771	1.67478212913993e-29
KLF2	7.558353901783e-33	0.25187040231041	0.75	0.714	2.2675061705349e-29
TAGAP	1.79763855273379e-32	0.355936678502064	0.871	0.803	5.39291565820136e-29
PRDM1	7.2361515273286e-32	0.383609221956078	0.897	0.856	2.17084545819858e-28
FLT3LG	1.51105003002954e-31	-0.40387255890856	0.644	0.738	4.53315009008863e-28
PTPN6	2.06632845411306e-30	0.253598476197463	0.831	0.788	6.19898536233918e-27
TMEM2	5.64502237687203e-30	0.289363270055236	0.789	0.739	1.69350671306161e-26
BATF	1.77601186746713e-29	-0.496797279504873	0.732	0.833	5.32803560240138e-26
SOCS3	8.12494155068132e-29	-0.332549031887264	0.714	0.777	2.4374824652044e-25
IGFLR1	1.16111306333515e-28	-0.296025296107434	0.694	0.812	3.48333919000546e-25
TSPYL2	3.7827018483739e-28	-0.292549071881187	0.702	0.802	1.13481055451217e-24
FOS	4.0043541295413e-28	-0.384175599793394	0.992	0.987	1.20130623886239e-24
H2AFZ	2.77198719631646e-27	-0.400414367190541	0.709	0.838	8.31596158894939e-24
JUNB	5.20143690377389e-27	-0.276211606788365	0.991	0.988	1.56043107113217e-23
S100A11	9.74252480660609e-27	-0.483104127016498	0.912	0.95	2.92275744198183e-23
NOSIP	1.26085842503379e-26	-0.376179899391771	0.747	0.821	3.78257527510136e-23
PELO	1.94333219915194e-26	-0.335365740312087	0.577	0.665	5.82999659745581e-23
BTG2	2.29509249866022e-26	-0.490696727300664	0.917	0.919	6.88527749598067e-23
CXCL13	7.81299439671214e-26	-0.648234430423684	0.841	0.864	2.34389831901364e-22
MTSS1	1.03981138270425e-25	0.252585422414008	0.598	0.54	3.11943414811274e-22
PTGER4	1.15648108485942e-24	-0.315911337535816	0.602	0.697	3.46944325457826e-21
KLRK1	1.42370537248484e-24	0.272413240960435	0.633	0.544	4.27111611745451e-21
P2RY8	3.69891727734438e-24	0.355053216618908	0.729	0.729	1.10967518320331e-20
TMEM173	4.05011878826014e-24	-0.258287080241017	0.761	0.848	1.21503563647804e-20
CST3	7.20341541137335e-24	0.283696411194806	0.463	0.589	2.161024623412e-20
ALOX5AP	7.89221224902947e-23	-0.380372407792684	0.81	0.89	2.36766367470884e-19
CDC25B	2.33924355068433e-22	0.303238413712856	0.67	0.633	7.01773065205298e-19
PHLDA1	5.13416564317024e-22	-0.458186912071158	0.586	0.653	1.54024969295107e-18
ISG15	3.40030921388017e-21	-0.266813629779859	0.778	0.87	1.02009276416405e-17
AREG	3.70947460558114e-21	-0.501637635792393	0.699	0.699	1.11284238167434e-17
KLF6	5.62445677779963e-21	-0.424441293212474	0.968	0.967	1.68733703333989e-17
TSPO	6.34130240986064e-21	-0.423676519058813	0.837	0.883	1.90239072295819e-17
S1PR5	1.43696087067624e-20	0.678299576261174	0.555	0.458	4.31088261202872e-17
HMGN3	4.34207298152502e-20	0.251660176722033	0.768	0.755	1.30262189445751e-16
CAPG	5.8400979017323e-19	-0.407400323960238	0.642	0.686	1.75202937051969e-15
FAM65B	5.15012260202101e-18	0.424374944175982	0.76	0.756	1.5450367806063e-14
PRSS23	2.92048070576235e-17	0.279129800817296	0.483	0.553	8.76144211728705e-14
LOC284454	3.3139939741597e-16	-0.281765172790397	0.65	0.676	9.94198192247911e-13
VIM	4.00832153868713e-16	-0.297165025054659	0.992	0.989	1.20249646160614e-12
AMICA1	1.0076381417991e-15	-0.38982850404829	0.759	0.736	3.02291442539729e-12
GPR56	3.56896224659987e-15	0.507553933483996	0.561	0.502	1.07068867397996e-11
HMGB1	5.46219430260798e-15	-0.3598377509604	0.911	0.959	1.63865829078239e-11
TRAT1	9.67582959822334e-15	-0.340774184988982	0.782	0.809	2.902748879467e-11
SH3BP5	3.22668933827432e-14	0.343898362461523	0.669	0.673	9.68006801482296e-11
ICOS	5.12370199077365e-14	-0.356431248822749	0.647	0.677	1.53711059723209e-10
HMGN2	1.14296372467787e-13	-0.333796284905882	0.777	0.862	3.42889117403361e-10
KLRC1	1.25121458518783e-13	-0.509855426629193	0.694	0.596	3.75364375556349e-10
PPP1R2P9	1.25990393193019e-13	-0.279541274306578	0.734	0.583	3.77971179579056e-10
ZNF683	1.83833243272172e-13	-0.336823890277684	0.606	0.471	5.51499729816515e-10
CD40LG	2.64211583463582e-13	-0.478778476977956	0.547	0.583	7.92634750390746e-10
PABPC1	2.50978269624117e-12	-0.266685469900842	0.982	0.987	7.52934808872352e-09
NCR3	3.74302877674485e-12	0.26071302473657	0.655	0.676	1.12290863302346e-08
HERPUD1	9.18363877289474e-12	-0.274724757380653	0.83	0.892	2.75509163186842e-08
EFHD2	9.73756446474726e-11	0.39312374050544	0.597	0.614	2.92126933942418e-07
SPRY1	1.08807803021652e-10	-0.267604547311038	0.721	0.569	3.26423409064957e-07
DUSP4	1.37151021437477e-10	-0.38317316045216	0.921	0.826	4.11453064312432e-07
TARP	8.45968639043672e-10	0.308237164611266	0.471	0.51	2.53790591713102e-06
ANKRD28	1.66175502841918e-09	-0.287417727692237	0.549	0.609	4.98526508525755e-06
SSR4	5.74806137216953e-09	-0.32634498021154	0.876	0.939	1.72441841165086e-05
TUBA1A	6.96648120703374e-09	-0.312313774930476	0.795	0.839	2.08994436211012e-05
MIF	1.10782309251538e-08	-0.306016169936141	0.964	0.977	3.32346927754614e-05
FCRL6	8.40761180742496e-07	0.271703218687199	0.439	0.403	0.00252228354222749
UBC	3.55675789184804e-06	-0.300440284125969	0.975	0.974	0.0106702736755441
SOCS1	4.199852967019e-06	-0.318893439105844	0.415	0.497	0.012599558901057
FGR	1.03206723877997e-05	0.303464849064197	0.478	0.496	0.0309620171633991
RGS1	1.61638803223506e-05	-0.624624284219335	0.969	0.952	0.0484916409670517
