gene	p_val	avg_log2FC	pct.1	pct.2	p_val_adj
LOC101929876	1.08840777827498e-111	1.36924181971891	0.977	0.681	3.34435058030554e-107
RPL21	1.13855223541805e-111	1.33637805699255	0.983	0.565	3.49842945376906e-107
MT2A	8.96155088537972e-109	2.37915733225618	0.832	0.363	2.75361574055063e-104
RPS26	1.20004845183422e-100	0.875928245913157	0.998	0.932	3.68738887795102e-96
SRGN	2.07840558117151e-90	1.10168840701741	0.991	0.919	6.3863168292657e-86
EEF1A1	1.11491731490585e-87	0.542530311905695	1	1	3.4258064335112e-83
IFITM2	1.02852008319811e-86	-1.76276238912346	0.653	0.915	3.16033365964283e-82
FKBP5	2.78830133665516e-72	1.25154326899869	0.888	0.511	8.5676135171403e-68
TMSB10	7.3225727257054e-72	-0.932669355477366	0.994	0.998	2.2500069214275e-67
ENTPD1	4.65579109423703e-71	-4.84665043544573	0.021	0.417	1.43058492952621e-66
RPL36A	2.4666700926726e-65	0.883059767156136	0.967	0.786	7.57933719375511e-61
RPL21P28	3.20218957062617e-65	1.08829508469443	0.688	0.191	9.83936789366304e-61
RPS12	1.64571464058819e-60	-0.618946497863256	0.997	0.994	5.05678737613533e-56
NPM1	4.15424107612689e-59	0.84240530221577	0.945	0.72	1.27647365546151e-54
HLA-J	1.23090191781043e-57	-8.34981803413972	0.006	0.329	3.7821923228561e-53
LOC100996809	4.00871209755478e-57	-5.09757466770075	0.027	0.361	1.23175696621566e-52
PFN1	5.98005312799717e-53	-0.674326292817576	0.988	0.992	1.83749092463969e-48
SARAF	8.68197983450512e-53	0.71608520242664	0.991	0.878	2.66771194374839e-48
FAM134B	1.20951881461356e-50	2.58880054791376	0.374	0.077	3.71648846166307e-46
UQCRB	1.25644937555063e-48	0.976493821505917	0.871	0.556	3.86069199625441e-44
GNLY	2.38953929078604e-48	-5.91440422745781	0.052	0.353	7.34233737879827e-44
CRIP1	9.8477911308166e-46	-1.20330765084539	0.885	0.909	3.02593078076602e-41
S100A4	1.45867209317854e-45	-0.78977890316246	0.952	0.958	4.48206174070971e-41
HNRNPA1	5.7403049335999e-45	0.618475058666632	0.979	0.854	1.76382349694724e-40
FYN	7.03340537530438e-44	1.18018144307688	0.691	0.367	2.16115446966978e-39
RNR1	8.03793822393559e-43	0.929817220013144	0.998	0.891	2.46981727806869e-38
RPS13	1.79793157626307e-41	0.434928842772305	0.994	0.957	5.52450435438353e-37
RNR2	6.74702956415802e-41	0.620749883774357	1	0.98	2.07315977417883e-36
EMP3	2.03211170576735e-39	-2.00617490866319	0.289	0.556	6.24406963831135e-35
CORO1A	6.89135156261035e-39	-0.807744850455999	0.809	0.889	2.11750559464328e-34
ICA1	9.95454817000844e-39	1.77681296452295	0.38	0.11	3.05873401619849e-34
NBL1	1.07387146248664e-38	1.82981437458375	0.32	0.07	3.29968484278271e-34
PNRC1	8.06974634166756e-38	0.69085100799308	0.945	0.752	2.47959095840419e-33
NAP1L4	2.74386456906756e-37	1.06580476798382	0.702	0.397	8.4310726613739e-33
RPS29	3.40029533682729e-37	0.386589781297224	0.997	0.977	1.04480874814692e-32
PABPC1	3.42797218754158e-37	0.621761871526991	0.958	0.73	1.0533130140659e-32
MT1E	5.29671388640714e-37	2.39514606422399	0.303	0.07	1.62752127587632e-32
AREG	1.88890205075116e-36	1.74945092043541	0.353	0.099	5.80402933134308e-32
TMSB4X	3.32985552263546e-36	-0.397306818657343	1	1	1.0231647064402e-31
SYTL3	3.93006575652281e-36	1.3176225865176	0.548	0.249	1.20759130500676e-31
RPS16	1.69131630241685e-35	0.526891382356217	0.974	0.879	5.19690760243626e-31
RPL12	2.30206919956548e-35	0.351015003105347	0.998	0.988	7.07356802950486e-31
SNX9	4.62271342940686e-35	1.07130592719413	0.658	0.361	1.42042115545384e-30
PIK3IP1	1.35972515369696e-34	0.903143280999349	0.744	0.44	4.17802747976466e-30
RPL6	2.37285892776626e-34	0.397078478856224	0.994	0.964	7.29108362734738e-30
S100A6	1.0159241137302e-33	-1.02762008623574	0.805	0.857	3.12163002425878e-29
ND4	1.44123545620001e-33	0.498344457740745	0.995	0.824	4.42848418626578e-29
GEM	4.55012825616376e-33	1.53294517725189	0.439	0.167	1.39811790927144e-28
SH3BGRL3	2.83169263390072e-32	-0.502309215099476	0.985	0.987	8.70094195618674e-28
RPL39	5.15442357400625e-32	0.284051054542022	0.998	0.994	1.5837997315849e-27
RPS3A	6.77096855492217e-32	0.361635784251951	0.998	0.965	2.08051550787093e-27
IPCEF1	1.25524631870609e-31	1.5841683278612	0.338	0.104	3.85699536348819e-27
PCED1B-AS1	1.65711016469431e-31	-1.50100875040241	0.432	0.626	5.09180240305621e-27
DDX5	3.03447664250586e-31	0.575950921618567	0.973	0.805	9.32403637942776e-27
MT1L	3.42554430587849e-31	4.16097255749449	0.165	0.012	1.05256699886728e-26
LY6E	5.3241006239994e-31	-1.11121613283903	0.636	0.773	1.63593639873629e-26
NR4A2	7.85262006595125e-31	1.08037570997499	0.567	0.275	2.41287456766484e-26
ZFP36	1.66224782240607e-30	0.667421707540304	0.948	0.766	5.10758888390714e-26
CD7	8.9677307156529e-30	0.774331845953406	0.935	0.785	2.75551461699867e-25
MYL6	9.33901070598294e-30	-0.535896835073101	0.952	0.95	2.86959781962738e-25
PSPH	1.46251487415283e-28	1.38194611374395	0.394	0.156	4.49386945380939e-24
TOX	3.64943538818202e-28	0.924129894602393	0.58	0.299	1.12136201172669e-23
FABP5	8.06258103658258e-28	0.96583579653708	0.514	0.244	2.47738927511073e-23
TIMP1	1.1666991112259e-27	-2.39533053451798	0.097	0.32	3.58491635906382e-23
CKLF	1.50373268934323e-27	-1.28610538360412	0.6	0.688	4.62051943454496e-23
DNAJA1	2.60852830234089e-27	0.786507237750962	0.8	0.579	8.01522491460284e-23
RPS23	2.76083897482184e-27	0.323019198526244	1	0.971	8.48322991793507e-23
TGIF1	3.861311438898e-27	0.981261741316303	0.555	0.286	1.18646516583019e-22
GPR171	2.06613458581069e-26	1.01084496424216	0.418	0.174	6.3486117418205e-22
HERPUD1	2.7298230901742e-26	0.68928888191668	0.738	0.463	8.38792740917826e-22
AGPAT5	3.85100960244191e-26	1.37224275438051	0.333	0.114	1.18329972054233e-21
CACYBP	3.86027066308101e-26	0.754660534439738	0.727	0.465	1.1861453666449e-21
GNG4	3.91750934481299e-26	1.67753331960437	0.238	0.055	1.20373309638069e-21
PCBP2	5.76945112136252e-26	0.410460090961287	0.973	0.877	1.77277924606106e-21
HSPE1	6.8274122328986e-26	0.671390149447717	0.794	0.543	2.09785895680275e-21
NUGGC	2.94706720135335e-25	2.90745628180977	0.133	0.009	9.05545338959844e-21
SMAP2	8.5782939466896e-25	0.926998356998972	0.471	0.222	2.63585238099931e-20
PDCD4	8.64113087091501e-25	0.762830414059113	0.618	0.361	2.65516028270605e-20
NR3C1	1.35794545516398e-24	0.586013755508563	0.926	0.723	4.17255900008238e-20
AHI1	2.44279725074254e-24	1.22717050635483	0.352	0.138	7.50598311235661e-20
CBLB	2.65408469333566e-24	0.851085794329018	0.645	0.394	8.15520603721248e-20
RPS3	3.50460585909218e-24	0.268385890901899	1	0.987	1.07686024232325e-19
HLA-DRB5	7.81581173982127e-24	-6.1870456959579	0.003	0.148	2.40156447329488e-19
PTPN13	1.10196263114712e-23	1.28264499899191	0.405	0.182	3.38600057672575e-19
TPT1	1.63277999618039e-23	0.342676458314768	0.997	0.966	5.01704309426349e-19
TOX2	2.15031467028856e-23	0.896153013969802	0.523	0.291	6.60727188739565e-19
RPS26P11	2.40729612402472e-23	1.60463187624573	0.253	0.075	7.39689880029074e-19
S100A11	3.96236486386733e-23	-0.81385849527513	0.833	0.842	1.21751585172052e-18
GPR56	6.86016271452729e-23	1.24985626809509	0.397	0.177	2.1079221972928e-18
H2AFZ	7.57003845370877e-23	0.842289979671953	0.821	0.613	2.32604571567109e-18
RPL30	9.87506349680415e-23	0.270119845993233	1	0.992	3.03431076066301e-18
CCSER2	1.22596023386959e-22	1.09454083828073	0.453	0.229	3.76700801061108e-18
HSPA5	2.13088543514983e-22	0.853061596900779	0.583	0.336	6.5475716765849e-18
MYL12A	4.70687274999411e-22	-0.55023635715517	0.9	0.881	1.44628078989069e-17
TGFBR3	5.39260002862564e-22	1.89635844865344	0.239	0.072	1.6569842107958e-17
RPL34	7.02105404169037e-22	0.261275773410065	0.998	0.986	2.1573592753902e-17
CREM	1.89930934728472e-21	0.912907364300742	0.558	0.326	5.83600783140175e-17
IL32	2.87283031048672e-21	-0.521535003380103	0.959	0.967	8.82734569503256e-17
TSC22D3	3.1915654944928e-21	0.381934255991066	0.989	0.905	9.80672329492802e-17
ZBED2	6.58900060952288e-21	0.85030320839189	0.356	0.149	2.0246022172881e-16
RPS2	1.13165264291581e-20	0.307458086919886	0.988	0.933	3.4772290758874e-16
NMB	1.49374047766507e-20	1.05497865754194	0.347	0.146	4.58981636572145e-16
ADARB2	1.53193694052657e-20	-4.32637277019877	0.003	0.129	4.707182637156e-16
PFKFB3	3.0131636195429e-20	0.862415659550813	0.452	0.23	9.25854785376947e-16
HSP90AB1	4.56907815135492e-20	0.487606717570522	0.935	0.766	1.40394064356683e-15
RPS21	6.55661629712153e-20	0.266275751841966	1	0.979	2.01465148961653e-15
CD52	6.57722337720872e-20	-0.703346298734886	0.874	0.868	2.02098342711492e-15
ND4L	9.84059538022715e-20	0.362251302637346	0.995	0.87	3.0237197424824e-15
RPS18P9	1.12412975323683e-19	0.807852094661042	0.479	0.26	3.4541134927708e-15
RPL15	1.17913333585797e-19	0.281805476079485	0.995	0.96	3.62312300109079e-15
TYMP	1.94451653518291e-19	-1.30057131788886	0.397	0.563	5.97491595765652e-15
KCNK5	2.32320360769534e-19	2.24897242281955	0.174	0.042	7.13850772536548e-15
RPL35A	4.74762204248837e-19	0.253222593438668	0.998	0.971	1.4588018249954e-14
SLA	6.23290680018003e-19	0.534732849461596	0.736	0.509	1.91518527249132e-14
CD200	8.12609170248583e-19	1.09793519631788	0.317	0.132	2.49690419742282e-14
CTSC	1.57790761721275e-18	-1.24836110185237	0.415	0.551	4.84843673540962e-14
RGS2	2.47205508419202e-18	0.694534605035295	0.694	0.463	7.59588365719681e-14
RPL32	2.48427166203109e-18	0.206263469722371	0.995	0.993	7.63342153592292e-14
UQCR11	3.60765602974395e-18	-0.598118904671037	0.836	0.856	1.10852446825942e-13
EIF4B	6.45068725180175e-18	0.734494827383274	0.668	0.455	1.98210267186112e-13
RPS27A	8.672347223302e-18	0.222045705451282	1	0.983	2.664752131304e-13
CFL1	9.50023429135442e-18	-0.381746707276086	0.974	0.962	2.91913699070447e-13
ALOX5AP	1.31505623878581e-17	0.4957129942241	0.938	0.813	4.04077330491715e-13
RPL17	1.56106009781245e-17	-1.33365159378192	0.621	0.696	4.79666936254831e-13
HLA-A	2.10398848101324e-17	-0.263522568251585	1	0.997	6.46492540560938e-13
C12orf75	2.23633947430979e-17	-2.07024608008977	0.17	0.333	6.87160030271168e-13
PDE7B	2.28491062316833e-17	0.524587604257411	0.35	0.154	7.02084487180932e-13
SMCO4	3.12375974153825e-17	0.858809252365979	0.374	0.184	9.5983765578246e-13
ATP8A1	3.41428019832143e-17	0.852891593322619	0.309	0.133	1.04910587653823e-12
GRAMD1A	4.53588615041375e-17	0.940069938249856	0.415	0.228	1.39374173743763e-12
RPL5	4.74388465034261e-17	0.296157095202183	0.994	0.946	1.45765343651077e-12
ISG20	7.28012172040967e-17	0.351751875869159	0.77	0.536	2.23696300103028e-12
IFITM1	7.60027148621395e-17	-0.577671187157339	0.879	0.929	2.33533541956896e-12
RPL3	8.33076904524962e-17	0.278516067193404	0.995	0.955	2.55979540453385e-12
EIF5	8.77343145113821e-17	0.592301587430474	0.652	0.433	2.69581228199124e-12
HLA-DRB3	8.8067121845947e-17	1.06669700910297	0.277	0.117	2.70603845296041e-12
RPS9	1.03442983435257e-16	0.259641472552934	0.994	0.962	3.17849255201514e-12
IQGAP2	1.09428575578009e-16	1.03638972917833	0.317	0.146	3.36241184178548e-12
RPL26	1.42436389766554e-16	0.236381286774177	0.997	0.973	4.37664294835692e-12
H3F3A	1.45733009858225e-16	-2.6826165054146	0.148	0.297	4.47793819391369e-12
ITGAE	1.49616515342619e-16	0.626894893279945	0.632	0.41	4.59726666693266e-12
EEF2	2.08306069422033e-16	0.394348154140375	0.936	0.776	6.4006205951308e-12
BAG3	3.58476696556092e-16	0.880859363109383	0.35	0.174	1.10149134550791e-11
RPS8	4.32445003249878e-16	0.249160159482227	0.995	0.976	1.3287737614859e-11
RPS5	4.81488813004394e-16	0.272796924031508	0.986	0.932	1.4794706757186e-11
LRRN3	4.95987593275743e-16	3.2514706733832	0.108	0.016	1.52402107785837e-11
SEMA4D	5.66396784103244e-16	0.623117817376413	0.514	0.314	1.74036739851404e-11
HSPD1	6.31410017654113e-16	0.509625720439989	0.658	0.435	1.94013356124579e-11
GZMM	7.1553765329765e-16	0.597241523416225	0.515	0.306	2.19863254728769e-11
ARPC1B	7.84461817081656e-16	-0.504462927465884	0.845	0.83	2.4104158253468e-11
LEPROTL1	9.12913087180299e-16	0.405274701858326	0.859	0.659	2.80510804297891e-11
CRYBB2P1	1.01470791413245e-15	1.20429224056168	0.214	0.076	3.11789300775479e-11
RPL7	1.07666105353175e-15	0.440634083528418	0.826	0.648	3.30825641918702e-11
RPL8	1.08472688297586e-15	0.25285085275409	1	0.97	3.33304029331994e-11
SNAP47	1.09759727100698e-15	1.06777927521692	0.314	0.152	3.37258713462315e-11
CCNI	1.12676049890052e-15	0.406521876220055	0.929	0.747	3.46219698497164e-11
RPS18	1.18340798919521e-15	0.241367556843614	0.997	0.99	3.63625772840013e-11
COX1	1.50721648363265e-15	0.261433441712381	1	0.994	4.63122408925806e-11
LTB	1.64373846865547e-15	-1.26238458222592	0.52	0.613	5.05071519263766e-11
JUNB	1.79847850271136e-15	0.411600364742156	0.974	0.919	5.5261848952812e-11
RPS27	1.99807303051739e-15	0.178747684757092	1	0.999	6.13947900087077e-11
FOS	2.14144306756397e-15	0.371616857635328	0.964	0.874	6.58001211370381e-11
PSMB9	2.25686001991938e-15	-0.710270997396449	0.78	0.802	6.93465378320628e-11
HSD17B11	2.52326696222796e-15	0.813198426689739	0.329	0.156	7.75324239483785e-11
ANXA2	3.00058868201848e-15	-1.43287302632141	0.283	0.434	9.21990884323818e-11
LGALS1	3.4307138118865e-15	-1.72846432048318	0.197	0.359	1.05415543297837e-10
RGS1	3.83309580719515e-15	0.470170985710573	0.938	0.817	1.17779534867686e-10
TSPYL2	4.87825163661654e-15	0.746380798030085	0.406	0.222	1.49894038038316e-10
EIF3E	5.68312479833155e-15	0.478085281026774	0.698	0.493	1.74625375678334e-10
RPL23A	5.79632864585288e-15	0.297445029116477	0.989	0.897	1.78103790301121e-10
DUSP4	5.90554229028128e-15	0.394287523452393	0.847	0.636	1.81459597953473e-10
ZFP36L2	6.11819542636466e-15	0.218598198628147	0.992	0.862	1.87993790865907e-10
RORA	7.450826660618e-15	0.586558151407639	0.571	0.364	2.28941550800809e-10
SIAH2	8.81867883561503e-15	0.859248439612078	0.341	0.174	2.70971544581943e-10
MYLIP	9.52475251553195e-15	0.965278314523894	0.318	0.16	2.9266707054475e-10
CYBA	1.24538983747478e-14	-0.507114418621458	0.876	0.871	3.82670935360877e-10
EIF3F	1.755154607247e-14	0.441925542999266	0.806	0.601	5.39306356168786e-10
COA1	1.80069213488169e-14	0.776316005638294	0.383	0.205	5.53298672285098e-10
KAT6B	1.9423120516274e-14	1.03691490512129	0.279	0.128	5.96814224103552e-10
PSME2	1.94234534215e-14	-0.888579823084202	0.627	0.682	5.96824453282429e-10
TXNL1	2.08204181867176e-14	0.748398320939714	0.433	0.251	6.3974898962327e-10
EIF1B	2.0981410829223e-14	0.454364662833438	0.556	0.348	6.44695810549534e-10
CD99	2.26479684970463e-14	-0.545740618153456	0.83	0.82	6.95904128008741e-10
BTG2	2.48675922328874e-14	0.512453677634811	0.711	0.502	7.64106506539931e-10
NACA	2.66101030511754e-14	0.28868877643225	0.985	0.903	8.17648636453466e-10
BTN3A2	2.75155679442367e-14	0.771447543570269	0.447	0.268	8.45470856222561e-10
HIPK2	3.13439870055137e-14	1.80131136998861	0.144	0.039	9.63106688718418e-10
IL6ST	3.49505354561942e-14	0.492008943300389	0.576	0.368	1.07392510296248e-09
SRSF2	3.56695613346533e-14	0.419648605019379	0.788	0.581	1.09601861112989e-09
CEBPB	3.89880518742844e-14	0.595474348643961	0.441	0.258	1.19798586994114e-09
UBL5	4.13526487738006e-14	-0.569040926367531	0.841	0.855	1.27064283887257e-09
RAC2	4.3060930274638e-14	-0.39634269123412	0.906	0.886	1.3231332045488e-09
HMOX1	4.91575373982757e-14	1.10498319895686	0.15	0.042	1.51046365163682e-09
RNF19A	5.00027148727465e-14	0.484574561291294	0.639	0.437	1.53643341989488e-09
HNRNPUL1	6.12768688654995e-14	0.561933884084749	0.536	0.348	1.8828543496302e-09
LOC101929216	6.34045732512659e-14	2.80093176207653	0.089	0.012	1.94823232229165e-09
LOC728989	6.6505622116931e-14	-7.71179413342138	0	0.081	2.04351825078694e-09
PARP8	6.8529392262479e-14	0.550080943158214	0.432	0.253	2.10570263604919e-09
WSB1	7.18269664599977e-14	0.527370783045426	0.592	0.382	2.20702719841635e-09
MAGEH1	8.09643396029253e-14	0.859298522482841	0.285	0.132	2.48779126297909e-09
PER1	9.57210404794161e-14	1.25005692718773	0.253	0.116	2.94122041081102e-09
ZNF331	9.86125189218822e-14	0.852491526463823	0.411	0.241	3.03006686891268e-09
SFPQ	1.39154005210803e-13	0.444867399938178	0.636	0.452	4.27578511811236e-09
RGS9	1.73020915125313e-13	-3.46532489236482	0.015	0.111	5.3164136590555e-09
ST3GAL1	1.87094014788104e-13	0.761463524117099	0.391	0.221	5.74883779239406e-09
AMICA1	1.89173685537001e-13	0.583155699253484	0.427	0.24	5.81273983549544e-09
RPL41	2.07626676443076e-13	0.163646861462887	1	0.998	6.37974488706641e-09
CCL4L1	2.15425698919754e-13	-3.32647062914605	0.065	0.19	6.61938545070728e-09
TBC1D10C	2.16013885358838e-13	-0.907304810694049	0.455	0.577	6.63745865542101e-09
HLA-G	2.19809148006322e-13	-2.09753467307726	0.327	0.433	6.75407569079026e-09
NDUFB5	2.39704919421603e-13	0.648953629517789	0.442	0.267	7.36541305906761e-09
BTF3	2.42884666945076e-13	0.320492232394777	0.961	0.821	7.46311716122134e-09
PDE3B	2.44392697218173e-13	0.664432912513026	0.423	0.252	7.5094544074228e-09
SOCS3	2.65426088112983e-13	0.546525575674289	0.559	0.367	8.15574740944764e-09
IFRD1	2.77517987111462e-13	0.758434402590296	0.397	0.225	8.52729518997388e-09
COPS2	2.812354857482e-13	0.780647057114374	0.335	0.181	8.64152277058494e-09
SLC25A3	2.98872850939929e-13	0.388608438745869	0.838	0.649	9.18346609083119e-09
CNIH1	3.53172140030995e-13	0.595713859272902	0.52	0.34	1.08519203467324e-08
GSPT1	5.34987929065379e-13	0.629098475221144	0.367	0.198	1.64385740963919e-08
RUNX2	5.4561138893096e-13	-1.92847944886432	0.089	0.221	1.67650011476816e-08
EIF4A2	5.97034056716693e-13	0.364174199223495	0.753	0.556	1.83450654607338e-08
ATP6	1.01750762788889e-12	0.240688675507714	0.998	0.903	3.1264956882142e-08
RPL9	1.04325434735232e-12	0.271756639431802	0.986	0.913	3.20560763310949e-08
NAPRT	1.26928480441553e-12	-2.88592502037821	0.021	0.117	3.90013141852761e-08
LOC101928152	1.30031184556344e-12	1.1210010486008	0.118	0.029	3.99546820786279e-08
MIR4435-1HG	1.38489532709713e-12	-1.094292647845	0.45	0.565	4.25536787157135e-08
ATP5E	1.40428585795101e-12	-0.587793495900221	0.959	0.96	4.31494915572606e-08
HLA-DQB2	1.44403903463336e-12	1.66392487333065	0.115	0.028	4.43709874171791e-08
C8orf59	1.44494914946415e-12	0.698861830875898	0.488	0.325	4.43989525155848e-08
TNFRSF9	1.45180103444007e-12	1.50716277524461	0.182	0.069	4.460949038524e-08
FAM166B	1.47313578040735e-12	3.8815633689128	0.068	0.006	4.52650431245767e-08
RNASEK	1.57341024851514e-12	-0.643203516397146	0.771	0.784	4.83461767061248e-08
RPS19	1.61402418728884e-12	0.183218663982716	1	0.996	4.95941212028241e-08
CPA5	1.78739462221678e-12	2.14098982727614	0.094	0.017	5.49212745568551e-08
FBXO32	2.01890091642421e-12	0.959497701528678	0.22	0.092	6.20347684589667e-08
CHMP1B	2.08275374636349e-12	0.761862959693831	0.333	0.18	6.39967743645109e-08
DAPK2	2.08571392438642e-12	0.711450008622685	0.347	0.186	6.40877317546214e-08
DNAJB4	2.08846669892767e-12	0.353582225289642	0.314	0.156	6.41723162579506e-08
EVI2B	2.3117197814373e-12	0.596972271822203	0.467	0.308	7.10322137242239e-08
LIMD2	2.56133695769984e-12	-0.668885417328599	0.733	0.748	7.87022006992428e-08
ASB2	2.58907421896607e-12	0.963187329399136	0.253	0.119	7.95544835261704e-08
MRPL10	2.69844533983751e-12	0.724919334606707	0.327	0.177	8.29151299571872e-08
RBPJ	3.34107566980729e-12	0.361488631753441	0.812	0.614	1.02661232106168e-07
ANKRD55	3.55488103018523e-12	2.15393756764841	0.126	0.036	1.09230829414502e-07
CCT8	4.27244121260732e-12	0.56872348161697	0.483	0.3	1.31279301139785e-07
C1orf162	5.488412806187e-12	-3.62723562007341	0.02	0.109	1.68642460295708e-07
RPL22	5.53231164459085e-12	0.262006829626646	0.97	0.912	1.69991339903343e-07
AIM1	5.89124273673152e-12	0.743243684128465	0.286	0.143	1.81020215571549e-07
CCL5	6.05688946470036e-12	-1.48626665697389	0.509	0.601	1.86110042581848e-07
CCNL1	6.35137702968814e-12	0.405968716137761	0.636	0.446	1.95158761991228e-07
MALAT1	6.86958452067481e-12	0.24948654861561	1	1	2.11081723566775e-07
CLK4	7.47667200802294e-12	0.724171268836146	0.288	0.148	2.29735700790521e-07
ND5	8.13587368829047e-12	0.325034760920674	0.848	0.627	2.49990990820101e-07
SLC7A5	8.13646444944544e-12	0.677212314168192	0.43	0.268	2.5000914313811e-07
DUSP1	9.12818773757678e-12	0.23756944543938	0.986	0.926	2.80481824612522e-07
VIM	9.13635354953076e-12	-0.697553667033588	0.894	0.828	2.80732735516432e-07
SH3TC1	9.48061740612263e-12	1.04348580972131	0.233	0.109	2.9131093103793e-07
GZMA	1.06266648999705e-11	-1.23804458189115	0.317	0.445	3.26525532381394e-07
SH3BGRL	1.11526005669242e-11	0.374655741311645	0.695	0.5	3.42685957619881e-07
MRPL18	1.1376623672131e-11	0.774929573040769	0.424	0.265	3.49569515573568e-07
KHDRBS1	1.23366220928571e-11	0.408407862812594	0.602	0.412	3.7906738704722e-07
CNN2	1.26124474490126e-11	-0.759733945130437	0.541	0.625	3.8754267276581e-07
DNPH1	1.29713815031773e-11	-0.893259759202194	0.526	0.61	3.9857163944813e-07
ISG15	1.30276595003367e-11	-1.37092961331826	0.291	0.417	4.00300893466846e-07
SMAD1	1.30401977849985e-11	1.82676767791376	0.117	0.032	4.00686157339648e-07
MAFIP	1.45635123434637e-11	1.10453062518116	0.13	0.039	4.4749304377761e-07
HNRNPL	1.46259447801393e-11	0.562389077039513	0.373	0.217	4.4941140525934e-07
NLRP6	1.61424764145897e-11	1.62489476921862	0.102	0.024	4.96009872791098e-07
RPL37	1.77380807531412e-11	0.17620351251767	0.997	0.983	5.4503800730177e-07
ELF1	1.96631455713182e-11	0.27865115227604	0.677	0.471	6.04189473969894e-07
SERF2	1.97298941960622e-11	-0.312539780032326	0.986	0.972	6.06240458962403e-07
EIF3M	2.03547467285397e-11	0.537342429168568	0.494	0.331	6.25440302727838e-07
CCNDBP1	2.0983524313943e-11	0.437151340075225	0.502	0.324	6.44760751594526e-07
DBP	2.19667114847572e-11	2.26573995907481	0.068	0.008	6.74971143792134e-07
SNHG5	2.21524719747978e-11	0.503158875293804	0.405	0.245	6.80679006369613e-07
SBDS	2.76841445245151e-11	0.710513839702064	0.433	0.281	8.50650708804774e-07
ARPC2	2.92433772445377e-11	-0.366815842114049	0.864	0.836	8.9856125259291e-07
LOC102725022	3.08791717309285e-11	2.6143266664497	0.07	0.009	9.4882430977624e-07
TRAT1	3.28513956959159e-11	0.458341140836581	0.503	0.322	1.00942483554841e-06
TAF1D	3.46536097512084e-11	0.498989147784373	0.468	0.296	1.06480146682538e-06
KIR2DL4	3.96210200347657e-11	2.06857939536923	0.085	0.016	1.21743508260825e-06
ATF3	4.15932495052656e-11	0.45225279265366	0.391	0.231	1.2780357775483e-06
ATP6AP2	4.38355028229302e-11	0.522112622272834	0.511	0.342	1.34693349524017e-06
PSMB10	4.38436660115463e-11	-0.878179369629913	0.471	0.57	1.34718432553678e-06
DCXR	4.87313006276391e-11	0.440564395622397	0.462	0.297	1.49736667438547e-06
ZNF831	5.16743943032006e-11	0.86870976300401	0.241	0.116	1.58779911375445e-06
RPL4	5.61955017847533e-11	0.283667233948392	0.929	0.803	1.72671918334012e-06
TSPAN13	5.68137404863273e-11	2.03559143760067	0.109	0.03	1.74571580392338e-06
SIPA1L1	7.06729345537644e-11	1.07744134011384	0.212	0.099	2.17156726003352e-06
EIF1	7.85412905435747e-11	0.197789392097634	0.995	0.974	2.41333823453242e-06
LINC01281	7.97560847837946e-11	0.835462375325491	0.261	0.132	2.45066521715166e-06
ACTB	8.79648115241233e-11	-0.222512221991056	1	0.999	2.70289476370174e-06
RHBDD2	9.64644962219631e-11	0.430742842302095	0.532	0.361	2.96406457541226e-06
BTG3	9.64838832088639e-11	0.501252373291926	0.491	0.326	2.96466027935876e-06
TMEM70	9.9578942845828e-11	1.01901807298168	0.288	0.16	3.05976217682376e-06
RN7SK	1.04627479406925e-10	0.795749906564001	0.638	0.465	3.2148885597366e-06
DARS	1.14904986178119e-10	0.542067163645203	0.367	0.219	3.53068551029506e-06
TNIK	1.24766656766703e-10	0.716782462276043	0.341	0.197	3.83370506247049e-06
MAP1LC3B2	1.36297157829861e-10	0.562379941423195	0.388	0.236	4.18800276863813e-06
CNOT6L	1.44355386555909e-10	0.434242866022269	0.461	0.295	4.43560796270343e-06
RPL19	1.56385323029587e-10	0.143182023643639	0.998	0.99	4.80525182073012e-06
LOC101927663	1.75823825907708e-10	1.27550298594604	0.162	0.065	5.40253869866614e-06
CALM1	1.7629726131485e-10	-0.441919501506589	0.839	0.772	5.41708594842138e-06
ATP5L2	1.81692732369565e-10	1.0256475948193	0.183	0.077	5.58287258751964e-06
SRRT	1.94443144948784e-10	0.742119829783538	0.282	0.152	5.9746545148413e-06
PTPRA	1.95050097903285e-10	0.54298811832039	0.353	0.211	5.99330435827423e-06
PMAIP1	1.9979281855684e-10	0.664419723784	0.403	0.254	6.13903393579601e-06
NINJ2	2.01374694590785e-10	-1.3506850630238	0.153	0.28	6.18764024069104e-06
GLUL	2.1819369649114e-10	0.531686560054373	0.317	0.178	6.70443771208327e-06
AGTRAP	2.22504182032217e-10	-1.52620856786035	0.109	0.229	6.83688600130392e-06
HSPH1	2.2333048008557e-10	0.315848894700258	0.559	0.382	6.8622756615893e-06
RPS14P3	2.30511043898348e-10	-1.96304588056841	0.224	0.324	7.08291284586455e-06
PMPCB	2.45111554713669e-10	0.720076407664844	0.324	0.187	7.53154274168689e-06
RPL7A	2.592017433366e-10	0.176701756861563	0.995	0.973	7.9644919675037e-06
SERTAD1	2.64037866957309e-10	0.287797166555209	0.411	0.241	8.11309153799724e-06
CSNK1D	2.77839665994244e-10	0.511183158429975	0.379	0.232	8.53717941700512e-06
DNAJB14	2.89937698512725e-10	0.55147204145873	0.414	0.271	8.90891566220051e-06
ODC1	2.94679310680506e-10	0.501143281194462	0.412	0.263	9.05461117927992e-06
GLIPR2	3.05536720250368e-10	-1.3876600825174	0.159	0.281	9.38822680313307e-06
HSP90AA1	3.05627717511888e-10	0.281622300658082	0.947	0.858	9.39102287598777e-06
MIAT	3.09509604644984e-10	-2.13574372765922	0.053	0.151	9.51030162192641e-06
PPP1CA	3.09527794070036e-10	-0.570738731903101	0.671	0.688	9.51086052838999e-06
MAP3K8	3.09814811103095e-10	0.770869411466145	0.321	0.185	9.51967970076479e-06
CLIC1	3.17918596884986e-10	-0.409721736775607	0.87	0.851	9.76868472648498e-06
KDELR1	3.24377538260653e-10	0.446823846856569	0.526	0.36	9.96714861813507e-06
ZBTB38	3.2827751317601e-10	0.828871738190853	0.318	0.19	1.00869831473592e-05
CCNG1	4.5228294980153e-10	0.716049213048633	0.289	0.16	1.38972981985516e-05
CSRNP1	4.76786375099522e-10	0.422618006140306	0.553	0.381	1.4650214947683e-05
LSP1	5.08656645664544e-10	-0.44771132978889	0.855	0.839	1.56294927513345e-05
THADA	5.16525119832951e-10	0.714503413370556	0.261	0.134	1.58712673571071e-05
RPL11	5.37127916593475e-10	0.136980810980956	1	0.991	1.65043294931677e-05
RSL1D1	5.39869561570996e-10	0.516042796710592	0.439	0.292	1.6588572018392e-05
RBBP6	5.92187513482177e-10	0.479878383805921	0.391	0.237	1.81961457267669e-05
RPA3	5.9340470192988e-10	0.361629728424175	0.447	0.294	1.82335462761994e-05
ADAM19	6.00574493245616e-10	-1.36126239530896	0.162	0.283	1.8453852453958e-05
HNRNPDL	6.88277844810043e-10	0.275102970804612	0.867	0.72	2.11487133374782e-05
TRERF1	7.24739154974906e-10	0.95691077662405	0.214	0.103	2.2269060014914e-05
CIB1	8.08682067248689e-10	-0.690080125562662	0.712	0.735	2.48483738803505e-05
IL18R1	8.34802700940166e-10	1.09688509873323	0.177	0.077	2.56509825917885e-05
CYTH1	9.07988870524173e-10	0.538669856067858	0.442	0.294	2.78997740245963e-05
RPS15A	9.93449185462664e-10	0.129912621774801	1	0.994	3.05257131217113e-05
ANP32B	1.01579424014469e-09	0.402061480159605	0.729	0.554	3.12123096169259e-05
CD3D	1.0828008767734e-09	-0.433466523426324	0.952	0.929	3.32712225406162e-05
AUH	1.08682170753179e-09	0.984734118317544	0.156	0.064	3.33947706073293e-05
C10orf54	1.22562017394061e-09	0.50281922505939	0.47	0.316	3.76596310846732e-05
SEC11A	1.26315108222888e-09	0.290960659741476	0.677	0.511	3.88128433036467e-05
PAIP2	1.34985247043294e-09	0.304384671863343	0.683	0.49	4.1476916858993e-05
GID8	1.36543476646572e-09	0.525956756990123	0.409	0.26	4.1955714069192e-05
DNAJB9	1.40889932552439e-09	0.452306570841073	0.379	0.235	4.32912495753878e-05
LOC101927156	1.4108981623641e-09	0.688382880780274	0.244	0.125	4.33526678349618e-05
TNFAIP3	1.47145601961925e-09	0.25293588987436	0.871	0.699	4.52134291148407e-05
ANXA2P2	1.6485216356534e-09	-2.08373337026412	0.073	0.171	5.0654124298722e-05
HBP1	1.65278647263865e-09	0.637669534844257	0.314	0.184	5.07851699447677e-05
SDHD	1.73497283954413e-09	0.454307553216235	0.498	0.345	5.33105104406725e-05
HSPA8	1.76479941054652e-09	0.197505476047278	0.97	0.88	5.42269914878629e-05
PTP4A1	1.87042106324383e-09	0.457023150172863	0.376	0.233	5.7472428010293e-05
DNAJB1	2.06896655657911e-09	0.11557397220816	0.985	0.901	6.35731353840064e-05
YPEL5	2.10266990205805e-09	0.303208434993076	0.656	0.484	6.46087380805376e-05
FHL3	2.14344801075301e-09	1.08943089111256	0.176	0.079	6.58617270264077e-05
RNF115	2.16738907826953e-09	0.83927083436114	0.28	0.16	6.65973642079878e-05
IL7R	2.18574770232258e-09	0.28639971907373	0.758	0.595	6.71614696492661e-05
NUDT7	2.38727817040134e-09	1.44189713702344	0.127	0.046	7.33538963419218e-05
GZMB	2.56659186712887e-09	-1.82322829738699	0.238	0.344	7.88636683012688e-05
NDFIP2	2.7169678299544e-09	-1.32246654250584	0.215	0.331	8.34842705110089e-05
MIF	2.87439085326255e-09	-0.413094068438972	0.908	0.889	8.83214077481984e-05
RNF220	2.9142708675004e-09	1.02903046443388	0.129	0.046	8.95468009456848e-05
GSTM1	3.04757176156719e-09	0.803105421431836	0.335	0.204	9.3642737517675e-05
LSM8	3.19545902423602e-09	0.330641785644934	0.565	0.402	9.81868694377003e-05
FLI1	3.4088120187837e-09	0.60867159793988	0.391	0.255	0.000104742566901167
PPP2R5A	3.47995708961857e-09	0.62856841246488	0.197	0.091	0.00010692864149271
CYCS	3.56968517397899e-09	0.304510023427788	0.615	0.446	0.000109685716340853
TPP1	3.66485695428944e-09	0.589150684906113	0.305	0.175	0.000112610059634452
GDI2	3.69854983702352e-09	0.364847471473162	0.608	0.436	0.000113645340842222
LOC100130872	3.87156843684605e-09	1.15303021933041	0.139	0.054	0.000118961683358969
COX20	3.89511953166162e-09	0.471649657330235	0.383	0.24	0.000119685337849367
APOBEC3G	4.03510630239258e-09	-0.956828787052748	0.415	0.493	0.000123986711353617
CLECL1	4.40418583374877e-09	-1.89064465982025	0.041	0.125	0.000135327418113599
GLIPR1	4.41883250847618e-09	0.342697327804951	0.545	0.376	0.000135777466487948
RSL24D1	4.51596769924665e-09	0.290162470447839	0.536	0.38	0.000138762139494752
TTC33	4.57914050669337e-09	0.876704609494811	0.173	0.077	0.000140703250349167
HMGB2	4.94098553449475e-09	0.382712777019178	0.624	0.462	0.00015182166251842
UAP1	5.2115342667702e-09	1.54158690843296	0.142	0.059	0.000160134813415048
LRMP	5.25187932346497e-09	0.87516800071383	0.192	0.091	0.000161374495972108
CAPN12	5.3387203922459e-09	1.44035863728446	0.08	0.02	0.00016404286149254
ATHL1	5.69120430328991e-09	0.922828702627124	0.206	0.103	0.000174873634627189
BFSP2-AS1	5.70990715275407e-09	1.11124327314017	0.108	0.035	0.000175448317082674
SAR1B	7.49501245858463e-09	0.609445394692607	0.265	0.148	0.00023029924781493
HLA-DRB1	7.60006920308559e-09	0.149327478045104	0.288	0.157	0.000233527326403211
SNHG17	7.95381128288971e-09	0.667416122099523	0.232	0.12	0.000244396759289352
RPSA	8.4031390519383e-09	0.231154456154093	0.977	0.913	0.000258203253648908
NUP107	8.63020103651567e-09	1.00757979255145	0.167	0.076	0.000265180187249017
SNHG8	8.98575384384519e-09	0.324889175858424	0.629	0.464	0.000276105258359831
VDAC2	9.0290276924234e-09	0.397248498494669	0.514	0.361	0.000277434933905094
TIGIT	9.05503123984225e-09	0.348714710241009	0.7	0.52	0.000278233944906633
CD63	9.0924268534426e-09	-1.19459043689474	0.295	0.392	0.000279382999925731
EBAG9	9.12636159219458e-09	0.983975167017228	0.179	0.085	0.000280425712643363
NENF	9.73927127097781e-09	0.270978810758805	0.376	0.233	0.000299258588343335
RIOK2	1.04245285758447e-08	1.43466833974889	0.105	0.035	0.00032031448954998
MPST	1.05811951078552e-08	0.550441650367904	0.271	0.152	0.000325128382079068
C9orf142	1.07993125080085e-08	-0.794480602825263	0.538	0.612	0.000331830475433577
DGKA	1.08925648929856e-08	0.476747237731589	0.359	0.223	0.00033469584146677
SIRPG	1.1011602847555e-08	0.173418614161109	0.626	0.45	0.000338353520696823
SESN3	1.16919001824012e-08	0.577856500423065	0.241	0.129	0.000359257016904642
LTA4H	1.17224027859047e-08	0.820996978323343	0.205	0.102	0.000360194270402494
NKG7	1.19200039761615e-08	-1.56292086677209	0.189	0.301	0.000366265962175515
SSB	1.21054329240697e-08	0.599445401072138	0.382	0.249	0.000371963637457888
EIF4H	1.24148489058025e-08	0.327936846035995	0.53	0.369	0.000381471062328595
TTC3	1.26436375475802e-08	0.715498226456849	0.273	0.156	0.000388501050924496
PLRG1	1.27949507868395e-08	0.697849453336736	0.211	0.108	0.000393150452827216
SOX4	1.42183261542643e-08	-2.33446309693708	0.029	0.103	0.000436886507742079
SUCLG2	1.43912264958356e-08	0.638085987457225	0.289	0.172	0.00044219921653754
CELF2	1.44066953625285e-08	0.284576113325282	0.606	0.447	0.000442674528404413
CKS2	1.47453137319255e-08	0.286127332396466	0.412	0.265	0.000453079255040874
SF3A1	1.48019651330556e-08	0.596911796528415	0.376	0.248	0.000454819982643401
HAVCR2	1.50585093768659e-08	0.501480111200453	0.318	0.191	0.000462702817622957
IFITM10	1.55883497044323e-08	1.87128146487937	0.086	0.025	0.00047898322136809
RPL18	1.57684089679962e-08	0.130964046749403	0.995	0.976	0.000484515902359618
CXCL13	1.65824229907147e-08	-0.176456159608459	0.9	0.685	0.00050952811123569
ITK	1.67399114480423e-08	0.371789870101943	0.521	0.367	0.000514367259063995
PPP2CA	1.75082270242408e-08	0.364610414448166	0.529	0.382	0.000537975291773847
SERPINB9	1.78412497909246e-08	0.651344611003875	0.277	0.163	0.00054820808232574
NEU1	1.79839246488468e-08	0.398728031334624	0.312	0.185	0.000552592052685117
MATR3	1.82260174196215e-08	0.317529096921198	0.627	0.459	0.000560030837252709
RPL27	1.83785890989203e-08	0.219842526510149	0.958	0.851	0.000564718907242523
MEAF6	1.84212428183929e-08	0.193831212369708	0.595	0.428	0.000566029528080758
NAB1	1.88967738076835e-08	0.700006141946258	0.238	0.13	0.000580641168788691
NDUFA13	1.94393286124945e-08	-0.511865556618545	0.786	0.765	0.000597312250276118
GUK1	1.96595383807458e-08	-0.584000194960138	0.682	0.695	0.000604078635825176
IGFBP4	2.00965355959439e-08	0.829195603534517	0.279	0.163	0.000617506249256567
RGCC	2.07188029821475e-08	0.40843004540898	0.679	0.517	0.000636626659232446
TRABD2A	2.15863588070437e-08	0.96640949018036	0.15	0.065	0.000663284047064032
PELO	2.23944225741719e-08	-1.78157199198391	0.071	0.162	0.000688113422436579
MRPL32	2.25896270525376e-08	0.744892224450696	0.195	0.097	0.000694111470443323
POLR3GL	2.27490349822013e-08	0.372176666958895	0.453	0.308	0.000699009597898101
ST6GALNAC6	2.27823658716581e-08	0.461337134009837	0.344	0.217	0.000700033756138437
SRGAP2C	2.30114242417893e-08	-4.23932882060558	0.003	0.053	0.00070707203267746
PSMD5-AS1	2.33403896236808e-08	0.621961029498728	0.298	0.181	0.000717180151966839
ZNF281	2.34323156387699e-08	0.605962666597518	0.256	0.144	0.000720004762632481
MAL	2.35438389470813e-08	0.205514476577802	0.326	0.191	0.000723431539326967
SNHG7	2.52454063819311e-08	0.280856710859067	0.329	0.197	0.000775715601897597
LINC00861	2.63494054971217e-08	-1.73584683364327	0.147	0.252	0.000809638182710059
CYP2U1	2.95906325099352e-08	2.3608747561251	0.064	0.013	0.000909231365132779
TMEM123	3.10830239536486e-08	0.398572324804667	0.582	0.425	0.000955088077023761
LRRC75A-AS1	3.11355909621383e-08	0.284895451803711	0.845	0.693	0.000956703303493623
TMEM159	3.22719705144973e-08	1.07043016620351	0.156	0.071	0.000991620837998958
ZFAS1	3.42128370967897e-08	0.241381157954665	0.755	0.598	0.00105125784547306
SYF2	3.46393563094402e-08	0.379278695347526	0.514	0.372	0.00106436350132017
UQCRHL	3.56795001070746e-08	0.168398814512652	0.615	0.444	0.00109632399979008
CENPC	3.82225739386971e-08	0.546301204197828	0.312	0.192	0.00117446502941435
TMEM121	4.1335217853468e-08	-3.25781503039159	0.009	0.065	0.00127010723898351
LUC7L2	4.25530136187186e-08	0.470700360386154	0.43	0.3	0.00130752644946237
SIGIRR	4.32171777959584e-08	-1.00527049914847	0.28	0.384	0.00132793422213641
C1orf43	4.37488108354325e-08	0.304636383799586	0.548	0.397	0.00134426971054033
ZNF80	4.57583282071488e-08	1.87433494786257	0.042	0.004	0.00140601615082106
TSKS	4.64867049037595e-08	6.16034087122946	0.03	0	0.00142839698157782
B3GALNT1	4.64867049037595e-08	6.06152347377261	0.03	0	0.00142839698157782
UTP18	4.72244273267496e-08	0.994007164449902	0.198	0.104	0.00145106497846904
PKIA	4.77301615906621e-08	-1.63082680383773	0.064	0.151	0.00146660467519627
NUCB2	4.8042744901733e-08	1.02548955747604	0.202	0.105	0.00147620942259555
TPST2	4.86821683004816e-08	-1.11086453074649	0.221	0.326	0.0014958569853689
WBP11	5.03519295977382e-08	0.624024024763276	0.302	0.187	0.0015471637407497
PAX8-AS1	5.14035729360289e-08	-2.52328987391701	0.026	0.093	0.00157947758560536
PIGP	5.54738381649194e-08	0.718377847756951	0.18	0.088	0.00170454462529348
HERPUD2	5.54769611321124e-08	0.428802282878149	0.359	0.228	0.00170464058470642
COMMD3	5.60621889714848e-08	0.642897470509547	0.262	0.155	0.00172262288052681
TUBB4B	5.61966710953884e-08	0.180509583808767	0.402	0.252	0.001726755112748
C4orf48	6.11312566465549e-08	-0.87138115936235	0.474	0.534	0.00187838012297869
CISD3	6.22173190307837e-08	-1.58100490582436	0.105	0.2	0.00191175156185889
CMC1	6.22410454540104e-08	0.515030977362768	0.258	0.148	0.00191248060366538
TMEM9	6.55752742401502e-08	0.753621516667113	0.152	0.068	0.00201493145157709
RPS7	6.59035193012943e-08	0.134847997000454	0.994	0.974	0.00202501743757087
DNTTIP2	6.88617761064868e-08	0.719165537562209	0.242	0.139	0.00211591579442402
PSMA7	6.96741066580613e-08	-0.528362231646711	0.712	0.717	0.00214087627528225
RPP25L	7.1951175558753e-08	0.869700925675001	0.159	0.075	0.0022108437713938
CHMP4B	7.27138832480621e-08	0.368750729177026	0.221	0.117	0.0022342794905632
SLC38A1	7.27297702712363e-08	0.428110023298275	0.424	0.287	0.00223476765112428
NEMF	7.62659826432951e-08	0.589161171002472	0.277	0.164	0.00234342484868053
COX7A2	7.64104609406705e-08	-0.476736851781773	0.752	0.743	0.00234786423332398
PRKCH	7.75292509059838e-08	0.335452676970334	0.562	0.396	0.00238224129258816
METAP1	7.7579288743455e-08	0.767310623864733	0.209	0.114	0.00238377880522014
RPS24	7.91644691842648e-08	0.157324852920953	0.997	0.98	0.0024324866446249
LOC100996747	7.94445484255747e-08	0.778377213808039	0.186	0.094	0.00244109263947263
SCML4	8.04166391137713e-08	0.360955729486221	0.306	0.182	0.00247096207004885
GBAS	8.21559072996791e-08	0.788939322022859	0.242	0.141	0.00252440456359724
INPP5F	8.23535580595558e-08	0.577729444428138	0.2	0.103	0.00253047777849597
C16orf45	8.37026792665098e-08	1.28193673017071	0.117	0.046	0.00257193222582205
NSMCE1	8.4477226911601e-08	0.512550924611751	0.329	0.208	0.00259573175131277
ASAH1	8.51294200945897e-08	0.653160007650563	0.223	0.123	0.00261577169124646
PLP2	8.79207764642881e-08	-0.900976665786039	0.409	0.488	0.00270154169841818
THG1L	8.82878776987471e-08	0.894011272360913	0.114	0.043	0.0027128216180494
ETV1	9.02982124278456e-08	1.38385991914464	0.091	0.03	0.00277459317327041
LAYN	9.17902627939119e-08	1.56141094917236	0.129	0.055	0.00282043940486853
SH2D1A	9.39833172234112e-08	0.338077317764449	0.521	0.377	0.00288782538832376
UBL3	9.40061700864265e-08	0.666595617754631	0.229	0.128	0.00288852758824563
ZNF683	9.58146925236563e-08	-2.47092329301126	0.035	0.105	0.00294409805717439
LOC100507103	9.74221692243731e-08	1.87698961174803	0.059	0.012	0.00299349099375731
LOC101929796	1.02837725954432e-07	-3.08827147907526	0.012	0.068	0.00315989480540185
FOXP1	1.08366782409445e-07	0.636481501031426	0.294	0.183	0.003329786123095
CLEC2D	1.09356355607478e-07	0.250255234094538	0.602	0.431	0.00336019273875098
PIGT	1.11915981219642e-07	0.655594254759417	0.309	0.196	0.00343884235493593
LOC645513	1.12081359256835e-07	0.520507779174439	0.265	0.156	0.00344392392588476
LINC01480	1.13952481229235e-07	0.86056532565365	0.138	0.06	0.0035014178907307
FXR1	1.15265677932279e-07	0.318807966645597	0.317	0.192	0.00354176848582512
TUBA3D	1.16139395362261e-07	4.03106723299564	0.035	0.002	0.00356861520129619
GIMAP7	1.16297822049752e-07	-1.0889574365555	0.308	0.398	0.00357348317812274
NCALD	1.16849528919887e-07	1.08896419208289	0.121	0.049	0.00359043547512138
BCAS3	1.17819256812942e-07	0.950044269342029	0.148	0.068	0.00362023230409127
HSP90B1	1.18180109100733e-07	0.309898535002151	0.524	0.373	0.00363132021233821
CH25H	1.19051166616778e-07	3.11270378811053	0.035	0.002	0.00365808519663374
LY6G5C	1.26318847122599e-07	0.838966850197706	0.111	0.042	0.00388139921553609
MAP1LC3B	1.3225781752795e-07	0.272810647926195	0.662	0.499	0.00406388595918131
LINC00493	1.34385399627056e-07	0.32060674443513	0.442	0.307	0.00412926017434055
ZCCHC11	1.39276815662169e-07	0.617961248760286	0.239	0.134	0.00427955871485146
MARCH6	1.42105662548859e-07	0.554031409214321	0.258	0.15	0.00436648069313878
SYAP1	1.46038113659438e-07	0.475353315619732	0.329	0.209	0.00448731311841354
SAMD9	1.46221614853476e-07	0.777680876763825	0.245	0.144	0.00449295155960277
MAF	1.49021945104257e-07	-1.07784100895668	0.324	0.419	0.00457899730721849
TSPAN14	1.50853482164608e-07	0.260136537896896	0.57	0.401	0.00463527494647192
CD96	1.60615150299565e-07	0.23750829273413	0.683	0.53	0.00493522172325475
CXCR6	1.62753210041618e-07	-0.912873499515212	0.344	0.436	0.00500091788494879
SYTL2	1.67172623169783e-07	0.593977552110807	0.238	0.138	0.00513671319213791
ZEB2	1.72607830268911e-07	0.79578759983644	0.259	0.156	0.00530372080067284
BCAS4	1.74736412175504e-07	0.573345145439988	0.115	0.045	0.00536912573691672
HINT1	1.75752490249461e-07	-0.384146525963878	0.865	0.822	0.00540034676789519
GZMH	1.81581374248604e-07	-2.30757640436248	0.07	0.15	0.00557945088653685
PHF3	1.81828600981659e-07	0.538087290836067	0.312	0.197	0.00558704742236344
FRMD4B	1.87161900743403e-07	-1.50703294053139	0.074	0.16	0.00575092372414256
RNASEH2B	1.9053395781462e-07	0.474520964835239	0.283	0.171	0.00585453692176984
ACTA2	1.91608159702517e-07	0.515742695136599	0.247	0.143	0.00588754392317923
CLK1	1.98294531402806e-07	0.314338540733861	0.562	0.417	0.00609299606641401
LRRC8C	2.04232367829074e-07	0.627963563656442	0.28	0.174	0.00627544796628397
LRRC8D	2.06324622587234e-07	0.683226414073046	0.223	0.125	0.00633973667823795
POLR2J2	2.07038714809118e-07	0.998872099698432	0.088	0.029	0.00636167858993978
TMF1	2.26413890643525e-07	0.650562445601759	0.271	0.17	0.00695701961780359
NDNL2	2.31030435263504e-07	0.490116527499098	0.227	0.126	0.00709887218434169
STAT1	2.32123965510691e-07	-0.982881365294081	0.427	0.494	0.00713247308824701
RMRP	2.33373053124317e-07	1.12983607049624	0.108	0.041	0.00717085380335089
FAM208B	2.44664669510347e-07	1.27053048076193	0.098	0.036	0.00751781130004444
KPNB1	2.52514578131833e-07	0.333927793763293	0.409	0.278	0.00775901544225683
NTRK1	2.61594771803462e-07	1.91748856344225	0.076	0.023	0.00803802255320498
RIN3	2.61827843306902e-07	0.241789998941599	0.233	0.13	0.00804518414129116
DDIT3	2.67491547888817e-07	0.101620338294352	0.292	0.172	0.0082192127919797
LY9	2.74239622403164e-07	0.843618143650849	0.183	0.095	0.00842656087758202
PVT1	2.77644984305621e-07	0.82830197186331	0.194	0.104	0.00853119743275881
CHMP5	2.78971738599877e-07	0.194022691343146	0.414	0.275	0.00857196461195841
KIAA1551	2.80675743461547e-07	0.240356961805632	0.623	0.46	0.00862432356934297
RPL24	2.84557632294964e-07	0.144760474855882	0.989	0.935	0.00874360236752736
SRSF7	2.85475790543191e-07	0.218320103525505	0.856	0.69	0.00877181461602063
SLBP	2.93472859074682e-07	0.366225326798798	0.4	0.27	0.00901754054078774
BUB1B	2.95789634246665e-07	2.37520667522217	0.062	0.015	0.00908872809149729
LYN	3.01573874183739e-07	1.30306740747767	0.076	0.023	0.00926646043204375
FBXO31	3.03889959260572e-07	1.01870597942277	0.141	0.065	0.0093376267781996
YWHAZ	3.05547838391922e-07	-0.363332427168995	0.867	0.858	0.0093885684302686
WBSCR22	3.10157953627335e-07	0.449085886047878	0.323	0.207	0.00953022344110711
NCL	3.20392852929117e-07	0.2257979376602	0.709	0.566	0.00984471119195299
HEBP2	3.23757760201214e-07	-3.88786885066181	0.005	0.049	0.00994810469770272
C14orf166	3.24565713754838e-07	0.272613910104719	0.624	0.471	0.00997293068654489
FAIM3	3.38160946321915e-07	0.402241246521313	0.306	0.192	0.0103906713976335
IL2RG	3.48086229366081e-07	-0.379720087276845	0.879	0.866	0.0106956455697316
EEF1G	3.53816502479072e-07	0.22356670125982	0.926	0.777	0.0108717196716745
PDCL3	3.54619561376889e-07	0.313424724916279	0.361	0.235	0.0108963952624277
DRAP1	3.61672239970407e-07	-0.734235749560818	0.6	0.631	0.0111131029175707
KRT81	3.64257854418713e-07	4.21573948444664	0.038	0.004	0.0111925510927238
GPR137B	3.64574037557952e-07	0.458170850497408	0.371	0.253	0.0112022664520432
ABCE1	3.65264986641064e-07	0.688689433964004	0.192	0.103	0.01122349724452
HECTD2	3.69704256380336e-07	1.29368015719701	0.077	0.024	0.0113599026857986
EVI2A	3.82009980923958e-07	0.493865067419856	0.356	0.239	0.0117380206838505
ARNTL	3.86320000976947e-07	0.588680119510393	0.252	0.152	0.0118704546700186
PDCD2	3.92614890514993e-07	0.514480371247213	0.342	0.228	0.0120638777408542
ABRACL	4.0576386166891e-07	0.245822357583511	0.714	0.534	0.0124679061775006
RNPEPL1	4.10309879536998e-07	-1.24906578198842	0.168	0.264	0.0126075916685333
ZBTB1	4.10774848861317e-07	0.355201192804269	0.248	0.145	0.0126218787809617
TRG-AS1	4.25415020805373e-07	0.236915771681352	0.286	0.174	0.0130717273442867
PI4K2A	4.2929332300259e-07	1.39031627279811	0.08	0.026	0.0131908959359006
EPHX2	4.38447169925906e-07	1.0888871669256	0.095	0.035	0.0134721661903133
PPM1B	4.48925215966007e-07	0.245955967497416	0.339	0.221	0.0137941251109875
RSRC2	4.55487894043075e-07	0.346860152472279	0.467	0.341	0.0139957765202616
LCK	4.56761128936548e-07	-0.404522309321469	0.765	0.74	0.0140348992088333
CPNE1	4.96359688994419e-07	0.325440290531124	0.383	0.267	0.0152516441637315
CDCA7	5.09287760473363e-07	0.673807248702289	0.173	0.088	0.015648885016065
RPL38	5.25155939089691e-07	0.211013587528016	0.936	0.81	0.0161364665404089
STAM	5.26433915634269e-07	0.517357653133702	0.262	0.159	0.0161757349256942
THEMIS	5.26765187606063e-07	-1.04476206101971	0.164	0.263	0.0161859139195715
ST13	5.31101792129532e-07	0.287287300594349	0.609	0.455	0.0163191647667641
ANKRD20A11P	5.45638754998037e-07	4.92165952698678	0.029	0.001	0.0167658420248247
DUSP16	5.45953085293523e-07	0.479214377454188	0.312	0.2	0.0167755004518141
MT1DP	5.59320809699485e-07	4.08983869065849	0.029	0.001	0.0171862505196361
FAIM2	5.66754899372643e-07	1.11846174696128	0.103	0.04	0.0174146777930232
FAM175A	5.80386612251497e-07	0.974966714892993	0.106	0.042	0.0178335394346518
CLNK	5.96961958239622e-07	2.11864166331309	0.053	0.011	0.0183428500908289
PARN	6.30550201934787e-07	0.863139133304857	0.167	0.086	0.0193749160548502
SMARCA2	6.61583875972e-07	0.469293689204633	0.347	0.234	0.0203284877569916
PRELID1	6.66995218104009e-07	-0.723371784853908	0.527	0.572	0.0204947620666819
ARID4A	6.76422990338132e-07	0.677563131018953	0.233	0.14	0.0207844492241198
WTAP	6.84115201992148e-07	0.333430798587223	0.467	0.338	0.0210208078116127
NDUFB7	6.85251625780025e-07	-0.860824378785204	0.358	0.446	0.0210557267053428
CCR4	6.88049150120484e-07	1.26819175856968	0.152	0.077	0.0211416862357521
OXA1L	6.97724962399398e-07	0.475634531135981	0.352	0.239	0.0214389949196463
TESC	7.0432558446942e-07	0.512586480124178	0.282	0.178	0.0216418122339919
GMDS	7.0438146467281e-07	0.57490889781321	0.247	0.149	0.0216435292650014
BCL2L11	7.31416342769747e-07	0.492078734959916	0.224	0.128	0.022474229964286
UBAC2	7.34734985980311e-07	0.307960364409349	0.411	0.285	0.022576201914217
CCNH	7.49120962167141e-07	0.26985436444859	0.479	0.334	0.0230182398045098
ADD3	7.58135161168758e-07	0.42460298771938	0.3	0.189	0.0232952190972324
ANXA1	7.64603585728789e-07	-1.042895197969	0.338	0.414	0.0234939743786885
BCLAF1	7.70097501599724e-07	0.382460914990756	0.411	0.293	0.0236627859316547
CRTAM	7.70601206986354e-07	1.24404559758778	0.094	0.035	0.0236782632870697
RAD1	7.75268790547706e-07	0.970695543979429	0.114	0.048	0.0238216841271594
IGFLR1	7.83962144734494e-07	0.155722852454466	0.759	0.587	0.0240888048212568
THEMIS2	7.8840402832078e-07	0.374461395729775	0.121	0.052	0.0242252905782126
MRPS30	7.96091041069093e-07	0.769972921618534	0.209	0.12	0.02446148941893
SAMD3	7.97517389303247e-07	-2.4953635242414	0.017	0.07	0.0245053168211209
CDC7	7.99080877095611e-07	1.12384742222619	0.079	0.026	0.0245533581105168
MMP24-AS1	8.05176430229833e-07	0.368690149999777	0.315	0.2	0.0247406561716721
IFI16	8.0749749312964e-07	0.193901814978535	0.585	0.431	0.0248119754713945
LINC00176	8.37503234132143e-07	1.93500180737642	0.056	0.013	0.0257339618751784
GPSM3	8.37632386125275e-07	-0.487414877250735	0.718	0.717	0.0257379303284713
SF3B1	8.43239645853484e-07	0.349501455716454	0.564	0.419	0.02591022459814
CHST11	8.51674196453414e-07	0.448599919628665	0.398	0.278	0.0261693930344241
TAGAP	8.85564355346389e-07	0.167778840572397	0.632	0.482	0.0272107359467285
MCM6	8.9108603820024e-07	0.692197483642008	0.195	0.109	0.0273804006957788
MGMT	9.03462104785958e-07	0.385770724392618	0.261	0.159	0.0277606800937581
TBCB	9.03995924633782e-07	-0.777321692885727	0.439	0.507	0.0277770827762222
SF3B3	9.18900543307699e-07	0.514876571657842	0.236	0.141	0.0282350569942157
TRA2B	9.5933279981659e-07	0.279612035108012	0.544	0.409	0.0294774189399644
RPL18A	9.70722278379262e-07	0.11541106665865	0.998	0.989	0.0298273834477596
ZMYND8	9.73095804740344e-07	0.847786021242637	0.138	0.065	0.0299003147922565
RPL22L1	9.8385183538968e-07	0.223874469229927	0.661	0.509	0.0302308153460187
H2AFX	9.98123025909926e-07	0.348112707919983	0.289	0.182	0.0306693262171343
OLA1	1.02064240789767e-06	0.410748186618651	0.352	0.234	0.0313612792674718
MAP9	1.03868600078958e-06	1.9202567718546	0.058	0.014	0.0319157047462615
ALG12	1.05300549322375e-06	0.428503150889597	0.195	0.107	0.032355699790286
LIPA	1.10477796158384e-06	0.784181721640436	0.183	0.101	0.0339465124255866
BTLA	1.12915434936727e-06	0.256161651517209	0.288	0.176	0.0346955256930081
PEBP1	1.14487302158401e-06	0.312733530912644	0.652	0.514	0.0351785133342119
PHPT1	1.14924929306071e-06	-0.899823923651576	0.358	0.445	0.0353129830278765
CAT	1.14941109614505e-06	0.492234303676834	0.285	0.181	0.0353179547512488
RPS10P7	1.16077471361368e-06	-3.62540110537479	0.014	0.063	0.0356671246252075
MAPRE2	1.19264856098751e-06	0.170668821448352	0.473	0.334	0.0366465123334633
SNW1	1.19444347987433e-06	0.50175829071297	0.338	0.228	0.0367016648060985
PLK2	1.20678658414549e-06	1.37426228853706	0.112	0.048	0.0370809313710385
CCDC66	1.21568389704158e-06	0.753903075143745	0.142	0.069	0.0373543191043965
TMEM59	1.23775282128736e-06	0.175897117511042	0.72	0.549	0.0380324309396968
HBS1L	1.23964458409142e-06	0.546632069793521	0.227	0.133	0.0380905591353769
STAT4	1.27049429517314e-06	0.361790064665642	0.402	0.281	0.0390384782077851
BCAS2	1.28378298401308e-06	0.281230209239877	0.412	0.29	0.0394467997497699
ITGB2	1.28781907529485e-06	-0.561854854449707	0.655	0.644	0.0395708167265847
LGALS3	1.31435858561589e-06	-0.882418895976645	0.336	0.414	0.0403862962602194
MKRN1	1.35539776077826e-06	0.417722961486457	0.35	0.237	0.0416473069954335
COX17	1.37296492950099e-06	-0.810952744943642	0.433	0.498	0.0421870933887769
MPHOSPH9	1.44826333470591e-06	1.06166689083356	0.13	0.062	0.0445007874855086
UBB	1.4583270939072e-06	0.15702344869849	0.955	0.874	0.0448100166144865
HSD17B7	1.50884497883228e-06	0.578513526296392	0.197	0.111	0.0463622796645796
SRSF6	1.51610985585446e-06	0.369873931181148	0.232	0.134	0.04658550754084
ITM2A	1.52121012997685e-06	0.12613959274583	0.823	0.666	0.0467422236637987
IMPDH1	1.55008760202862e-06	-1.11595858258596	0.094	0.179	0.0476295417475335
TUBA1A	1.55329684443497e-06	0.205012551531671	0.559	0.422	0.0477281521389533
